391168
0
0
0
0
0
0
0
0
0
0
0
0
0
0
0
0
823
93583
659813
969077
488826
118403
15319
1636
5829
46952
188390
382410
356637
156217
36078
55914
393637
1.23764e+06
1.68906e+06
993310
287609
122610
414691
820126
694574
318344
344072
963611
1.59606e+06
1.23433e+06
521449
315239
504987
529302
527248
1.4042e+06
2.94812e+06
2.97375e+06
1.48544e+06
566850
444989
481208
918454
1.96398e+06
2.40394e+06
1.6917e+06
1.44091e+06
1.68684e+06
1.41594e+06
1.35098e+06
1.70713e+06
1.54068e+06
1.42783e+06
1.83135e+06
2.24928e+06
3.53144e+06
4.85246e+06
3.55382e+06
1.38217e+06
576989
1.33396e+06
2.81566e+06
3.09826e+06
2.03799e+06
1.44216e+06
1.82818e+06
2.97977e+06
3.50979e+06
3.00476e+06
2.99452e+06
3.69545e+06
5.01443e+06
4.91592e+06
3.46292e+06
2.79775e+06
3.15151e+06
3.73818e+06
3.25739e+06
2.80146e+06
2.99946e+06
3.5722e+06
3.17736e+06
2.32255e+06
3.09649e+06
5.32707e+06
5.94e+06
4.67304e+06
4.82394e+06
6.79363e+06
7.53431e+06
6.1352e+06
4.47456e+06
3.0442e+06
1.97844e+06
1.94368e+06
4.05213e+06
6.42152e+06
5.57072e+06
4.24037e+06
5.77119e+06
6.57169e+06
5.95827e+06
4.37902e+06
4.61612e+06
5.07937e+06
5.62781e+06
7.38057e+06
6.61448e+06
4.88823e+06
4.41869e+06
4.53007e+06
3.72091e+06
2.31036e+06
2.20583e+06
2.99506e+06
3.756e+06
5.14449e+06
6.01585e+06
6.35171e+06
6.48432e+06
4.31206e+06
3.00633e+06
3.73625e+06
4.36316e+06
4.03601e+06
3.67156e+06
2.70925e+06
2.1863e+06
2.80452e+06
3.28556e+06
1.81134e+06
710599
1.39307e+06
2.90509e+06
3.99326e+06
4.56951e+06
5.70911e+06
5.03295e+06
2.63513e+06
788568
863009
1.78038e+06
1.50921e+06
450434
247992
327753
264066
736753
1.08976e+06
1.94036e+06
3.04141e+06
3.1096e+06
2.04972e+06
722621
502555
521893
91382
612
0
0
3
139
3966
45057
289677
918978
1.3661e+06
772261
119075
5147
106
0
0
0
0
0
0
15
482
6958
44180
101429
42520
0
0
0
0
0
0
0
0
0
0
0
0
0
0
0
0
0
0
0
0
0
0
0
0
0
0
0
0
0
0
0
0
0
0
0
0
0
0
0
0
0
0
0
0
0
0
0
0
0
0
0
0
0
0
0
0
0
0
0
0
0
0
0
0
0
0
0
0
0
0
0
0
0
0
0
0
0
0
0
0
0
0
0
0
0
0
0
0
0
0
0
0
0
0
0
0
0
0
0
0
0
0
0
0
0
0
0
0
0
0
0
0
0
0
0
0
0
0
0
0
0
0
0
0
0
0
0
0
0
0
0
0
0
0
0
0
0
0
0
0
0
0
0
0
0
0
0
0
0
0
0
0
0
0
0
0
0
0
0
0
0
0
0
0
0
0
0
0
0
0
0
0
0
0
0
0
0
0
0
0
0
0
0
0
0
0
0
0
0
0
0
0
0
0
0
0
0
0
0
0
