755712
0
0
0
0
0
0
0
0
0
0
0
0
0
0
0
0
1566
179823
1.27922e+06
1.86632e+06
948003
227829
29391
3001
11450
89925
365535
738501
687625
302188
69734
105144
755882
2.40195e+06
3.26065e+06
1.92618e+06
550135
234571
803611
1.57756e+06
1.34529e+06
616349
665520
1.8736e+06
3.05924e+06
2.39155e+06
1.009e+06
611124
978381
1.0191e+06
1.01536e+06
2.72136e+06
5.68746e+06
5.74539e+06
2.88246e+06
1.09206e+06
852365
928004
1.78043e+06
3.80212e+06
4.61643e+06
3.28556e+06
2.79504e+06
3.24026e+06
2.74005e+06
2.62311e+06
3.28252e+06
2.98133e+06
2.76987e+06
3.51366e+06
4.34609e+06
6.85293e+06
9.33451e+06
6.8939e+06
2.67571e+06
1.10547e+06
2.58492e+06
5.42771e+06
5.97015e+06
3.9564e+06
2.78246e+06
3.54282e+06
5.76e+06
6.75494e+06
5.82963e+06
5.76038e+06
7.17544e+06
9.66186e+06
9.48872e+06
6.70872e+06
5.38134e+06
6.12162e+06
7.18929e+06
6.32515e+06
5.39236e+06
5.80589e+06
6.89072e+06
6.13866e+06
4.48867e+06
5.99426e+06
1.02801e+07
1.14539e+07
9.05067e+06
9.34603e+06
1.31095e+07
1.45276e+07
1.18714e+07
8.64378e+06
5.88409e+06
3.81359e+06
3.75841e+06
7.85557e+06
1.2343e+07
1.07978e+07
8.21001e+06
1.11659e+07
1.26561e+07
1.15268e+07
8.4641e+06
8.88786e+06
9.82775e+06
1.08916e+07
1.42675e+07
1.27291e+07
9.46717e+06
8.55538e+06
8.72839e+06
7.20398e+06
4.4638e+06
4.25204e+06
5.7919e+06
7.25903e+06
9.91948e+06
1.16375e+07
1.22958e+07
1.2485e+07
8.32106e+06
5.83904e+06
7.20733e+06
8.42756e+06
7.81782e+06
7.06828e+06
5.24615e+06
4.2196e+06
5.41214e+06
6.36425e+06
3.49495e+06
1.37532e+06
2.70047e+06
5.61844e+06
7.64861e+06
8.87511e+06
1.10388e+07
9.71869e+06
5.07636e+06
1.52676e+06
1.66785e+06
3.4541e+06
2.89991e+06
874636
480002
632623
505433
1.43115e+06
2.1102e+06
3.75614e+06
5.8666e+06
6.01505e+06
3.93455e+06
1.40578e+06
976576
1.00702e+06
174327
1176
0
0
12
283
7368
87649
563241
1.78547e+06
2.62854e+06
1.48671e+06
231782
10092
258
0
0
0
0
0
0
54
872
13880
87160
197229
78661
0
0
0
0
0
0
0
0
0
0
0
0
0
0
0
0
0
0
0
0
0
0
0
0
0
0
0
0
0
0
0
0
0
0
0
0
0
0
0
0
0
0
0
0
0
0
0
0
0
0
0
0
0
0
0
0
0
0
0
0
0
0
0
0
0
0
0
0
0
0
0
0
0
0
0
0
0
0
0
0
0
0
0
0
0
0
0
0
0
0
0
0
0
0
0
0
0
0
0
0
0
0
0
0
0
0
0
0
0
0
0
0
0
0
0
0
0
0
0
0
0
0
0
0
0
0
0
0
0
0
0
0
0
0
0
0
0
0
0
0
0
0
0
0
0
0
0
0
0
0
0
0
0
0
0
0
0
0
0
0
0
0
0
0
0
0
0
0
0
0
0
0
0
0
0
0
0
0
0
0
0
0
0
0
0
0
0
0
0
0
0
0
0
0
0
0
0
0
0
0
