247808
0
0
0
0
0
0
0
0
0
0
0
0
0
0
0
0
572
59548
417040
615265
308530
75156
9976
1052
3765
29440
118051
244137
226746
98076
22655
35779
248842
781875
1.07549e+06
624690
183190
78405
261628
521340
439557
200871
217018
606169
1.02159e+06
779478
328147
199167
319881
336718
334082
885653
1.87122e+06
1.88495e+06
935976
360464
284981
304277
579138
1.24156e+06
1.53374e+06
1.0643e+06
908841
1.07943e+06
891872
852834
1.0879e+06
971043
901445
1.17121e+06
1.41657e+06
2.22765e+06
3.09848e+06
2.23837e+06
873689
366256
841282
1.78763e+06
1.97208e+06
1.28084e+06
916449
1.15288e+06
1.8899e+06
2.23303e+06
1.8911e+06
1.90459e+06
2.33002e+06
3.18617e+06
3.11952e+06
2.18558e+06
1.77983e+06
1.98412e+06
2.38096e+06
2.0517e+06
1.78329e+06
1.89489e+06
2.26982e+06
2.01128e+06
1.46919e+06
1.95653e+06
3.37793e+06
3.77162e+06
2.95304e+06
3.04926e+06
4.306e+06
4.78626e+06
3.87589e+06
2.83721e+06
1.92865e+06
1.2563e+06
1.23054e+06
2.55218e+06
4.09523e+06
3.51488e+06
2.67964e+06
3.6531e+06
4.17942e+06
3.76444e+06
2.77439e+06
2.93533e+06
3.20785e+06
3.56297e+06
4.6716e+06
4.20545e+06
3.08916e+06
2.79212e+06
2.88361e+06
2.35224e+06
1.46057e+06
1.40191e+06
1.89313e+06
2.37442e+06
3.27469e+06
3.80717e+06
4.01425e+06
4.11597e+06
2.73124e+06
1.89582e+06
2.37221e+06
2.76783e+06
2.54788e+06
2.33469e+06
1.71378e+06
1.38405e+06
1.77643e+06
2.07839e+06
1.15076e+06
449863
882763
1.83868e+06
2.54584e+06
2.87325e+06
3.61812e+06
3.19191e+06
1.67358e+06
499651
546415
1.12252e+06
961661
284515
156822
208065
168153
464368
689989
1.22944e+06
1.92455e+06
1.96721e+06
1.30674e+06
455378
317929
331393
58188
393
0
0
3
114
2551
28948
183962
579695
866018
490171
75417
3325
68
0
0
0
0
0
0
9
332
4613
28110
63646
27194
0
0
0
0
0
0
0
0
0
0
0
0
0
0
0
0
0
0
0
0
0
0
0
0
0
0
0
0
0
0
0
0
0
0
0
0
0
0
0
0
0
0
0
0
0
0
0
0
0
0
0
0
0
0
0
0
0
0
0
0
0
0
0
0
0
0
0
0
0
0
0
0
0
0
0
0
0
0
0
0
0
0
0
0
0
0
0
0
0
0
0
0
0
0
0
0
0
0
0
0
0
0
0
0
0
0
0
0
0
0
0
0
0
0
0
0
0
0
0
0
0
0
0
0
0
0
0
0
0
0
0
0
0
0
0
0
0
0
0
0
0
0
0
0
0
0
0
0
0
0
0
0
0
0
0
0
0
0
0
0
0
0
0
0
0
0
0
0
0
0
0
0
0
0
0
0
0
0
0
0
0
0
0
0
0
0
0
0
0
0
0
0
0
0
0
0
0
0
0
0
