204800
0
0
0
0
0
0
0
0
0
0
0
0
0
0
0
0
493
49324
343756
509793
254618
61979
8173
926
3035
24145
97068
202691
188034
80379
18670
29513
204809
644871
893372
514580
150580
64842
215681
431820
363655
164761
178163
500338
849790
642422
270448
163661
264625
278911
275466
729621
1.54808e+06
1.56062e+06
771945
296465
237332
250528
476001
1.02648e+06
1.27339e+06
876174
748855
896671
735961
702302
901360
801210
743466
971912
1.16831e+06
1.83373e+06
2.57429e+06
1.84684e+06
718903
302034
693359
1.48002e+06
1.63242e+06
1.05562e+06
758788
950250
1.5612e+06
1.85061e+06
1.55797e+06
1.57744e+06
1.9218e+06
2.63601e+06
2.581e+06
1.8026e+06
1.47058e+06
1.63606e+06
1.97758e+06
1.68944e+06
1.47598e+06
1.56184e+06
1.88008e+06
1.66363e+06
1.21068e+06
1.6143e+06
2.79308e+06
3.12399e+06
2.43594e+06
2.51967e+06
3.55716e+06
3.9582e+06
3.20061e+06
2.34817e+06
1.59178e+06
1.03882e+06
1.01679e+06
2.10313e+06
3.39693e+06
2.90074e+06
2.21057e+06
3.01472e+06
3.46355e+06
3.1064e+06
2.29303e+06
2.43166e+06
2.64962e+06
2.94312e+06
3.85412e+06
3.48292e+06
2.5516e+06
2.30491e+06
2.38776e+06
1.94193e+06
1.20545e+06
1.15924e+06
1.56224e+06
1.96152e+06
2.71197e+06
3.14471e+06
3.31425e+06
3.40719e+06
2.25677e+06
1.56266e+06
1.96358e+06
2.28758e+06
2.10258e+06
1.9324e+06
1.41404e+06
1.14392e+06
1.46906e+06
1.71701e+06
951067
370546
729370
1.5178e+06
2.11362e+06
2.36727e+06
2.98859e+06
2.6408e+06
1.38533e+06
411475
450180
926061
798089
234958
129202
172016
139229
382148
569949
1.01492e+06
1.59087e+06
1.62573e+06
1.08408e+06
374740
262426
273791
48440
329
0
0
3
77
2115
23750
150963
477618
717205
406859
61894
2660
56
0
0
0
0
0
0
9
306
3700
23120
52404
22861
0
0
0
0
0
0
0
0
0
0
0
0
0
0
0
0
0
0
0
0
0
0
0
0
0
0
0
0
0
0
0
0
0
0
0
0
0
0
0
0
0
0
0
0
0
0
0
0
0
0
0
0
0
0
0
0
0
0
0
0
0
0
0
0
0
0
0
0
0
0
0
0
0
0
0
0
0
0
0
0
0
0
0
0
0
0
0
0
0
0
0
0
0
0
0
0
0
0
0
0
0
0
0
0
0
0
0
0
0
0
0
0
0
0
0
0
0
0
0
0
0
0
0
0
0
0
0
0
0
0
0
0
0
0
0
0
0
0
0
0
0
0
0
0
0
0
0
0
0
0
0
0
0
0
0
0
0
0
0
0
0
0
0
0
0
0
0
0
0
0
0
0
0
0
0
0
0
0
0
0
0
0
0
0
0
0
0
0
0
0
0
0
0
0
0
0
0
0
0
0
