667648
0
0
0
0
0
0
0
0
0
0
0
0
0
0
0
0
1375
158890
1.12951e+06
1.65008e+06
836625
201445
26070
2654
9971
79391
323226
652414
607873
266335
61806
93246
668533
2.12064e+06
2.88114e+06
1.69995e+06
487331
207691
710052
1.39363e+06
1.18829e+06
544241
587437
1.65311e+06
2.70833e+06
2.1123e+06
890068
539898
863082
901499
896678
2.40345e+06
5.02543e+06
5.07727e+06
2.54454e+06
964283
754419
820213
1.57134e+06
3.35848e+06
4.08314e+06
2.89928e+06
2.46812e+06
2.86494e+06
2.42058e+06
2.31561e+06
2.90216e+06
2.63364e+06
2.44462e+06
3.10703e+06
3.83966e+06
6.05263e+06
8.2495e+06
6.0893e+06
2.36176e+06
976164
2.28245e+06
4.79837e+06
5.27851e+06
3.49258e+06
2.45713e+06
3.12682e+06
5.08922e+06
5.97236e+06
5.14727e+06
5.09153e+06
6.33399e+06
8.53886e+06
8.38766e+06
5.92379e+06
4.75721e+06
5.40344e+06
6.35404e+06
5.5831e+06
4.7683e+06
5.1245e+06
6.09299e+06
5.425e+06
3.96322e+06
5.29422e+06
9.08636e+06
1.01188e+07
7.9931e+06
8.25241e+06
1.15859e+07
1.28385e+07
1.04859e+07
7.63536e+06
5.19773e+06
3.37075e+06
3.32037e+06
6.93351e+06
1.09159e+07
9.53469e+06
7.25034e+06
9.86154e+06
1.11882e+07
1.01823e+07
7.47786e+06
7.85284e+06
8.68168e+06
9.61816e+06
1.2605e+07
1.12538e+07
8.35943e+06
7.55548e+06
7.71582e+06
6.36321e+06
3.94272e+06
3.75544e+06
5.11677e+06
6.41319e+06
8.76629e+06
1.02801e+07
1.08585e+07
1.1038e+07
7.3503e+06
5.15615e+06
6.36987e+06
7.44563e+06
6.9032e+06
6.24667e+06
4.63315e+06
3.7305e+06
4.78082e+06
5.61943e+06
3.09051e+06
1.21381e+06
2.3842e+06
4.96401e+06
6.76463e+06
7.83512e+06
9.75197e+06
8.58743e+06
4.48694e+06
1.34684e+06
1.47306e+06
3.05045e+06
2.56403e+06
771909
424036
558686
446401
1.26312e+06
1.8648e+06
3.31754e+06
5.18568e+06
5.31295e+06
3.47868e+06
1.24013e+06
861795
890141
154388
1071
0
0
12
263
6409
77123
496368
1.5767e+06
2.3243e+06
1.31462e+06
204016
8813
218
0
0
0
0
0
0
37
754
12185
76342
174176
70330
0
0
0
0
0
0
0
0
0
0
0
0
0
0
0
0
0
0
0
0
0
0
0
0
0
0
0
0
0
0
0
0
0
0
0
0
0
0
0
0
0
0
0
0
0
0
0
0
0
0
0
0
0
0
0
0
0
0
0
0
0
0
0
0
0
0
0
0
0
0
0
0
0
0
0
0
0
0
0
0
0
0
0
0
0
0
0
0
0
0
0
0
0
0
0
0
0
0
0
0
0
0
0
0
0
0
0
0
0
0
0
0
0
0
0
0
0
0
0
0
0
0
0
0
0
0
0
0
0
0
0
0
0
0
0
0
0
0
0
0
0
0
0
0
0
0
0
0
0
0
0
0
0
0
0
0
0
0
0
0
0
0
0
0
0
0
0
0
0
0
0
0
0
0
0
0
0
0
0
0
0
0
0
0
0
0
0
0
0
0
0
0
0
0
0
0
0
0
0
0
