917504
0
0
0
0
0
0
0
0
0
0
0
0
0
0
0
0
1927
217660
1.55541e+06
2.26354e+06
1.15075e+06
276979
36167
3560
14105
109388
444403
894984
835029
367206
84669
127797
917630
2.92078e+06
3.95209e+06
2.33869e+06
669515
284923
977385
1.9134e+06
1.63339e+06
748815
810375
2.27658e+06
3.70548e+06
2.90429e+06
1.22806e+06
744119
1.18635e+06
1.23545e+06
1.23484e+06
3.31193e+06
6.89897e+06
6.96449e+06
3.50541e+06
1.32906e+06
1.03386e+06
1.12748e+06
2.16724e+06
4.61425e+06
5.59394e+06
3.99654e+06
3.3966e+06
3.9265e+06
3.331e+06
3.1883e+06
3.97701e+06
3.62225e+06
3.36869e+06
4.25789e+06
5.28264e+06
8.32805e+06
1.13113e+07
8.37225e+06
3.25704e+06
1.34582e+06
3.14568e+06
6.58138e+06
7.23704e+06
4.81069e+06
3.38054e+06
4.30896e+06
6.98674e+06
8.19193e+06
7.08773e+06
6.99243e+06
8.71937e+06
1.17191e+07
1.15098e+07
8.1579e+06
6.53382e+06
7.43958e+06
8.71521e+06
7.68544e+06
6.5424e+06
7.05687e+06
8.35953e+06
7.44816e+06
5.46107e+06
7.28904e+06
1.2465e+07
1.38897e+07
1.10029e+07
1.13636e+07
1.59063e+07
1.76227e+07
1.44188e+07
1.04916e+07
7.14374e+06
4.63514e+06
4.57761e+06
9.54714e+06
1.49488e+07
1.31113e+07
9.99096e+06
1.35602e+07
1.5348e+07
1.39981e+07
1.02787e+07
1.07832e+07
1.19357e+07
1.3237e+07
1.73168e+07
1.54412e+07
1.1498e+07
1.03919e+07
1.05852e+07
8.75064e+06
5.42784e+06
5.16804e+06
7.03662e+06
8.81652e+06
1.20297e+07
1.41191e+07
1.49423e+07
1.514e+07
1.0106e+07
7.10394e+06
8.74318e+06
1.02254e+07
9.50282e+06
8.57665e+06
6.3695e+06
5.1265e+06
6.56972e+06
7.7212e+06
4.24356e+06
1.67748e+06
3.28492e+06
6.8187e+06
9.27176e+06
1.0794e+07
1.33938e+07
1.1789e+07
6.15904e+06
1.8627e+06
2.03369e+06
4.19269e+06
3.5098e+06
1.06395e+06
584854
767596
617825
1.74239e+06
2.56272e+06
4.5613e+06
7.11261e+06
7.30342e+06
4.76873e+06
1.71242e+06
1.19054e+06
1.21935e+06
209602
1368
0
0
12
343
9061
108329
690700
2.17344e+06
3.18086e+06
1.79898e+06
282963
12538
305
0
0
0
0
0
0
57
1142
17179
106919
239441
94014
0
0
0
0
0
0
0
0
0
0
0
0
0
0
0
0
0
0
0
0
0
0
0
0
0
0
0
0
0
0
0
0
0
0
0
0
0
0
0
0
0
0
0
0
0
0
0
0
0
0
0
0
0
0
0
0
0
0
0
0
0
0
0
0
0
0
0
0
0
0
0
0
0
0
0
0
0
0
0
0
0
0
0
0
0
0
0
0
0
0
0
0
0
0
0
0
0
0
0
0
0
0
0
0
0
0
0
0
0
0
0
0
0
0
0
0
0
0
0
0
0
0
0
0
0
0
0
0
0
0
0
0
0
0
0
0
0
0
0
0
0
0
0
0
0
0
0
0
0
0
0
0
0
0
0
0
0
0
0
0
0
0
0
0
0
0
0
0
0
0
0
0
0
0
0
0
0
0
0
0
0
0
0
0
0
0
0
0
0
0
0
0
0
0
0
0
0
0
0
0
