251904
0
0
0
0
0
0
0
0
0
0
0
0
0
0
0
0
577
60556
423930
625355
313603
76494
10136
1065
3831
30003
119954
248119
230431
99756
23048
36317
253227
794843
1.09257e+06
635389
186310
79688
266002
529721
446950
204297
220742
616463
1.03755e+06
792588
333730
202613
325106
342157
339774
900590
1.90181e+06
1.91576e+06
951928
366334
289566
309341
589033
1.262e+06
1.55826e+06
1.08259e+06
923930
1.09673e+06
906971
867068
1.10573e+06
987116
916598
1.19e+06
1.44086e+06
2.26439e+06
3.14831e+06
2.27583e+06
888599
372501
855462
1.81656e+06
2.00443e+06
1.30253e+06
931373
1.17227e+06
1.92116e+06
2.26923e+06
1.92295e+06
1.93592e+06
2.36888e+06
3.23852e+06
3.17046e+06
2.22237e+06
1.80917e+06
2.01712e+06
2.41956e+06
2.08658e+06
1.81232e+06
1.92636e+06
2.30686e+06
2.0447e+06
1.49365e+06
1.9893e+06
3.43343e+06
3.83342e+06
3.00227e+06
3.10016e+06
4.37669e+06
4.86495e+06
3.94039e+06
2.88415e+06
1.96044e+06
1.27715e+06
1.25071e+06
2.5951e+06
4.16148e+06
3.57348e+06
2.72469e+06
3.71365e+06
4.24749e+06
3.82739e+06
2.82016e+06
2.98325e+06
3.261e+06
3.62198e+06
4.74947e+06
4.27417e+06
3.14075e+06
2.8381e+06
2.93057e+06
2.3914e+06
1.48505e+06
1.42494e+06
1.92465e+06
2.41437e+06
3.32766e+06
3.87009e+06
4.08114e+06
4.18332e+06
2.7767e+06
1.9278e+06
2.41063e+06
2.8135e+06
2.59066e+06
2.37278e+06
1.74231e+06
1.40727e+06
1.80567e+06
2.11242e+06
1.16981e+06
457582
897534
1.86906e+06
2.58714e+06
2.92159e+06
3.67767e+06
3.24444e+06
1.70097e+06
508241
555700
1.14128e+06
977002
289238
159556
211374
171038
472405
701333
1.24979e+06
1.9564e+06
1.99949e+06
1.32778e+06
463287
323361
336734
59080
410
0
0
3
114
2597
29430
187214
589384
880054
498145
76728
3394
73
0
0
0
0
0
0
9
334
4700
28607
64729
27573
0
0
0
0
0
0
0
0
0
0
0
0
0
0
0
0
0
0
0
0
0
0
0
0
0
0
0
0
0
0
0
0
0
0
0
0
0
0
0
0
0
0
0
0
0
0
0
0
0
0
0
0
0
0
0
0
0
0
0
0
0
0
0
0
0
0
0
0
0
0
0
0
0
0
0
0
0
0
0
0
0
0
0
0
0
0
0
0
0
0
0
0
0
0
0
0
0
0
0
0
0
0
0
0
0
0
0
0
0
0
0
0
0
0
0
0
0
0
0
0
0
0
0
0
0
0
0
0
0
0
0
0
0
0
0
0
0
0
0
0
0
0
0
0
0
0
0
0
0
0
0
0
0
0
0
0
0
0
0
0
0
0
0
0
0
0
0
0
0
0
0
0
0
0
0
0
0
0
0
0
0
0
0
0
0
0
0
0
0
0
0
0
0
0
0
0
0
0
0
0
