720896
0
0
0
0
0
0
0
0
0
0
0
0
0
0
0
0
1495
171575
1.21987e+06
1.78096e+06
904052
217401
27999
2860
10835
85789
348551
704672
656478
287796
66479
100201
720993
2.29131e+06
3.11087e+06
1.83719e+06
524721
223648
766698
1.50489e+06
1.28335e+06
587823
633829
1.78587e+06
2.92288e+06
2.2813e+06
961082
582828
932554
972749
967767
2.59459e+06
5.42773e+06
5.48276e+06
2.74786e+06
1.04044e+06
813846
885371
1.69592e+06
3.6285e+06
4.40702e+06
3.13164e+06
2.66518e+06
3.09343e+06
2.61318e+06
2.50129e+06
3.1323e+06
2.84324e+06
2.64114e+06
3.35347e+06
4.14468e+06
6.53539e+06
8.90928e+06
6.57705e+06
2.55002e+06
1.05195e+06
2.46409e+06
5.18097e+06
5.69897e+06
3.77282e+06
2.65187e+06
3.37773e+06
5.49602e+06
6.44615e+06
5.55877e+06
5.49485e+06
6.84212e+06
9.21998e+06
9.05539e+06
6.39692e+06
5.13421e+06
5.83714e+06
6.85896e+06
6.032e+06
5.14597e+06
5.53641e+06
6.57531e+06
5.85837e+06
4.27876e+06
5.71551e+06
9.81126e+06
1.09267e+07
8.63042e+06
8.91063e+06
1.251e+07
1.38634e+07
1.13233e+07
8.24447e+06
5.61206e+06
3.63784e+06
3.58357e+06
7.48971e+06
1.17823e+07
1.02988e+07
7.82726e+06
1.065e+07
1.20784e+07
1.09966e+07
8.07242e+06
8.47783e+06
9.37419e+06
1.03862e+07
1.36123e+07
1.21483e+07
9.02901e+06
8.15888e+06
8.32794e+06
6.87266e+06
4.2558e+06
4.0557e+06
5.52564e+06
6.9244e+06
9.46301e+06
1.1101e+07
1.17267e+07
1.19157e+07
7.93788e+06
5.56698e+06
6.87552e+06
8.04133e+06
7.45493e+06
6.74439e+06
5.00383e+06
4.0255e+06
5.16148e+06
6.07143e+06
3.33533e+06
1.31031e+06
2.57523e+06
5.36037e+06
7.30111e+06
8.46194e+06
1.0529e+07
9.27259e+06
4.84532e+06
1.45446e+06
1.5899e+06
3.29442e+06
2.76859e+06
833719
457995
602910
481933
1.36384e+06
2.01279e+06
3.58261e+06
5.59696e+06
5.73858e+06
3.75574e+06
1.33946e+06
930476
961810
166401
1137
0
0
12
268
6961
83197
535750
1.70277e+06
2.50925e+06
1.41908e+06
221071
9479
231
0
0
0
0
0
0
42
808
13185
82748
188294
75371
0
0
0
0
0
0
0
0
0
0
0
0
0
0
0
0
0
0
0
0
0
0
0
0
0
0
0
0
0
0
0
0
0
0
0
0
0
0
0
0
0
0
0
0
0
0
0
0
0
0
0
0
0
0
0
0
0
0
0
0
0
0
0
0
0
0
0
0
0
0
0
0
0
0
0
0
0
0
0
0
0
0
0
0
0
0
0
0
0
0
0
0
0
0
0
0
0
0
0
0
0
0
0
0
0
0
0
0
0
0
0
0
0
0
0
0
0
0
0
0
0
0
0
0
0
0
0
0
0
0
0
0
0
0
0
0
0
0
0
0
0
0
0
0
0
0
0
0
0
0
0
0
0
0
0
0
0
0
0
0
0
0
0
0
0
0
0
0
0
0
0
0
0
0
0
0
0
0
0
0
0
0
0
0
0
0
0
0
0
0
0
0
0
0
0
0
0
0
0
0
