366592
0
0
0
0
0
0
0
0
0
0
0
0
0
0
0
0
776
87668
618117
908900
457327
111280
14402
1531
5436
44232
176159
358566
334382
146316
33726
52513
369220
1.15952e+06
1.5832e+06
929906
270060
115426
388225
769178
650120
298540
323100
902550
1.49612e+06
1.15598e+06
488823
295742
473480
495883
494997
1.31692e+06
2.7613e+06
2.78416e+06
1.39313e+06
532876
416799
451663
861391
1.83899e+06
2.25272e+06
1.58566e+06
1.3505e+06
1.58119e+06
1.32581e+06
1.26717e+06
1.60068e+06
1.44277e+06
1.33842e+06
1.71703e+06
2.10925e+06
3.3085e+06
4.54643e+06
3.32661e+06
1.29791e+06
543190
1.2511e+06
2.63714e+06
2.90264e+06
1.90904e+06
1.35356e+06
1.71398e+06
2.79232e+06
3.28857e+06
2.81507e+06
2.80835e+06
3.46338e+06
4.69807e+06
4.60607e+06
3.24522e+06
2.62506e+06
2.9513e+06
3.5034e+06
3.05077e+06
2.62869e+06
2.81063e+06
3.34674e+06
2.9755e+06
2.17964e+06
2.90443e+06
4.99079e+06
5.56473e+06
4.38114e+06
4.52247e+06
6.36437e+06
7.06001e+06
5.74696e+06
4.19369e+06
2.8551e+06
1.8554e+06
1.82595e+06
3.79609e+06
6.0149e+06
5.21696e+06
3.98035e+06
5.40768e+06
6.15642e+06
5.58369e+06
4.10732e+06
4.32664e+06
4.7589e+06
5.27776e+06
6.91242e+06
6.19662e+06
4.58196e+06
4.14157e+06
4.24521e+06
3.48589e+06
2.16821e+06
2.07006e+06
2.80616e+06
3.51955e+06
4.81963e+06
5.63768e+06
5.95325e+06
6.0743e+06
4.04127e+06
2.81978e+06
3.50096e+06
4.08847e+06
3.78436e+06
3.44001e+06
2.53866e+06
2.05031e+06
2.62863e+06
3.07478e+06
1.69809e+06
667880
1.30643e+06
2.72164e+06
3.74549e+06
4.28192e+06
5.34869e+06
4.71335e+06
2.47042e+06
741364
810860
1.66498e+06
1.41428e+06
422347
233001
307216
248383
690050
1.02067e+06
1.81937e+06
2.84874e+06
2.91377e+06
1.9217e+06
677836
471060
488218
85780
575
0
0
3
135
3785
42459
272050
861013
1.27993e+06
723040
111975
4833
106
0
0
0
0
0
0
15
462
6591
41467
95051
39710
0
0
0
0
0
0
0
0
0
0
0
0
0
0
0
0
0
0
0
0
0
0
0
0
0
0
0
0
0
0
0
0
0
0
0
0
0
0
0
0
0
0
0
0
0
0
0
0
0
0
0
0
0
0
0
0
0
0
0
0
0
0
0
0
0
0
0
0
0
0
0
0
0
0
0
0
0
0
0
0
0
0
0
0
0
0
0
0
0
0
0
0
0
0
0
0
0
0
0
0
0
0
0
0
0
0
0
0
0
0
0
0
0
0
0
0
0
0
0
0
0
0
0
0
0
0
0
0
0
0
0
0
0
0
0
0
0
0
0
0
0
0
0
0
0
0
0
0
0
0
0
0
0
0
0
0
0
0
0
0
0
0
0
0
0
0
0
0
0
0
0
0
0
0
0
0
0
0
0
0
0
0
0
0
0
0
0
0
0
0
0
0
0
0
0
0
0
0
0
0
