673792
0
0
0
0
0
0
0
0
0
0
0
0
0
0
0
0
1390
160339
1.13984e+06
1.66546e+06
844227
203330
26260
2679
10052
80064
326137
658678
613404
268732
62362
94004
674476
2.14036e+06
2.90796e+06
1.71576e+06
491534
209393
716551
1.40676e+06
1.19913e+06
549244
592582
1.6685e+06
2.73327e+06
2.13195e+06
898178
544619
871185
909846
904721
2.42488e+06
5.07231e+06
5.12478e+06
2.56768e+06
972905
761260
827673
1.58559e+06
3.38975e+06
4.1206e+06
2.92626e+06
2.49057e+06
2.89147e+06
2.44281e+06
2.33675e+06
2.92894e+06
2.65801e+06
2.46705e+06
3.13523e+06
3.87477e+06
6.10849e+06
8.32627e+06
6.1457e+06
2.38317e+06
984385
2.30357e+06
4.84244e+06
5.32728e+06
3.52537e+06
2.47874e+06
3.15576e+06
5.13625e+06
6.02741e+06
5.19471e+06
5.13754e+06
6.39278e+06
8.61778e+06
8.46485e+06
5.97864e+06
4.8002e+06
5.45371e+06
6.41193e+06
5.63524e+06
4.81151e+06
5.17231e+06
6.14899e+06
5.47451e+06
3.99932e+06
5.34271e+06
9.17053e+06
1.02125e+07
8.06616e+06
8.32773e+06
1.16929e+07
1.29577e+07
1.05825e+07
7.70559e+06
5.24508e+06
3.40186e+06
3.3502e+06
6.99727e+06
1.10161e+07
9.62339e+06
7.31685e+06
9.95177e+06
1.1291e+07
1.0277e+07
7.54637e+06
7.92517e+06
8.76083e+06
9.70654e+06
1.27217e+07
1.13573e+07
8.43679e+06
7.62525e+06
7.78663e+06
6.42138e+06
3.97898e+06
3.78975e+06
5.1639e+06
6.4726e+06
8.8462e+06
1.03752e+07
1.09586e+07
1.11399e+07
7.41778e+06
5.20382e+06
6.42777e+06
7.51409e+06
6.96721e+06
6.30401e+06
4.67594e+06
3.76474e+06
4.82426e+06
5.67198e+06
3.11876e+06
1.22469e+06
2.40637e+06
5.00979e+06
6.82605e+06
7.90795e+06
9.84143e+06
8.66696e+06
4.52819e+06
1.359e+06
1.48672e+06
3.07854e+06
2.58756e+06
779137
427802
563894
450344
1.27467e+06
1.88188e+06
3.34793e+06
5.23336e+06
5.36246e+06
3.51062e+06
1.25137e+06
869796
898301
155847
1086
0
0
12
263
6459
77734
500753
1.59133e+06
2.34574e+06
1.32683e+06
205889
8892
221
0
0
0
0
0
0
37
760
12284
77017
175874
70924
0
0
0
0
0
0
0
0
0
0
0
0
0
0
0
0
0
0
0
0
0
0
0
0
0
0
0
0
0
0
0
0
0
0
0
0
0
0
0
0
0
0
0
0
0
0
0
0
0
0
0
0
0
0
0
0
0
0
0
0
0
0
0
0
0
0
0
0
0
0
0
0
0
0
0
0
0
0
0
0
0
0
0
0
0
0
0
0
0
0
0
0
0
0
0
0
0
0
0
0
0
0
0
0
0
0
0
0
0
0
0
0
0
0
0
0
0
0
0
0
0
0
0
0
0
0
0
0
0
0
0
0
0
0
0
0
0
0
0
0
0
0
0
0
0
0
0
0
0
0
0
0
0
0
0
0
0
0
0
0
0
0
0
0
0
0
0
0
0
0
0
0
0
0
0
0
0
0
0
0
0
0
0
0
0
0
0
0
0
0
0
0
0
0
0
0
0
0
0
0
