434176
0
0
0
0
0
0
0
0
0
0
0
0
0
0
0
0
898
103673
732726
1.07514e+06
543556
131000
16800
1775
6375
51796
209454
424529
396245
173355
39692
61459
435429
1.37551e+06
1.87619e+06
1.10318e+06
318039
135059
460396
910340
771752
352646
380430
1.07156e+06
1.7698e+06
1.37339e+06
577759
348659
561085
587140
583643
1.55748e+06
3.27403e+06
3.30512e+06
1.64847e+06
626433
493509
532769
1.01796e+06
2.18317e+06
2.6684e+06
1.87792e+06
1.59936e+06
1.87201e+06
1.57135e+06
1.50036e+06
1.89333e+06
1.71074e+06
1.58411e+06
2.03122e+06
2.49373e+06
3.9226e+06
5.38913e+06
3.95016e+06
1.53066e+06
634467
1.47941e+06
3.12898e+06
3.44104e+06
2.26294e+06
1.5968e+06
2.02721e+06
3.31081e+06
3.89584e+06
3.33557e+06
3.31873e+06
4.10369e+06
5.56732e+06
5.4606e+06
3.84264e+06
3.10125e+06
3.5024e+06
4.14414e+06
3.62004e+06
3.10634e+06
3.32817e+06
3.96794e+06
3.52881e+06
2.57121e+06
3.43412e+06
5.91847e+06
6.59626e+06
5.18395e+06
5.35147e+06
7.54406e+06
8.36534e+06
6.81187e+06
4.96464e+06
3.37823e+06
2.193e+06
2.15175e+06
4.50124e+06
7.12788e+06
6.18674e+06
4.69887e+06
6.40985e+06
7.29643e+06
6.61511e+06
4.85653e+06
5.12134e+06
5.63724e+06
6.24725e+06
8.19867e+06
7.33823e+06
5.42647e+06
4.906e+06
5.02589e+06
4.13325e+06
2.56082e+06
2.44528e+06
3.32523e+06
4.16804e+06
5.71033e+06
6.68016e+06
7.05348e+06
7.19693e+06
4.78454e+06
3.33625e+06
4.14543e+06
4.84554e+06
4.47991e+06
4.07384e+06
3.00782e+06
2.42416e+06
3.11274e+06
3.6514e+06
2.00959e+06
786548
1.54446e+06
3.22761e+06
4.4269e+06
5.07445e+06
6.33825e+06
5.59023e+06
2.92453e+06
872135
954898
1.97968e+06
1.67579e+06
499660
274652
363692
291691
817904
1.20961e+06
2.15355e+06
3.37689e+06
3.45437e+06
2.27256e+06
801897
557239
580578
101462
700
0
0
3
145
4246
49314
320662
1.02074e+06
1.51708e+06
857926
131756
5600
111
0
0
0
0
0
0
15
496
7587
49058
112811
47121
0
0
0
0
0
0
0
0
0
0
0
0
0
0
0
0
0
0
0
0
0
0
0
0
0
0
0
0
0
0
0
0
0
0
0
0
0
0
0
0
0
0
0
0
0
0
0
0
0
0
0
0
0
0
0
0
0
0
0
0
0
0
0
0
0
0
0
0
0
0
0
0
0
0
0
0
0
0
0
0
0
0
0
0
0
0
0
0
0
0
0
0
0
0
0
0
0
0
0
0
0
0
0
0
0
0
0
0
0
0
0
0
0
0
0
0
0
0
0
0
0
0
0
0
0
0
0
0
0
0
0
0
0
0
0
0
0
0
0
0
0
0
0
0
0
0
0
0
0
0
0
0
0
0
0
0
0
0
0
0
0
0
0
0
0
0
0
0
0
0
0
0
0
0
0
0
0
0
0
0
0
0
0
0
0
0
0
0
0
0
0
0
0
0
0
0
0
0
0
0
