22528
0
0
0
0
0
0
0
0
0
0
0
0
0
0
0
0
136
6003
34077
61986
24815
6840
1199
140
345
2281
8757
26119
20748
7376
2055
3648
19736
63844
117096
48547
14953
7578
19510
53707
40622
15061
16115
46765
117154
65515
23825
14822
31384
34079
26511
63711
186291
190969
68536
27605
32117
25625
41013
110197
171492
78501
69763
124442
70913
62485
120481
81870
66559
127997
113174
169383
357858
186943
61559
26403
59861
177699
205934
95094
86906
87233
172560
235495
141592
193013
178512
318070
304193
170034
169458
153878
262967
163270
167577
150409
233610
189338
113452
148667
328821
382853
236289
250890
407548
473135
333879
262714
172639
114372
85092
195027
473792
295982
192076
315978
442696
326055
235107
293005
268745
297006
431671
439104
260323
230520
299769
199195
114142
125583
160807
206711
345826
340132
332155
415854
249442
136940
233901
255050
205078
235377
148865
119724
166902
196476
109331
32175
72271
158826
273222
211111
333011
311884
164788
35840
37538
94623
113060
20666
10879
19984
14450
34606
62890
111086
179682
168552
143055
33294
22630
34712
7885
35
0
0
0
4
246
2308
12593
43717
87785
50322
5511
254
12
0
0
0
0
0
0
2
53
345
1880
4722
4262
0
0
0
0
0
0
0
0
0
0
0
0
0
0
0
0
0
0
0
0
0
0
0
0
0
0
0
0
0
0
0
0
0
0
0
0
0
0
0
0
0
0
0
0
0
0
0
0
0
0
0
0
0
0
0
0
0
0
0
0
0
0
0
0
0
0
0
0
0
0
0
0
0
0
0
0
0
0
0
0
0
0
0
0
0
0
0
0
0
0
0
0
0
0
0
0
0
0
0
0
0
0
0
0
0
0
0
0
0
0
0
0
0
0
0
0
0
0
0
0
0
0
0
0
0
0
0
0
0
0
0
0
0
0
0
0
0
0
0
0
0
0
0
0
0
0
0
0
0
0
0
0
0
0
0
0
0
0
0
0
0
0
0
0
0
0
0
0
0
0
0
0
0
0
0
0
0
0
0
0
0
0
0
0
0
0
0
0
0
0
0
0
0
0
0
0
0
0
0
0
