890880
0
0
0
0
0
0
0
0
0
0
0
0
0
0
0
0
1863
211341
1.50986e+06
2.19878e+06
1.11725e+06
268649
35007
3484
13581
106101
431278
869715
810992
356257
82093
123883
890124
2.83614e+06
3.83972e+06
2.27012e+06
649703
276216
948843
1.8582e+06
1.58625e+06
726866
785479
2.21083e+06
3.60067e+06
2.81929e+06
1.19155e+06
722014
1.1527e+06
1.19956e+06
1.19816e+06
3.21403e+06
6.7011e+06
6.7649e+06
3.40221e+06
1.28948e+06
1.00379e+06
1.09466e+06
2.10297e+06
4.48074e+06
5.43482e+06
3.87885e+06
3.29774e+06
3.81352e+06
3.2334e+06
3.09526e+06
3.86244e+06
3.51712e+06
3.26972e+06
4.13488e+06
5.12882e+06
8.08489e+06
1.09883e+07
8.1292e+06
3.16017e+06
1.30506e+06
3.05259e+06
6.394e+06
7.02919e+06
4.66895e+06
3.28174e+06
4.18307e+06
6.78419e+06
7.95691e+06
6.88002e+06
6.78802e+06
8.46613e+06
1.13807e+07
1.11776e+07
7.9201e+06
6.34466e+06
7.22169e+06
8.46386e+06
7.46209e+06
6.35266e+06
6.85164e+06
8.11866e+06
7.23186e+06
5.3006e+06
7.07426e+06
1.21049e+07
1.34935e+07
1.06796e+07
1.10304e+07
1.54462e+07
1.71154e+07
1.39994e+07
1.01879e+07
6.9356e+06
4.49939e+06
4.44176e+06
9.26908e+06
1.45205e+07
1.27306e+07
9.69716e+06
1.31662e+07
1.49061e+07
1.35922e+07
9.97905e+06
1.04696e+07
1.15896e+07
1.28504e+07
1.68169e+07
1.49944e+07
1.11647e+07
1.00884e+07
1.02807e+07
8.49633e+06
5.26878e+06
5.01661e+06
6.83155e+06
8.55971e+06
1.16829e+07
1.37127e+07
1.45059e+07
1.47027e+07
9.81279e+06
6.89554e+06
8.48874e+06
9.93047e+06
9.22521e+06
8.32944e+06
6.18483e+06
4.97669e+06
6.37931e+06
7.49765e+06
4.12156e+06
1.62751e+06
3.18847e+06
6.6205e+06
9.00454e+06
1.04791e+07
1.30055e+07
1.14491e+07
5.98056e+06
1.80751e+06
1.97296e+06
4.07065e+06
3.41055e+06
1.03266e+06
567580
745359
598946
1.69131e+06
2.48873e+06
4.42817e+06
6.90798e+06
7.09218e+06
4.63103e+06
1.6618e+06
1.15564e+06
1.18422e+06
203642
1324
0
0
12
338
8800
105038
669596
2.10934e+06
3.09004e+06
1.74786e+06
274485
12123
292
0
0
0
0
0
0
57
1102
16665
103760
232408
91448
0
0
0
0
0
0
0
0
0
0
0
0
0
0
0
0
0
0
0
0
0
0
0
0
0
0
0
0
0
0
0
0
0
0
0
0
0
0
0
0
0
0
0
0
0
0
0
0
0
0
0
0
0
0
0
0
0
0
0
0
0
0
0
0
0
0
0
0
0
0
0
0
0
0
0
0
0
0
0
0
0
0
0
0
0
0
0
0
0
0
0
0
0
0
0
0
0
0
0
0
0
0
0
0
0
0
0
0
0
0
0
0
0
0
0
0
0
0
0
0
0
0
0
0
0
0
0
0
0
0
0
0
0
0
0
0
0
0
0
0
0
0
0
0
0
0
0
0
0
0
0
0
0
0
0
0
0
0
0
0
0
0
0
0
0
0
0
0
0
0
0
0
0
0
0
0
0
0
0
0
0
0
0
0
0
0
0
0
0
0
0
0
0
0
0
0
0
0
0
0
