952320
0
0
0
0
0
0
0
0
0
0
0
0
0
0
0
0
1995
225895
1.61408e+06
2.34983e+06
1.19475e+06
287349
37379
3668
14673
113431
461168
928865
867125
381199
87737
132403
952049
3.03213e+06
4.10182e+06
2.42845e+06
694669
294988
1.0144e+06
1.98614e+06
1.69607e+06
776933
840435
2.36336e+06
3.84596e+06
3.01552e+06
1.27452e+06
771926
1.23108e+06
1.28223e+06
1.28067e+06
3.4377e+06
7.16169e+06
7.22959e+06
3.63968e+06
1.3782e+06
1.07223e+06
1.16984e+06
2.24915e+06
4.78955e+06
5.8073e+06
4.14848e+06
3.52542e+06
4.0744e+06
3.45892e+06
3.30925e+06
4.12713e+06
3.75947e+06
3.49645e+06
4.41802e+06
5.48308e+06
8.64538e+06
1.17409e+07
8.69364e+06
3.37859e+06
1.39376e+06
3.26567e+06
6.8315e+06
7.51301e+06
4.99324e+06
3.50635e+06
4.4719e+06
7.25396e+06
8.5038e+06
7.3566e+06
7.2541e+06
9.05194e+06
1.21653e+07
1.19478e+07
8.46872e+06
6.77846e+06
7.72235e+06
9.04645e+06
7.97753e+06
6.78805e+06
7.32573e+06
8.67728e+06
7.73156e+06
5.66631e+06
7.56392e+06
1.29392e+07
1.44197e+07
1.14204e+07
1.17925e+07
1.65094e+07
1.82939e+07
1.49679e+07
1.08889e+07
7.41389e+06
4.8091e+06
4.74975e+06
9.91078e+06
1.55158e+07
1.36106e+07
1.03665e+07
1.40747e+07
1.59333e+07
1.45302e+07
1.06674e+07
1.11925e+07
1.23886e+07
1.37399e+07
1.79731e+07
1.60267e+07
1.19355e+07
1.07876e+07
1.09853e+07
9.0833e+06
5.63316e+06
5.36209e+06
7.30282e+06
9.15142e+06
1.24849e+07
1.46564e+07
1.55133e+07
1.57156e+07
1.04875e+07
7.37164e+06
9.0746e+06
1.06156e+07
9.86331e+06
8.902e+06
6.61026e+06
5.31998e+06
6.81861e+06
8.01758e+06
4.40273e+06
1.7394e+06
3.40799e+06
7.07876e+06
9.62546e+06
1.12026e+07
1.39019e+07
1.22395e+07
6.3932e+06
1.93072e+06
2.10996e+06
4.35298e+06
3.64361e+06
1.10408e+06
606762
796734
640746
1.80776e+06
2.65885e+06
4.73468e+06
7.38358e+06
7.58301e+06
4.94956e+06
1.77562e+06
1.23551e+06
1.26648e+06
217466
1395
0
0
12
350
9311
111997
715397
2.25639e+06
3.30308e+06
1.86797e+06
293156
12912
308
0
0
0
0
0
0
57
1154
17731
110943
248547
97728
0
0
0
0
0
0
0
0
0
0
0
0
0
0
0
0
0
0
0
0
0
0
0
0
0
0
0
0
0
0
0
0
0
0
0
0
0
0
0
0
0
0
0
0
0
0
0
0
0
0
0
0
0
0
0
0
0
0
0
0
0
0
0
0
0
0
0
0
0
0
0
0
0
0
0
0
0
0
0
0
0
0
0
0
0
0
0
0
0
0
0
0
0
0
0
0
0
0
0
0
0
0
0
0
0
0
0
0
0
0
0
0
0
0
0
0
0
0
0
0
0
0
0
0
0
0
0
0
0
0
0
0
0
0
0
0
0
0
0
0
0
0
0
0
0
0
0
0
0
0
0
0
0
0
0
0
0
0
0
0
0
0
0
0
0
0
0
0
0
0
0
0
0
0
0
0
0
0
0
0
0
0
0
0
0
0
0
0
0
0
0
0
0
0
0
0
0
0
0
0
