550912
0
0
0
0
0
0
0
0
0
0
0
0
0
0
0
0
1145
131529
930670
1.36296e+06
689851
166259
21455
2194
8098
65712
267006
537910
501491
220131
50877
77347
552269
1.74796e+06
2.37893e+06
1.40087e+06
402784
171915
585169
1.15124e+06
980122
448768
484092
1.3629e+06
2.23865e+06
1.7415e+06
734141
444612
713248
744083
741057
1.97981e+06
4.14869e+06
4.19077e+06
2.09614e+06
796170
624510
677159
1.29436e+06
2.77089e+06
3.37406e+06
2.38996e+06
2.03382e+06
2.36772e+06
1.99443e+06
1.90897e+06
2.39997e+06
2.17174e+06
2.01254e+06
2.57126e+06
3.16858e+06
4.98683e+06
6.81448e+06
5.01852e+06
1.94842e+06
807722
1.88158e+06
3.96256e+06
4.35904e+06
2.87674e+06
2.02803e+06
2.57691e+06
4.20039e+06
4.93566e+06
4.23913e+06
4.20682e+06
5.21906e+06
7.05142e+06
6.92416e+06
4.88368e+06
3.93043e+06
4.45264e+06
5.24773e+06
4.59956e+06
3.94077e+06
4.22584e+06
5.0302e+06
4.4751e+06
3.27046e+06
4.36441e+06
7.49912e+06
8.35999e+06
6.58833e+06
6.80398e+06
9.56386e+06
1.05966e+07
8.65016e+06
6.30063e+06
4.28819e+06
2.78415e+06
2.73941e+06
5.71525e+06
9.01877e+06
7.85856e+06
5.97995e+06
8.13645e+06
9.23966e+06
8.39642e+06
6.16954e+06
6.48978e+06
7.16026e+06
7.93261e+06
1.03999e+07
9.29477e+06
6.89016e+06
6.2327e+06
6.37129e+06
5.24778e+06
3.25253e+06
3.10404e+06
4.22136e+06
5.28755e+06
7.23653e+06
8.48255e+06
8.95641e+06
9.11705e+06
6.06538e+06
4.24676e+06
5.2579e+06
6.1469e+06
5.6917e+06
5.16135e+06
3.81903e+06
3.07664e+06
3.94625e+06
4.63514e+06
2.5494e+06
1.00114e+06
1.96298e+06
4.09759e+06
5.59883e+06
6.45385e+06
8.04411e+06
7.08626e+06
3.70541e+06
1.11136e+06
1.21347e+06
2.51482e+06
2.11957e+06
635936
349737
460727
369960
1.04042e+06
1.53672e+06
2.73605e+06
4.28144e+06
4.38231e+06
2.87563e+06
1.02167e+06
709761
734837
127734
880
0
0
8
213
5389
63122
408367
1.29961e+06
1.91965e+06
1.08636e+06
168089
7227
166
0
0
0
0
0
0
30
622
9905
62521
143693
58685
0
0
0
0
0
0
0
0
0
0
0
0
0
0
0
0
0
0
0
0
0
0
0
0
0
0
0
0
0
0
0
0
0
0
0
0
0
0
0
0
0
0
0
0
0
0
0
0
0
0
0
0
0
0
0
0
0
0
0
0
0
0
0
0
0
0
0
0
0
0
0
0
0
0
0
0
0
0
0
0
0
0
0
0
0
0
0
0
0
0
0
0
0
0
0
0
0
0
0
0
0
0
0
0
0
0
0
0
0
0
0
0
0
0
0
0
0
0
0
0
0
0
0
0
0
0
0
0
0
0
0
0
0
0
0
0
0
0
0
0
0
0
0
0
0
0
0
0
0
0
0
0
0
0
0
0
0
0
0
0
0
0
0
0
0
0
0
0
0
0
0
0
0
0
0
0
0
0
0
0
0
0
0
0
0
0
0
0
0
0
0
0
0
0
0
0
0
0
0
0
