16384
0
0
0
0
0
0
0
0
0
0
0
0
0
0
0
0
0
0
4198
93344
762
0
0
0
0
0
12
34651
14489
0
0
0
0
13614
182240
754
0
0
30
75038
23236
0
0
709
181992
13907
0
2
32630
32901
3
5
191696
201511
4
58
42311
6783
0
47785
246864
263
2180
188371
6057
354
175108
21146
302
173542
22764
3818
557597
28409
0
0
2
159548
233649
352
90640
7329
97873
295238
1607
232106
12170
317774
272023
22836
173471
5197
377116
11417
168186
28260
262798
130377
32725
32814
273591
414495
71569
125064
307743
478665
188505
204756
122480
74120
0
2591
725177
59925
47203
110689
675575
181419
212951
329414
70699
283330
248165
739047
149245
57025
377745
72579
130710
349762
88503
347082
716553
276389
185941
603016
381207
55
469380
324810
187269
603294
302780
225479
324933
191052
470791
556558
161008
197513
1.10708e+06
6202
253835
549691
566011
482959
238605
306110
936545
8600
552962
637068
91276
375383
312254
597633
908542
365665
753365
347347
269835
243740
270482
1.49047e+06
197458
817187
516203
492801
541442
29546
751514
195971
788441
687159
748202
579869
498989
951430
235536
1.11711e+06
203198
755179
575714
1.07464e+06
464796
938991
315584
224930
200947
888668
1.27878e+06
605533
859375
643425
528512
779067
1.52578e+06
342812
743156
598463
660011
872821
667249
476561
883625
622981
608710
1.46191e+06
810362
1.47404e+06
858222
795263
83353
1.05387e+06
660672
1.19769e+06
925221
964804
692068
906186
538717
758567
643411
788527
1.70546e+06
560968
1.36053e+06
846779
884391
1.34553e+06
529813
553616
406920
927001
1.34168e+06
577825
1.04402e+06
813269
527546
825030
405510
1.32064e+06
757007
787923
1.6706e+06
303565
780370
450583
912981
1.57584e+06
248665
318648
516233
352493
1.04629e+06
877751
994222
820958
539358
813108
779311
696002
608566
1.04934e+06
273086
562236
751632
509995
975938
685091
153735
365928
596142
521478
743957
1.03286e+06
799354
459543
598759
654853
393159
683373
376117
406283
497097
383534
363893
304692
748266
603023
364322
573530
65346
906881
459625
594739
329988
802644
149796
175880
264611
399325
200054
139746
80
314411
390949
671350
632447
463842
138385
255248
376808
390469
3945
56331
392258
17670
0
581
90678
156996
237107
471835
252217
361595
202096
291403
98180
0
79629
116979
0
0
8076
41076
0
0
35413
405402
295458
213982
90652
105973
0
42432
6720
0
0
0
0
0
0
0
42
149747
289068
53109
48700
6
0
0
0
0
0
0
0
0
0
0
0
2988
136330
8138
0
0
0
0
0
0
0
0
0
0
0
0
0
0
8192
0
0
0
0
0
0
0
0
0
0
0
0
0
0
0
0
0
0
0
0
0
0
0
0
0
0
0
0
0
0
0
0
0
0
0
0
0
0
0
0
0
0
0
0
0
0
0
0
0
0
0
0
0
0
0
0
0
0
0
0
0
0
0
0
0
0
0
0
0
0
0
0
0
0
0
0
0
0
0
0
0
0
0
0
0
0
0
0
0
0
0
0
0
0
0
0
0
0
0
0
0
0
0
0
0
0
0
0
0
0
0
0
0
0
0
0
0
0
0
0
0
0
0
0
0
0
0
0
0
0
0
0
0
0
0
0
0
0
0
0
0
0
0
0
0
0
0
0
0
0
0
0
0
0
0
0
0
0
0
0
0
0
0
0
0
0
0
0
0
0
0
0
0
0
0
0
0
0
0
0
0
0
0
0
0
0
0
0
0
0
0
0
0
0
0
0
0
0
0
0
0
0
0
0
0
0
0
0
0
0
0
0
0
0
0
0
0
0
0
0
0
0
0
0
0
0
0
0
0
0
0
0
0
0
0
0
0
0
0
0
0
0
0
0
0
0
0
0
0
0
0
0
0
0
0
0
0
0
0
0
0
0
0
0
0
0
0
0
0
0
0
0
0
0
0
0
0
0
0
0
0
0
0
0
0
0
0
0
0
0
0
0
0
0
0
0
0
0
0
0
0
0
0
0
0
0
0
0
0
0
0
0
0
0
0
0
0
0
0
0
0
0
0
0
0
0
0
0
0
0
0
0
0
0
0
0
0
0
0
0
0
0
0
0
0
0
0
0
0
0
0
0
0
0
0
0
0
0
0
0
0
0
0
0
0
0
0
0
0
0
0
0
0
0
0
0
0
0
0
0
0
0
0
0
0
0
0
0
0
0
0
0
0
0
0
0
0
0
0
0
