79872
0
0
0
0
0
0
0
0
0
0
0
0
0
0
0
0
243
19741
132012
202143
96675
24251
3723
560
1431
9709
36179
80644
73018
30912
7746
12497
79763
245783
356896
194636
59968
26937
82795
170690
140419
64018
70430
189973
340582
245587
104571
64072
103749
110820
108768
277934
607917
610777
293596
117355
97012
98643
182990
393431
510269
333742
286801
363225
281544
266905
362240
308733
283208
393078
451581
692160
1.03686e+06
703906
279180
124074
263863
576490
645753
402347
305279
363690
605261
735594
590619
634752
730503
1.03536e+06
1.01125e+06
691500
586351
621467
795616
642983
581651
598103
744228
651229
469982
620679
1.09084e+06
1.23258e+06
938746
977076
1.38872e+06
1.55523e+06
1.2362e+06
918480
622255
413887
393754
794564
1.36843e+06
1.11369e+06
851433
1.16157e+06
1.38182e+06
1.19769e+06
890210
962582
1.02182e+06
1.14162e+06
1.49493e+06
1.38644e+06
986162
886462
950118
746779
467914
457983
604903
762577
1.0788e+06
1.2169e+06
1.27558e+06
1.34076e+06
882982
599844
777401
888384
807242
766820
546946
448828
574796
662832
374164
149156
285116
581254
849841
899020
1.16295e+06
1.03131e+06
545934
163736
175814
350107
320749
91062
50668
67088
56796
145786
224755
395355
619535
622798
435009
144477
101678
106510
20167
134
0
0
0
48
997
10219
59694
181268
281398
159689
24294
1213
28
0
0
0
0
0
0
7
173
1540
9035
19334
9847
0
0
0
0
0
0
0
0
0
0
0
0
0
0
0
0
0
0
0
0
0
0
0
0
0
0
0
0
0
0
0
0
0
0
0
0
0
0
0
0
0
0
0
0
0
0
0
0
0
0
0
0
0
0
0
0
0
0
0
0
0
0
0
0
0
0
0
0
0
0
0
0
0
0
0
0
0
0
0
0
0
0
0
0
0
0
0
0
0
0
0
0
0
0
0
0
0
0
0
0
0
0
0
0
0
0
0
0
0
0
0
0
0
0
0
0
0
0
0
0
0
0
0
0
0
0
0
0
0
0
0
0
0
0
0
0
0
0
0
0
0
0
0
0
0
0
0
0
0
0
0
0
0
0
0
0
0
0
0
0
0
0
0
0
0
0
0
0
0
0
0
0
0
0
0
0
0
0
0
0
0
0
0
0
0
0
0
0
0
0
0
0
0
0
0
0
0
0
0
0
