421888
0
0
0
0
0
0
0
0
0
0
0
0
0
0
0
0
880
100760
711772
1.045e+06
528043
127290
16351
1732
6232
50323
203359
412556
385182
168415
38550
59835
423060
1.33648e+06
1.82302e+06
1.07181e+06
309345
131243
447211
884689
749898
342748
369658
1.04036e+06
1.72129e+06
1.3338e+06
561275
338810
545122
570640
567185
1.51292e+06
3.18211e+06
3.2112e+06
1.60134e+06
609152
479514
518235
988644
2.12093e+06
2.59392e+06
1.82413e+06
1.55377e+06
1.81957e+06
1.52693e+06
1.457e+06
1.84076e+06
1.66199e+06
1.53955e+06
1.97374e+06
2.423e+06
3.8113e+06
5.23743e+06
3.83759e+06
1.48732e+06
616638
1.43746e+06
3.04046e+06
3.34445e+06
2.19799e+06
1.55165e+06
1.97014e+06
3.21651e+06
3.78602e+06
3.24084e+06
3.22569e+06
3.98679e+06
5.41003e+06
5.30659e+06
3.73286e+06
3.01415e+06
3.40215e+06
4.02841e+06
3.51695e+06
3.01854e+06
3.23384e+06
3.85551e+06
3.42915e+06
2.4985e+06
3.33673e+06
5.75113e+06
6.40963e+06
5.03702e+06
5.19877e+06
7.33127e+06
8.13018e+06
6.61736e+06
4.82521e+06
3.28232e+06
2.13111e+06
2.08983e+06
4.37304e+06
6.92921e+06
6.01139e+06
4.56473e+06
6.22775e+06
7.09118e+06
6.42699e+06
4.71916e+06
4.97715e+06
5.47732e+06
6.06886e+06
7.96633e+06
7.13292e+06
5.27321e+06
4.76583e+06
4.88498e+06
4.01578e+06
2.4873e+06
2.37601e+06
3.2306e+06
4.0512e+06
5.54943e+06
6.4905e+06
6.85295e+06
6.99445e+06
4.64924e+06
3.24047e+06
4.02858e+06
4.70889e+06
4.35199e+06
3.9592e+06
2.92229e+06
2.3563e+06
3.02433e+06
3.54842e+06
1.95295e+06
763795
1.50078e+06
3.13578e+06
4.30294e+06
4.92917e+06
6.15871e+06
5.43284e+06
2.84206e+06
847299
928078
1.92322e+06
1.62891e+06
485247
266965
353476
283638
794373
1.17545e+06
2.09243e+06
3.28075e+06
3.35666e+06
2.20962e+06
778659
541493
563966
98718
675
0
0
3
141
4136
47921
311587
991311
1.47453e+06
833671
128141
5440
111
0
0
0
0
0
0
15
490
7341
47626
109630
45842
0
0
0
0
0
0
0
0
0
0
0
0
0
0
0
0
0
0
0
0
0
0
0
0
0
0
0
0
0
0
0
0
0
0
0
0
0
0
0
0
0
0
0
0
0
0
0
0
0
0
0
0
0
0
0
0
0
0
0
0
0
0
0
0
0
0
0
0
0
0
0
0
0
0
0
0
0
0
0
0
0
0
0
0
0
0
0
0
0
0
0
0
0
0
0
0
0
0
0
0
0
0
0
0
0
0
0
0
0
0
0
0
0
0
0
0
0
0
0
0
0
0
0
0
0
0
0
0
0
0
0
0
0
0
0
0
0
0
0
0
0
0
0
0
0
0
0
0
0
0
0
0
0
0
0
0
0
0
0
0
0
0
0
0
0
0
0
0
0
0
0
0
0
0
0
0
0
0
0
0
0
0
0
0
0
0
0
0
0
0
0
0
0
0
0
0
0
0
0
0
