276480
0
0
0
0
0
0
0
0
0
0
0
0
0
0
0
0
630
66141
465570
686422
344523
83749
11025
1119
4116
33008
131682
272381
252887
109694
25092
39574
278162
872536
1.19844e+06
699161
203768
86796
291888
581371
491093
224077
241596
677738
1.13757e+06
871193
366232
221819
356949
374975
372618
989119
2.0863e+06
2.10433e+06
1.04662e+06
400326
316937
339213
646061
1.38666e+06
1.70931e+06
1.18942e+06
1.01456e+06
1.20127e+06
997260
951321
1.21274e+06
1.0847e+06
1.00593e+06
1.3033e+06
1.58238e+06
2.48829e+06
3.45107e+06
2.50395e+06
973311
406571
938766
1.99458e+06
2.1997e+06
1.43228e+06
1.01961e+06
1.28692e+06
2.10926e+06
2.4888e+06
2.11294e+06
2.12139e+06
2.60204e+06
3.55524e+06
3.48006e+06
2.44036e+06
1.9829e+06
2.21675e+06
2.65192e+06
2.29331e+06
1.9864e+06
2.11639e+06
2.53012e+06
2.24614e+06
1.63782e+06
2.18192e+06
3.76978e+06
4.20904e+06
3.29413e+06
3.4003e+06
4.80606e+06
5.34052e+06
4.32813e+06
3.16239e+06
2.15187e+06
1.40067e+06
1.36875e+06
2.85168e+06
4.56523e+06
3.92649e+06
2.98735e+06
4.0777e+06
4.6599e+06
4.20415e+06
3.09453e+06
3.27002e+06
3.58012e+06
3.97337e+06
5.21825e+06
4.68955e+06
3.44937e+06
3.11552e+06
3.21298e+06
2.6257e+06
1.62855e+06
1.56192e+06
2.11335e+06
2.65267e+06
3.65009e+06
4.24707e+06
4.48214e+06
4.59123e+06
3.04846e+06
2.11576e+06
2.64421e+06
3.08711e+06
2.84553e+06
2.60224e+06
1.91393e+06
1.54394e+06
1.98203e+06
2.32079e+06
1.28312e+06
500941
984957
2.05189e+06
2.83506e+06
3.21063e+06
4.03749e+06
3.56195e+06
1.86598e+06
556752
609212
1.25452e+06
1.07194e+06
317077
175016
232272
187035
518808
770105
1.37184e+06
2.1475e+06
2.19501e+06
1.45606e+06
508677
354789
370060
64850
457
0
0
3
121
2865
32147
205591
647510
965525
546413
84322
3735
88
0
0
0
0
0
0
9
354
5128
31485
71054
30210
0
0
0
0
0
0
0
0
0
0
0
0
0
0
0
0
0
0
0
0
0
0
0
0
0
0
0
0
0
0
0
0
0
0
0
0
0
0
0
0
0
0
0
0
0
0
0
0
0
0
0
0
0
0
0
0
0
0
0
0
0
0
0
0
0
0
0
0
0
0
0
0
0
0
0
0
0
0
0
0
0
0
0
0
0
0
0
0
0
0
0
0
0
0
0
0
0
0
0
0
0
0
0
0
0
0
0
0
0
0
0
0
0
0
0
0
0
0
0
0
0
0
0
0
0
0
0
0
0
0
0
0
0
0
0
0
0
0
0
0
0
0
0
0
0
0
0
0
0
0
0
0
0
0
0
0
0
0
0
0
0
0
0
0
0
0
0
0
0
0
0
0
0
0
0
0
0
0
0
0
0
0
0
0
0
0
0
0
0
0
0
0
0
0
0
0
0
0
0
0
