18432
0
0
0
0
0
0
0
0
0
0
0
0
0
0
0
0
130
5054
26138
53228
20104
5086
799
66
204
1551
6746
22608
17437
5488
1326
2410
14420
51747
102260
38236
10584
5113
14833
46448
33866
10950
11214
36740
102332
53382
17170
10674
26627
28604
18790
47780
159123
163125
51656
19659
27041
19821
30070
90865
148871
59764
53745
107535
55688
47574
103957
65534
50661
108572
87850
132473
312636
151151
44194
17286
44618
150633
176124
72386
70112
66578
142595
200785
109430
160437
138475
268205
255237
132157
138173
120540
226072
128800
137297
118364
197762
156894
85812
113734
276157
324530
184638
196775
338477
398670
269927
215341
140024
91768
60567
152275
413026
237711
142039
255157
378083
264520
187381
244795
214131
235266
357245
373448
208460
183015
253832
160144
87284
100654
128473
166968
295231
278062
264632
351268
204178
102168
195037
210598
161421
197609
120441
95698
137885
164519
90268
22557
56044
129560
232336
160997
274680
261953
137795
25330
26865
77274
99061
15110
7882
16602
10875
26451
50836
90467
149316
137321
122237
24701
16677
30077
7010
22
0
0
0
1
136
1408
8673
33745
74828
42979
3966
147
5
0
0
0
0
0
0
0
32
217
1296
3709
3962
0
0
0
0
0
0
0
0
0
0
0
0
0
0
0
0
0
0
0
0
0
0
0
0
0
0
0
0
0
0
0
0
0
0
0
0
0
0
0
0
0
0
0
0
0
0
0
0
0
0
0
0
0
0
0
0
0
0
0
0
0
0
0
0
0
0
0
0
0
0
0
0
0
0
0
0
0
0
0
0
0
0
0
0
0
0
0
0
0
0
0
0
0
0
0
0
0
0
0
0
0
0
0
0
0
0
0
0
0
0
0
0
0
0
0
0
0
0
0
0
0
0
0
0
0
0
0
0
0
0
0
0
0
0
0
0
0
0
0
0
0
0
0
0
0
0
0
0
0
0
0
0
0
0
0
0
0
0
0
0
0
0
0
0
0
0
0
0
0
0
0
0
0
0
0
0
0
0
0
0
0
0
0
0
0
0
0
0
0
0
0
0
0
0
0
0
0
0
0
0
