34816
0
0
0
0
0
0
0
0
0
0
0
0
0
0
0
0
170
9447
55268
90919
39410
11340
2047
381
783
4265
14782
36823
30997
12944
3918
6604
34617
101245
164204
79562
26604
13571
33660
77367
60758
26951
30363
76881
161069
102806
43294
27281
45943
50130
48533
112033
269793
274690
118616
50729
46969
42956
73448
168753
240189
134029
118276
174744
116569
107505
169992
130198
115022
185717
188595
280648
494012
294926
112873
53538
105669
259561
294931
162956
137544
149080
262704
339125
238381
290662
298508
467788
451141
284234
262828
253701
374068
265927
258823
247658
339772
287181
195647
253828
487030
558140
390668
413260
614197
697673
525408
405237
269919
182445
158347
322612
656535
470458
342874
497852
637163
510854
378659
436491
433133
481807
654143
637022
416669
372413
437436
317023
193642
200013
257832
326106
498714
525563
535023
609029
386024
241213
350048
389020
335786
348754
234654
191618
253656
292206
166256
61436
120194
247138
395910
361130
508864
461204
246003
67205
69405
147206
155063
36663
20115
30240
25068
58990
98912
172399
271210
263507
204476
59220
40215
49041
10453
58
0
0
0
12
555
4813
24393
73360
127076
72548
10016
550
21
0
0
0
0
0
0
5
96
724
3735
7649
5199
0
0
0
0
0
0
0
0
0
0
0
0
0
0
0
0
0
0
0
0
0
0
0
0
0
0
0
0
0
0
0
0
0
0
0
0
0
0
0
0
0
0
0
0
0
0
0
0
0
0
0
0
0
0
0
0
0
0
0
0
0
0
0
0
0
0
0
0
0
0
0
0
0
0
0
0
0
0
0
0
0
0
0
0
0
0
0
0
0
0
0
0
0
0
0
0
0
0
0
0
0
0
0
0
0
0
0
0
0
0
0
0
0
0
0
0
0
0
0
0
0
0
0
0
0
0
0
0
0
0
0
0
0
0
0
0
0
0
0
0
0
0
0
0
0
0
0
0
0
0
0
0
0
0
0
0
0
0
0
0
0
0
0
0
0
0
0
0
0
0
0
0
0
0
0
0
0
0
0
0
0
0
0
0
0
0
0
0
0
0
0
0
0
0
0
0
0
0
0
0
