768000
0
0
0
0
0
0
0
0
0
0
0
0
0
0
0
0
1581
182722
1.30012e+06
1.89656e+06
963293
231645
29916
3035
11611
91464
371554
750221
698920
307140
70871
106848
768348
2.44125e+06
3.31295e+06
1.95745e+06
559515
238269
817188
1.60278e+06
1.36674e+06
626709
676967
1.90424e+06
3.10744e+06
2.43055e+06
1.02595e+06
621273
994341
1.03536e+06
1.0322e+06
2.76698e+06
5.77846e+06
5.83718e+06
2.93062e+06
1.11051e+06
865987
943032
1.81046e+06
3.86338e+06
4.68946e+06
3.34039e+06
2.84114e+06
3.29166e+06
2.785e+06
2.66629e+06
3.33528e+06
3.03e+06
2.81582e+06
3.57007e+06
4.41795e+06
6.96511e+06
9.48224e+06
7.00636e+06
2.72066e+06
1.12402e+06
2.62886e+06
5.51424e+06
6.06543e+06
4.02141e+06
2.82836e+06
3.6015e+06
5.85242e+06
6.86403e+06
5.92582e+06
5.85399e+06
7.29327e+06
9.81719e+06
9.64146e+06
6.81916e+06
5.46938e+06
6.22236e+06
7.30403e+06
6.42916e+06
5.47913e+06
5.90202e+06
7.00147e+06
6.23734e+06
4.56318e+06
6.0937e+06
1.0445e+07
1.16377e+07
9.20078e+06
9.50026e+06
1.33199e+07
1.47621e+07
1.20658e+07
8.78303e+06
5.98085e+06
3.87557e+06
3.82187e+06
7.98508e+06
1.2538e+07
1.09735e+07
8.34741e+06
1.13468e+07
1.28597e+07
1.17153e+07
8.60188e+06
9.03184e+06
9.98865e+06
1.10699e+07
1.44982e+07
1.29341e+07
9.62168e+06
8.6956e+06
8.86861e+06
7.32179e+06
4.53784e+06
4.32221e+06
5.8863e+06
7.37666e+06
1.00792e+07
1.18252e+07
1.24984e+07
1.26856e+07
8.45712e+06
5.93528e+06
7.32287e+06
8.56483e+06
7.9466e+06
7.18255e+06
5.33087e+06
4.2885e+06
5.49984e+06
6.46745e+06
3.55191e+06
1.39874e+06
2.74472e+06
5.70924e+06
7.77183e+06
9.02118e+06
1.1218e+07
9.87481e+06
5.15876e+06
1.55254e+06
1.69589e+06
3.50978e+06
2.94617e+06
889277
488035
642786
514071
1.45512e+06
2.14444e+06
3.81785e+06
5.96045e+06
6.11242e+06
3.99805e+06
1.42935e+06
992990
1.02298e+06
177036
1192
0
0
12
286
7504
89329
573160
1.81528e+06
2.66989e+06
1.51016e+06
235830
10293
266
0
0
0
0
0
0
54
897
14178
88730
200332
79809
0
0
0
0
0
0
0
0
0
0
0
0
0
0
0
0
0
0
0
0
0
0
0
0
0
0
0
0
0
0
0
0
0
0
0
0
0
0
0
0
0
0
0
0
0
0
0
0
0
0
0
0
0
0
0
0
0
0
0
0
0
0
0
0
0
0
0
0
0
0
0
0
0
0
0
0
0
0
0
0
0
0
0
0
0
0
0
0
0
0
0
0
0
0
0
0
0
0
0
0
0
0
0
0
0
0
0
0
0
0
0
0
0
0
0
0
0
0
0
0
0
0
0
0
0
0
0
0
0
0
0
0
0
0
0
0
0
0
0
0
0
0
0
0
0
0
0
0
0
0
0
0
0
0
0
0
0
0
0
0
0
0
0
0
0
0
0
0
0
0
0
0
0
0
0
0
0
0
0
0
0
0
0
0
0
0
0
0
0
0
0
0
0
0
0
0
0
0
0
0
