585728
0
0
0
0
0
0
0
0
0
0
0
0
0
0
0
0
1230
139646
990085
1.44858e+06
733705
176658
22759
2360
8702
69694
283836
571780
533874
233519
54184
82184
586904
1.85863e+06
2.529e+06
1.49054e+06
427765
182334
622004
1.22444e+06
1.04198e+06
477371
514127
1.44935e+06
2.37995e+06
1.85206e+06
780171
473019
757669
791471
787253
2.10558e+06
4.41028e+06
4.45643e+06
2.22906e+06
846130
663637
719758
1.37605e+06
2.94695e+06
3.58602e+06
2.54104e+06
2.1637e+06
2.51645e+06
2.12094e+06
2.03054e+06
2.5493e+06
2.30998e+06
2.14064e+06
2.73229e+06
3.36732e+06
5.3055e+06
7.24307e+06
5.33707e+06
2.07152e+06
858511
2.00042e+06
4.21189e+06
4.63453e+06
3.05978e+06
2.15579e+06
2.74076e+06
4.46527e+06
5.24477e+06
4.51062e+06
4.4707e+06
5.55187e+06
7.49478e+06
7.35987e+06
5.19472e+06
4.17706e+06
4.73586e+06
5.57881e+06
4.89117e+06
4.18697e+06
4.49405e+06
5.34869e+06
4.75827e+06
3.47625e+06
4.64137e+06
7.97446e+06
8.88424e+06
7.00747e+06
7.23465e+06
1.01674e+07
1.12643e+07
9.19757e+06
6.69986e+06
4.55884e+06
2.95958e+06
2.91234e+06
6.081e+06
9.58249e+06
8.3576e+06
6.35674e+06
8.65363e+06
9.82086e+06
8.92895e+06
6.55908e+06
6.89854e+06
7.61367e+06
8.43424e+06
1.10573e+07
9.8791e+06
7.32887e+06
6.62678e+06
6.77067e+06
5.58219e+06
3.4581e+06
3.29839e+06
4.48939e+06
5.62313e+06
7.6926e+06
9.01787e+06
9.52248e+06
9.69221e+06
6.44842e+06
4.51711e+06
5.58974e+06
6.53491e+06
6.05292e+06
5.48652e+06
4.0605e+06
3.27077e+06
4.19616e+06
4.92824e+06
2.71042e+06
1.06415e+06
2.08809e+06
4.35736e+06
5.94766e+06
6.86516e+06
8.55134e+06
7.53497e+06
3.94001e+06
1.18042e+06
1.29063e+06
2.67497e+06
2.25276e+06
676249
371654
489853
392637
1.1063e+06
1.63452e+06
2.90948e+06
4.55043e+06
4.66057e+06
3.05651e+06
1.08644e+06
754394
781360
136223
922
0
0
11
225
5717
67084
433977
1.38196e+06
2.04151e+06
1.15458e+06
178590
7704
192
0
0
0
0
0
0
30
657
10539
66477
152925
62236
0
0
0
0
0
0
0
0
0
0
0
0
0
0
0
0
0
0
0
0
0
0
0
0
0
0
0
0
0
0
0
0
0
0
0
0
0
0
0
0
0
0
0
0
0
0
0
0
0
0
0
0
0
0
0
0
0
0
0
0
0
0
0
0
0
0
0
0
0
0
0
0
0
0
0
0
0
0
0
0
0
0
0
0
0
0
0
0
0
0
0
0
0
0
0
0
0
0
0
0
0
0
0
0
0
0
0
0
0
0
0
0
0
0
0
0
0
0
0
0
0
0
0
0
0
0
0
0
0
0
0
0
0
0
0
0
0
0
0
0
0
0
0
0
0
0
0
0
0
0
0
0
0
0
0
0
0
0
0
0
0
0
0
0
0
0
0
0
0
0
0
0
0
0
0
0
0
0
0
0
0
0
0
0
0
0
0
0
0
0
0
0
0
0
0
0
0
0
0
0
