653312
0
0
0
0
0
0
0
0
0
0
0
0
0
0
0
0
1346
155681
1.10527e+06
1.61427e+06
818693
197151
25590
2615
9779
77720
316434
637974
594925
260679
60534
91501
654462
2.07488e+06
2.81865e+06
1.66311e+06
477274
203696
694796
1.36368e+06
1.16217e+06
532939
575295
1.61701e+06
2.65048e+06
2.0664e+06
870916
528810
844524
882245
877807
2.35259e+06
4.91625e+06
4.96704e+06
2.49e+06
944549
738495
802754
1.53823e+06
3.28552e+06
3.99493e+06
2.83701e+06
2.41571e+06
2.8034e+06
2.36829e+06
2.26607e+06
2.83996e+06
2.57699e+06
2.3918e+06
3.04153e+06
3.75801e+06
5.92158e+06
8.07108e+06
5.95674e+06
2.31263e+06
957073
2.23361e+06
4.69419e+06
5.16464e+06
3.41746e+06
2.40532e+06
3.06021e+06
4.97895e+06
5.84425e+06
5.03649e+06
4.98382e+06
6.19762e+06
8.35416e+06
8.20695e+06
5.79674e+06
4.65583e+06
5.28728e+06
6.21828e+06
5.46268e+06
4.6665e+06
5.01386e+06
5.96173e+06
5.30848e+06
3.87958e+06
5.18125e+06
8.89104e+06
9.89917e+06
7.82248e+06
8.07703e+06
1.1336e+07
1.25608e+07
1.02605e+07
7.472e+06
5.08643e+06
3.29905e+06
3.25008e+06
6.78478e+06
1.06814e+07
9.32913e+06
7.09538e+06
9.64946e+06
1.09495e+07
9.96048e+06
7.31847e+06
7.68545e+06
8.49428e+06
9.41293e+06
1.23332e+07
1.10121e+07
8.17953e+06
7.39262e+06
7.55073e+06
6.22622e+06
3.85871e+06
3.67571e+06
5.00653e+06
6.27557e+06
8.57892e+06
1.0058e+07
1.06241e+07
1.08015e+07
7.19278e+06
5.04562e+06
6.23359e+06
7.28596e+06
6.75379e+06
6.11326e+06
4.53397e+06
3.65006e+06
4.67841e+06
5.49763e+06
3.0244e+06
1.18871e+06
2.33299e+06
4.85666e+06
6.62101e+06
7.66535e+06
9.54239e+06
8.40279e+06
4.39034e+06
1.31893e+06
1.44203e+06
2.98396e+06
2.50884e+06
755610
414860
546740
437338
1.23626e+06
1.8249e+06
3.24634e+06
5.07359e+06
5.19815e+06
3.40403e+06
1.21411e+06
843263
870824
151126
1037
0
0
12
263
6335
75790
485995
1.54261e+06
2.27422e+06
1.28595e+06
199746
8675
213
0
0
0
0
0
0
37
746
11950
74711
170419
68793
0
0
0
0
0
0
0
0
0
0
0
0
0
0
0
0
0
0
0
0
0
0
0
0
0
0
0
0
0
0
0
0
0
0
0
0
0
0
0
0
0
0
0
0
0
0
0
0
0
0
0
0
0
0
0
0
0
0
0
0
0
0
0
0
0
0
0
0
0
0
0
0
0
0
0
0
0
0
0
0
0
0
0
0
0
0
0
0
0
0
0
0
0
0
0
0
0
0
0
0
0
0
0
0
0
0
0
0
0
0
0
0
0
0
0
0
0
0
0
0
0
0
0
0
0
0
0
0
0
0
0
0
0
0
0
0
0
0
0
0
0
0
0
0
0
0
0
0
0
0
0
0
0
0
0
0
0
0
0
0
0
0
0
0
0
0
0
0
0
0
0
0
0
0
0
0
0
0
0
0
0
0
0
0
0
0
0
0
0
0
0
0
0
0
0
0
0
0
0
0
