53248
0
0
0
0
0
0
0
0
0
0
0
0
0
0
0
0
198
13180
86669
137723
62426
16254
2659
469
1016
6339
23360
55185
48459
20086
5357
8545
52685
160607
244522
126464
39586
19047
53788
115578
93611
41887
46645
122659
234656
161475
68093
42371
69868
75300
72838
179413
408974
412062
190045
78182
66942
66148
118216
260816
350300
215614
187084
252282
183939
172870
248777
203175
183905
269913
295911
449412
716094
462608
181003
82216
170667
388694
438189
261333
206571
236779
403257
500189
382153
431818
475691
699696
680092
450854
395964
403875
546158
419490
391655
391064
505483
436666
307775
403530
734035
832436
616103
643648
931451
1.04852e+06
816340
614616
414236
277738
254788
513779
948549
734427
550432
771060
939837
792519
588505
650125
674065
750935
998173
945342
649704
581988
646861
493259
305496
305557
400231
504956
736086
808112
837563
908562
589347
388129
524932
593421
528603
519019
362840
297239
384661
444138
251054
97417
187815
383553
581585
580509
776524
695499
368728
106176
112560
230534
223025
58925
32465
45384
38140
94318
150705
263183
413295
411253
298715
93996
65220
72885
14409
86
0
0
0
28
715
6994
38822
117320
190285
108429
15803
814
22
0
0
0
0
0
0
7
129
1046
5884
12471
7087
0
0
0
0
0
0
0
0
0
0
0
0
0
0
0
0
0
0
0
0
0
0
0
0
0
0
0
0
0
0
0
0
0
0
0
0
0
0
0
0
0
0
0
0
0
0
0
0
0
0
0
0
0
0
0
0
0
0
0
0
0
0
0
0
0
0
0
0
0
0
0
0
0
0
0
0
0
0
0
0
0
0
0
0
0
0
0
0
0
0
0
0
0
0
0
0
0
0
0
0
0
0
0
0
0
0
0
0
0
0
0
0
0
0
0
0
0
0
0
0
0
0
0
0
0
0
0
0
0
0
0
0
0
0
0
0
0
0
0
0
0
0
0
0
0
0
0
0
0
0
0
0
0
0
0
0
0
0
0
0
0
0
0
0
0
0
0
0
0
0
0
0
0
0
0
0
0
0
0
0
0
0
0
0
0
0
0
0
0
0
0
0
0
0
0
0
0
0
0
0
