75776
0
0
0
0
0
0
0
0
0
0
0
0
0
0
0
0
239
18696
125079
192274
91413
22996
3520
551
1374
9165
34217
76708
69306
29274
7324
11788
75564
232765
339805
184124
56724
25695
78286
162241
133219
60621
66622
179640
324466
232740
98869
60679
98509
105431
103072
262641
577654
580370
277547
111238
92312
93618
172991
373008
485647
315610
271500
346178
266545
252310
344955
292613
267884
374217
427503
654805
987304
666883
264258
117610
249366
547528
613826
380798
289948
344123
574120
699715
558524
603883
691015
983372
960271
654469
557126
588197
757442
608359
552479
566147
707377
618513
444651
587350
1.03583e+06
1.17131e+06
889294
925290
1.31838e+06
1.47779e+06
1.17164e+06
871715
590102
392840
372507
751020
1.30394e+06
1.05552e+06
805272
1.101e+06
1.31422e+06
1.13533e+06
843651
914394
968595
1.08141e+06
1.41826e+06
1.31889e+06
934445
839289
903739
707490
443146
434500
573439
723179
1.02597e+06
1.1541e+06
1.20788e+06
1.27426e+06
837958
567300
738680
842761
764521
728673
518581
425624
545417
629059
355288
141252
270186
550749
808595
850299
1.10342e+06
979396
518832
154859
165997
331646
305798
86129
48009
63622
53859
137957
213208
375168
587865
590108
414133
136601
96232
101291
19260
120
0
0
0
42
941
9676
56515
171475
267271
151929
22968
1141
26
0
0
0
0
0
0
7
158
1456
8558
18286
9423
0
0
0
0
0
0
0
0
0
0
0
0
0
0
0
0
0
0
0
0
0
0
0
0
0
0
0
0
0
0
0
0
0
0
0
0
0
0
0
0
0
0
0
0
0
0
0
0
0
0
0
0
0
0
0
0
0
0
0
0
0
0
0
0
0
0
0
0
0
0
0
0
0
0
0
0
0
0
0
0
0
0
0
0
0
0
0
0
0
0
0
0
0
0
0
0
0
0
0
0
0
0
0
0
0
0
0
0
0
0
0
0
0
0
0
0
0
0
0
0
0
0
0
0
0
0
0
0
0
0
0
0
0
0
0
0
0
0
0
0
0
0
0
0
0
0
0
0
0
0
0
0
0
0
0
0
0
0
0
0
0
0
0
0
0
0
0
0
0
0
0
0
0
0
0
0
0
0
0
0
0
0
0
0
0
0
0
0
0
0
0
0
0
0
0
0
0
0
0
0
