278528
0
0
0
0
0
0
0
0
0
0
0
0
0
0
0
0
636
66628
469059
691447
347105
84362
11105
1127
4144
33269
132656
274370
254778
110511
25270
39850
280283
879024
1.20715e+06
704438
205308
87417
294026
585652
494776
225691
243359
682873
1.14595e+06
877641
368955
223464
359565
377751
375390
996454
2.1017e+06
2.11987e+06
1.05453e+06
403249
319258
341746
650828
1.39695e+06
1.72188e+06
1.19838e+06
1.02209e+06
1.20998e+06
1.00484e+06
958320
1.22152e+06
1.09288e+06
1.01348e+06
1.31262e+06
1.59423e+06
2.50694e+06
3.4763e+06
2.52288e+06
980452
409349
945801
2.00942e+06
2.21609e+06
1.44286e+06
1.02706e+06
1.29658e+06
2.12484e+06
2.50718e+06
2.12867e+06
2.1368e+06
2.62159e+06
3.58152e+06
3.50583e+06
2.45849e+06
1.99752e+06
2.23347e+06
2.67108e+06
2.31058e+06
2.0008e+06
2.13228e+06
2.54896e+06
2.26279e+06
1.64985e+06
2.19806e+06
3.79782e+06
4.24019e+06
3.31839e+06
3.42565e+06
4.84179e+06
5.37985e+06
4.36043e+06
3.18574e+06
2.16777e+06
1.41091e+06
1.37873e+06
2.87304e+06
4.59886e+06
3.95588e+06
3.00924e+06
4.10824e+06
4.69418e+06
4.23554e+06
3.11721e+06
3.29389e+06
3.60673e+06
4.00294e+06
5.257e+06
4.72422e+06
3.47501e+06
3.13879e+06
3.23643e+06
2.64534e+06
1.6406e+06
1.57326e+06
2.12911e+06
2.67259e+06
3.67674e+06
4.27859e+06
4.51556e+06
4.6252e+06
3.07105e+06
2.13146e+06
2.6637e+06
3.11001e+06
2.86682e+06
2.62122e+06
1.92822e+06
1.55535e+06
1.99668e+06
2.33822e+06
1.2925e+06
504566
992140
2.06725e+06
2.8557e+06
3.23478e+06
4.06753e+06
3.58817e+06
1.87981e+06
560830
613624
1.26402e+06
1.0798e+06
319393
176297
234019
188365
522750
775855
1.38176e+06
2.16346e+06
2.21159e+06
1.4665e+06
512557
357413
372840
65320
458
0
0
3
123
2888
32387
207116
652296
972687
550453
84949
3762
88
0
0
0
0
0
0
9
356
5177
31702
71596
30424
0
0
0
0
0
0
0
0
0
0
0
0
0
0
0
0
0
0
0
0
0
0
0
0
0
0
0
0
0
0
0
0
0
0
0
0
0
0
0
0
0
0
0
0
0
0
0
0
0
0
0
0
0
0
0
0
0
0
0
0
0
0
0
0
0
0
0
0
0
0
0
0
0
0
0
0
0
0
0
0
0
0
0
0
0
0
0
0
0
0
0
0
0
0
0
0
0
0
0
0
0
0
0
0
0
0
0
0
0
0
0
0
0
0
0
0
0
0
0
0
0
0
0
0
0
0
0
0
0
0
0
0
0
0
0
0
0
0
0
0
0
0
0
0
0
0
0
0
0
0
0
0
0
0
0
0
0
0
0
0
0
0
0
0
0
0
0
0
0
0
0
0
0
0
0
0
0
0
0
0
0
0
0
0
0
0
0
0
0
0
0
0
0
0
0
0
0
0
0
0
