94208
0
0
0
0
0
0
0
0
0
0
0
0
0
0
0
0
265
23177
156169
237632
114787
28461
4289
592
1606
11419
43176
94573
86164
36650
8999
14471
94371
291317
418205
231298
70725
31329
98006
200796
165664
75643
82944
225835
398781
290952
123673
75561
122364
129665
128032
331023
714682
719266
348826
138212
112955
115815
217050
466253
597373
396429
339760
424290
333465
317345
423783
364750
336598
458477
534395
824645
1.21242e+06
834389
329826
144834
313609
679603
758613
477606
357376
431822
714772
862353
702138
742309
867602
1.21928e+06
1.19182e+06
818410
688349
738646
929289
763952
684388
708731
873799
767730
555697
735307
1.28634e+06
1.44755e+06
1.11095e+06
1.15589e+06
1.63666e+06
1.82907e+06
1.46179e+06
1.08347e+06
733802
485844
466345
945448
1.59829e+06
1.3186e+06
1.01004e+06
1.37336e+06
1.62008e+06
1.417e+06
1.05205e+06
1.12998e+06
1.20809e+06
1.35072e+06
1.76472e+06
1.6253e+06
1.16671e+06
1.04958e+06
1.11389e+06
884627
553070
538996
714105
900321
1.26579e+06
1.4387e+06
1.5104e+06
1.57586e+06
1.03996e+06
712115
913723
1.04774e+06
956467
900058
646548
529284
677744
782650
440817
174877
336430
688102
994954
1.06757e+06
1.37267e+06
1.21603e+06
641104
192681
207981
416819
374147
107829
59640
79307
66408
172979
264793
466464
730526
738128
508583
171133
120670
125358
23355
156
0
0
3
61
1127
11826
70436
215748
330903
187643
28701
1395
29
0
0
0
0
0
0
7
199
1791
10697
23190
11220
0
0
0
0
0
0
0
0
0
0
0
0
0
0
0
0
0
0
0
0
0
0
0
0
0
0
0
0
0
0
0
0
0
0
0
0
0
0
0
0
0
0
0
0
0
0
0
0
0
0
0
0
0
0
0
0
0
0
0
0
0
0
0
0
0
0
0
0
0
0
0
0
0
0
0
0
0
0
0
0
0
0
0
0
0
0
0
0
0
0
0
0
0
0
0
0
0
0
0
0
0
0
0
0
0
0
0
0
0
0
0
0
0
0
0
0
0
0
0
0
0
0
0
0
0
0
0
0
0
0
0
0
0
0
0
0
0
0
0
0
0
0
0
0
0
0
0
0
0
0
0
0
0
0
0
0
0
0
0
0
0
0
0
0
0
0
0
0
0
0
0
0
0
0
0
0
0
0
0
0
0
0
0
0
0
0
0
0
0
0
0
0
0
0
0
0
0
0
0
0
