294912
0
0
0
0
0
0
0
0
0
0
0
0
0
0
0
0
667
70550
496812
731822
367696
89290
11749
1218
4375
35320
140532
290189
269846
117075
26740
42218
296884
931073
1.27718e+06
746485
217297
92645
311477
619766
523750
239020
257686
723729
1.21267e+06
929171
390957
236733
380540
399944
397528
1.05555e+06
2.22511e+06
2.24378e+06
1.11701e+06
427039
337955
361893
688946
1.47993e+06
1.82203e+06
1.26958e+06
1.08253e+06
1.28055e+06
1.06491e+06
1.01455e+06
1.29197e+06
1.15776e+06
1.07381e+06
1.38746e+06
1.68935e+06
2.65654e+06
3.67822e+06
2.67274e+06
1.03748e+06
432654
1.00244e+06
2.12788e+06
2.34585e+06
1.52841e+06
1.08706e+06
1.37334e+06
2.24954e+06
2.65379e+06
2.25485e+06
2.26074e+06
2.77823e+06
3.7904e+06
3.7116e+06
2.60478e+06
2.11399e+06
2.36656e+06
2.8259e+06
2.44888e+06
2.11611e+06
2.25869e+06
2.69948e+06
2.39638e+06
1.74599e+06
2.32834e+06
4.02098e+06
4.48636e+06
3.5144e+06
3.62977e+06
5.12723e+06
5.69408e+06
4.61807e+06
3.37259e+06
2.29515e+06
1.49354e+06
1.45981e+06
3.04439e+06
4.86612e+06
4.19028e+06
3.18678e+06
4.35055e+06
4.96791e+06
4.48661e+06
3.29992e+06
3.48488e+06
3.82118e+06
4.23918e+06
5.56706e+06
4.99947e+06
3.67967e+06
3.32581e+06
3.42408e+06
2.80263e+06
1.73739e+06
1.66552e+06
2.25557e+06
2.82971e+06
3.89052e+06
4.5309e+06
4.78257e+06
4.89574e+06
3.25158e+06
2.25881e+06
2.81933e+06
3.29211e+06
3.03769e+06
2.77447e+06
2.04072e+06
1.64743e+06
2.11365e+06
2.47689e+06
1.36801e+06
534339
1.05029e+06
2.18871e+06
3.02152e+06
3.42758e+06
4.30698e+06
3.79907e+06
1.98994e+06
593626
649418
1.33943e+06
1.14296e+06
337808
186876
247643
199324
554080
821664
1.46255e+06
2.29018e+06
2.34321e+06
1.55166e+06
542794
378568
394722
69022
477
0
0
3
128
3065
34277
219249
691080
1.0296e+06
582648
90141
3929
92
0
0
0
0
0
0
11
381
5490
33476
76052
32046
0
0
0
0
0
0
0
0
0
0
0
0
0
0
0
0
0
0
0
0
0
0
0
0
0
0
0
0
0
0
0
0
0
0
0
0
0
0
0
0
0
0
0
0
0
0
0
0
0
0
0
0
0
0
0
0
0
0
0
0
0
0
0
0
0
0
0
0
0
0
0
0
0
0
0
0
0
0
0
0
0
0
0
0
0
0
0
0
0
0
0
0
0
0
0
0
0
0
0
0
0
0
0
0
0
0
0
0
0
0
0
0
0
0
0
0
0
0
0
0
0
0
0
0
0
0
0
0
0
0
0
0
0
0
0
0
0
0
0
0
0
0
0
0
0
0
0
0
0
0
0
0
0
0
0
0
0
0
0
0
0
0
0
0
0
0
0
0
0
0
0
0
0
0
0
0
0
0
0
0
0
0
0
0
0
0
0
0
0
0
0
0
0
0
0
0
0
0
0
0
