710656
0
0
0
0
0
0
0
0
0
0
0
0
0
0
0
0
1471
169209
1.2023e+06
1.75605e+06
890914
214315
27675
2821
10661
84552
343719
694581
647165
283664
65545
98852
710756
2.25867e+06
3.06694e+06
1.81044e+06
517645
220508
755808
1.48362e+06
1.26517e+06
579130
625176
1.76003e+06
2.88186e+06
2.24884e+06
947290
574571
919186
959261
953951
2.5575e+06
5.35063e+06
5.40488e+06
2.70857e+06
1.02581e+06
802394
873028
1.67208e+06
3.57644e+06
4.3441e+06
3.08773e+06
2.62716e+06
3.0495e+06
2.57579e+06
2.46583e+06
3.0882e+06
2.80283e+06
2.60328e+06
3.30636e+06
4.0858e+06
6.44219e+06
8.78271e+06
6.48332e+06
2.5139e+06
1.03714e+06
2.42918e+06
5.10731e+06
5.61831e+06
3.71911e+06
2.61412e+06
3.32944e+06
5.41796e+06
6.35524e+06
5.47936e+06
5.41694e+06
6.74514e+06
9.08829e+06
8.92713e+06
6.30635e+06
5.0617e+06
5.75374e+06
6.76177e+06
5.94526e+06
5.07345e+06
5.45745e+06
6.48244e+06
5.77495e+06
4.21815e+06
5.63465e+06
9.67136e+06
1.07722e+07
8.50734e+06
8.78343e+06
1.2333e+07
1.36661e+07
1.11627e+07
8.12752e+06
5.53179e+06
3.58703e+06
3.5328e+06
7.38218e+06
1.16159e+07
1.01517e+07
7.71645e+06
1.04974e+07
1.19087e+07
1.08397e+07
7.95797e+06
8.3578e+06
9.24078e+06
1.02383e+07
1.34177e+07
1.19776e+07
8.90012e+06
8.04282e+06
8.20974e+06
6.77506e+06
4.1956e+06
3.99807e+06
5.44703e+06
6.82662e+06
9.32811e+06
1.09429e+07
1.15595e+07
1.17475e+07
7.82548e+06
5.48775e+06
6.77789e+06
7.92741e+06
7.34882e+06
6.64793e+06
4.93296e+06
3.96881e+06
5.0883e+06
5.98429e+06
3.28785e+06
1.29207e+06
2.53866e+06
5.2843e+06
7.19778e+06
8.34206e+06
1.03789e+07
9.1409e+06
4.77653e+06
1.43361e+06
1.56796e+06
3.24679e+06
2.72942e+06
821933
451536
594426
475196
1.3442e+06
1.98426e+06
3.53173e+06
5.51758e+06
5.65703e+06
3.70252e+06
1.32016e+06
917399
948142
163955
1129
0
0
12
268
6852
82078
528006
1.67858e+06
2.47385e+06
1.39878e+06
217884
9371
231
0
0
0
0
0
0
42
797
12972
81447
185721
74349
0
0
0
0
0
0
0
0
0
0
0
0
0
0
0
0
0
0
0
0
0
0
0
0
0
0
0
0
0
0
0
0
0
0
0
0
0
0
0
0
0
0
0
0
0
0
0
0
0
0
0
0
0
0
0
0
0
0
0
0
0
0
0
0
0
0
0
0
0
0
0
0
0
0
0
0
0
0
0
0
0
0
0
0
0
0
0
0
0
0
0
0
0
0
0
0
0
0
0
0
0
0
0
0
0
0
0
0
0
0
0
0
0
0
0
0
0
0
0
0
0
0
0
0
0
0
0
0
0
0
0
0
0
0
0
0
0
0
0
0
0
0
0
0
0
0
0
0
0
0
0
0
0
0
0
0
0
0
0
0
0
0
0
0
0
0
0
0
0
0
0
0
0
0
0
0
0
0
0
0
0
0
0
0
0
0
0
0
0
0
0
0
0
0
0
0
0
0
0
0
