909312
0
0
0
0
0
0
0
0
0
0
0
0
0
0
0
0
1906
215760
1.54147e+06
2.24336e+06
1.1405e+06
274464
35853
3536
13958
108424
440366
887059
827716
363807
83889
126669
909410
2.89474e+06
3.91701e+06
2.31728e+06
663896
282418
968698
1.89607e+06
1.61891e+06
742098
803130
2.25633e+06
3.67244e+06
2.8784e+06
1.2169e+06
737532
1.17594e+06
1.22427e+06
1.22393e+06
3.28232e+06
6.83707e+06
6.90264e+06
3.47385e+06
1.31734e+06
1.02461e+06
1.11743e+06
2.14798e+06
4.57268e+06
5.54453e+06
3.96073e+06
3.36619e+06
3.89142e+06
3.30118e+06
3.1597e+06
3.94166e+06
3.5899e+06
3.33847e+06
4.22019e+06
5.23548e+06
8.25324e+06
1.12109e+07
8.29702e+06
3.22788e+06
1.33393e+06
3.11763e+06
6.52279e+06
7.17231e+06
4.76761e+06
3.3509e+06
4.27044e+06
6.92371e+06
8.1191e+06
7.02413e+06
6.93022e+06
8.6415e+06
1.16145e+07
1.14065e+07
8.0854e+06
6.47576e+06
7.37299e+06
8.63771e+06
7.6164e+06
6.48431e+06
6.99354e+06
8.28537e+06
7.38139e+06
5.41265e+06
7.22374e+06
1.23534e+07
1.3766e+07
1.09043e+07
1.12624e+07
1.57638e+07
1.7466e+07
1.42895e+07
1.03985e+07
7.07968e+06
4.5937e+06
4.53683e+06
9.46152e+06
1.48158e+07
1.29941e+07
9.90166e+06
1.3439e+07
1.52113e+07
1.38728e+07
1.01871e+07
1.06868e+07
1.1829e+07
1.31186e+07
1.71625e+07
1.53034e+07
1.13956e+07
1.02982e+07
1.04914e+07
8.67229e+06
5.37959e+06
5.12149e+06
6.97402e+06
8.73757e+06
1.19224e+07
1.39936e+07
1.48086e+07
1.50044e+07
1.0016e+07
7.04083e+06
8.66449e+06
1.01342e+07
9.41782e+06
8.50028e+06
6.31281e+06
5.08114e+06
6.51082e+06
7.65141e+06
4.20655e+06
1.66262e+06
3.25537e+06
6.75737e+06
9.18939e+06
1.06977e+07
1.32739e+07
1.16839e+07
6.10396e+06
1.84616e+06
2.01566e+06
4.15478e+06
3.47886e+06
1.0543e+06
579680
760827
612226
1.72691e+06
2.53995e+06
4.52008e+06
7.04972e+06
7.23804e+06
4.72601e+06
1.6972e+06
1.17999e+06
1.20839e+06
207718
1354
0
0
12
341
9010
107407
684479
2.15386e+06
3.15243e+06
1.7831e+06
280437
12429
302
0
0
0
0
0
0
57
1136
17053
105978
237247
93185
0
0
0
0
0
0
0
0
0
0
0
0
0
0
0
0
0
0
0
0
0
0
0
0
0
0
0
0
0
0
0
0
0
0
0
0
0
0
0
0
0
0
0
0
0
0
0
0
0
0
0
0
0
0
0
0
0
0
0
0
0
0
0
0
0
0
0
0
0
0
0
0
0
0
0
0
0
0
0
0
0
0
0
0
0
0
0
0
0
0
0
0
0
0
0
0
0
0
0
0
0
0
0
0
0
0
0
0
0
0
0
0
0
0
0
0
0
0
0
0
0
0
0
0
0
0
0
0
0
0
0
0
0
0
0
0
0
0
0
0
0
0
0
0
0
0
0
0
0
0
0
0
0
0
0
0
0
0
0
0
0
0
0
0
0
0
0
0
0
0
0
0
0
0
0
0
0
0
0
0
0
0
0
0
0
0
0
0
0
0
0
0
0
0
0
0
0
0
0
0
