327680
0
0
0
0
0
0
0
0
0
0
0
0
0
0
0
0
716
78378
552490
812626
408210
99593
13077
1383
4937
39503
156789
321095
299302
130627
30012
47118
330524
1.03465e+06
1.41674e+06
830217
241620
103606
346424
687753
581664
266382
287810
805378
1.34163e+06
1.03298e+06
435971
264043
422893
443367
442903
1.17518e+06
2.46977e+06
2.48966e+06
1.24315e+06
476056
374262
403380
767778
1.64365e+06
2.01878e+06
1.41388e+06
1.20536e+06
1.41831e+06
1.18446e+06
1.13006e+06
1.43284e+06
1.287e+06
1.19605e+06
1.53731e+06
1.88189e+06
2.9539e+06
4.07503e+06
2.9718e+06
1.15644e+06
483631
1.11618e+06
2.36073e+06
2.60017e+06
1.70149e+06
1.2104e+06
1.53041e+06
2.49689e+06
2.94199e+06
2.51051e+06
2.51239e+06
3.09194e+06
4.2045e+06
4.1204e+06
2.89797e+06
2.34779e+06
2.63329e+06
3.13561e+06
2.72417e+06
2.3506e+06
2.51177e+06
2.99472e+06
2.661e+06
1.94477e+06
2.59219e+06
4.46386e+06
4.97792e+06
3.9113e+06
4.03977e+06
5.69137e+06
6.3181e+06
5.13302e+06
3.7489e+06
2.55044e+06
1.65918e+06
1.62938e+06
3.38764e+06
5.38972e+06
4.65966e+06
3.55142e+06
4.83323e+06
5.51033e+06
4.98791e+06
3.66902e+06
3.87029e+06
4.2498e+06
4.71595e+06
6.1809e+06
5.54521e+06
4.09235e+06
3.69891e+06
3.79986e+06
3.11442e+06
1.93513e+06
1.85124e+06
2.50818e+06
3.14505e+06
4.31484e+06
5.03609e+06
5.31652e+06
5.43392e+06
3.61317e+06
2.51639e+06
3.13104e+06
3.65565e+06
3.37949e+06
3.07831e+06
2.26871e+06
1.83228e+06
2.34863e+06
2.74852e+06
1.51907e+06
596433
1.16842e+06
2.43145e+06
3.35223e+06
3.81852e+06
4.78319e+06
4.21609e+06
2.20856e+06
662368
724263
1.4876e+06
1.26596e+06
376988
207862
275003
222175
616572
912998
1.62544e+06
2.54477e+06
2.60351e+06
1.72039e+06
605145
421094
437187
76731
527
0
0
3
132
3406
38304
243889
768839
1.14353e+06
646360
100216
4333
106
0
0
0
0
0
0
15
428
5978
37268
84793
35358
0
0
0
0
0
0
0
0
0
0
0
0
0
0
0
0
0
0
0
0
0
0
0
0
0
0
0
0
0
0
0
0
0
0
0
0
0
0
0
0
0
0
0
0
0
0
0
0
0
0
0
0
0
0
0
0
0
0
0
0
0
0
0
0
0
0
0
0
0
0
0
0
0
0
0
0
0
0
0
0
0
0
0
0
0
0
0
0
0
0
0
0
0
0
0
0
0
0
0
0
0
0
0
0
0
0
0
0
0
0
0
0
0
0
0
0
0
0
0
0
0
0
0
0
0
0
0
0
0
0
0
0
0
0
0
0
0
0
0
0
0
0
0
0
0
0
0
0
0
0
0
0
0
0
0
0
0
0
0
0
0
0
0
0
0
0
0
0
0
0
0
0
0
0
0
0
0
0
0
0
0
0
0
0
0
0
0
0
0
0
0
0
0
0
0
0
0
0
0
0
