446464
0
0
0
0
0
0
0
0
0
0
0
0
0
0
0
0
918
106703
753546
1.1051e+06
559122
134831
17257
1826
6561
53438
215567
436036
407339
178422
40916
63266
448107
1.41429e+06
1.9284e+06
1.13488e+06
327194
139052
473668
935400
793620
362791
391791
1.10242e+06
1.81812e+06
1.41215e+06
594755
358991
576706
603720
600492
1.60286e+06
3.36495e+06
3.39711e+06
1.69643e+06
644744
507172
548195
1.04776e+06
2.24464e+06
2.74146e+06
1.93232e+06
1.6456e+06
1.92348e+06
1.61646e+06
1.54398e+06
1.94548e+06
1.75962e+06
1.62949e+06
2.08767e+06
2.56562e+06
4.03568e+06
5.5365e+06
4.06198e+06
1.5757e+06
653581
1.52179e+06
3.21668e+06
3.53662e+06
2.32806e+06
1.64272e+06
2.08612e+06
3.4037e+06
4.00445e+06
3.43067e+06
3.41265e+06
4.22096e+06
5.72327e+06
5.61382e+06
3.953e+06
3.18939e+06
3.60224e+06
4.25947e+06
3.72291e+06
3.195e+06
3.42266e+06
4.07975e+06
3.62793e+06
2.64592e+06
3.53312e+06
6.08348e+06
6.7803e+06
5.33243e+06
5.50651e+06
7.7556e+06
8.59864e+06
7.00553e+06
5.10514e+06
3.47359e+06
2.25624e+06
2.21598e+06
4.62941e+06
7.32352e+06
6.36227e+06
4.8367e+06
6.59126e+06
7.49947e+06
6.8025e+06
4.99593e+06
5.26477e+06
5.79781e+06
6.42588e+06
8.42998e+06
7.54248e+06
5.58006e+06
5.04651e+06
5.16658e+06
4.25073e+06
2.63529e+06
2.51594e+06
3.41943e+06
4.28549e+06
5.87105e+06
6.86865e+06
7.25305e+06
7.39785e+06
4.92039e+06
3.4343e+06
4.26184e+06
4.98176e+06
4.60723e+06
4.18857e+06
3.09425e+06
2.49264e+06
3.2004e+06
3.75364e+06
2.06628e+06
810379
1.58913e+06
3.31874e+06
4.55011e+06
5.2216e+06
6.51627e+06
5.74548e+06
3.00694e+06
898661
982999
2.03502e+06
1.72205e+06
514103
282816
373873
300299
841479
1.2441e+06
2.21517e+06
3.4723e+06
3.55132e+06
2.33511e+06
825571
573556
596427
104173
719
0
0
3
157
4381
50986
330222
1.04992e+06
1.55956e+06
881448
135592
5787
118
0
0
0
0
0
0
15
504
7874
50472
116095
48272
0
0
0
0
0
0
0
0
0
0
0
0
0
0
0
0
0
0
0
0
0
0
0
0
0
0
0
0
0
0
0
0
0
0
0
0
0
0
0
0
0
0
0
0
0
0
0
0
0
0
0
0
0
0
0
0
0
0
0
0
0
0
0
0
0
0
0
0
0
0
0
0
0
0
0
0
0
0
0
0
0
0
0
0
0
0
0
0
0
0
0
0
0
0
0
0
0
0
0
0
0
0
0
0
0
0
0
0
0
0
0
0
0
0
0
0
0
0
0
0
0
0
0
0
0
0
0
0
0
0
0
0
0
0
0
0
0
0
0
0
0
0
0
0
0
0
0
0
0
0
0
0
0
0
0
0
0
0
0
0
0
0
0
0
0
0
0
0
0
0
0
0
0
0
0
0
0
0
0
0
0
0
0
0
0
0
0
0
0
0
0
0
0
0
0
0
0
0
0
0
