940032
0
0
0
0
0
0
0
0
0
0
0
0
0
0
0
0
1973
223041
1.59301e+06
2.31991e+06
1.17919e+06
283483
36955
3640
14457
111957
455225
917043
855770
376315
86579
130732
939722
2.99305e+06
4.04912e+06
2.397e+06
685447
291380
1.00124e+06
1.9605e+06
1.67423e+06
766837
829838
2.33245e+06
3.7967e+06
2.97633e+06
1.25799e+06
762010
1.2153e+06
1.26593e+06
1.2642e+06
3.3931e+06
7.06907e+06
7.13679e+06
3.59215e+06
1.36054e+06
1.05862e+06
1.15483e+06
2.22011e+06
4.72778e+06
5.73202e+06
4.09523e+06
3.47934e+06
4.02252e+06
3.41345e+06
3.2665e+06
4.0746e+06
3.7114e+06
3.45102e+06
4.36107e+06
5.41222e+06
8.534e+06
1.15895e+07
8.58063e+06
3.33491e+06
1.37637e+06
3.2235e+06
6.74341e+06
7.4158e+06
4.92882e+06
3.46143e+06
4.41411e+06
7.16029e+06
8.39429e+06
7.26078e+06
7.16198e+06
8.93442e+06
1.20083e+07
1.17934e+07
8.35908e+06
6.69164e+06
7.62211e+06
8.93038e+06
7.87408e+06
6.70115e+06
7.23124e+06
8.56495e+06
7.63149e+06
5.59334e+06
7.46655e+06
1.27724e+07
1.42335e+07
1.12723e+07
1.16411e+07
1.62968e+07
1.80568e+07
1.47752e+07
1.0748e+07
7.31842e+06
4.74733e+06
4.68831e+06
9.78276e+06
1.53167e+07
1.34341e+07
1.02329e+07
1.38928e+07
1.57286e+07
1.43421e+07
1.05296e+07
1.10481e+07
1.22282e+07
1.35627e+07
1.77413e+07
1.58206e+07
1.1781e+07
1.06483e+07
1.08439e+07
8.96599e+06
5.55989e+06
5.2939e+06
7.2086e+06
9.03308e+06
1.23247e+07
1.44674e+07
1.53111e+07
1.55127e+07
1.03525e+07
7.27709e+06
8.95793e+06
1.04778e+07
9.7361e+06
8.78688e+06
6.52552e+06
5.25132e+06
6.73126e+06
7.91365e+06
4.34597e+06
1.71718e+06
3.36449e+06
6.98747e+06
9.50006e+06
1.10583e+07
1.37225e+07
1.2081e+07
6.31067e+06
1.90648e+06
2.08254e+06
4.2969e+06
3.59656e+06
1.08989e+06
598769
786510
632557
1.78454e+06
2.62467e+06
4.67385e+06
7.28797e+06
7.48472e+06
4.88562e+06
1.7532e+06
1.21927e+06
1.25025e+06
214673
1384
0
0
12
347
9222
110677
706470
2.22703e+06
3.26009e+06
1.84388e+06
289494
12765
305
0
0
0
0
0
0
57
1149
17526
109589
245269
96426
0
0
0
0
0
0
0
0
0
0
0
0
0
0
0
0
0
0
0
0
0
0
0
0
0
0
0
0
0
0
0
0
0
0
0
0
0
0
0
0
0
0
0
0
0
0
0
0
0
0
0
0
0
0
0
0
0
0
0
0
0
0
0
0
0
0
0
0
0
0
0
0
0
0
0
0
0
0
0
0
0
0
0
0
0
0
0
0
0
0
0
0
0
0
0
0
0
0
0
0
0
0
0
0
0
0
0
0
0
0
0
0
0
0
0
0
0
0
0
0
0
0
0
0
0
0
0
0
0
0
0
0
0
0
0
0
0
0
0
0
0
0
0
0
0
0
0
0
0
0
0
0
0
0
0
0
0
0
0
0
0
0
0
0
0
0
0
0
0
0
0
0
0
0
0
0
0
0
0
0
0
0
0
0
0
0
0
0
0
0
0
0
0
0
0
0
0
0
0
0
