378880
0
0
0
0
0
0
0
0
0
0
0
0
0
0
0
0
799
90606
638911
939155
473079
114797
14812
1574
5637
45617
182235
370445
345631
151229
34860
54129
381458
1.19834e+06
1.63652e+06
961759
278664
118908
401458
794708
672366
308517
333527
932984
1.5461e+06
1.19525e+06
505188
305305
489341
512533
511190
1.3605e+06
2.85476e+06
2.87906e+06
1.43947e+06
549730
430703
466394
890057
1.9013e+06
2.32831e+06
1.639e+06
1.39553e+06
1.6338e+06
1.37112e+06
1.30903e+06
1.65409e+06
1.49158e+06
1.38308e+06
1.77405e+06
2.1796e+06
3.42017e+06
4.69884e+06
3.44054e+06
1.34025e+06
559996
1.29213e+06
2.72661e+06
3.00046e+06
1.97346e+06
1.39771e+06
1.77129e+06
2.88602e+06
3.39906e+06
2.91027e+06
2.90132e+06
3.57926e+06
4.85619e+06
4.76137e+06
3.35378e+06
2.7111e+06
3.05145e+06
3.62097e+06
3.15437e+06
2.71494e+06
2.90481e+06
3.45954e+06
3.07648e+06
2.25116e+06
3.00071e+06
5.15847e+06
5.75229e+06
4.52774e+06
4.67261e+06
6.579e+06
7.29742e+06
5.94099e+06
4.33441e+06
2.94981e+06
1.9165e+06
1.88466e+06
3.92402e+06
6.21816e+06
5.39416e+06
4.11076e+06
5.58922e+06
6.3634e+06
5.77148e+06
4.24309e+06
4.47147e+06
4.91978e+06
5.45178e+06
7.14634e+06
6.40596e+06
4.73528e+06
4.28022e+06
4.38735e+06
3.60359e+06
2.23945e+06
2.13763e+06
2.90011e+06
3.6383e+06
4.98175e+06
5.82696e+06
6.15249e+06
6.27942e+06
4.17669e+06
2.91329e+06
3.61818e+06
4.22581e+06
3.91036e+06
3.55566e+06
2.62398e+06
2.11839e+06
2.71624e+06
3.18067e+06
1.75451e+06
689223
1.34971e+06
2.81274e+06
3.8696e+06
4.42678e+06
5.52869e+06
4.87294e+06
2.55284e+06
764644
836839
1.72296e+06
1.46166e+06
436403
240536
317423
256081
713530
1.05508e+06
1.87954e+06
2.94558e+06
3.01178e+06
1.98574e+06
700050
486810
505063
88622
591
0
0
3
139
3882
43747
280629
890069
1.32324e+06
747654
115478
4969
106
0
0
0
0
0
0
15
467
6792
42771
98186
41209
0
0
0
0
0
0
0
0
0
0
0
0
0
0
0
0
0
0
0
0
0
0
0
0
0
0
0
0
0
0
0
0
0
0
0
0
0
0
0
0
0
0
0
0
0
0
0
0
0
0
0
0
0
0
0
0
0
0
0
0
0
0
0
0
0
0
0
0
0
0
0
0
0
0
0
0
0
0
0
0
0
0
0
0
0
0
0
0
0
0
0
0
0
0
0
0
0
0
0
0
0
0
0
0
0
0
0
0
0
0
0
0
0
0
0
0
0
0
0
0
0
0
0
0
0
0
0
0
0
0
0
0
0
0
0
0
0
0
0
0
0
0
0
0
0
0
0
0
0
0
0
0
0
0
0
0
0
0
0
0
0
0
0
0
0
0
0
0
0
0
0
0
0
0
0
0
0
0
0
0
0
0
0
0
0
0
0
0
0
0
0
0
0
0
0
0
0
0
0
0
