202752
0
0
0
0
0
0
0
0
0
0
0
0
0
0
0
0
488
48829
340250
504792
252019
61370
8107
917
3007
23908
96077
200712
186145
79505
18519
29231
202788
638323
884474
509431
149105
64172
213506
427605
359946
163127
176479
495278
841343
635756
267804
162100
262027
276075
272783
722306
1.53264e+06
1.54484e+06
764267
293531
235039
248024
471284
1.01594e+06
1.26096e+06
867315
741301
887758
728477
695349
892391
793176
736020
962398
1.15657e+06
1.81533e+06
2.54862e+06
1.82811e+06
711666
299351
686238
1.46521e+06
1.61607e+06
1.045e+06
751429
940616
1.54552e+06
1.83235e+06
1.54218e+06
1.56199e+06
1.90241e+06
2.60948e+06
2.55522e+06
1.78461e+06
1.4559e+06
1.61955e+06
1.95806e+06
1.67231e+06
1.46145e+06
1.54601e+06
1.86144e+06
1.64705e+06
1.1985e+06
1.59818e+06
2.76507e+06
3.09286e+06
2.41159e+06
2.49477e+06
3.52119e+06
3.9185e+06
3.16847e+06
2.32473e+06
1.57617e+06
1.02834e+06
1.00682e+06
2.08176e+06
3.36349e+06
2.87129e+06
2.1886e+06
2.98438e+06
3.42934e+06
3.0749e+06
2.27029e+06
2.40756e+06
2.62307e+06
2.91388e+06
3.81482e+06
3.44834e+06
2.52624e+06
2.28172e+06
2.36396e+06
1.92243e+06
1.19346e+06
1.14772e+06
1.54681e+06
1.94178e+06
2.6847e+06
3.11335e+06
3.281e+06
3.3732e+06
2.23417e+06
1.54704e+06
1.94413e+06
2.2645e+06
2.08155e+06
1.91329e+06
1.39962e+06
1.1327e+06
1.45438e+06
1.69951e+06
941648
367027
722083
1.50233e+06
2.09308e+06
2.34322e+06
2.95862e+06
2.61431e+06
1.37155e+06
407485
445871
916461
790147
232667
127926
170303
137939
378208
564330
1.00464e+06
1.57498e+06
1.60939e+06
1.07334e+06
371000
259869
270969
47952
327
0
0
3
75
2099
23553
149459
472761
710078
402773
61282
2630
55
0
0
0
0
0
0
9
304
3664
22890
51873
22636
0
0
0
0
0
0
0
0
0
0
0
0
0
0
0
0
0
0
0
0
0
0
0
0
0
0
0
0
0
0
0
0
0
0
0
0
0
0
0
0
0
0
0
0
0
0
0
0
0
0
0
0
0
0
0
0
0
0
0
0
0
0
0
0
0
0
0
0
0
0
0
0
0
0
0
0
0
0
0
0
0
0
0
0
0
0
0
0
0
0
0
0
0
0
0
0
0
0
0
0
0
0
0
0
0
0
0
0
0
0
0
0
0
0
0
0
0
0
0
0
0
0
0
0
0
0
0
0
0
0
0
0
0
0
0
0
0
0
0
0
0
0
0
0
0
0
0
0
0
0
0
0
0
0
0
0
0
0
0
0
0
0
0
0
0
0
0
0
0
0
0
0
0
0
0
0
0
0
0
0
0
0
0
0
0
0
0
0
0
0
0
0
0
0
0
0
0
0
0
0
