65536
0
0
0
0
0
0
0
0
0
0
0
0
0
0
0
2
159
5665
71745
258812
52345
4317
168
4
28
890
13128
104915
69642
7564
454
701
15474
164933
504907
92476
7746
2303
29267
221438
125970
13923
7729
88102
503668
169681
17778
13625
116237
117844
18282
77800
688879
714011
84309
23388
120034
53205
38110
324414
707325
115076
116275
517918
143555
91401
490776
197390
95879
488399
221023
313843
1.53539e+06
459126
44430
5932
68589
631264
773054
137398
259729
138500
518583
891098
239934
655537
318848
1.10943e+06
1.03266e+06
310250
514442
300730
1.04539e+06
342228
508383
312521
841499
593307
186414
239462
1.11094e+06
1.38929e+06
471948
544881
1.29587e+06
1.64026e+06
877398
776540
477854
312633
62265
353029
2.0116e+06
722637
280535
861213
1.99334e+06
975258
893062
1.04413e+06
643241
953888
1.45452e+06
2.27799e+06
760703
533180
1.09506e+06
538538
588060
1.07008e+06
795674
1.29379e+06
2.32556e+06
1.50925e+06
888220
2.05547e+06
1.57242e+06
355450
1.56097e+06
1.425e+06
889489
1.99519e+06
1.51812e+06
902311
1.12214e+06
1.19472e+06
1.70741e+06
1.77977e+06
1.03542e+06
1.45816e+06
3.1175e+06
701581
1.22376e+06
2.07205e+06
1.95859e+06
1.79066e+06
1.36157e+06
1.61817e+06
2.69794e+06
761834
2.08845e+06
2.28864e+06
716770
1.21744e+06
1.39922e+06
2.67897e+06
3.24165e+06
1.78111e+06
2.39173e+06
1.57956e+06
1.24692e+06
1.15489e+06
1.86821e+06
4.30703e+06
1.66363e+06
2.68205e+06
2.39808e+06
2.20788e+06
1.8385e+06
798700
2.20504e+06
1.30147e+06
2.61633e+06
2.85971e+06
3.05157e+06
2.51846e+06
2.45021e+06
3.10585e+06
1.81042e+06
3.33464e+06
1.55457e+06
2.53156e+06
2.55515e+06
3.62223e+06
2.51124e+06
3.18623e+06
1.72867e+06
956063
1.14264e+06
3.54446e+06
4.60769e+06
2.88804e+06
3.23495e+06
2.60361e+06
2.28428e+06
3.63651e+06
4.8922e+06
2.14416e+06
2.72601e+06
2.46985e+06
2.73026e+06
3.31615e+06
2.5131e+06
2.25679e+06
3.17077e+06
2.56479e+06
2.75395e+06
4.96867e+06
4.02688e+06
4.95152e+06
3.92765e+06
2.88323e+06
1.45316e+06
3.41135e+06
3.31129e+06
4.35576e+06
3.95881e+06
3.44253e+06
3.08091e+06
3.35134e+06
2.31038e+06
2.87458e+06
2.83254e+06
3.90127e+06
5.40172e+06
3.43484e+06
4.62662e+06
3.53195e+06
3.80261e+06
4.44421e+06
2.94769e+06
2.03606e+06
2.08866e+06
3.55173e+06
4.55678e+06
3.22159e+06
3.87723e+06
3.13942e+06
2.25603e+06
2.90328e+06
2.69783e+06
4.49481e+06
3.23601e+06
3.3614e+06
5.301e+06
2.53239e+06
2.62341e+06
2.25072e+06
3.75833e+06
4.96253e+06
2.06015e+06
1.28544e+06
1.93256e+06
2.19633e+06
3.34993e+06
3.49127e+06
4.03894e+06
3.08184e+06
2.52998e+06
3.20554e+06
3.20528e+06
2.66786e+06
2.64878e+06
3.38982e+06
1.84053e+06
2.16731e+06
2.68331e+06
2.63087e+06
3.40637e+06
2.48952e+06
1.10593e+06
1.67374e+06
2.09726e+06
2.21018e+06
3.09033e+06
3.57614e+06
3.21791e+06
2.33182e+06
2.31838e+06
2.27814e+06
1.98244e+06
2.3109e+06
1.67994e+06
1.82074e+06
1.82257e+06
1.41413e+06
1.56496e+06
1.55577e+06
2.58933e+06
2.36926e+06
1.6724e+06
1.80819e+06
905435
2.83939e+06
2.57655e+06
2.10505e+06
1.73191e+06
2.52548e+06
894535
776878
1.10076e+06
1.36507e+06
985001
451033
177859
1.16744e+06
1.78383e+06
2.58768e+06
2.25737e+06
1.6757e+06
949619
1.09182e+06
1.40112e+06
1.33015e+06
203997
423147
1.17116e+06
190344
16171
106607
452579
559876
921485
1.57826e+06
1.32111e+06
1.45824e+06
842793
971431
412549
68776
391353
332594
11431
13090
99914
83127
1457
30617
326648
1.29657e+06
1.32624e+06
823375
456928
316480
39649
147931
18224
6
0
0
0
0
110
4492
74106
621440
1.00869e+06
314053
137889
1901
3
0
0
0
0
0
0
0
4
422
11831
125269
403430
48170
691
7
0
0
0
0
0
0
0
0
0
20
699
8655
23394
0
0
0
0
0
0
0
0
0
0
0
0
0
0
0
0
0
0
0
0
0
0
0
0
0
0
0
0
0
0
0
0
0
0
0
0
0
0
0
0
0
0
0
0
0
0
0
0
0
0
0
0
0
0
0
0
0
0
0
0
0
0
0
0
0
0
0
0
0
0
0
0
0
0
0
0
0
0
0
0
0
0
0
0
0
0
0
0
0
0
0
0
0
0
0
0
0
0
0
0
0
0
0
0
0
0
0
0
0
0
0
0
0
0
0
0
0
0
0
0
0
0
0
0
0
0
0
0
0
0
0
0
0
0
0
0
0
0
0
0
0
0
0
0
0
0
0
0
0
0
0
0
0
0
0
0
0
0
0
0
0
0
0
0
0
0
0
0
0
0
0
0
0
0
0
0
0
0
0
0
0
0
0
0
0
0
0
0
0
0
0
0
0
0
0
0
0
0
0
0
0
0
0
0
0
0
0
0
0
0
0
0
0
0
0
0
0
0
0
0
0
0
0
0
0
0
0
0
0
0
0
0
0
0
0
0
0
0
0
0
0
0
0
0
0
0
0
0
0
0
0
0
0
0
0
0
0
0
0
0
0
0
0
0
0
0
0
0
0
0
0
0
0
0
0
0
0
0
0
0
0
0
0
0
0
0
0
0
0
0
0
0
0
0
0
0
0
0
0
0
0
0
0
0
0
0
0
0
0
0
0
0
0
0
0
0
0
0
0
0
0
0
0
0
0
0
0
0
0
0
0
0
0
0
0
0
0
0
0
0
0
0
0
0
0
0
0
0
0
0
0
0
0
0
0
0
0
0
0
0
0
0
0
0
0
0
0
0
0
0
0
0
0
0
0
0
0
0
0
0
0
0
0
0
0
0
0
0
0
0
0
0
0
0
0
0
0
0
0
0
