36864
0
0
0
0
0
0
0
0
0
0
0
0
0
0
0
0
174
9913
58823
95953
41895
11958
2152
405
831
4564
15719
38763
32826
13800
4143
6895
36808
107774
172677
84741
28267
14306
35969
81506
64278
28758
32466
81950
168674
109204
46371
29163
48473
52806
51656
119838
284638
289261
126791
54105
49284
45716
78641
178763
252079
143205
126062
183274
124083
114956
178420
138181
122965
195248
200746
299451
517607
313185
121048
57356
113155
273564
310269
174051
145618
159006
278156
356646
254456
306637
318347
493103
476057
303089
278021
270342
392909
282863
273983
263666
357885
303616
208720
270856
513887
588105
415919
439638
649100
735871
557572
428864
285875
193433
169835
343821
687934
499616
367061
528215
670234
541802
402380
460286
460171
512167
691890
670575
442647
395939
460314
336840
206437
212100
273705
346065
524632
556646
568904
641699
408697
258001
369544
411556
357385
367622
248945
203454
268109
308647
175733
65900
127976
262077
416293
385864
538457
486690
259565
71959
74457
156255
162348
39211
21544
31940
26697
62954
104837
182493
286734
279697
214823
63301
43046
51583
10881
63
0
0
0
14
588
5132
26185
78220
133904
76434
10682
596
21
0
0
0
0
0
0
6
103
772
4004
8154
5393
0
0
0
0
0
0
0
0
0
0
0
0
0
0
0
0
0
0
0
0
0
0
0
0
0
0
0
0
0
0
0
0
0
0
0
0
0
0
0
0
0
0
0
0
0
0
0
0
0
0
0
0
0
0
0
0
0
0
0
0
0
0
0
0
0
0
0
0
0
0
0
0
0
0
0
0
0
0
0
0
0
0
0
0
0
0
0
0
0
0
0
0
0
0
0
0
0
0
0
0
0
0
0
0
0
0
0
0
0
0
0
0
0
0
0
0
0
0
0
0
0
0
0
0
0
0
0
0
0
0
0
0
0
0
0
0
0
0
0
0
0
0
0
0
0
0
0
0
0
0
0
0
0
0
0
0
0
0
0
0
0
0
0
0
0
0
0
0
0
0
0
0
0
0
0
0
0
0
0
0
0
0
0
0
0
0
0
0
0
0
0
0
0
0
0
0
0
0
0
0
