747520
0
0
0
0
0
0
0
0
0
0
0
0
0
0
0
0
1555
177856
1.26518e+06
1.84634e+06
937861
225194
29031
2965
11317
88907
361513
730666
680311
298687
68983
103953
747502
2.37599e+06
3.22584e+06
1.90523e+06
543886
231882
794783
1.56073e+06
1.33108e+06
609223
657836
1.85292e+06
3.02772e+06
2.36564e+06
997433
604374
967726
1.00818e+06
1.00377e+06
2.69099e+06
5.62714e+06
5.6847e+06
2.84997e+06
1.07968e+06
843331
918011
1.76001e+06
3.76156e+06
4.56778e+06
3.24909e+06
2.76414e+06
3.20616e+06
2.71024e+06
2.59407e+06
3.2475e+06
2.94858e+06
2.73927e+06
3.47625e+06
4.29811e+06
6.77828e+06
9.23592e+06
6.81924e+06
2.64573e+06
1.09236e+06
2.55591e+06
5.37056e+06
5.90677e+06
3.91282e+06
2.75139e+06
3.50374e+06
5.69838e+06
6.68253e+06
5.76546e+06
5.69776e+06
7.09644e+06
9.55902e+06
9.38726e+06
6.63485e+06
5.32246e+06
6.05469e+06
7.11229e+06
6.25623e+06
5.33415e+06
5.74234e+06
6.81654e+06
6.07288e+06
4.43892e+06
5.92776e+06
1.01708e+07
1.13309e+07
8.95038e+06
9.24325e+06
1.29692e+07
1.43718e+07
1.17425e+07
8.55007e+06
5.81968e+06
3.77168e+06
3.71622e+06
7.76995e+06
1.22129e+07
1.06799e+07
8.11863e+06
1.10451e+07
1.25204e+07
1.14023e+07
8.37153e+06
8.79168e+06
9.72062e+06
1.07719e+07
1.4114e+07
1.2593e+07
9.36439e+06
8.46144e+06
8.63485e+06
7.12584e+06
4.41425e+06
4.20534e+06
5.72929e+06
7.17995e+06
9.81294e+06
1.15123e+07
1.2161e+07
1.23514e+07
8.23074e+06
5.77421e+06
7.13013e+06
8.33672e+06
7.73156e+06
6.9923e+06
5.18941e+06
4.17378e+06
5.35327e+06
6.29556e+06
3.45752e+06
1.35949e+06
2.67098e+06
5.55798e+06
7.56687e+06
8.77712e+06
1.09194e+07
9.61428e+06
5.02192e+06
1.50953e+06
1.64928e+06
3.41677e+06
2.86932e+06
864773
474672
625758
499793
1.41494e+06
2.08723e+06
3.71543e+06
5.8032e+06
5.95069e+06
3.89238e+06
1.39012e+06
965405
996596
172476
1163
0
0
12
282
7269
86538
556553
1.76556e+06
2.60111e+06
1.47102e+06
229167
9912
256
0
0
0
0
0
0
54
852
13727
86050
195137
77940
0
0
0
0
0
0
0
0
0
0
0
0
0
0
0
0
0
0
0
0
0
0
0
0
0
0
0
0
0
0
0
0
0
0
0
0
0
0
0
0
0
0
0
0
0
0
0
0
0
0
0
0
0
0
0
0
0
0
0
0
0
0
0
0
0
0
0
0
0
0
0
0
0
0
0
0
0
0
0
0
0
0
0
0
0
0
0
0
0
0
0
0
0
0
0
0
0
0
0
0
0
0
0
0
0
0
0
0
0
0
0
0
0
0
0
0
0
0
0
0
0
0
0
0
0
0
0
0
0
0
0
0
0
0
0
0
0
0
0
0
0
0
0
0
0
0
0
0
0
0
0
0
0
0
0
0
0
0
0
0
0
0
0
0
0
0
0
0
0
0
0
0
0
0
0
0
0
0
0
0
0
0
0
0
0
0
0
0
0
0
0
0
0
0
0
0
0
0
0
0
