581632
0
0
0
0
0
0
0
0
0
0
0
0
0
0
0
0
1224
138725
983041
1.43845e+06
728626
175442
22582
2343
8650
69216
281821
567792
530063
232000
53776
81532
582934
1.84556e+06
2.51145e+06
1.47996e+06
424778
181139
617551
1.21588e+06
1.03475e+06
474059
510519
1.43904e+06
2.36348e+06
1.83908e+06
774766
469564
752434
786045
781829
2.09063e+06
4.37955e+06
4.42519e+06
2.21341e+06
840154
659173
714702
1.3665e+06
2.926e+06
3.56145e+06
2.52316e+06
2.14829e+06
2.49901e+06
2.10607e+06
2.01606e+06
2.53209e+06
2.29359e+06
2.12533e+06
2.71352e+06
3.34397e+06
5.2677e+06
7.19288e+06
5.29979e+06
2.05688e+06
852640
1.9861e+06
4.18266e+06
4.60238e+06
3.03806e+06
2.14082e+06
2.72135e+06
4.43422e+06
5.20849e+06
4.47843e+06
4.43973e+06
5.5126e+06
7.44276e+06
7.30899e+06
5.15772e+06
4.14848e+06
4.70211e+06
5.53991e+06
4.8568e+06
4.15808e+06
4.46264e+06
5.31102e+06
4.72505e+06
3.45204e+06
4.60874e+06
7.91852e+06
8.82296e+06
6.95794e+06
7.18356e+06
1.00965e+07
1.11861e+07
9.13301e+06
6.65262e+06
4.52741e+06
2.93905e+06
2.89181e+06
6.03805e+06
9.51606e+06
8.29885e+06
6.31225e+06
8.59291e+06
9.75241e+06
8.86621e+06
6.51346e+06
6.85066e+06
7.56056e+06
8.37473e+06
1.09799e+07
9.81046e+06
7.27706e+06
6.58067e+06
6.72352e+06
5.54293e+06
3.43385e+06
3.27569e+06
4.45796e+06
5.58352e+06
7.63882e+06
8.95527e+06
9.45522e+06
9.62523e+06
6.40316e+06
4.48524e+06
5.55068e+06
6.48904e+06
6.01071e+06
5.44831e+06
4.03194e+06
3.24791e+06
4.16688e+06
4.8937e+06
2.69132e+06
1.05672e+06
2.07338e+06
4.32663e+06
5.90712e+06
6.81664e+06
8.4918e+06
7.48215e+06
3.91218e+06
1.17236e+06
1.28153e+06
2.65627e+06
2.23696e+06
671506
369101
486352
390006
1.09856e+06
1.62282e+06
2.88897e+06
4.51898e+06
4.62799e+06
3.03523e+06
1.07879e+06
749027
775959
135222
914
0
0
9
221
5674
66600
430867
1.37219e+06
2.02737e+06
1.14662e+06
177312
7640
192
0
0
0
0
0
0
30
654
10470
66000
151813
61849
0
0
0
0
0
0
0
0
0
0
0
0
0
0
0
0
0
0
0
0
0
0
0
0
0
0
0
0
0
0
0
0
0
0
0
0
0
0
0
0
0
0
0
0
0
0
0
0
0
0
0
0
0
0
0
0
0
0
0
0
0
0
0
0
0
0
0
0
0
0
0
0
0
0
0
0
0
0
0
0
0
0
0
0
0
0
0
0
0
0
0
0
0
0
0
0
0
0
0
0
0
0
0
0
0
0
0
0
0
0
0
0
0
0
0
0
0
0
0
0
0
0
0
0
0
0
0
0
0
0
0
0
0
0
0
0
0
0
0
0
0
0
0
0
0
0
0
0
0
0
0
0
0
0
0
0
0
0
0
0
0
0
0
0
0
0
0
0
0
0
0
0
0
0
0
0
0
0
0
0
0
0
0
0
0
0
0
0
0
0
0
0
0
0
0
0
0
0
0
0
