516096
0
0
0
0
0
0
0
0
0
0
0
0
0
0
0
0
1068
123161
871998
1.27669e+06
646261
155826
20078
2074
7539
61552
250287
503292
470387
206395
47378
72804
517565
1.63637e+06
2.22922e+06
1.31155e+06
378010
161178
548043
1.07885e+06
917975
420256
453453
1.27627e+06
2.09717e+06
1.63323e+06
687453
415710
667865
697422
694582
1.85462e+06
3.88597e+06
3.92571e+06
1.96373e+06
745848
585151
634606
1.21287e+06
2.5949e+06
3.1619e+06
2.23798e+06
1.90513e+06
2.21924e+06
1.86868e+06
1.78713e+06
2.24769e+06
2.03555e+06
1.88455e+06
2.41e+06
2.96865e+06
4.66921e+06
6.38689e+06
4.70006e+06
1.82463e+06
756739
1.7623e+06
3.71302e+06
4.08445e+06
2.69404e+06
1.90018e+06
2.4139e+06
3.93437e+06
4.62421e+06
3.97043e+06
3.94248e+06
4.88675e+06
6.60764e+06
6.48654e+06
4.57326e+06
3.68515e+06
4.16864e+06
4.91821e+06
4.30784e+06
3.6919e+06
3.95776e+06
4.71387e+06
4.1921e+06
3.06386e+06
4.08816e+06
7.02584e+06
7.83101e+06
6.17119e+06
6.37341e+06
8.9601e+06
9.92902e+06
8.10132e+06
5.90256e+06
4.01704e+06
2.60899e+06
2.56632e+06
5.35136e+06
8.4542e+06
7.36059e+06
5.60032e+06
7.62035e+06
8.65982e+06
7.86473e+06
5.77794e+06
6.08011e+06
6.7059e+06
7.43222e+06
9.74374e+06
8.70775e+06
6.45418e+06
5.83849e+06
5.96943e+06
4.91601e+06
3.04718e+06
2.90662e+06
3.95494e+06
4.95409e+06
6.78197e+06
7.94426e+06
8.38759e+06
8.54258e+06
5.68291e+06
3.97802e+06
4.92592e+06
5.7574e+06
5.33033e+06
4.83685e+06
3.5774e+06
2.88242e+06
3.69874e+06
4.34105e+06
2.38899e+06
938625
1.84007e+06
3.83588e+06
5.24439e+06
6.04612e+06
7.53536e+06
6.63748e+06
3.47262e+06
1.04166e+06
1.13704e+06
2.35519e+06
1.98654e+06
595417
327752
431460
346885
975897
1.44034e+06
2.56258e+06
4.01e+06
4.10233e+06
2.69541e+06
957636
665269
688201
119746
832
0
0
8
212
5165
59685
384111
1.21657e+06
1.797e+06
1.01734e+06
157704
6907
162
0
0
0
0
0
0
27
611
9410
58564
134322
55114
0
0
0
0
0
0
0
0
0
0
0
0
0
0
0
0
0
0
0
0
0
0
0
0
0
0
0
0
0
0
0
0
0
0
0
0
0
0
0
0
0
0
0
0
0
0
0
0
0
0
0
0
0
0
0
0
0
0
0
0
0
0
0
0
0
0
0
0
0
0
0
0
0
0
0
0
0
0
0
0
0
0
0
0
0
0
0
0
0
0
0
0
0
0
0
0
0
0
0
0
0
0
0
0
0
0
0
0
0
0
0
0
0
0
0
0
0
0
0
0
0
0
0
0
0
0
0
0
0
0
0
0
0
0
0
0
0
0
0
0
0
0
0
0
0
0
0
0
0
0
0
0
0
0
0
0
0
0
0
0
0
0
0
0
0
0
0
0
0
0
0
0
0
0
0
0
0
0
0
0
0
0
0
0
0
0
0
0
0
0
0
0
0
0
0
0
0
0
0
0
