935936
0
0
0
0
0
0
0
0
0
0
0
0
0
0
0
0
1966
222068
1.58626e+06
2.30959e+06
1.17399e+06
282306
36811
3624
14390
111520
453231
913107
851904
374684
86212
130200
935707
2.97992e+06
4.03149e+06
2.38653e+06
682389
290194
996971
1.95195e+06
1.66676e+06
763560
826366
2.32225e+06
3.78006e+06
2.96321e+06
1.25262e+06
758779
1.20997e+06
1.26039e+06
1.25887e+06
3.37858e+06
7.03788e+06
7.10556e+06
3.57646e+06
1.35471e+06
1.05409e+06
1.1499e+06
2.21058e+06
4.70718e+06
5.70657e+06
4.07753e+06
3.46426e+06
4.00504e+06
3.39838e+06
3.25228e+06
4.05696e+06
3.69523e+06
3.43595e+06
4.3424e+06
5.38862e+06
8.49663e+06
1.1539e+07
8.54259e+06
3.3208e+06
1.37082e+06
3.20946e+06
6.71372e+06
7.38322e+06
4.90766e+06
3.44651e+06
4.39488e+06
7.12898e+06
8.35753e+06
7.22916e+06
7.1312e+06
8.89534e+06
1.19558e+07
1.17417e+07
8.32241e+06
6.66303e+06
7.58904e+06
8.89112e+06
7.83963e+06
6.67246e+06
7.19964e+06
8.52753e+06
7.59802e+06
5.56924e+06
7.43428e+06
1.27166e+07
1.41712e+07
1.1223e+07
1.15908e+07
1.62257e+07
1.7978e+07
1.47106e+07
1.07012e+07
7.28688e+06
4.72667e+06
4.66826e+06
9.74e+06
1.52496e+07
1.33757e+07
1.01887e+07
1.38324e+07
1.56592e+07
1.42798e+07
1.04838e+07
1.10003e+07
1.21746e+07
1.3504e+07
1.76637e+07
1.57516e+07
1.17297e+07
1.06018e+07
1.07968e+07
8.92672e+06
5.53585e+06
5.2713e+06
7.17706e+06
8.99401e+06
1.22707e+07
1.44042e+07
1.52441e+07
1.54449e+07
1.03076e+07
7.24582e+06
8.91891e+06
1.04318e+07
9.69379e+06
8.74862e+06
6.49706e+06
5.22872e+06
6.70197e+06
7.87849e+06
4.32744e+06
1.70997e+06
3.35007e+06
6.95693e+06
9.458e+06
1.10109e+07
1.36627e+07
1.20277e+07
6.28312e+06
1.89852e+06
2.07368e+06
4.27808e+06
3.58066e+06
1.0852e+06
596285
783036
629849
1.77689e+06
2.61347e+06
4.65332e+06
7.25604e+06
7.45193e+06
4.86429e+06
1.74574e+06
1.21402e+06
1.24467e+06
213736
1384
0
0
12
346
9185
110256
703624
2.21729e+06
3.24566e+06
1.83567e+06
288349
12719
305
0
0
0
0
0
0
57
1147
17452
109106
244220
95986
0
0
0
0
0
0
0
0
0
0
0
0
0
0
0
0
0
0
0
0
0
0
0
0
0
0
0
0
0
0
0
0
0
0
0
0
0
0
0
0
0
0
0
0
0
0
0
0
0
0
0
0
0
0
0
0
0
0
0
0
0
0
0
0
0
0
0
0
0
0
0
0
0
0
0
0
0
0
0
0
0
0
0
0
0
0
0
0
0
0
0
0
0
0
0
0
0
0
0
0
0
0
0
0
0
0
0
0
0
0
0
0
0
0
0
0
0
0
0
0
0
0
0
0
0
0
0
0
0
0
0
0
0
0
0
0
0
0
0
0
0
0
0
0
0
0
0
0
0
0
0
0
0
0
0
0
0
0
0
0
0
0
0
0
0
0
0
0
0
0
0
0
0
0
0
0
0
0
0
0
0
0
0
0
0
0
0
0
0
0
0
0
0
0
0
0
0
0
0
0
