1.00557e+06
0
0
0
0
0
0
0
0
0
0
0
0
0
0
0
0
2099
238404
1.70476e+06
2.48064e+06
1.26192e+06
303399
39422
3849
15515
119522
487258
980777
915673
402424
92552
139438
1.00538e+06
3.20204e+06
4.33085e+06
2.56532e+06
733169
310857
1.07129e+06
2.09658e+06
1.79141e+06
820808
886478
2.4965e+06
4.06037e+06
3.18494e+06
1.34529e+06
815101
1.30022e+06
1.35286e+06
1.35231e+06
3.62894e+06
7.56288e+06
7.63664e+06
3.84339e+06
1.4539e+06
1.13131e+06
1.2348e+06
2.37456e+06
5.05734e+06
6.13227e+06
4.38233e+06
3.72197e+06
4.30144e+06
3.65383e+06
3.49327e+06
4.35661e+06
3.97094e+06
3.69208e+06
4.6629e+06
5.78843e+06
9.13143e+06
1.23989e+07
9.18166e+06
3.56686e+06
1.4687e+06
3.44694e+06
7.2158e+06
7.93122e+06
5.27474e+06
3.70004e+06
4.7228e+06
7.6594e+06
8.97903e+06
7.77181e+06
7.65473e+06
9.56086e+06
1.28463e+07
1.26154e+07
8.94252e+06
7.15412e+06
8.15464e+06
9.55361e+06
8.42671e+06
7.16399e+06
7.73633e+06
9.1623e+06
8.16482e+06
5.98214e+06
7.98594e+06
1.36602e+07
1.52286e+07
1.20605e+07
1.24519e+07
1.74307e+07
1.93162e+07
1.5809e+07
1.14985e+07
7.82643e+06
5.07588e+06
5.01334e+06
1.04641e+07
1.63855e+07
1.43773e+07
1.09446e+07
1.48604e+07
1.68234e+07
1.5342e+07
1.1263e+07
1.182e+07
1.30788e+07
1.45077e+07
1.89809e+07
1.6921e+07
1.26052e+07
1.13915e+07
1.1598e+07
9.59062e+06
5.94798e+06
5.65942e+06
7.70995e+06
9.66489e+06
1.31836e+07
1.54758e+07
1.63823e+07
1.65951e+07
1.1073e+07
7.78234e+06
9.58307e+06
1.12088e+07
1.04145e+07
9.3973e+06
6.9828e+06
5.61583e+06
7.20006e+06
8.46858e+06
4.64904e+06
1.8362e+06
3.59756e+06
7.47478e+06
1.016e+07
1.18306e+07
1.46809e+07
1.29241e+07
6.75157e+06
2.03673e+06
2.22862e+06
4.59802e+06
3.84619e+06
1.16582e+06
640267
841522
676488
1.90939e+06
2.80751e+06
4.99885e+06
7.79726e+06
8.00723e+06
5.22539e+06
1.87475e+06
1.30557e+06
1.33686e+06
229530
1478
0
0
12
359
9823
117969
755944
2.38282e+06
3.48822e+06
1.97155e+06
309395
13690
330
0
0
0
0
0
0
57
1244
18762
117033
262584
103104
0
0
0
0
0
0
0
0
0
0
0
0
0
0
0
0
0
0
0
0
0
0
0
0
0
0
0
0
0
0
0
0
0
0
0
0
0
0
0
0
0
0
0
0
0
0
0
0
0
0
0
0
0
0
0
0
0
0
0
0
0
0
0
0
0
0
0
0
0
0
0
0
0
0
0
0
0
0
0
0
0
0
0
0
0
0
0
0
0
0
0
0
0
0
0
0
0
0
0
0
0
0
0
0
0
0
0
0
0
0
0
0
0
0
0
0
0
0
0
0
0
0
0
0
0
0
0
0
0
0
0
0
0
0
0
0
0
0
0
0
0
0
0
0
0
0
0
0
0
0
0
0
0
0
0
0
0
0
0
0
0
0
0
0
0
0
0
0
0
0
0
0
0
0
0
0
0
0
0
0
0
0
0
0
0
0
0
0
0
0
0
0
0
0
0
0
0
0
0
0
