739328
0
0
0
0
0
0
0
0
0
0
0
0
0
0
0
0
1539
175933
1.25115e+06
1.82624e+06
927616
222766
28635
2937
11169
87978
357404
722820
672980
295240
68237
102743
739241
2.35007e+06
3.19072e+06
1.88414e+06
537974
229241
786151
1.54361e+06
1.31653e+06
602546
650112
1.8322e+06
2.99629e+06
2.3393e+06
986192
597792
956860
997291
992347
2.66122e+06
5.56671e+06
5.62253e+06
2.81803e+06
1.06758e+06
834444
907850
1.74e+06
3.72065e+06
4.5191e+06
3.2124e+06
2.73346e+06
3.17205e+06
2.68022e+06
2.56529e+06
3.21215e+06
2.91627e+06
2.70861e+06
3.43866e+06
4.25077e+06
6.7037e+06
9.13582e+06
6.74519e+06
2.61573e+06
1.07954e+06
2.52754e+06
5.31254e+06
5.84314e+06
3.8695e+06
2.72063e+06
3.46471e+06
5.63612e+06
6.6106e+06
5.7013e+06
5.63513e+06
7.01798e+06
9.45547e+06
9.28542e+06
6.56112e+06
5.26439e+06
5.98761e+06
7.03447e+06
6.18736e+06
5.27642e+06
5.67896e+06
6.74216e+06
6.0072e+06
4.38936e+06
5.86187e+06
1.00609e+07
1.12068e+07
8.85136e+06
9.1402e+06
1.28286e+07
1.42163e+07
1.1613e+07
8.45592e+06
5.75609e+06
3.72989e+06
3.6748e+06
7.68434e+06
1.20815e+07
1.05621e+07
8.02813e+06
1.09235e+07
1.23849e+07
1.12775e+07
8.2795e+06
8.69496e+06
9.6138e+06
1.06523e+07
1.39604e+07
1.24572e+07
9.26061e+06
8.36807e+06
8.5407e+06
7.04824e+06
4.36509e+06
4.15923e+06
5.66635e+06
7.10096e+06
9.70565e+06
1.13866e+07
1.20271e+07
1.22174e+07
8.14039e+06
5.70996e+06
7.0523e+06
8.24641e+06
7.64557e+06
6.91582e+06
5.133e+06
4.128e+06
5.29388e+06
6.22682e+06
3.42014e+06
1.34405e+06
2.64128e+06
5.49746e+06
7.48552e+06
8.67962e+06
1.07994e+07
9.50942e+06
4.96766e+06
1.49225e+06
1.63078e+06
3.37956e+06
2.8384e+06
855022
469547
618721
494289
1.39896e+06
2.0642e+06
3.67494e+06
5.73922e+06
5.88596e+06
3.85062e+06
1.37428e+06
954473
986054
170651
1149
0
0
12
277
7159
85496
550001
1.74611e+06
2.57294e+06
1.45528e+06
226672
9756
243
0
0
0
0
0
0
49
836
13563
84984
193055
77177
0
0
0
0
0
0
0
0
0
0
0
0
0
0
0
0
0
0
0
0
0
0
0
0
0
0
0
0
0
0
0
0
0
0
0
0
0
0
0
0
0
0
0
0
0
0
0
0
0
0
0
0
0
0
0
0
0
0
0
0
0
0
0
0
0
0
0
0
0
0
0
0
0
0
0
0
0
0
0
0
0
0
0
0
0
0
0
0
0
0
0
0
0
0
0
0
0
0
0
0
0
0
0
0
0
0
0
0
0
0
0
0
0
0
0
0
0
0
0
0
0
0
0
0
0
0
0
0
0
0
0
0
0
0
0
0
0
0
0
0
0
0
0
0
0
0
0
0
0
0
0
0
0
0
0
0
0
0
0
0
0
0
0
0
0
0
0
0
0
0
0
0
0
0
0
0
0
0
0
0
0
0
0
0
0
0
0
0
0
0
0
0
0
0
0
0
0
0
0
0
