706560
0
0
0
0
0
0
0
0
0
0
0
0
0
0
0
0
1468
168186
1.19536e+06
1.74605e+06
885735
213032
27548
2799
10593
84068
341775
690553
643427
282007
65189
98305
706723
2.24549e+06
3.04938e+06
1.79978e+06
514852
219243
751442
1.47517e+06
1.25781e+06
575689
621713
1.74968e+06
2.86542e+06
2.23598e+06
941734
571282
913722
953832
948615
2.5425e+06
5.31993e+06
5.3737e+06
2.69289e+06
1.01994e+06
797813
868111
1.66246e+06
3.55563e+06
4.31896e+06
3.07013e+06
2.61194e+06
3.03188e+06
2.56101e+06
2.45145e+06
3.07056e+06
2.78679e+06
2.58831e+06
3.28721e+06
4.06235e+06
6.40508e+06
8.73178e+06
6.44589e+06
2.49945e+06
1.03142e+06
2.41525e+06
5.07745e+06
5.58614e+06
3.69778e+06
2.59905e+06
3.31002e+06
5.3868e+06
6.31867e+06
5.44776e+06
5.38573e+06
6.70633e+06
9.03575e+06
8.87591e+06
6.26999e+06
5.03258e+06
5.72043e+06
6.72296e+06
5.91061e+06
5.04441e+06
5.42576e+06
6.44528e+06
5.74175e+06
4.19382e+06
5.60227e+06
9.61572e+06
1.071e+07
8.45823e+06
8.7328e+06
1.22616e+07
1.35878e+07
1.10981e+07
8.08071e+06
5.49963e+06
3.56682e+06
3.51251e+06
7.33897e+06
1.15497e+07
1.00928e+07
7.67225e+06
1.04361e+07
1.18407e+07
1.0777e+07
7.91226e+06
8.31007e+06
9.18731e+06
1.01792e+07
1.33398e+07
1.19092e+07
8.84879e+06
7.99601e+06
8.16293e+06
6.73567e+06
4.17168e+06
3.97513e+06
5.41545e+06
6.78745e+06
9.27413e+06
1.08796e+07
1.14929e+07
1.16803e+07
7.78039e+06
5.45575e+06
6.73924e+06
7.88144e+06
7.30654e+06
6.60956e+06
4.90448e+06
3.94608e+06
5.05902e+06
5.94946e+06
3.26892e+06
1.28466e+06
2.52399e+06
5.254e+06
7.15662e+06
8.29382e+06
1.03189e+07
9.08826e+06
4.74874e+06
1.42544e+06
1.55913e+06
3.22777e+06
2.71377e+06
817203
448903
591060
472501
1.33647e+06
1.97284e+06
3.5113e+06
5.48611e+06
5.62408e+06
3.68124e+06
1.31255e+06
912162
942558
163031
1124
0
0
12
266
6808
81629
524872
1.66897e+06
2.45957e+06
1.39081e+06
216552
9322
231
0
0
0
0
0
0
41
796
12895
80915
184659
73974
0
0
0
0
0
0
0
0
0
0
0
0
0
0
0
0
0
0
0
0
0
0
0
0
0
0
0
0
0
0
0
0
0
0
0
0
0
0
0
0
0
0
0
0
0
0
0
0
0
0
0
0
0
0
0
0
0
0
0
0
0
0
0
0
0
0
0
0
0
0
0
0
0
0
0
0
0
0
0
0
0
0
0
0
0
0
0
0
0
0
0
0
0
0
0
0
0
0
0
0
0
0
0
0
0
0
0
0
0
0
0
0
0
0
0
0
0
0
0
0
0
0
0
0
0
0
0
0
0
0
0
0
0
0
0
0
0
0
0
0
0
0
0
0
0
0
0
0
0
0
0
0
0
0
0
0
0
0
0
0
0
0
0
0
0
0
0
0
0
0
0
0
0
0
0
0
0
0
0
0
0
0
0
0
0
0
0
0
0
0
0
0
0
0
0
0
0
0
0
0
