864256
0
0
0
0
0
0
0
0
0
0
0
0
0
0
0
0
1808
205145
1.46408e+06
2.13383e+06
1.08373e+06
260485
34043
3343
13116
102792
418516
843996
786573
345595
79675
120106
863888
2.74983e+06
3.72636e+06
2.20256e+06
630115
267724
920065
1.80331e+06
1.53862e+06
704880
761520
2.14464e+06
3.49481e+06
2.73517e+06
1.15494e+06
700217
1.11826e+06
1.16418e+06
1.16182e+06
3.11666e+06
6.50221e+06
6.5643e+06
3.29945e+06
1.25063e+06
974183
1.06131e+06
2.03896e+06
4.34776e+06
5.27402e+06
3.76142e+06
3.19882e+06
3.70161e+06
3.13539e+06
3.002e+06
3.74794e+06
3.41179e+06
3.17206e+06
4.0122e+06
4.97286e+06
7.84299e+06
1.06647e+07
7.88654e+06
3.06289e+06
1.26455e+06
2.96013e+06
6.20578e+06
6.82132e+06
4.52752e+06
3.18289e+06
4.05655e+06
6.58318e+06
7.71975e+06
6.67311e+06
6.58511e+06
8.21088e+06
1.10449e+07
1.0845e+07
7.68153e+06
6.15415e+06
7.00505e+06
8.2134e+06
7.23713e+06
6.16241e+06
6.64759e+06
7.8779e+06
7.0153e+06
5.13832e+06
6.86114e+06
1.17471e+07
1.30945e+07
1.03574e+07
1.06961e+07
1.49875e+07
1.66071e+07
1.3581e+07
9.88192e+06
6.72782e+06
4.36422e+06
4.30612e+06
8.99337e+06
1.40906e+07
1.23483e+07
9.40347e+06
1.27741e+07
1.44617e+07
1.31861e+07
9.68121e+06
1.01584e+07
1.12421e+07
1.24632e+07
1.63164e+07
1.45481e+07
1.08301e+07
9.78769e+06
9.97388e+06
8.24031e+06
5.11143e+06
4.86669e+06
6.62607e+06
8.30429e+06
1.13342e+07
1.33049e+07
1.40714e+07
1.42666e+07
9.51789e+06
6.68711e+06
8.23598e+06
9.63424e+06
8.94912e+06
8.08136e+06
5.9994e+06
4.82755e+06
6.188e+06
7.27471e+06
3.99801e+06
1.57757e+06
3.09212e+06
6.42492e+06
8.737e+06
1.01624e+07
1.26191e+07
1.11084e+07
5.80193e+06
1.7521e+06
1.91309e+06
3.94942e+06
3.30898e+06
1.00188e+06
550322
723270
580526
1.63978e+06
2.41391e+06
4.29615e+06
6.70254e+06
6.88126e+06
4.49333e+06
1.61135e+06
1.12028e+06
1.1492e+06
197795
1287
0
0
12
313
8507
101538
648465
2.04537e+06
2.99978e+06
1.69625e+06
266119
11667
276
0
0
0
0
0
0
57
1050
16078
100461
225570
88912
0
0
0
0
0
0
0
0
0
0
0
0
0
0
0
0
0
0
0
0
0
0
0
0
0
0
0
0
0
0
0
0
0
0
0
0
0
0
0
0
0
0
0
0
0
0
0
0
0
0
0
0
0
0
0
0
0
0
0
0
0
0
0
0
0
0
0
0
0
0
0
0
0
0
0
0
0
0
0
0
0
0
0
0
0
0
0
0
0
0
0
0
0
0
0
0
0
0
0
0
0
0
0
0
0
0
0
0
0
0
0
0
0
0
0
0
0
0
0
0
0
0
0
0
0
0
0
0
0
0
0
0
0
0
0
0
0
0
0
0
0
0
0
0
0
0
0
0
0
0
0
0
0
0
0
0
0
0
0
0
0
0
0
0
0
0
0
0
0
0
0
0
0
0
0
0
0
0
0
0
0
0
0
0
0
0
0
0
0
0
0
0
0
0
0
0
0
0
0
0
