303104
0
0
0
0
0
0
0
0
0
0
0
0
0
0
0
0
682
72462
510682
752157
377886
91783
12054
1263
4499
36368
144546
297871
277409
120432
27497
43444
305182
956915
1.3124e+06
767326
223340
95324
319927
637121
538393
245589
264954
744100
1.24564e+06
955106
402054
243408
391103
410782
408608
1.085e+06
2.28714e+06
2.30559e+06
1.14826e+06
439085
347009
372236
708017
1.52135e+06
1.87187e+06
1.30513e+06
1.11327e+06
1.3155e+06
1.09461e+06
1.04321e+06
1.32703e+06
1.18996e+06
1.1042e+06
1.42524e+06
1.73642e+06
2.73139e+06
3.77906e+06
2.7474e+06
1.0664e+06
444606
1.03083e+06
2.18705e+06
2.4099e+06
1.57145e+06
1.11722e+06
1.4125e+06
2.31147e+06
2.72647e+06
2.31844e+06
2.32315e+06
2.85642e+06
3.89468e+06
3.81419e+06
2.67794e+06
2.17204e+06
2.43343e+06
2.9031e+06
2.51787e+06
2.17441e+06
2.32187e+06
2.77436e+06
2.46273e+06
1.79459e+06
2.39392e+06
4.1318e+06
4.60955e+06
3.61335e+06
3.73229e+06
5.26828e+06
5.8514e+06
4.74651e+06
3.4664e+06
2.35922e+06
1.53454e+06
1.50085e+06
3.13052e+06
4.99863e+06
4.3071e+06
3.27683e+06
4.47165e+06
5.10411e+06
4.61151e+06
3.39229e+06
3.58103e+06
3.9281e+06
4.3578e+06
5.7218e+06
5.13587e+06
3.78261e+06
3.41909e+06
3.51833e+06
2.88098e+06
1.78612e+06
1.71183e+06
2.31863e+06
2.90805e+06
3.99737e+06
4.65708e+06
4.9159e+06
5.0309e+06
3.34224e+06
2.32212e+06
2.89735e+06
3.38382e+06
3.12252e+06
2.85058e+06
2.09784e+06
1.69279e+06
2.17299e+06
2.5453e+06
1.406e+06
549378
1.07955e+06
2.24911e+06
3.10475e+06
3.52424e+06
4.42626e+06
3.90455e+06
2.04451e+06
610277
667468
1.37712e+06
1.17436e+06
347209
192150
254448
204852
569633
844624
1.50305e+06
2.35362e+06
2.40883e+06
1.59412e+06
557989
389240
405383
70974
493
0
0
3
132
3154
35289
225353
710265
1.05829e+06
598800
92532
4018
101
0
0
0
0
0
0
15
389
5607
34438
78194
32909
0
0
0
0
0
0
0
0
0
0
0
0
0
0
0
0
0
0
0
0
0
0
0
0
0
0
0
0
0
0
0
0
0
0
0
0
0
0
0
0
0
0
0
0
0
0
0
0
0
0
0
0
0
0
0
0
0
0
0
0
0
0
0
0
0
0
0
0
0
0
0
0
0
0
0
0
0
0
0
0
0
0
0
0
0
0
0
0
0
0
0
0
0
0
0
0
0
0
0
0
0
0
0
0
0
0
0
0
0
0
0
0
0
0
0
0
0
0
0
0
0
0
0
0
0
0
0
0
0
0
0
0
0
0
0
0
0
0
0
0
0
0
0
0
0
0
0
0
0
0
0
0
0
0
0
0
0
0
0
0
0
0
0
0
0
0
0
0
0
0
0
0
0
0
0
0
0
0
0
0
0
0
0
0
0
0
0
0
0
0
0
0
0
0
0
0
0
0
0
0
