772096
0
0
0
0
0
0
0
0
0
0
0
0
0
0
0
0
1598
183673
1.30707e+06
1.90665e+06
968445
232892
30090
3043
11676
91948
373550
754211
702649
308788
71238
107436
772396
2.45446e+06
3.3304e+06
1.96797e+06
562482
239476
821733
1.61124e+06
1.37398e+06
630008
680696
1.91459e+06
3.12373e+06
2.44348e+06
1.03146e+06
624625
999591
1.04088e+06
1.03775e+06
2.78194e+06
5.80926e+06
5.86786e+06
2.94649e+06
1.1165e+06
870581
948054
1.82023e+06
3.88415e+06
4.71378e+06
3.35851e+06
2.85666e+06
3.30876e+06
2.8e+06
2.6807e+06
3.35265e+06
3.04631e+06
2.83117e+06
3.58884e+06
4.44172e+06
7.00269e+06
9.5318e+06
7.04365e+06
2.73559e+06
1.13013e+06
2.64326e+06
5.54343e+06
6.09728e+06
4.04306e+06
2.84362e+06
3.62084e+06
5.88352e+06
6.90036e+06
5.95772e+06
5.88512e+06
7.3324e+06
9.86954e+06
9.69206e+06
6.85629e+06
5.49841e+06
6.25579e+06
7.34246e+06
6.4637e+06
5.50832e+06
5.93389e+06
7.03849e+06
6.27025e+06
4.58775e+06
6.12687e+06
1.05003e+07
1.1699e+07
9.25027e+06
9.55146e+06
1.33908e+07
1.48401e+07
1.21309e+07
8.82937e+06
6.01274e+06
3.89636e+06
3.8429e+06
8.02802e+06
1.26034e+07
1.10319e+07
8.39308e+06
1.14069e+07
1.29282e+07
1.1778e+07
8.64767e+06
9.08006e+06
1.0042e+07
1.11291e+07
1.45755e+07
1.30026e+07
9.67309e+06
8.74213e+06
8.91556e+06
7.361e+06
4.56253e+06
4.34543e+06
5.9179e+06
7.41608e+06
1.01323e+07
1.1888e+07
1.25657e+07
1.27524e+07
8.50246e+06
5.96728e+06
7.36174e+06
8.61021e+06
7.98956e+06
7.22072e+06
5.35935e+06
4.31124e+06
5.5292e+06
6.50174e+06
3.57095e+06
1.40651e+06
2.75936e+06
5.73954e+06
7.81302e+06
9.0699e+06
1.12775e+07
9.9269e+06
5.1866e+06
1.56098e+06
1.70521e+06
3.52843e+06
2.96154e+06
894115
490735
646170
516880
1.46306e+06
2.15593e+06
3.83832e+06
5.9916e+06
6.14508e+06
4.01938e+06
1.43701e+06
998471
1.0283e+06
177986
1199
0
0
12
287
7554
89913
576391
1.82511e+06
2.68374e+06
1.51805e+06
237182
10362
266
0
0
0
0
0
0
54
906
14276
89258
201364
80190
0
0
0
0
0
0
0
0
0
0
0
0
0
0
0
0
0
0
0
0
0
0
0
0
0
0
0
0
0
0
0
0
0
0
0
0
0
0
0
0
0
0
0
0
0
0
0
0
0
0
0
0
0
0
0
0
0
0
0
0
0
0
0
0
0
0
0
0
0
0
0
0
0
0
0
0
0
0
0
0
0
0
0
0
0
0
0
0
0
0
0
0
0
0
0
0
0
0
0
0
0
0
0
0
0
0
0
0
0
0
0
0
0
0
0
0
0
0
0
0
0
0
0
0
0
0
0
0
0
0
0
0
0
0
0
0
0
0
0
0
0
0
0
0
0
0
0
0
0
0
0
0
0
0
0
0
0
0
0
0
0
0
0
0
0
0
0
0
0
0
0
0
0
0
0
0
0
0
0
0
0
0
0
0
0
0
0
0
0
0
0
0
0
0
0
0
0
0
0
0
