532480
0
0
0
0
0
0
0
0
0
0
0
0
0
0
0
0
1104
127027
899567
1.31729e+06
667022
160643
20685
2126
7777
63559
258016
519601
485237
212817
48964
74821
533604
1.6892e+06
2.30003e+06
1.35358e+06
389487
166153
565383
1.11286e+06
947489
433679
467528
1.31702e+06
2.16413e+06
1.68428e+06
709229
429236
689261
719441
716119
1.91313e+06
4.01035e+06
4.05074e+06
2.02624e+06
769190
603297
654837
1.25113e+06
2.67741e+06
3.26202e+06
2.30954e+06
1.96593e+06
2.28872e+06
1.92767e+06
1.84469e+06
2.31962e+06
2.09971e+06
1.94455e+06
2.48591e+06
3.06234e+06
4.81864e+06
6.58866e+06
4.85061e+06
1.88241e+06
780224
1.81886e+06
3.83004e+06
4.21391e+06
2.77983e+06
1.96011e+06
2.49041e+06
4.05987e+06
4.77151e+06
4.09662e+06
4.0664e+06
5.04328e+06
6.81663e+06
6.69307e+06
4.71886e+06
3.80007e+06
4.30246e+06
5.07333e+06
4.4458e+06
3.80896e+06
4.08284e+06
4.86294e+06
4.32597e+06
3.1606e+06
4.2174e+06
7.24935e+06
8.08065e+06
6.36692e+06
6.57568e+06
9.24415e+06
1.02442e+07
8.35923e+06
6.09001e+06
4.14471e+06
2.69088e+06
2.64716e+06
5.52214e+06
8.72108e+06
7.59531e+06
5.77789e+06
7.8638e+06
8.9334e+06
8.11506e+06
5.96073e+06
6.2734e+06
6.91977e+06
7.667e+06
1.00531e+07
8.98443e+06
6.65927e+06
6.02365e+06
6.15962e+06
5.0718e+06
3.14314e+06
2.99912e+06
4.0797e+06
5.11101e+06
6.99662e+06
8.19828e+06
8.65508e+06
8.81362e+06
5.8618e+06
4.10454e+06
5.08189e+06
5.94085e+06
5.50036e+06
4.98978e+06
3.6908e+06
2.9741e+06
3.81438e+06
4.48067e+06
2.46459e+06
967504
1.8977e+06
3.95906e+06
5.41083e+06
6.23791e+06
7.7753e+06
6.84906e+06
3.5826e+06
1.07384e+06
1.1728e+06
2.43053e+06
2.0494e+06
614406
337931
445302
357500
1.00615e+06
1.48541e+06
2.64488e+06
4.13776e+06
4.2337e+06
2.7806e+06
987696
686129
710364
123476
851
0
0
8
212
5258
61224
395495
1.25533e+06
1.85495e+06
1.05e+06
162633
7045
162
0
0
0
0
0
0
27
616
9632
60371
138782
56812
0
0
0
0
0
0
0
0
0
0
0
0
0
0
0
0
0
0
0
0
0
0
0
0
0
0
0
0
0
0
0
0
0
0
0
0
0
0
0
0
0
0
0
0
0
0
0
0
0
0
0
0
0
0
0
0
0
0
0
0
0
0
0
0
0
0
0
0
0
0
0
0
0
0
0
0
0
0
0
0
0
0
0
0
0
0
0
0
0
0
0
0
0
0
0
0
0
0
0
0
0
0
0
0
0
0
0
0
0
0
0
0
0
0
0
0
0
0
0
0
0
0
0
0
0
0
0
0
0
0
0
0
0
0
0
0
0
0
0
0
0
0
0
0
0
0
0
0
0
0
0
0
0
0
0
0
0
0
0
0
0
0
0
0
0
0
0
0
0
0
0
0
0
0
0
0
0
0
0
0
0
0
0
0
0
0
0
0
0
0
0
0
0
0
0
0
0
0
0
0
