786432
0
0
0
0
0
0
0
0
0
0
0
0
0
0
0
0
1635
186906
1.3316e+06
1.94206e+06
986280
237223
30681
3085
11929
93710
380272
768397
715697
314470
72556
109406
786491
2.50086e+06
3.3915e+06
2.00481e+06
572895
243760
837269
1.64095e+06
1.39947e+06
641810
693407
1.95014e+06
3.1815e+06
2.48869e+06
1.05078e+06
636483
1.01804e+06
1.05971e+06
1.0575e+06
2.83423e+06
5.91686e+06
5.97561e+06
3.00168e+06
1.13751e+06
886632
965807
1.8544e+06
3.95631e+06
4.80042e+06
3.42111e+06
2.9104e+06
3.36938e+06
2.85231e+06
2.73105e+06
3.41365e+06
3.10317e+06
2.88477e+06
3.65392e+06
4.52493e+06
7.13395e+06
9.70703e+06
7.17427e+06
2.78688e+06
1.15151e+06
2.69233e+06
5.64723e+06
6.20913e+06
4.11854e+06
2.89668e+06
3.68851e+06
5.99217e+06
7.02709e+06
6.06967e+06
5.9942e+06
7.46928e+06
1.00526e+07
9.87011e+06
6.98563e+06
5.60041e+06
6.37225e+06
7.47781e+06
6.58333e+06
5.61098e+06
6.04501e+06
7.1688e+06
6.38608e+06
4.67294e+06
6.2426e+06
1.06929e+07
1.1916e+07
9.42294e+06
9.73031e+06
1.36387e+07
1.51139e+07
1.23574e+07
8.99243e+06
6.12447e+06
3.96914e+06
3.91536e+06
8.17828e+06
1.2834e+07
1.12367e+07
8.55035e+06
1.16193e+07
1.31677e+07
1.19967e+07
8.80756e+06
9.2492e+06
1.02287e+07
1.13359e+07
1.4846e+07
1.3243e+07
9.85359e+06
8.90489e+06
9.0793e+06
7.49795e+06
4.649e+06
4.4263e+06
6.02798e+06
7.55462e+06
1.03184e+07
1.21089e+07
1.27992e+07
1.2988e+07
8.66103e+06
6.0785e+06
7.49805e+06
8.77032e+06
8.13812e+06
7.35459e+06
5.45886e+06
4.39149e+06
5.63209e+06
6.62185e+06
3.63728e+06
1.43358e+06
2.81067e+06
5.84625e+06
7.9572e+06
9.24032e+06
1.14845e+07
1.01106e+07
5.2833e+06
1.59042e+06
1.73774e+06
3.59358e+06
3.01569e+06
911052
500128
658145
526833
1.49081e+06
2.19549e+06
3.90957e+06
6.10212e+06
6.25918e+06
4.09382e+06
1.46393e+06
1.01731e+06
1.04714e+06
181118
1220
0
0
12
295
7781
91948
587449
1.85887e+06
2.733e+06
1.54592e+06
241774
10567
266
0
0
0
0
0
0
54
947
14598
90949
205014
81654
0
0
0
0
0
0
0
0
0
0
0
0
0
0
0
0
0
0
0
0
0
0
0
0
0
0
0
0
0
0
0
0
0
0
0
0
0
0
0
0
0
0
0
0
0
0
0
0
0
0
0
0
0
0
0
0
0
0
0
0
0
0
0
0
0
0
0
0
0
0
0
0
0
0
0
0
0
0
0
0
0
0
0
0
0
0
0
0
0
0
0
0
0
0
0
0
0
0
0
0
0
0
0
0
0
0
0
0
0
0
0
0
0
0
0
0
0
0
0
0
0
0
0
0
0
0
0
0
0
0
0
0
0
0
0
0
0
0
0
0
0
0
0
0
0
0
0
0
0
0
0
0
0
0
0
0
0
0
0
0
0
0
0
0
0
0
0
0
0
0
0
0
0
0
0
0
0
0
0
0
0
0
0
0
0
0
0
0
0
0
0
0
0
0
0
0
0
0
0
0
