616448
0
0
0
0
0
0
0
0
0
0
0
0
0
0
0
0
1280
146976
1.04246e+06
1.52374e+06
772613
185883
23941
2488
9191
73496
298557
601628
561734
245936
57102
86648
617413
1.95669e+06
2.66066e+06
1.56903e+06
450472
191841
655307
1.28759e+06
1.09659e+06
502883
541993
1.52544e+06
2.50284e+06
1.94906e+06
821804
498333
797242
832808
828154
2.2178e+06
4.63982e+06
4.6893e+06
2.34765e+06
891052
697375
757444
1.44955e+06
3.10144e+06
3.7713e+06
2.67558e+06
2.27857e+06
2.64721e+06
2.23276e+06
2.13802e+06
2.68095e+06
2.43158e+06
2.25476e+06
2.87319e+06
3.54449e+06
5.58631e+06
7.61848e+06
5.61869e+06
2.18176e+06
903275
2.10666e+06
4.43099e+06
4.87437e+06
3.22222e+06
2.2704e+06
2.88594e+06
4.69908e+06
5.5165e+06
4.74982e+06
4.70433e+06
5.84576e+06
7.88413e+06
7.7451e+06
5.46892e+06
4.39356e+06
4.9867e+06
5.87016e+06
5.15208e+06
4.40377e+06
4.73057e+06
5.62739e+06
5.00794e+06
3.66054e+06
4.88647e+06
8.39078e+06
9.34504e+06
7.37837e+06
7.6181e+06
1.0697e+07
1.18534e+07
9.68152e+06
7.05169e+06
4.79827e+06
3.11331e+06
3.06615e+06
6.40092e+06
1.00829e+07
8.79874e+06
6.69377e+06
9.10556e+06
1.03332e+07
9.39687e+06
6.90475e+06
7.25654e+06
8.01511e+06
8.87906e+06
1.16351e+07
1.03951e+07
7.7162e+06
6.97427e+06
7.1259e+06
5.87512e+06
3.63936e+06
3.46972e+06
4.72509e+06
5.92003e+06
8.09499e+06
9.49049e+06
1.00223e+07
1.01962e+07
6.78861e+06
4.75601e+06
5.8819e+06
6.87782e+06
6.37052e+06
5.77213e+06
4.27537e+06
3.44347e+06
4.41526e+06
5.1863e+06
2.85398e+06
1.12134e+06
2.19957e+06
4.58406e+06
6.25213e+06
7.22822e+06
9.00178e+06
7.93075e+06
4.14511e+06
1.24337e+06
1.35898e+06
2.81532e+06
2.36994e+06
711956
391502
515630
412769
1.16572e+06
1.72185e+06
3.0627e+06
4.78672e+06
4.90468e+06
3.2147e+06
1.14474e+06
795073
821876
142996
982
0
0
12
249
6020
71192
457943
1.45534e+06
2.14687e+06
1.21368e+06
188375
8153
206
0
0
0
0
0
0
34
708
11232
70289
160870
65091
0
0
0
0
0
0
0
0
0
0
0
0
0
0
0
0
0
0
0
0
0
0
0
0
0
0
0
0
0
0
0
0
0
0
0
0
0
0
0
0
0
0
0
0
0
0
0
0
0
0
0
0
0
0
0
0
0
0
0
0
0
0
0
0
0
0
0
0
0
0
0
0
0
0
0
0
0
0
0
0
0
0
0
0
0
0
0
0
0
0
0
0
0
0
0
0
0
0
0
0
0
0
0
0
0
0
0
0
0
0
0
0
0
0
0
0
0
0
0
0
0
0
0
0
0
0
0
0
0
0
0
0
0
0
0
0
0
0
0
0
0
0
0
0
0
0
0
0
0
0
0
0
0
0
0
0
0
0
0
0
0
0
0
0
0
0
0
0
0
0
0
0
0
0
0
0
0
0
0
0
0
0
0
0
0
0
0
0
0
0
0
0
0
0
0
0
0
0
0
0
