505856
0
0
0
0
0
0
0
0
0
0
0
0
0
0
0
0
1047
120679
854759
1.25119e+06
633597
152723
19676
2046
7404
60367
245140
493459
461040
202199
46544
71461
507579
1.6036e+06
2.1845e+06
1.28551e+06
370789
158114
537249
1.05755e+06
899559
411778
444515
1.25123e+06
2.05566e+06
1.60037e+06
673954
407627
654433
683419
681107
1.81812e+06
3.80869e+06
3.84706e+06
1.92484e+06
731284
573790
621919
1.1891e+06
2.54297e+06
3.09971e+06
2.1931e+06
1.86712e+06
2.17576e+06
1.83178e+06
1.75149e+06
2.20272e+06
1.99487e+06
1.84763e+06
2.36248e+06
2.90955e+06
4.57649e+06
6.26053e+06
4.60551e+06
1.78898e+06
742009
1.72738e+06
3.63967e+06
4.00312e+06
2.6406e+06
1.86295e+06
2.36605e+06
3.85585e+06
4.53194e+06
3.89166e+06
3.86484e+06
4.78931e+06
6.47711e+06
6.3572e+06
4.4822e+06
3.61339e+06
4.08562e+06
4.82065e+06
4.22135e+06
3.61897e+06
3.87969e+06
4.6204e+06
4.10884e+06
3.00293e+06
4.00821e+06
6.88516e+06
7.67488e+06
6.0492e+06
6.24774e+06
8.78198e+06
9.73234e+06
7.93968e+06
5.78561e+06
3.93694e+06
2.55802e+06
2.51613e+06
5.24486e+06
8.28636e+06
7.21408e+06
5.48996e+06
7.46885e+06
8.48745e+06
7.70819e+06
5.66382e+06
5.95981e+06
6.57239e+06
7.28617e+06
9.54909e+06
8.53511e+06
6.32626e+06
5.72255e+06
5.85087e+06
4.81794e+06
2.98777e+06
2.84944e+06
3.87676e+06
4.85565e+06
6.6472e+06
7.78523e+06
8.22103e+06
8.37335e+06
5.57059e+06
3.89944e+06
4.82864e+06
5.64267e+06
5.22426e+06
4.74126e+06
3.50625e+06
2.82559e+06
3.62528e+06
4.25427e+06
2.34143e+06
920932
1.80387e+06
3.75902e+06
5.14076e+06
5.92594e+06
7.38526e+06
6.50542e+06
3.40394e+06
1.02142e+06
1.11533e+06
2.30768e+06
1.94695e+06
583591
321405
422962
340356
956544
1.41202e+06
2.51076e+06
3.93104e+06
4.02006e+06
2.64232e+06
938742
652170
674490
117313
819
0
0
8
211
5092
58741
376799
1.19228e+06
1.76092e+06
997212
154517
6761
161
0
0
0
0
0
0
27
601
9239
57472
131605
53984
0
0
0
0
0
0
0
0
0
0
0
0
0
0
0
0
0
0
0
0
0
0
0
0
0
0
0
0
0
0
0
0
0
0
0
0
0
0
0
0
0
0
0
0
0
0
0
0
0
0
0
0
0
0
0
0
0
0
0
0
0
0
0
0
0
0
0
0
0
0
0
0
0
0
0
0
0
0
0
0
0
0
0
0
0
0
0
0
0
0
0
0
0
0
0
0
0
0
0
0
0
0
0
0
0
0
0
0
0
0
0
0
0
0
0
0
0
0
0
0
0
0
0
0
0
0
0
0
0
0
0
0
0
0
0
0
0
0
0
0
0
0
0
0
0
0
0
0
0
0
0
0
0
0
0
0
0
0
0
0
0
0
0
0
0
0
0
0
0
0
0
0
0
0
0
0
0
0
0
0
0
0
0
0
0
0
0
0
0
0
0
0
0
0
0
0
0
0
0
0
