135168
0
0
0
0
0
0
0
0
0
0
0
0
0
0
0
0
358
32821
225662
338064
167328
40548
5695
697
2163
16218
62821
134676
124192
52780
12548
19930
135457
421301
595314
336183
100348
43373
141642
286065
239789
107871
118166
328160
565980
420767
177800
108404
175081
184313
183062
478171
1.02419e+06
1.03121e+06
504972
197027
158850
165362
313686
672819
848250
574236
491319
598986
482183
460226
600886
526582
486917
648315
769392
1.19848e+06
1.71697e+06
1.20996e+06
473540
202699
454884
974980
1.08254e+06
691877
506113
623434
1.02816e+06
1.2293e+06
1.0193e+06
1.05084e+06
1.2583e+06
1.74505e+06
1.7047e+06
1.18394e+06
975896
1.07123e+06
1.31897e+06
1.10849e+06
977374
1.02314e+06
1.24603e+06
1.09897e+06
798404
1.06244e+06
1.84409e+06
2.06693e+06
1.60234e+06
1.66383e+06
2.34664e+06
2.6146e+06
2.10733e+06
1.55255e+06
1.05173e+06
689200
670295
1.37585e+06
2.26408e+06
1.90504e+06
1.4551e+06
1.98087e+06
2.30376e+06
2.04035e+06
1.51163e+06
1.61347e+06
1.74329e+06
1.9418e+06
2.53587e+06
2.31191e+06
1.68118e+06
1.51469e+06
1.58614e+06
1.27653e+06
794037
768135
1.02773e+06
1.29198e+06
1.80268e+06
2.07235e+06
2.17732e+06
2.25469e+06
1.48946e+06
1.02689e+06
1.30396e+06
1.50617e+06
1.38119e+06
1.28224e+06
929234
759053
969824
1.12924e+06
630283
246122
482705
993850
1.40999e+06
1.54789e+06
1.97322e+06
1.74521e+06
915649
272515
297606
605976
531060
154687
85134
113849
93085
250805
377993
669379
1.04909e+06
1.06682e+06
722466
245958
173308
180230
32802
237
0
0
3
66
1448
16268
100283
313312
473470
268741
41004
1880
37
0
0
0
0
0
0
7
232
2478
15458
34047
15362
0
0
0
0
0
0
0
0
0
0
0
0
0
0
0
0
0
0
0
0
0
0
0
0
0
0
0
0
0
0
0
0
0
0
0
0
0
0
0
0
0
0
0
0
0
0
0
0
0
0
0
0
0
0
0
0
0
0
0
0
0
0
0
0
0
0
0
0
0
0
0
0
0
0
0
0
0
0
0
0
0
0
0
0
0
0
0
0
0
0
0
0
0
0
0
0
0
0
0
0
0
0
0
0
0
0
0
0
0
0
0
0
0
0
0
0
0
0
0
0
0
0
0
0
0
0
0
0
0
0
0
0
0
0
0
0
0
0
0
0
0
0
0
0
0
0
0
0
0
0
0
0
0
0
0
0
0
0
0
0
0
0
0
0
0
0
0
0
0
0
0
0
0
0
0
0
0
0
0
0
0
0
0
0
0
0
0
0
0
0
0
0
0
0
0
0
0
0
0
0
