679936
0
0
0
0
0
0
0
0
0
0
0
0
0
0
0
0
1406
161776
1.15024e+06
1.68061e+06
851987
205173
26490
2706
10147
80763
329125
664678
619061
271162
62916
94814
680415
2.15999e+06
2.93462e+06
1.73165e+06
495869
211108
723116
1.41975e+06
1.20995e+06
554270
597950
1.68365e+06
2.75821e+06
2.15149e+06
906327
549517
879158
918184
912926
2.4466e+06
5.11904e+06
5.17179e+06
2.59093e+06
981686
768008
835320
1.59999e+06
3.42073e+06
4.15777e+06
2.95338e+06
2.51335e+06
2.91788e+06
2.46495e+06
2.35818e+06
2.95548e+06
2.68207e+06
2.48997e+06
3.16365e+06
3.9098e+06
6.16406e+06
8.40256e+06
6.20204e+06
2.40496e+06
992912
2.32472e+06
4.88625e+06
5.37584e+06
3.55815e+06
2.50087e+06
3.18468e+06
5.18356e+06
6.0818e+06
5.24232e+06
5.18376e+06
6.45152e+06
8.69682e+06
8.54136e+06
6.03354e+06
4.84355e+06
5.50397e+06
6.46998e+06
5.68717e+06
4.85495e+06
5.22004e+06
6.20445e+06
5.52424e+06
4.03583e+06
5.39132e+06
9.25465e+06
1.03054e+07
8.13975e+06
8.40348e+06
1.17996e+07
1.3076e+07
1.06793e+07
7.77584e+06
5.29266e+06
3.43287e+06
3.38079e+06
7.06074e+06
1.11159e+07
9.71246e+06
7.38331e+06
1.0042e+07
1.13943e+07
1.03713e+07
7.61449e+06
7.99784e+06
8.84032e+06
9.79511e+06
1.28377e+07
1.14607e+07
8.51417e+06
7.69495e+06
7.85735e+06
6.47962e+06
4.01553e+06
3.82445e+06
5.2111e+06
6.53158e+06
8.92634e+06
1.04697e+07
1.10589e+07
1.12415e+07
7.48552e+06
5.2514e+06
6.48574e+06
7.58295e+06
7.03111e+06
6.36134e+06
4.71873e+06
3.79881e+06
4.86798e+06
5.72412e+06
3.14698e+06
1.23581e+06
2.42863e+06
5.0556e+06
6.88777e+06
7.98067e+06
9.93055e+06
8.74643e+06
4.56906e+06
1.37166e+06
1.50044e+06
3.10634e+06
2.61112e+06
786461
431684
568970
454521
1.28626e+06
1.89882e+06
3.37858e+06
5.28084e+06
5.41159e+06
3.54259e+06
1.26276e+06
877823
906586
157168
1097
0
0
12
263
6509
78414
505270
1.60586e+06
2.3671e+06
1.33895e+06
207861
8965
223
0
0
0
0
0
0
37
766
12382
77747
177530
71506
0
0
0
0
0
0
0
0
0
0
0
0
0
0
0
0
0
0
0
0
0
0
0
0
0
0
0
0
0
0
0
0
0
0
0
0
0
0
0
0
0
0
0
0
0
0
0
0
0
0
0
0
0
0
0
0
0
0
0
0
0
0
0
0
0
0
0
0
0
0
0
0
0
0
0
0
0
0
0
0
0
0
0
0
0
0
0
0
0
0
0
0
0
0
0
0
0
0
0
0
0
0
0
0
0
0
0
0
0
0
0
0
0
0
0
0
0
0
0
0
0
0
0
0
0
0
0
0
0
0
0
0
0
0
0
0
0
0
0
0
0
0
0
0
0
0
0
0
0
0
0
0
0
0
0
0
0
0
0
0
0
0
0
0
0
0
0
0
0
0
0
0
0
0
0
0
0
0
0
0
0
0
0
0
0
0
0
0
0
0
0
0
0
0
0
0
0
0
0
0
