241664
0
0
0
0
0
0
0
0
0
0
0
0
0
0
0
0
559
58099
406439
600438
300852
73115
9736
1034
3645
28588
115186
238184
221221
95595
22066
34846
242288
762413
1.04995e+06
608856
178317
76372
255130
508680
428769
195454
211225
590992
997676
759953
319788
193826
312140
328540
325383
863015
1.82561e+06
1.83896e+06
912378
351148
278094
296510
564205
1.21112e+06
1.49712e+06
1.03697e+06
885921
1.05352e+06
869529
831222
1.06122e+06
946791
878743
1.14287e+06
1.38029e+06
2.1719e+06
3.02453e+06
2.18239e+06
851160
356639
820118
1.744e+06
1.92364e+06
1.24886e+06
893681
1.12351e+06
1.84347e+06
2.17872e+06
1.84304e+06
1.85738e+06
2.27186e+06
3.10803e+06
3.0427e+06
2.13088e+06
1.735e+06
1.93504e+06
2.32313e+06
1.99979e+06
1.73922e+06
1.84774e+06
2.21415e+06
1.9615e+06
1.43233e+06
1.90681e+06
3.29521e+06
3.67912e+06
2.87915e+06
2.97272e+06
4.1994e+06
4.66893e+06
3.77955e+06
2.76681e+06
1.88045e+06
1.22491e+06
1.19984e+06
2.48802e+06
3.99599e+06
3.42729e+06
2.61192e+06
3.56187e+06
4.0777e+06
3.6703e+06
2.70531e+06
2.8637e+06
3.12811e+06
3.47397e+06
4.55542e+06
4.10231e+06
3.01171e+06
2.72294e+06
2.81345e+06
2.29324e+06
1.4236e+06
1.36707e+06
1.84599e+06
2.3147e+06
3.19514e+06
3.71326e+06
3.91385e+06
4.01489e+06
2.66309e+06
1.848e+06
2.31422e+06
2.69945e+06
2.48379e+06
2.27723e+06
1.67089e+06
1.34947e+06
1.7325e+06
2.02783e+06
1.12205e+06
437897
860673
1.79298e+06
2.48378e+06
2.80082e+06
3.52894e+06
3.11373e+06
1.63232e+06
486403
532128
1.095e+06
938700
277237
152751
202952
163782
452357
673037
1.19866e+06
1.8769e+06
1.91914e+06
1.27494e+06
443525
309724
323526
56827
372
0
0
3
112
2474
28147
179032
565191
844995
478376
73358
3226
62
0
0
0
0
0
0
9
329
4477
27358
62064
26595
0
0
0
0
0
0
0
0
0
0
0
0
0
0
0
0
0
0
0
0
0
0
0
0
0
0
0
0
0
0
0
0
0
0
0
0
0
0
0
0
0
0
0
0
0
0
0
0
0
0
0
0
0
0
0
0
0
0
0
0
0
0
0
0
0
0
0
0
0
0
0
0
0
0
0
0
0
0
0
0
0
0
0
0
0
0
0
0
0
0
0
0
0
0
0
0
0
0
0
0
0
0
0
0
0
0
0
0
0
0
0
0
0
0
0
0
0
0
0
0
0
0
0
0
0
0
0
0
0
0
0
0
0
0
0
0
0
0
0
0
0
0
0
0
0
0
0
0
0
0
0
0
0
0
0
0
0
0
0
0
0
0
0
0
0
0
0
0
0
0
0
0
0
0
0
0
0
0
0
0
0
0
0
0
0
0
0
0
0
0
0
0
0
0
0
0
0
0
0
0
