655360
0
0
0
0
0
0
0
0
0
0
0
0
0
0
0
0
1351
156146
1.10875e+06
1.61932e+06
821235
197808
25664
2622
9815
77961
317431
639951
596821
261474
60735
91771
656511
2.08141e+06
2.82752e+06
1.66834e+06
478738
204303
697009
1.36787e+06
1.16585e+06
534638
577086
1.6222e+06
2.65855e+06
2.07303e+06
873668
530404
847168
884975
880541
2.35999e+06
4.93172e+06
4.98263e+06
2.49782e+06
947455
740763
805305
1.54306e+06
3.2958e+06
4.00755e+06
2.84588e+06
2.42327e+06
2.81212e+06
2.3758e+06
2.2732e+06
2.84872e+06
2.58507e+06
2.39953e+06
3.05078e+06
3.76973e+06
5.94029e+06
8.09629e+06
5.97571e+06
2.31975e+06
959927
2.2407e+06
4.70897e+06
5.18073e+06
3.42825e+06
2.41284e+06
3.06979e+06
4.99458e+06
5.86246e+06
5.05251e+06
4.99912e+06
6.21724e+06
8.38046e+06
8.23253e+06
5.81497e+06
4.67039e+06
5.30391e+06
6.23758e+06
5.47982e+06
4.68127e+06
5.0296e+06
5.98034e+06
5.32517e+06
3.89163e+06
5.19755e+06
8.91871e+06
9.93041e+06
7.847e+06
8.10215e+06
1.13718e+07
1.26002e+07
1.02926e+07
7.49533e+06
5.10233e+06
3.30945e+06
3.26027e+06
6.80605e+06
1.07146e+07
9.35839e+06
7.11783e+06
9.6798e+06
1.09834e+07
9.99229e+06
7.34123e+06
7.7093e+06
8.52116e+06
9.44237e+06
1.2372e+07
1.10465e+07
8.20526e+06
7.41584e+06
7.57438e+06
6.24568e+06
3.87091e+06
3.6872e+06
5.02224e+06
6.29524e+06
8.60565e+06
1.00896e+07
1.06578e+07
1.08351e+07
7.21508e+06
5.06168e+06
6.25308e+06
7.3088e+06
6.77517e+06
6.13209e+06
4.54825e+06
3.66162e+06
4.69298e+06
5.51498e+06
3.03384e+06
1.19234e+06
2.34032e+06
4.872e+06
6.64156e+06
7.68961e+06
9.57234e+06
8.42915e+06
4.40397e+06
1.32297e+06
1.44662e+06
2.99335e+06
2.51666e+06
757993
416176
548443
438680
1.24006e+06
1.83062e+06
3.25656e+06
5.0897e+06
5.21434e+06
3.41467e+06
1.21785e+06
845981
873539
151588
1041
0
0
12
263
6347
76002
487492
1.54748e+06
2.28133e+06
1.29006e+06
200353
8691
213
0
0
0
0
0
0
37
747
11986
74943
170959
69008
0
0
0
0
0
0
0
0
0
0
0
0
0
0
0
0
0
0
0
0
0
0
0
0
0
0
0
0
0
0
0
0
0
0
0
0
0
0
0
0
0
0
0
0
0
0
0
0
0
0
0
0
0
0
0
0
0
0
0
0
0
0
0
0
0
0
0
0
0
0
0
0
0
0
0
0
0
0
0
0
0
0
0
0
0
0
0
0
0
0
0
0
0
0
0
0
0
0
0
0
0
0
0
0
0
0
0
0
0
0
0
0
0
0
0
0
0
0
0
0
0
0
0
0
0
0
0
0
0
0
0
0
0
0
0
0
0
0
0
0
0
0
0
0
0
0
0
0
0
0
0
0
0
0
0
0
0
0
0
0
0
0
0
0
0
0
0
0
0
0
0
0
0
0
0
0
0
0
0
0
0
0
0
0
0
0
0
0
0
0
0
0
0
0
0
0
0
0
0
0
