802816
0
0
0
0
0
0
0
0
0
0
0
0
0
0
0
0
1670
190916
1.35958e+06
1.98186e+06
1.00701e+06
242210
31389
3149
12211
95708
388381
783870
730756
321208
74020
111831
802942
2.55304e+06
3.46125e+06
2.04685e+06
585192
249114
854685
1.67448e+06
1.42893e+06
655148
708204
1.99111e+06
3.24693e+06
2.54018e+06
1.07327e+06
650156
1.03904e+06
1.08135e+06
1.08034e+06
2.89407e+06
6.03856e+06
6.0984e+06
3.06556e+06
1.16184e+06
905004
986019
1.89399e+06
4.0381e+06
4.89938e+06
3.4927e+06
2.97169e+06
3.43904e+06
2.91246e+06
2.78826e+06
3.48319e+06
3.16812e+06
2.94612e+06
3.72882e+06
4.61958e+06
7.28372e+06
9.90713e+06
7.32317e+06
2.84639e+06
1.17577e+06
2.74944e+06
5.76452e+06
6.3368e+06
4.20483e+06
2.95771e+06
3.76682e+06
6.11586e+06
7.17246e+06
6.19602e+06
6.11979e+06
7.62601e+06
1.02602e+07
1.00744e+07
7.13334e+06
5.71767e+06
6.50554e+06
7.63132e+06
6.72059e+06
5.72775e+06
6.17302e+06
7.31813e+06
6.51668e+06
4.77174e+06
6.37475e+06
1.09138e+07
1.21623e+07
9.62076e+06
9.93437e+06
1.39227e+07
1.54268e+07
1.26145e+07
9.18042e+06
6.25161e+06
4.0523e+06
3.99934e+06
8.35077e+06
1.3095e+07
1.14709e+07
8.73227e+06
1.18625e+07
1.34382e+07
1.22474e+07
8.99111e+06
9.44176e+06
1.0442e+07
1.15745e+07
1.51543e+07
1.3517e+07
1.00589e+07
9.09141e+06
9.26693e+06
7.65393e+06
4.74756e+06
4.51992e+06
6.15485e+06
7.71313e+06
1.05296e+07
1.23594e+07
1.30683e+07
1.32561e+07
8.84174e+06
6.20712e+06
7.65419e+06
8.95195e+06
8.30904e+06
7.50738e+06
5.57266e+06
4.48367e+06
5.7491e+06
6.75788e+06
3.71345e+06
1.4648e+06
2.87051e+06
5.9675e+06
8.12172e+06
9.43594e+06
1.17219e+07
1.03191e+07
5.39253e+06
1.62538e+06
1.77516e+06
3.66825e+06
3.07655e+06
930823
510894
671679
538350
1.52189e+06
2.24148e+06
3.99093e+06
6.22914e+06
6.3902e+06
4.1769e+06
1.49533e+06
1.0389e+06
1.06863e+06
184462
1234
0
0
12
296
7932
93974
600369
1.89863e+06
2.78843e+06
1.57776e+06
246926
10754
266
0
0
0
0
0
0
54
961
14890
93114
209300
83089
0
0
0
0
0
0
0
0
0
0
0
0
0
0
0
0
0
0
0
0
0
0
0
0
0
0
0
0
0
0
0
0
0
0
0
0
0
0
0
0
0
0
0
0
0
0
0
0
0
0
0
0
0
0
0
0
0
0
0
0
0
0
0
0
0
0
0
0
0
0
0
0
0
0
0
0
0
0
0
0
0
0
0
0
0
0
0
0
0
0
0
0
0
0
0
0
0
0
0
0
0
0
0
0
0
0
0
0
0
0
0
0
0
0
0
0
0
0
0
0
0
0
0
0
0
0
0
0
0
0
0
0
0
0
0
0
0
0
0
0
0
0
0
0
0
0
0
0
0
0
0
0
0
0
0
0
0
0
0
0
0
0
0
0
0
0
0
0
0
0
0
0
0
0
0
0
0
0
0
0
0
0
0
0
0
0
0
0
0
0
0
0
0
0
0
0
0
0
0
0
