851968
0
0
0
0
0
0
0
0
0
0
0
0
0
0
0
0
1794
202302
1.44295e+06
2.10377e+06
1.06825e+06
256791
33573
3306
12931
101353
412511
831965
775461
340631
78560
118464
851766
2.71024e+06
3.67357e+06
2.17132e+06
621160
264010
906975
1.77769e+06
1.51659e+06
694986
750600
2.11388e+06
3.4458e+06
2.69588e+06
1.13849e+06
690224
1.10245e+06
1.14776e+06
1.14538e+06
3.07192e+06
6.40987e+06
6.47069e+06
3.25304e+06
1.23273e+06
960584
1.04608e+06
2.00936e+06
4.28642e+06
5.19939e+06
3.70758e+06
3.15307e+06
3.64934e+06
3.09105e+06
2.95914e+06
3.69466e+06
3.36271e+06
3.12675e+06
3.95638e+06
4.90183e+06
7.73092e+06
1.05136e+07
7.77384e+06
3.01953e+06
1.24638e+06
2.91787e+06
6.1184e+06
6.72412e+06
4.46315e+06
3.13774e+06
3.99881e+06
6.48923e+06
7.61022e+06
6.57782e+06
6.49212e+06
8.09278e+06
1.08895e+07
1.06905e+07
7.57193e+06
6.06739e+06
6.90471e+06
8.0967e+06
7.13344e+06
6.0757e+06
6.5531e+06
7.7659e+06
6.91594e+06
5.06406e+06
6.76384e+06
1.15808e+07
1.29087e+07
1.02096e+07
1.05433e+07
1.47741e+07
1.63728e+07
1.33875e+07
9.74096e+06
6.63243e+06
4.30182e+06
4.24463e+06
8.86574e+06
1.38912e+07
1.21713e+07
9.26994e+06
1.25918e+07
1.42565e+07
1.29988e+07
9.54374e+06
1.00149e+07
1.10817e+07
1.2285e+07
1.60842e+07
1.43429e+07
1.06751e+07
9.64899e+06
9.83229e+06
8.12214e+06
5.03898e+06
4.79737e+06
6.5321e+06
8.18687e+06
1.11726e+07
1.31149e+07
1.38718e+07
1.40644e+07
9.3828e+06
6.59132e+06
8.11948e+06
9.49656e+06
8.8224e+06
7.96671e+06
5.91356e+06
4.75911e+06
6.10012e+06
7.17148e+06
3.9404e+06
1.55502e+06
3.048e+06
6.33378e+06
8.61432e+06
1.00172e+07
1.24394e+07
1.095e+07
5.72032e+06
1.72676e+06
1.88581e+06
3.89298e+06
3.26218e+06
987828
542380
713030
572102
1.61596e+06
2.37954e+06
4.23489e+06
6.60744e+06
6.78381e+06
4.4303e+06
1.58795e+06
1.10397e+06
1.13298e+06
195120
1268
0
0
12
303
8340
100000
638607
2.01608e+06
2.95772e+06
1.67258e+06
262340
11461
273
0
0
0
0
0
0
54
1029
15820
98979
222362
87740
0
0
0
0
0
0
0
0
0
0
0
0
0
0
0
0
0
0
0
0
0
0
0
0
0
0
0
0
0
0
0
0
0
0
0
0
0
0
0
0
0
0
0
0
0
0
0
0
0
0
0
0
0
0
0
0
0
0
0
0
0
0
0
0
0
0
0
0
0
0
0
0
0
0
0
0
0
0
0
0
0
0
0
0
0
0
0
0
0
0
0
0
0
0
0
0
0
0
0
0
0
0
0
0
0
0
0
0
0
0
0
0
0
0
0
0
0
0
0
0
0
0
0
0
0
0
0
0
0
0
0
0
0
0
0
0
0
0
0
0
0
0
0
0
0
0
0
0
0
0
0
0
0
0
0
0
0
0
0
0
0
0
0
0
0
0
0
0
0
0
0
0
0
0
0
0
0
0
0
0
0
0
0
0
0
0
0
0
0
0
0
0
0
0
0
0
0
0
0
0
