694272
0
0
0
0
0
0
0
0
0
0
0
0
0
0
0
0
1444
165402
1.17424e+06
1.71582e+06
870284
209430
27065
2749
10413
82548
335935
678620
632067
277043
64183
96778
694778
2.20574e+06
2.99615e+06
1.76839e+06
506281
215561
738514
1.44944e+06
1.23566e+06
565739
611024
1.71898e+06
2.81596e+06
2.197e+06
925405
561398
897368
937487
932502
2.49822e+06
5.22691e+06
5.28032e+06
2.64587e+06
1.00271e+06
783806
853197
1.63388e+06
3.4932e+06
4.24388e+06
3.01641e+06
2.56679e+06
2.97926e+06
2.51656e+06
2.40846e+06
3.01747e+06
2.73821e+06
2.54329e+06
3.23033e+06
3.9919e+06
6.29398e+06
8.57883e+06
6.33322e+06
2.45654e+06
1.01396e+06
2.37388e+06
4.98826e+06
5.48884e+06
3.63361e+06
2.55404e+06
3.25243e+06
5.29266e+06
6.2089e+06
5.3537e+06
5.29188e+06
6.58986e+06
8.87865e+06
8.72087e+06
6.1613e+06
4.94525e+06
5.62078e+06
6.60595e+06
5.80745e+06
4.95726e+06
5.33123e+06
6.33326e+06
5.64112e+06
4.1219e+06
5.50533e+06
9.4486e+06
1.05221e+07
8.3121e+06
8.58135e+06
1.20475e+07
1.33515e+07
1.09047e+07
7.9403e+06
5.404e+06
3.50523e+06
3.45258e+06
7.21e+06
1.13485e+07
9.91765e+06
7.53995e+06
1.02534e+07
1.16349e+07
1.05894e+07
7.77539e+06
8.16609e+06
9.02707e+06
1.00024e+07
1.31068e+07
1.17025e+07
8.69413e+06
7.85683e+06
8.02235e+06
6.61709e+06
4.1005e+06
3.90593e+06
5.32126e+06
6.66895e+06
9.11298e+06
1.06904e+07
1.1293e+07
1.14771e+07
7.64503e+06
5.36088e+06
6.62247e+06
7.74392e+06
7.17951e+06
6.49492e+06
4.81858e+06
3.87847e+06
4.97058e+06
5.84507e+06
3.21261e+06
1.2624e+06
2.48e+06
5.16268e+06
7.03263e+06
8.1496e+06
1.01391e+07
8.93031e+06
4.66536e+06
1.40112e+06
1.53226e+06
3.17155e+06
2.66601e+06
803246
440994
580883
464300
1.31337e+06
1.93864e+06
3.45015e+06
5.3913e+06
5.52574e+06
3.6169e+06
1.29004e+06
896387
925744
160344
1104
0
0
12
263
6656
80248
516001
1.63956e+06
2.41717e+06
1.36668e+06
212467
9153
228
0
0
0
0
0
0
37
781
12663
79473
181308
72874
0
0
0
0
0
0
0
0
0
0
0
0
0
0
0
0
0
0
0
0
0
0
0
0
0
0
0
0
0
0
0
0
0
0
0
0
0
0
0
0
0
0
0
0
0
0
0
0
0
0
0
0
0
0
0
0
0
0
0
0
0
0
0
0
0
0
0
0
0
0
0
0
0
0
0
0
0
0
0
0
0
0
0
0
0
0
0
0
0
0
0
0
0
0
0
0
0
0
0
0
0
0
0
0
0
0
0
0
0
0
0
0
0
0
0
0
0
0
0
0
0
0
0
0
0
0
0
0
0
0
0
0
0
0
0
0
0
0
0
0
0
0
0
0
0
0
0
0
0
0
0
0
0
0
0
0
0
0
0
0
0
0
0
0
0
0
0
0
0
0
0
0
0
0
0
0
0
0
0
0
0
0
0
0
0
0
0
0
0
0
0
0
0
0
0
0
0
0
0
0
