825344
0
0
0
0
0
0
0
0
0
0
0
0
0
0
0
0
1725
196122
1.3979e+06
2.03786e+06
1.03492e+06
248774
32454
3215
12496
98354
399552
805590
751435
330236
76012
114819
825237
2.62524e+06
3.55847e+06
2.10408e+06
601542
255781
878947
1.72176e+06
1.46891e+06
673428
727487
2.04784e+06
3.33782e+06
2.61178e+06
1.10303e+06
668494
1.0683e+06
1.1115e+06
1.11013e+06
2.97564e+06
6.20823e+06
6.26962e+06
3.15182e+06
1.19388e+06
930391
1.01343e+06
1.9468e+06
4.15286e+06
5.0362e+06
3.59136e+06
3.0547e+06
3.5355e+06
2.99433e+06
2.86673e+06
3.57984e+06
3.25701e+06
3.02945e+06
3.83263e+06
4.74964e+06
7.48807e+06
1.01855e+07
7.52957e+06
2.92573e+06
1.20757e+06
2.8269e+06
5.92801e+06
6.51352e+06
4.32271e+06
3.04065e+06
3.87278e+06
6.28763e+06
7.3727e+06
6.3708e+06
6.29029e+06
7.84014e+06
1.05489e+07
1.03563e+07
7.33465e+06
5.87854e+06
6.68814e+06
7.84376e+06
6.9101e+06
5.88735e+06
6.34754e+06
7.52401e+06
6.69902e+06
4.90502e+06
6.55367e+06
1.122e+07
1.2504e+07
9.89061e+06
1.02129e+07
1.43127e+07
1.58619e+07
1.29687e+07
9.43667e+06
6.42601e+06
4.16707e+06
4.11217e+06
8.58636e+06
1.34597e+07
1.17916e+07
8.97776e+06
1.2198e+07
1.38125e+07
1.25927e+07
9.24424e+06
9.70398e+06
1.07349e+07
1.19003e+07
1.55803e+07
1.38963e+07
1.03414e+07
9.34723e+06
9.5251e+06
7.8687e+06
4.88112e+06
4.64763e+06
6.32848e+06
7.93082e+06
1.08218e+07
1.27057e+07
1.34378e+07
1.36264e+07
9.08958e+06
6.3834e+06
7.86735e+06
9.20143e+06
8.54431e+06
7.71929e+06
5.72833e+06
4.60969e+06
5.90976e+06
6.94744e+06
3.81715e+06
1.50626e+06
2.9516e+06
6.13533e+06
8.34865e+06
9.70223e+06
1.20498e+07
1.06092e+07
5.5424e+06
1.6717e+06
1.82609e+06
3.77128e+06
3.16126e+06
957227
525257
690488
554060
1.56467e+06
2.30423e+06
4.10316e+06
6.40212e+06
6.57147e+06
4.29286e+06
1.5379e+06
1.06863e+06
1.09812e+06
189168
1255
0
0
12
296
8152
96614
617589
1.95206e+06
2.86677e+06
1.6215e+06
253760
11073
269
0
0
0
0
0
0
54
990
15312
95685
215336
85295
0
0
0
0
0
0
0
0
0
0
0
0
0
0
0
0
0
0
0
0
0
0
0
0
0
0
0
0
0
0
0
0
0
0
0
0
0
0
0
0
0
0
0
0
0
0
0
0
0
0
0
0
0
0
0
0
0
0
0
0
0
0
0
0
0
0
0
0
0
0
0
0
0
0
0
0
0
0
0
0
0
0
0
0
0
0
0
0
0
0
0
0
0
0
0
0
0
0
0
0
0
0
0
0
0
0
0
0
0
0
0
0
0
0
0
0
0
0
0
0
0
0
0
0
0
0
0
0
0
0
0
0
0
0
0
0
0
0
0
0
0
0
0
0
0
0
0
0
0
0
0
0
0
0
0
0
0
0
0
0
0
0
0
0
0
0
0
0
0
0
0
0
0
0
0
0
0
0
0
0
0
0
0
0
0
0
0
0
0
0
0
0
0
0
0
0
0
0
0
0
