835584
0
0
0
0
0
0
0
0
0
0
0
0
0
0
0
0
1752
198488
1.41507e+06
2.06349e+06
1.04774e+06
251733
32898
3246
12691
99537
404403
815686
760932
334132
76970
116194
835469
2.65775e+06
3.60292e+06
2.13003e+06
609008
258877
889718
1.74353e+06
1.4871e+06
681782
736200
2.07288e+06
3.38001e+06
2.64396e+06
1.11673e+06
676623
1.08158e+06
1.12547e+06
1.1236e+06
3.0126e+06
6.28587e+06
6.34705e+06
3.1908e+06
1.20871e+06
942086
1.0258e+06
1.97058e+06
4.2044e+06
5.09944e+06
3.63578e+06
3.09249e+06
3.57947e+06
3.03138e+06
2.90217e+06
3.62414e+06
3.29765e+06
3.06658e+06
3.88064e+06
4.80789e+06
7.58108e+06
1.03125e+07
7.62371e+06
2.96146e+06
1.22228e+06
2.86152e+06
6.00171e+06
6.59491e+06
4.37659e+06
3.07782e+06
3.9211e+06
6.36522e+06
7.46431e+06
6.45005e+06
6.36806e+06
7.9371e+06
1.06801e+07
1.0485e+07
7.426e+06
5.95128e+06
6.77094e+06
7.9413e+06
6.99608e+06
5.95948e+06
6.42665e+06
7.61725e+06
6.78294e+06
4.96517e+06
6.63447e+06
1.13596e+07
1.26598e+07
1.0013e+07
1.03393e+07
1.44903e+07
1.60594e+07
1.31297e+07
9.55343e+06
6.50536e+06
4.21896e+06
4.1631e+06
8.69353e+06
1.3626e+07
1.19377e+07
9.08955e+06
1.23495e+07
1.39831e+07
1.27499e+07
9.35898e+06
9.82368e+06
1.08679e+07
1.20479e+07
1.57745e+07
1.40688e+07
1.04694e+07
9.46312e+06
9.64318e+06
7.96639e+06
4.9416e+06
4.7055e+06
6.40668e+06
8.02908e+06
1.09567e+07
1.28628e+07
1.36054e+07
1.3795e+07
9.20255e+06
6.46269e+06
7.96448e+06
9.31463e+06
8.65124e+06
7.8148e+06
5.79959e+06
4.66695e+06
5.98314e+06
7.03394e+06
3.86442e+06
1.52468e+06
2.98866e+06
6.21156e+06
8.45149e+06
9.82315e+06
1.21992e+07
1.07407e+07
5.61098e+06
1.69271e+06
1.84891e+06
3.81824e+06
3.20014e+06
968915
531786
699190
560865
1.58415e+06
2.33353e+06
4.15332e+06
6.48116e+06
6.65362e+06
4.34585e+06
1.557e+06
1.08223e+06
1.11146e+06
191532
1261
0
0
12
296
8199
97887
625566
1.97657e+06
2.90184e+06
1.64127e+06
257113
11237
272
0
0
0
0
0
0
54
1005
15498
96940
218046
86249
0
0
0
0
0
0
0
0
0
0
0
0
0
0
0
0
0
0
0
0
0
0
0
0
0
0
0
0
0
0
0
0
0
0
0
0
0
0
0
0
0
0
0
0
0
0
0
0
0
0
0
0
0
0
0
0
0
0
0
0
0
0
0
0
0
0
0
0
0
0
0
0
0
0
0
0
0
0
0
0
0
0
0
0
0
0
0
0
0
0
0
0
0
0
0
0
0
0
0
0
0
0
0
0
0
0
0
0
0
0
0
0
0
0
0
0
0
0
0
0
0
0
0
0
0
0
0
0
0
0
0
0
0
0
0
0
0
0
0
0
0
0
0
0
0
0
0
0
0
0
0
0
0
0
0
0
0
0
0
0
0
0
0
0
0
0
0
0
0
0
0
0
0
0
0
0
0
0
0
0
0
0
0
0
0
0
0
0
0
0
0
0
0
0
0
0
0
0
0
0
