462848
0
0
0
0
0
0
0
0
0
0
0
0
0
0
0
0
964
110560
781594
1.14502e+06
579790
139857
17959
1875
6863
55309
223762
451620
422343
184953
42453
65623
464937
1.46598e+06
1.99879e+06
1.17644e+06
339444
144354
491646
968728
822596
376390
406794
1.14364e+06
1.88267e+06
1.46398e+06
617140
372533
598171
625463
623060
1.66329e+06
3.48633e+06
3.52e+06
1.75967e+06
669315
525753
568542
1.08753e+06
2.3265e+06
2.83892e+06
2.00514e+06
1.70698e+06
1.99244e+06
1.676e+06
1.60202e+06
2.01593e+06
1.82444e+06
1.6896e+06
2.16354e+06
2.6611e+06
4.18535e+06
5.73457e+06
4.2108e+06
1.63592e+06
678812
1.57895e+06
3.33241e+06
3.66483e+06
2.41464e+06
1.70355e+06
2.16457e+06
3.52722e+06
4.14951e+06
3.55831e+06
3.53712e+06
4.37885e+06
5.93026e+06
5.81798e+06
4.09926e+06
3.30842e+06
3.73482e+06
4.41298e+06
3.86057e+06
3.31231e+06
3.54881e+06
4.22912e+06
3.7604e+06
2.74512e+06
3.66569e+06
6.30209e+06
7.02615e+06
5.53155e+06
5.71271e+06
8.03745e+06
8.91015e+06
7.26247e+06
5.29307e+06
3.60235e+06
2.33984e+06
2.30065e+06
4.79887e+06
7.58669e+06
6.59713e+06
5.01858e+06
6.83387e+06
7.77034e+06
7.05302e+06
5.18033e+06
5.45613e+06
6.01078e+06
6.6655e+06
8.73784e+06
7.81532e+06
5.78581e+06
5.23329e+06
5.35451e+06
4.40693e+06
2.73432e+06
2.60857e+06
3.54593e+06
4.44283e+06
6.08444e+06
7.1216e+06
7.51967e+06
7.66474e+06
5.10031e+06
3.56558e+06
4.41725e+06
5.16297e+06
4.77788e+06
4.34127e+06
3.20812e+06
2.58532e+06
3.31668e+06
3.89057e+06
2.14245e+06
842063
1.64911e+06
3.43944e+06
4.71202e+06
5.41785e+06
6.75598e+06
5.95338e+06
3.11597e+06
933469
1.0207e+06
2.10898e+06
1.78327e+06
533828
293538
387469
311667
873470
1.29022e+06
2.29739e+06
3.59801e+06
3.68061e+06
2.41922e+06
857326
595408
617511
107744
763
0
0
8
170
4547
53147
343327
1.08939e+06
1.61485e+06
913147
140882
6032
132
0
0
0
0
0
0
15
533
8174
52486
120397
49819
0
0
0
0
0
0
0
0
0
0
0
0
0
0
0
0
0
0
0
0
0
0
0
0
0
0
0
0
0
0
0
0
0
0
0
0
0
0
0
0
0
0
0
0
0
0
0
0
0
0
0
0
0
0
0
0
0
0
0
0
0
0
0
0
0
0
0
0
0
0
0
0
0
0
0
0
0
0
0
0
0
0
0
0
0
0
0
0
0
0
0
0
0
0
0
0
0
0
0
0
0
0
0
0
0
0
0
0
0
0
0
0
0
0
0
0
0
0
0
0
0
0
0
0
0
0
0
0
0
0
0
0
0
0
0
0
0
0
0
0
0
0
0
0
0
0
0
0
0
0
0
0
0
0
0
0
0
0
0
0
0
0
0
0
0
0
0
0
0
0
0
0
0
0
0
0
0
0
0
0
0
0
0
0
0
0
0
0
0
0
0
0
0
0
0
0
0
0
0
0
