243712
0
0
0
0
0
0
0
0
0
0
0
0
0
0
0
0
563
58588
409991
605354
303419
73798
9810
1038
3692
28863
116150
240164
223046
96433
22267
35160
244485
768844
1.05848e+06
614136
179958
77073
257295
512910
432319
197284
213200
595993
1.00562e+06
766469
322585
195623
314712
331296
328282
870588
1.8408e+06
1.85423e+06
920207
354340
280353
299138
569176
1.22129e+06
1.50928e+06
1.04601e+06
893618
1.06218e+06
876957
838443
1.07007e+06
954936
886255
1.15236e+06
1.39235e+06
2.19052e+06
3.04913e+06
2.201e+06
858698
359914
827109
1.75864e+06
1.93972e+06
1.25953e+06
901286
1.1333e+06
1.85891e+06
2.1968e+06
1.8591e+06
1.87311e+06
2.29131e+06
3.13404e+06
3.06826e+06
2.14915e+06
1.74992e+06
1.95149e+06
2.34236e+06
2.01703e+06
1.75388e+06
1.86353e+06
2.23266e+06
1.97814e+06
1.4446e+06
1.92348e+06
3.32272e+06
3.70982e+06
2.90391e+06
2.99821e+06
4.23494e+06
4.70801e+06
3.81161e+06
2.79025e+06
1.89663e+06
1.23534e+06
1.21016e+06
2.50939e+06
4.02897e+06
3.45654e+06
2.63448e+06
3.59234e+06
4.11155e+06
3.70162e+06
2.7284e+06
2.88755e+06
3.1547e+06
3.50369e+06
4.59413e+06
4.13662e+06
3.03752e+06
2.74604e+06
2.83678e+06
2.31289e+06
1.436e+06
1.37867e+06
1.8618e+06
2.33456e+06
3.22158e+06
3.74466e+06
3.94723e+06
4.0486e+06
2.68582e+06
1.86392e+06
2.33355e+06
2.72227e+06
2.50518e+06
2.2964e+06
1.6852e+06
1.36093e+06
1.74717e+06
2.04469e+06
1.13158e+06
441910
868025
1.80823e+06
2.50445e+06
2.825e+06
3.55862e+06
3.13977e+06
1.64608e+06
490845
536965
1.10412e+06
946330
279682
154095
204667
165267
456342
678701
1.20896e+06
1.89268e+06
1.93519e+06
1.28559e+06
447477
312440
326120
57296
379
0
0
3
113
2500
28411
180708
570013
851980
482307
74047
3262
64
0
0
0
0
0
0
9
330
4523
27605
62593
26796
0
0
0
0
0
0
0
0
0
0
0
0
0
0
0
0
0
0
0
0
0
0
0
0
0
0
0
0
0
0
0
0
0
0
0
0
0
0
0
0
0
0
0
0
0
0
0
0
0
0
0
0
0
0
0
0
0
0
0
0
0
0
0
0
0
0
0
0
0
0
0
0
0
0
0
0
0
0
0
0
0
0
0
0
0
0
0
0
0
0
0
0
0
0
0
0
0
0
0
0
0
0
0
0
0
0
0
0
0
0
0
0
0
0
0
0
0
0
0
0
0
0
0
0
0
0
0
0
0
0
0
0
0
0
0
0
0
0
0
0
0
0
0
0
0
0
0
0
0
0
0
0
0
0
0
0
0
0
0
0
0
0
0
0
0
0
0
0
0
0
0
0
0
0
0
0
0
0
0
0
0
0
0
0
0
0
0
0
0
0
0
0
0
0
0
0
0
0
0
0
