794624
0
0
0
0
0
0
0
0
0
0
0
0
0
0
0
0
1649
188891
1.34563e+06
1.9619e+06
996676
239755
31022
3122
12085
94680
384307
776158
723221
317855
73294
110590
794829
2.52687e+06
3.42628e+06
2.02583e+06
579122
246520
845936
1.65757e+06
1.41426e+06
648604
700844
1.97053e+06
3.21411e+06
2.51454e+06
1.06206e+06
643262
1.02853e+06
1.07049e+06
1.06916e+06
2.86412e+06
5.97754e+06
6.03688e+06
3.03372e+06
1.14972e+06
895845
975922
1.87414e+06
3.9971e+06
4.84997e+06
3.45696e+06
2.94097e+06
3.4044e+06
2.88222e+06
2.75984e+06
3.44825e+06
3.13562e+06
2.9154e+06
3.69157e+06
4.57226e+06
7.20895e+06
9.80672e+06
7.24875e+06
2.81657e+06
1.16392e+06
2.72061e+06
5.70622e+06
6.27277e+06
4.16161e+06
2.92734e+06
3.72784e+06
6.05379e+06
7.09964e+06
6.13301e+06
6.05714e+06
7.54741e+06
1.01565e+07
9.97216e+06
7.05954e+06
5.65909e+06
6.43883e+06
7.55443e+06
6.65206e+06
5.66948e+06
6.1089e+06
7.2436e+06
6.4511e+06
4.72255e+06
6.30891e+06
1.08029e+07
1.20394e+07
9.52162e+06
9.83273e+06
1.37805e+07
1.52702e+07
1.24859e+07
9.0866e+06
6.18794e+06
4.01092e+06
3.95726e+06
8.26468e+06
1.29645e+07
1.13537e+07
8.64154e+06
1.17407e+07
1.33031e+07
1.21217e+07
8.89936e+06
9.34556e+06
1.03355e+07
1.14551e+07
1.49999e+07
1.33801e+07
9.95634e+06
8.99816e+06
9.17307e+06
7.57595e+06
4.6985e+06
4.47313e+06
6.09134e+06
7.63382e+06
1.0424e+07
1.22342e+07
1.29335e+07
1.31223e+07
8.75129e+06
6.14269e+06
7.57615e+06
8.86139e+06
8.22332e+06
7.4309e+06
5.51565e+06
4.43772e+06
5.6906e+06
6.68997e+06
3.6754e+06
1.44916e+06
2.84072e+06
5.90656e+06
8.03971e+06
9.33813e+06
1.1603e+07
1.02148e+07
5.33797e+06
1.60789e+06
1.75651e+06
3.63091e+06
3.04599e+06
921076
505538
664871
532762
1.50632e+06
2.21843e+06
3.95003e+06
6.16593e+06
6.32442e+06
4.13555e+06
1.47954e+06
1.02818e+06
1.0578e+06
182829
1227
0
0
12
296
7870
93023
593939
1.87853e+06
2.76086e+06
1.56184e+06
244325
10662
266
0
0
0
0
0
0
54
957
14759
92062
207051
82429
0
0
0
0
0
0
0
0
0
0
0
0
0
0
0
0
0
0
0
0
0
0
0
0
0
0
0
0
0
0
0
0
0
0
0
0
0
0
0
0
0
0
0
0
0
0
0
0
0
0
0
0
0
0
0
0
0
0
0
0
0
0
0
0
0
0
0
0
0
0
0
0
0
0
0
0
0
0
0
0
0
0
0
0
0
0
0
0
0
0
0
0
0
0
0
0
0
0
0
0
0
0
0
0
0
0
0
0
0
0
0
0
0
0
0
0
0
0
0
0
0
0
0
0
0
0
0
0
0
0
0
0
0
0
0
0
0
0
0
0
0
0
0
0
0
0
0
0
0
0
0
0
0
0
0
0
0
0
0
0
0
0
0
0
0
0
0
0
0
0
0
0
0
0
0
0
0
0
0
0
0
0
0
0
0
0
0
0
0
0
0
0
0
0
0
0
0
0
0
0
