714752
0
0
0
0
0
0
0
0
0
0
0
0
0
0
0
0
1478
170198
1.20929e+06
1.76599e+06
896163
215584
27799
2839
10739
85018
345658
698612
650918
285312
65913
99402
714850
2.2718e+06
3.08441e+06
1.82118e+06
520448
221785
760157
1.4921e+06
1.27245e+06
582632
628638
1.77041e+06
2.89823e+06
2.26175e+06
952875
577854
924530
964696
959428
2.57241e+06
5.38143e+06
5.43604e+06
2.72426e+06
1.03165e+06
807002
877940
1.68165e+06
3.59726e+06
4.36924e+06
3.10525e+06
2.6425e+06
3.06701e+06
2.59073e+06
2.47999e+06
3.10589e+06
2.81893e+06
2.61839e+06
3.32527e+06
4.10935e+06
6.47934e+06
8.83346e+06
6.5208e+06
2.52841e+06
1.04297e+06
2.44306e+06
5.13697e+06
5.65054e+06
3.74054e+06
2.6292e+06
3.34875e+06
5.44924e+06
6.3915e+06
5.51132e+06
5.448e+06
6.78388e+06
9.14099e+06
8.97848e+06
6.34252e+06
5.09088e+06
5.78706e+06
6.8005e+06
5.97999e+06
5.10248e+06
5.4891e+06
6.51954e+06
5.80824e+06
4.24249e+06
5.66696e+06
9.72725e+06
1.08341e+07
8.55645e+06
8.83434e+06
1.2404e+07
1.37447e+07
1.12271e+07
8.17421e+06
5.56384e+06
3.60732e+06
3.55317e+06
7.42535e+06
1.16821e+07
1.02107e+07
7.76099e+06
1.05583e+07
1.19767e+07
1.09024e+07
8.00375e+06
8.40561e+06
9.29413e+06
1.02977e+07
1.34955e+07
1.20459e+07
8.95172e+06
8.08923e+06
8.25703e+06
6.81412e+06
4.21951e+06
4.02113e+06
5.47861e+06
6.8657e+06
9.38209e+06
1.10061e+07
1.16263e+07
1.18148e+07
7.87051e+06
5.51958e+06
6.81681e+06
7.97294e+06
7.39138e+06
6.6865e+06
4.96125e+06
3.99151e+06
5.11758e+06
6.01916e+06
3.30685e+06
1.29935e+06
2.55329e+06
5.31473e+06
7.23906e+06
8.38997e+06
1.0439e+07
9.1935e+06
4.80418e+06
1.44191e+06
1.57669e+06
3.26593e+06
2.74501e+06
826688
454189
597743
477913
1.35203e+06
1.99565e+06
3.55211e+06
5.54916e+06
5.68981e+06
3.72383e+06
1.32784e+06
922634
953604
164939
1133
0
0
12
268
6894
82524
531154
1.68814e+06
2.48808e+06
1.40689e+06
219166
9407
231
0
0
0
0
0
0
42
802
13049
81999
186726
74758
0
0
0
0
0
0
0
0
0
0
0
0
0
0
0
0
0
0
0
0
0
0
0
0
0
0
0
0
0
0
0
0
0
0
0
0
0
0
0
0
0
0
0
0
0
0
0
0
0
0
0
0
0
0
0
0
0
0
0
0
0
0
0
0
0
0
0
0
0
0
0
0
0
0
0
0
0
0
0
0
0
0
0
0
0
0
0
0
0
0
0
0
0
0
0
0
0
0
0
0
0
0
0
0
0
0
0
0
0
0
0
0
0
0
0
0
0
0
0
0
0
0
0
0
0
0
0
0
0
0
0
0
0
0
0
0
0
0
0
0
0
0
0
0
0
0
0
0
0
0
0
0
0
0
0
0
0
0
0
0
0
0
0
0
0
0
0
0
0
0
0
0
0
0
0
0
0
0
0
0
0
0
0
0
0
0
0
0
0
0
0
0
0
0
0
0
0
0
0
0
