751616
0
0
0
0
0
0
0
0
0
0
0
0
0
0
0
0
1563
178835
1.27222e+06
1.85627e+06
942957
226517
29215
2985
11387
89389
363537
734612
683921
300466
69361
104535
751696
2.38896e+06
3.24322e+06
1.91577e+06
546971
233243
799170
1.56916e+06
1.33822e+06
612743
661678
1.86327e+06
3.04342e+06
2.37868e+06
1.00319e+06
607726
973070
1.01366e+06
1.0096e+06
2.70606e+06
5.65737e+06
5.71514e+06
2.86612e+06
1.08588e+06
847842
923039
1.77022e+06
3.78181e+06
4.59218e+06
3.26726e+06
2.77966e+06
3.22317e+06
2.72516e+06
2.60857e+06
3.265e+06
2.96494e+06
2.75455e+06
3.495e+06
4.32197e+06
6.81571e+06
9.28534e+06
6.85637e+06
2.66079e+06
1.09894e+06
2.57038e+06
5.39906e+06
5.93864e+06
3.93446e+06
2.76703e+06
3.5232e+06
5.72934e+06
6.71858e+06
5.79759e+06
5.72907e+06
7.13598e+06
9.61055e+06
9.43784e+06
6.67179e+06
5.35188e+06
6.08811e+06
7.15085e+06
6.29075e+06
5.36318e+06
5.77406e+06
6.85371e+06
6.10571e+06
4.46381e+06
5.96102e+06
1.02254e+07
1.13925e+07
9.0006e+06
9.29464e+06
1.30394e+07
1.44495e+07
1.1807e+07
8.597e+06
5.85178e+06
3.7927e+06
3.73725e+06
7.81283e+06
1.2278e+07
1.0739e+07
8.16413e+06
1.11056e+07
1.25881e+07
1.14645e+07
8.41789e+06
8.83974e+06
9.77422e+06
1.08318e+07
1.41908e+07
1.26608e+07
9.41583e+06
8.50852e+06
8.68157e+06
7.16488e+06
4.43904e+06
4.22868e+06
5.76052e+06
7.2196e+06
9.86628e+06
1.15749e+07
1.22282e+07
1.24183e+07
8.27581e+06
5.80677e+06
7.16872e+06
8.38206e+06
7.77462e+06
7.03046e+06
5.21768e+06
4.19669e+06
5.38284e+06
6.32983e+06
3.47612e+06
1.36744e+06
2.68579e+06
5.58817e+06
7.60775e+06
8.8261e+06
1.09791e+07
9.66659e+06
5.0491e+06
1.51813e+06
1.65858e+06
3.43536e+06
2.88465e+06
869710
477328
629215
502625
1.42295e+06
2.09878e+06
3.7357e+06
5.83494e+06
5.98296e+06
3.9134e+06
1.39797e+06
970987
1.00178e+06
173423
1170
0
0
12
282
7320
87073
559938
1.77542e+06
2.61489e+06
1.4789e+06
230446
10000
258
0
0
0
0
0
0
54
861
13803
86598
196194
78298
0
0
0
0
0
0
0
0
0
0
0
0
0
0
0
0
0
0
0
0
0
0
0
0
0
0
0
0
0
0
0
0
0
0
0
0
0
0
0
0
0
0
0
0
0
0
0
0
0
0
0
0
0
0
0
0
0
0
0
0
0
0
0
0
0
0
0
0
0
0
0
0
0
0
0
0
0
0
0
0
0
0
0
0
0
0
0
0
0
0
0
0
0
0
0
0
0
0
0
0
0
0
0
0
0
0
0
0
0
0
0
0
0
0
0
0
0
0
0
0
0
0
0
0
0
0
0
0
0
0
0
0
0
0
0
0
0
0
0
0
0
0
0
0
0
0
0
0
0
0
0
0
0
0
0
0
0
0
0
0
0
0
0
0
0
0
0
0
0
0
0
0
0
0
0
0
0
0
0
0
0
0
0
0
0
0
0
0
0
0
0
0
0
0
0
0
0
0
0
0
