958464
0
0
0
0
0
0
0
0
0
0
0
0
0
0
0
0
2004
227441
1.62466e+06
2.36457e+06
1.20249e+06
289331
37624
3693
14781
114200
464145
934742
872693
383727
88316
133319
958334
3.05173e+06
4.12759e+06
2.44442e+06
699314
296970
1.02099e+06
1.99872e+06
1.70697e+06
782019
846049
2.37854e+06
3.87067e+06
3.03474e+06
1.28307e+06
777086
1.23875e+06
1.2903e+06
1.2892e+06
3.46021e+06
7.20732e+06
7.27609e+06
3.66365e+06
1.38693e+06
1.07918e+06
1.17751e+06
2.26384e+06
4.8202e+06
5.84445e+06
4.1754e+06
3.54849e+06
4.10055e+06
3.48122e+06
3.33104e+06
4.15307e+06
3.78362e+06
3.51926e+06
4.44635e+06
5.51892e+06
8.70179e+06
1.18152e+07
8.74998e+06
3.40073e+06
1.40292e+06
3.28677e+06
6.87567e+06
7.56086e+06
5.02577e+06
3.52886e+06
4.50136e+06
7.3002e+06
8.55821e+06
7.40543e+06
7.29984e+06
9.11056e+06
1.2244e+07
1.20244e+07
8.52368e+06
6.82231e+06
7.77233e+06
9.10423e+06
8.02919e+06
6.83217e+06
7.37297e+06
8.73303e+06
7.78124e+06
5.70336e+06
7.61294e+06
1.30219e+07
1.4513e+07
1.14946e+07
1.18686e+07
1.66158e+07
1.84112e+07
1.50649e+07
1.09591e+07
7.4615e+06
4.84046e+06
4.78078e+06
9.9748e+06
1.56152e+07
1.36984e+07
1.04343e+07
1.41654e+07
1.60352e+07
1.46239e+07
1.07369e+07
1.1265e+07
1.2468e+07
1.38293e+07
1.80887e+07
1.61294e+07
1.20132e+07
1.08567e+07
1.10562e+07
9.14176e+06
5.66984e+06
5.39659e+06
7.35006e+06
9.21116e+06
1.25642e+07
1.47509e+07
1.56144e+07
1.58163e+07
1.05549e+07
7.41977e+06
9.13304e+06
1.06839e+07
9.92698e+06
8.95925e+06
6.653e+06
5.35468e+06
6.86239e+06
8.06878e+06
4.43138e+06
1.75082e+06
3.43024e+06
7.12431e+06
9.6871e+06
1.1276e+07
1.39909e+07
1.23181e+07
6.43445e+06
1.94328e+06
2.12423e+06
4.38056e+06
3.66686e+06
1.11139e+06
610601
801908
645009
1.81964e+06
2.67576e+06
4.76518e+06
7.43113e+06
7.63237e+06
4.98122e+06
1.78694e+06
1.24373e+06
1.27438e+06
218931
1405
0
0
12
350
9360
112671
720024
2.27132e+06
3.32426e+06
1.87982e+06
295061
12993
308
0
0
0
0
0
0
57
1163
17840
111625
250175
98372
0
0
0
0
0
0
0
0
0
0
0
0
0
0
0
0
0
0
0
0
0
0
0
0
0
0
0
0
0
0
0
0
0
0
0
0
0
0
0
0
0
0
0
0
0
0
0
0
0
0
0
0
0
0
0
0
0
0
0
0
0
0
0
0
0
0
0
0
0
0
0
0
0
0
0
0
0
0
0
0
0
0
0
0
0
0
0
0
0
0
0
0
0
0
0
0
0
0
0
0
0
0
0
0
0
0
0
0
0
0
0
0
0
0
0
0
0
0
0
0
0
0
0
0
0
0
0
0
0
0
0
0
0
0
0
0
0
0
0
0
0
0
0
0
0
0
0
0
0
0
0
0
0
0
0
0
0
0
0
0
0
0
0
0
0
0
0
0
0
0
0
0
0
0
0
0
0
0
0
0
0
0
0
0
0
0
0
0
0
0
0
0
0
0
0
0
0
0
0
0
