671744
0
0
0
0
0
0
0
0
0
0
0
0
0
0
0
0
1385
159863
1.13637e+06
1.66036e+06
841698
202690
26196
2670
10025
79840
325139
656651
611527
267926
62180
93739
672518
2.13375e+06
2.89902e+06
1.71052e+06
490132
208823
714391
1.40236e+06
1.19554e+06
547545
590863
1.66339e+06
2.72498e+06
2.12538e+06
895475
543025
868488
907057
902049
2.4177e+06
5.05669e+06
5.10908e+06
2.55987e+06
970020
758988
825161
1.58085e+06
3.37931e+06
4.10819e+06
2.91722e+06
2.48307e+06
2.88265e+06
2.4354e+06
2.32964e+06
2.9201e+06
2.6499e+06
2.45948e+06
3.1258e+06
3.8631e+06
6.08993e+06
8.30067e+06
6.12693e+06
2.37599e+06
981605
2.29652e+06
4.8278e+06
5.31104e+06
3.51443e+06
2.47151e+06
3.14608e+06
5.12059e+06
6.0091e+06
5.17891e+06
5.12216e+06
6.37319e+06
8.59146e+06
8.4392e+06
5.96023e+06
4.78592e+06
5.43695e+06
6.39264e+06
5.61784e+06
4.79708e+06
5.15638e+06
6.13034e+06
5.45808e+06
3.98718e+06
5.3266e+06
9.14244e+06
1.01813e+07
8.04183e+06
8.30257e+06
1.16573e+07
1.29181e+07
1.05503e+07
7.68206e+06
5.22942e+06
3.39141e+06
3.34021e+06
6.97605e+06
1.09827e+07
9.59387e+06
7.29459e+06
9.92177e+06
1.12567e+07
1.02454e+07
7.52348e+06
7.90108e+06
8.7344e+06
9.67704e+06
1.26829e+07
1.13229e+07
8.41091e+06
7.60204e+06
7.76299e+06
6.40205e+06
3.96683e+06
3.77827e+06
5.14821e+06
6.45284e+06
8.81952e+06
1.03436e+07
1.09251e+07
1.11061e+07
7.39527e+06
5.18786e+06
6.40851e+06
7.49124e+06
6.94594e+06
6.28488e+06
4.6616e+06
3.75333e+06
4.80984e+06
5.65445e+06
3.10937e+06
1.22102e+06
2.39894e+06
4.99464e+06
6.80553e+06
7.88365e+06
9.8116e+06
8.64047e+06
4.51448e+06
1.3549e+06
1.48208e+06
3.06925e+06
2.57975e+06
776691
426549
562173
449022
1.27083e+06
1.87616e+06
3.33781e+06
5.21745e+06
5.34601e+06
3.49998e+06
1.24758e+06
867145
895569
155366
1082
0
0
12
263
6442
77519
499283
1.58645e+06
2.33864e+06
1.32276e+06
205243
8865
220
0
0
0
0
0
0
37
758
12249
76792
175308
70728
0
0
0
0
0
0
0
0
0
0
0
0
0
0
0
0
0
0
0
0
0
0
0
0
0
0
0
0
0
0
0
0
0
0
0
0
0
0
0
0
0
0
0
0
0
0
0
0
0
0
0
0
0
0
0
0
0
0
0
0
0
0
0
0
0
0
0
0
0
0
0
0
0
0
0
0
0
0
0
0
0
0
0
0
0
0
0
0
0
0
0
0
0
0
0
0
0
0
0
0
0
0
0
0
0
0
0
0
0
0
0
0
0
0
0
0
0
0
0
0
0
0
0
0
0
0
0
0
0
0
0
0
0
0
0
0
0
0
0
0
0
0
0
0
0
0
0
0
0
0
0
0
0
0
0
0
0
0
0
0
0
0
0
0
0
0
0
0
0
0
0
0
0
0
0
0
0
0
0
0
0
0
0
0
0
0
0
0
0
0
0
0
0
0
0
0
0
0
0
0
