598016
0
0
0
0
0
0
0
0
0
0
0
0
0
0
0
0
1238
142547
1.01109e+06
1.47868e+06
749183
180355
23261
2404
8886
71169
289824
583557
545222
238444
55311
84022
598956
1.89803e+06
2.58152e+06
1.52219e+06
436630
186131
635473
1.24955e+06
1.06389e+06
487538
525197
1.48006e+06
2.42886e+06
1.89109e+06
796750
483076
773491
807788
803635
2.15064e+06
4.5024e+06
4.54915e+06
2.27671e+06
864012
677113
734721
1.40537e+06
3.00922e+06
3.65975e+06
2.59486e+06
2.20998e+06
2.56843e+06
2.16561e+06
2.07378e+06
2.60158e+06
2.35863e+06
2.18634e+06
2.78907e+06
3.43758e+06
5.41896e+06
7.3928e+06
5.44928e+06
2.11547e+06
876302
2.04356e+06
4.29956e+06
4.73011e+06
3.12496e+06
2.20138e+06
2.79889e+06
4.55896e+06
5.35295e+06
4.60672e+06
4.56413e+06
5.66959e+06
7.65078e+06
7.51308e+06
5.30492e+06
4.26366e+06
4.83615e+06
5.69572e+06
4.99503e+06
4.27363e+06
4.58886e+06
5.46031e+06
4.8582e+06
3.54936e+06
4.73973e+06
8.14068e+06
9.06872e+06
7.15591e+06
7.38846e+06
1.03793e+07
1.14996e+07
9.39126e+06
6.84109e+06
4.65374e+06
3.02112e+06
2.97374e+06
6.21019e+06
9.78173e+06
8.53396e+06
6.49127e+06
8.83465e+06
1.00263e+07
9.116e+06
6.69714e+06
7.04134e+06
7.77442e+06
8.61226e+06
1.12883e+07
1.00853e+07
7.48453e+06
6.76544e+06
6.91276e+06
5.69966e+06
3.53013e+06
3.36703e+06
4.58379e+06
5.74189e+06
7.85358e+06
9.20634e+06
9.72372e+06
9.89318e+06
6.5842e+06
4.61233e+06
5.70707e+06
6.67256e+06
6.1799e+06
5.60087e+06
4.14573e+06
3.33996e+06
4.28403e+06
5.03106e+06
2.76794e+06
1.08708e+06
2.13264e+06
4.44872e+06
6.06885e+06
7.01022e+06
8.73166e+06
7.69335e+06
4.02229e+06
1.20549e+06
1.31782e+06
2.73115e+06
2.29966e+06
690573
379696
500008
400709
1.13004e+06
1.66952e+06
2.9709e+06
4.64431e+06
4.75858e+06
3.11996e+06
1.10974e+06
770383
797807
138918
947
0
0
12
231
5827
68596
443486
1.41163e+06
2.08357e+06
1.1783e+06
182432
7861
194
0
0
0
0
0
0
30
671
10783
68021
156202
63301
0
0
0
0
0
0
0
0
0
0
0
0
0
0
0
0
0
0
0
0
0
0
0
0
0
0
0
0
0
0
0
0
0
0
0
0
0
0
0
0
0
0
0
0
0
0
0
0
0
0
0
0
0
0
0
0
0
0
0
0
0
0
0
0
0
0
0
0
0
0
0
0
0
0
0
0
0
0
0
0
0
0
0
0
0
0
0
0
0
0
0
0
0
0
0
0
0
0
0
0
0
0
0
0
0
0
0
0
0
0
0
0
0
0
0
0
0
0
0
0
0
0
0
0
0
0
0
0
0
0
0
0
0
0
0
0
0
0
0
0
0
0
0
0
0
0
0
0
0
0
0
0
0
0
0
0
0
0
0
0
0
0
0
0
0
0
0
0
0
0
0
0
0
0
0
0
0
0
0
0
0
0
0
0
0
0
0
0
0
0
0
0
0
0
0
0
0
0
0
0
