200704
0
0
0
0
0
0
0
0
0
0
0
0
0
0
0
0
486
48334
336789
499710
249454
60768
8031
909
2980
23667
95092
198717
184255
78651
18363
28935
200761
631777
875646
504224
147629
63531
211339
423322
356297
161471
174772
490293
832816
629106
265164
160542
259430
273236
270080
715012
1.51721e+06
1.52904e+06
756568
290640
232740
245520
466539
1.0054e+06
1.24848e+06
858544
733687
878871
721012
688393
883421
785155
728590
952839
1.14484e+06
1.79702e+06
2.5228e+06
1.80937e+06
704511
296638
679240
1.45025e+06
1.5998e+06
1.03435e+06
744091
931022
1.52977e+06
1.81406e+06
1.52644e+06
1.54651e+06
1.88301e+06
2.58302e+06
2.52946e+06
1.76651e+06
1.4412e+06
1.60313e+06
1.9386e+06
1.65513e+06
1.44683e+06
1.53022e+06
1.8428e+06
1.63037e+06
1.18638e+06
1.58208e+06
2.73716e+06
3.06161e+06
2.38726e+06
2.46984e+06
3.48522e+06
3.87872e+06
3.13643e+06
2.30133e+06
1.56051e+06
1.01789e+06
996859
2.06044e+06
3.33004e+06
2.84178e+06
2.16671e+06
2.95399e+06
3.39508e+06
3.04339e+06
2.24756e+06
2.38344e+06
2.59658e+06
2.88466e+06
3.7755e+06
3.41392e+06
2.50073e+06
2.25848e+06
2.34027e+06
1.90282e+06
1.18153e+06
1.13618e+06
1.53136e+06
1.9222e+06
2.65736e+06
3.08188e+06
3.24777e+06
3.33917e+06
2.21162e+06
1.53145e+06
1.92461e+06
2.24138e+06
2.06062e+06
1.89414e+06
1.38521e+06
1.12143e+06
1.43977e+06
1.68191e+06
932298
363490
714784
1.48686e+06
2.07254e+06
2.31921e+06
2.92869e+06
2.58791e+06
1.35765e+06
403508
441454
906922
782192
230422
126577
168641
136642
374289
558690
994358
1.5591e+06
1.59307e+06
1.06257e+06
367259
257305
268165
47466
325
0
0
3
74
2082
23354
147916
468035
702814
398717
60686
2600
55
0
0
0
0
0
0
9
303
3623
22679
51325
22413
0
0
0
0
0
0
0
0
0
0
0
0
0
0
0
0
0
0
0
0
0
0
0
0
0
0
0
0
0
0
0
0
0
0
0
0
0
0
0
0
0
0
0
0
0
0
0
0
0
0
0
0
0
0
0
0
0
0
0
0
0
0
0
0
0
0
0
0
0
0
0
0
0
0
0
0
0
0
0
0
0
0
0
0
0
0
0
0
0
0
0
0
0
0
0
0
0
0
0
0
0
0
0
0
0
0
0
0
0
0
0
0
0
0
0
0
0
0
0
0
0
0
0
0
0
0
0
0
0
0
0
0
0
0
0
0
0
0
0
0
0
0
0
0
0
0
0
0
0
0
0
0
0
0
0
0
0
0
0
0
0
0
0
0
0
0
0
0
0
0
0
0
0
0
0
0
0
0
0
0
0
0
0
0
0
0
0
0
0
0
0
0
0
0
0
0
0
0
0
0
