47104
0
0
0
0
0
0
0
0
0
0
0
0
0
0
0
0
179
11786
76282
122466
54461
14581
2507
452
960
5722
20488
48943
42583
17728
4925
7913
46755
140985
217502
110465
35541
17354
47207
102649
82523
37097
41603
107279
209454
141816
60132
37693
61700
66776
65127
157327
361995
365446
166665
69240
60373
58605
103489
229874
313528
188445
164141
226373
161435
151564
222043
178670
161214
242075
260266
393329
641040
406300
158923
73056
149354
345276
389985
228802
184033
207580
356439
445749
334465
384859
416861
622049
603336
395571
352212
353680
488431
368076
347776
343374
449947
386737
271108
353974
650952
740474
541280
567512
825320
930974
719107
545198
366073
246393
223227
449966
850250
646267
482370
680172
838444
698016
519177
578787
594143
661116
883486
842077
571973
512605
576329
435045
268168
270786
352769
445592
656812
713425
736788
808366
521455
339724
466672
525075
464456
462334
320115
262019
341101
393021
222787
85886
165590
337617
519520
507635
687149
617301
327498
93634
98324
202836
199980
51522
28273
40453
33981
82655
133497
232876
365714
361683
267342
82633
56900
64820
13134
81
0
0
0
26
663
6352
34143
102631
169103
96380
13876
740
22
0
0
0
0
0
0
7
120
950
5228
10802
6445
0
0
0
0
0
0
0
0
0
0
0
0
0
0
0
0
0
0
0
0
0
0
0
0
0
0
0
0
0
0
0
0
0
0
0
0
0
0
0
0
0
0
0
0
0
0
0
0
0
0
0
0
0
0
0
0
0
0
0
0
0
0
0
0
0
0
0
0
0
0
0
0
0
0
0
0
0
0
0
0
0
0
0
0
0
0
0
0
0
0
0
0
0
0
0
0
0
0
0
0
0
0
0
0
0
0
0
0
0
0
0
0
0
0
0
0
0
0
0
0
0
0
0
0
0
0
0
0
0
0
0
0
0
0
0
0
0
0
0
0
0
0
0
0
0
0
0
0
0
0
0
0
0
0
0
0
0
0
0
0
0
0
0
0
0
0
0
0
0
0
0
0
0
0
0
0
0
0
0
0
0
0
0
0
0
0
0
0
0
0
0
0
0
0
0
0
0
0
0
0
