172032
0
0
0
0
0
0
0
0
0
0
0
0
0
0
0
0
438
41581
288111
428792
213817
51860
6999
804
2613
20393
81227
170674
157530
67485
15826
24959
172417
539202
753710
430588
126754
54770
180851
363390
305021
138122
150396
419895
714926
537177
227188
138542
222371
234374
232399
611186
1.30154e+06
1.31089e+06
646646
249988
200373
210486
400141
859140
1.07313e+06
734096
628489
755187
615935
589236
760095
673059
622919
819410
981594
1.53494e+06
2.16793e+06
1.54659e+06
604297
257262
581923
1.24114e+06
1.37143e+06
884529
640986
797270
1.3093e+06
1.55878e+06
1.30452e+06
1.33067e+06
1.61017e+06
2.21542e+06
2.16803e+06
1.51178e+06
1.23711e+06
1.36973e+06
1.66824e+06
1.41716e+06
1.24131e+06
1.30877e+06
1.58052e+06
1.39651e+06
1.01763e+06
1.35632e+06
2.34588e+06
2.6254e+06
2.04559e+06
2.11765e+06
2.98594e+06
3.32363e+06
2.68726e+06
1.97436e+06
1.33772e+06
873732
855105
1.76138e+06
2.86307e+06
2.43145e+06
1.85699e+06
2.52879e+06
2.91467e+06
2.60508e+06
1.92566e+06
2.04704e+06
2.22492e+06
2.47208e+06
3.23168e+06
2.93112e+06
2.14245e+06
1.93361e+06
2.00966e+06
1.62782e+06
1.01334e+06
975644
1.31133e+06
1.64588e+06
2.283e+06
2.63982e+06
2.78148e+06
2.86351e+06
1.89575e+06
1.3107e+06
1.65355e+06
1.91933e+06
1.76363e+06
1.62614e+06
1.18516e+06
963722
1.23507e+06
1.43794e+06
800181
312522
613233
1.27149e+06
1.7841e+06
1.98161e+06
2.51046e+06
2.2177e+06
1.16466e+06
346622
378820
775092
671647
197613
108331
144674
117742
319776
479840
852614
1.33566e+06
1.36314e+06
913602
314034
220703
229352
41212
303
0
0
3
69
1788
20214
126918
400854
601999
341745
52400
2247
51
0
0
0
0
0
0
9
273
3124
19477
43768
19365
0
0
0
0
0
0
0
0
0
0
0
0
0
0
0
0
0
0
0
0
0
0
0
0
0
0
0
0
0
0
0
0
0
0
0
0
0
0
0
0
0
0
0
0
0
0
0
0
0
0
0
0
0
0
0
0
0
0
0
0
0
0
0
0
0
0
0
0
0
0
0
0
0
0
0
0
0
0
0
0
0
0
0
0
0
0
0
0
0
0
0
0
0
0
0
0
0
0
0
0
0
0
0
0
0
0
0
0
0
0
0
0
0
0
0
0
0
0
0
0
0
0
0
0
0
0
0
0
0
0
0
0
0
0
0
0
0
0
0
0
0
0
0
0
0
0
0
0
0
0
0
0
0
0
0
0
0
0
0
0
0
0
0
0
0
0
0
0
0
0
0
0
0
0
0
0
0
0
0
0
0
0
0
0
0
0
0
0
0
0
0
0
0
0
0
0
0
0
0
0
