661504
0
0
0
0
0
0
0
0
0
0
0
0
0
0
0
0
1363
157487
1.11922e+06
1.63462e+06
828877
199689
25877
2635
9899
78689
320370
646080
602350
263944
61280
92511
662586
2.10085e+06
2.85448e+06
1.68407e+06
483030
206022
703596
1.38066e+06
1.17708e+06
539446
582299
1.63767e+06
2.68331e+06
2.09268e+06
881956
535163
855120
893228
888525
2.38196e+06
4.97833e+06
5.02989e+06
2.52122e+06
955917
747598
812822
1.55729e+06
3.32702e+06
4.04531e+06
2.87266e+06
2.44569e+06
2.83849e+06
2.39813e+06
2.29458e+06
2.8753e+06
2.6093e+06
2.4223e+06
3.0788e+06
3.80476e+06
5.99654e+06
8.17276e+06
6.0323e+06
2.34089e+06
968039
2.26168e+06
4.75374e+06
5.22951e+06
3.46029e+06
2.43512e+06
3.09839e+06
5.04188e+06
5.91708e+06
5.10023e+06
5.04531e+06
6.27559e+06
8.45957e+06
8.30989e+06
5.86962e+06
4.71382e+06
5.35366e+06
6.29575e+06
5.53135e+06
4.725e+06
5.07687e+06
6.03682e+06
5.37494e+06
3.92765e+06
5.24587e+06
9.00224e+06
1.00247e+07
7.92018e+06
8.17757e+06
1.14788e+07
1.27189e+07
1.03894e+07
7.56557e+06
5.1499e+06
3.34013e+06
3.29046e+06
6.86974e+06
1.08153e+07
9.44626e+06
7.18424e+06
9.77094e+06
1.10855e+07
1.00873e+07
7.40966e+06
7.78081e+06
8.60185e+06
9.53009e+06
1.24884e+07
1.11502e+07
8.28236e+06
7.48557e+06
7.64512e+06
6.30442e+06
3.90698e+06
3.72136e+06
5.0694e+06
6.35421e+06
8.68613e+06
1.01846e+07
1.07586e+07
1.09361e+07
7.28267e+06
5.10887e+06
6.31183e+06
7.37721e+06
6.83908e+06
6.18937e+06
4.59047e+06
3.69622e+06
4.7369e+06
5.56718e+06
3.06217e+06
1.20314e+06
2.3623e+06
4.91789e+06
6.70322e+06
7.76232e+06
9.6622e+06
8.50826e+06
4.44535e+06
1.33493e+06
1.45989e+06
3.02188e+06
2.5403e+06
764953
420177
553518
442577
1.25151e+06
1.84781e+06
3.28706e+06
5.13776e+06
5.26341e+06
3.44673e+06
1.229e+06
853927
881846
152979
1055
0
0
12
263
6375
76575
491924
1.56214e+06
2.30281e+06
1.30229e+06
202189
8744
213
0
0
0
0
0
0
37
749
12085
75662
172542
69677
0
0
0
0
0
0
0
0
0
0
0
0
0
0
0
0
0
0
0
0
0
0
0
0
0
0
0
0
0
0
0
0
0
0
0
0
0
0
0
0
0
0
0
0
0
0
0
0
0
0
0
0
0
0
0
0
0
0
0
0
0
0
0
0
0
0
0
0
0
0
0
0
0
0
0
0
0
0
0
0
0
0
0
0
0
0
0
0
0
0
0
0
0
0
0
0
0
0
0
0
0
0
0
0
0
0
0
0
0
0
0
0
0
0
0
0
0
0
0
0
0
0
0
0
0
0
0
0
0
0
0
0
0
0
0
0
0
0
0
0
0
0
0
0
0
0
0
0
0
0
0
0
0
0
0
0
0
0
0
0
0
0
0
0
0
0
0
0
0
0
0
0
0
0
0
0
0
0
0
0
0
0
0
0
0
0
0
0
0
0
0
0
0
0
0
0
0
0
0
0
