980992
0
0
0
0
0
0
0
0
0
0
0
0
0
0
0
0
2049
232638
1.66307e+06
2.42016e+06
1.23087e+06
296004
38456
3772
15095
116710
475246
956764
893285
392772
90225
136259
980719
3.12376e+06
4.22472e+06
2.50239e+06
715379
303519
1.04496e+06
2.04592e+06
1.74722e+06
800488
865204
2.43512e+06
3.96146e+06
3.10681e+06
1.3127e+06
794979
1.26818e+06
1.3204e+06
1.31931e+06
3.54088e+06
7.37688e+06
7.44966e+06
3.74893e+06
1.41892e+06
1.10421e+06
1.2049e+06
2.31661e+06
4.93389e+06
5.98173e+06
4.27447e+06
3.6314e+06
4.19718e+06
3.56383e+06
3.40827e+06
4.25024e+06
3.87371e+06
3.60136e+06
4.54986e+06
5.6482e+06
8.9069e+06
1.20948e+07
8.9569e+06
3.47955e+06
1.43427e+06
3.36309e+06
7.0388e+06
7.7385e+06
5.14474e+06
3.61014e+06
4.60711e+06
7.47203e+06
8.76008e+06
7.58022e+06
7.46987e+06
9.32499e+06
1.25327e+07
1.23078e+07
8.72344e+06
6.9811e+06
7.95482e+06
9.31891e+06
8.21968e+06
6.99101e+06
7.54659e+06
8.93871e+06
7.96395e+06
5.83726e+06
7.79083e+06
1.33262e+07
1.48572e+07
1.17651e+07
1.21468e+07
1.70059e+07
1.88443e+07
1.54203e+07
1.12174e+07
7.63559e+06
4.95337e+06
4.89189e+06
1.02078e+07
1.59859e+07
1.40218e+07
1.06781e+07
1.44977e+07
1.64127e+07
1.49677e+07
1.09876e+07
1.15315e+07
1.27598e+07
1.41533e+07
1.85154e+07
1.65082e+07
1.22963e+07
1.11126e+07
1.13155e+07
9.35568e+06
5.80316e+06
5.52174e+06
7.52215e+06
9.42866e+06
1.28612e+07
1.50965e+07
1.59816e+07
1.61898e+07
1.08025e+07
7.59286e+06
9.34814e+06
1.09353e+07
1.01602e+07
9.16834e+06
6.811e+06
5.4801e+06
7.02368e+06
8.25931e+06
4.5356e+06
1.7916e+06
3.5099e+06
7.29223e+06
9.91368e+06
1.15418e+07
1.43201e+07
1.26083e+07
6.58638e+06
1.98766e+06
2.17433e+06
4.48428e+06
3.75275e+06
1.13742e+06
624622
820939
660049
1.86265e+06
2.73826e+06
4.87656e+06
7.60706e+06
7.81182e+06
5.09823e+06
1.82874e+06
1.27308e+06
1.30426e+06
224033
1464
0
0
12
359
9572
115148
736835
2.32428e+06
3.40328e+06
1.92396e+06
301877
13294
310
0
0
0
0
0
0
57
1205
18268
114133
256100
100733
0
0
0
0
0
0
0
0
0
0
0
0
0
0
0
0
0
0
0
0
0
0
0
0
0
0
0
0
0
0
0
0
0
0
0
0
0
0
0
0
0
0
0
0
0
0
0
0
0
0
0
0
0
0
0
0
0
0
0
0
0
0
0
0
0
0
0
0
0
0
0
0
0
0
0
0
0
0
0
0
0
0
0
0
0
0
0
0
0
0
0
0
0
0
0
0
0
0
0
0
0
0
0
0
0
0
0
0
0
0
0
0
0
0
0
0
0
0
0
0
0
0
0
0
0
0
0
0
0
0
0
0
0
0
0
0
0
0
0
0
0
0
0
0
0
0
0
0
0
0
0
0
0
0
0
0
0
0
0
0
0
0
0
0
0
0
0
0
0
0
0
0
0
0
0
0
0
0
0
0
0
0
0
0
0
0
0
0
0
0
0
0
0
0
0
0
0
0
0
0
