811008
0
0
0
0
0
0
0
0
0
0
0
0
0
0
0
0
1685
192712
1.37369e+06
2.00222e+06
1.01717e+06
244535
31774
3170
12300
96686
392492
791692
738256
324537
74752
112934
810928
2.57931e+06
3.4966e+06
2.0679e+06
591050
251473
863565
1.69152e+06
1.44348e+06
661878
715115
2.01185e+06
3.27999e+06
2.56625e+06
1.08408e+06
656835
1.04969e+06
1.09227e+06
1.09108e+06
2.92375e+06
6.10014e+06
6.16073e+06
3.09718e+06
1.17341e+06
914229
995783
1.91342e+06
4.07995e+06
4.94895e+06
3.52848e+06
3.00196e+06
3.47405e+06
2.94253e+06
2.81663e+06
3.51823e+06
3.20045e+06
2.97684e+06
3.76614e+06
4.66667e+06
7.35817e+06
1.00084e+07
7.39837e+06
2.87525e+06
1.18707e+06
2.77803e+06
5.82395e+06
6.40073e+06
4.2477e+06
2.98804e+06
3.8054e+06
6.17838e+06
7.24505e+06
6.25959e+06
6.1816e+06
7.70448e+06
1.03647e+07
1.01768e+07
7.20705e+06
5.77581e+06
6.57205e+06
7.70865e+06
6.78924e+06
5.78566e+06
6.23679e+06
7.39321e+06
6.58247e+06
4.82026e+06
6.44017e+06
1.1025e+07
1.22863e+07
9.71912e+06
1.00351e+07
1.4065e+07
1.5585e+07
1.27437e+07
9.27309e+06
6.3152e+06
4.0938e+06
4.04062e+06
8.43635e+06
1.32278e+07
1.15872e+07
8.82166e+06
1.19849e+07
1.35738e+07
1.2373e+07
9.08304e+06
9.53717e+06
1.05487e+07
1.16928e+07
1.53094e+07
1.36547e+07
1.01619e+07
9.18435e+06
9.36093e+06
7.73166e+06
4.79639e+06
4.56629e+06
6.21836e+06
7.79216e+06
1.06356e+07
1.24853e+07
1.32025e+07
1.3391e+07
8.93178e+06
6.27142e+06
7.73155e+06
9.04257e+06
8.39497e+06
7.58422e+06
5.62944e+06
4.52941e+06
5.80737e+06
6.8267e+06
3.7512e+06
1.47998e+06
2.8999e+06
6.02849e+06
8.20414e+06
9.5331e+06
1.18412e+07
1.04243e+07
5.44727e+06
1.64204e+06
1.79387e+06
3.70548e+06
3.1075e+06
940419
516168
678461
544057
1.5374e+06
2.26421e+06
4.03179e+06
6.29246e+06
6.45612e+06
4.21862e+06
1.5109e+06
1.04968e+06
1.07933e+06
186244
1243
0
0
12
296
7983
94932
606604
1.91828e+06
2.8168e+06
1.5937e+06
249341
10856
266
0
0
0
0
0
0
54
968
15026
94023
211554
83879
0
0
0
0
0
0
0
0
0
0
0
0
0
0
0
0
0
0
0
0
0
0
0
0
0
0
0
0
0
0
0
0
0
0
0
0
0
0
0
0
0
0
0
0
0
0
0
0
0
0
0
0
0
0
0
0
0
0
0
0
0
0
0
0
0
0
0
0
0
0
0
0
0
0
0
0
0
0
0
0
0
0
0
0
0
0
0
0
0
0
0
0
0
0
0
0
0
0
0
0
0
0
0
0
0
0
0
0
0
0
0
0
0
0
0
0
0
0
0
0
0
0
0
0
0
0
0
0
0
0
0
0
0
0
0
0
0
0
0
0
0
0
0
0
0
0
0
0
0
0
0
0
0
0
0
0
0
0
0
0
0
0
0
0
0
0
0
0
0
0
0
0
0
0
0
0
0
0
0
0
0
0
0
0
0
0
0
0
0
0
0
0
0
0
0
0
0
0
0
0
