430080
0
0
0
0
0
0
0
0
0
0
0
0
0
0
0
0
889
102697
725699
1.06523e+06
538330
129743
16638
1767
6322
51278
207428
420564
392591
171701
39288
60882
431216
1.36265e+06
1.85852e+06
1.09275e+06
315056
133712
456020
901861
764461
349378
376677
1.06121e+06
1.75375e+06
1.36026e+06
572138
345363
555730
581642
578127
1.5424e+06
3.24377e+06
3.27396e+06
1.63263e+06
620574
488846
527818
1.00809e+06
2.16253e+06
2.64381e+06
1.85989e+06
1.5841e+06
1.85461e+06
1.55648e+06
1.48589e+06
1.87585e+06
1.69449e+06
1.56929e+06
2.01202e+06
2.46987e+06
3.88566e+06
5.33881e+06
3.91284e+06
1.51601e+06
628308
1.46538e+06
3.09959e+06
3.40906e+06
2.24119e+06
1.58158e+06
2.00798e+06
3.27957e+06
3.85938e+06
3.30393e+06
3.28771e+06
4.06469e+06
5.51498e+06
5.40944e+06
3.80598e+06
3.07198e+06
3.46909e+06
4.1056e+06
3.58569e+06
3.07695e+06
3.29675e+06
3.93053e+06
3.4957e+06
2.54679e+06
3.40137e+06
5.86281e+06
6.53458e+06
5.13476e+06
5.30007e+06
7.47358e+06
8.28731e+06
6.7466e+06
4.9184e+06
3.34627e+06
2.17212e+06
2.1308e+06
4.45845e+06
7.06228e+06
6.12821e+06
4.65356e+06
6.34937e+06
7.22818e+06
6.55245e+06
4.81063e+06
5.07341e+06
5.58365e+06
6.18781e+06
8.12142e+06
7.2698e+06
5.3756e+06
4.85907e+06
4.97899e+06
4.09413e+06
2.53608e+06
2.42203e+06
3.2937e+06
4.12919e+06
5.65663e+06
6.61719e+06
6.98679e+06
7.12939e+06
4.73944e+06
3.30414e+06
4.10649e+06
4.80013e+06
4.43711e+06
4.03581e+06
2.9791e+06
2.4016e+06
3.08312e+06
3.61744e+06
1.99064e+06
778805
1.52971e+06
3.1971e+06
4.38573e+06
5.02571e+06
6.27854e+06
5.53815e+06
2.89696e+06
863734
945768
1.96101e+06
1.66027e+06
494802
272075
360316
288945
810019
1.19822e+06
2.133e+06
3.34507e+06
3.42178e+06
2.25166e+06
794137
551947
575074
100581
694
0
0
3
143
4212
48834
317526
1.01086e+06
1.50303e+06
849922
130544
5540
111
0
0
0
0
0
0
15
493
7501
48582
111744
46705
0
0
0
0
0
0
0
0
0
0
0
0
0
0
0
0
0
0
0
0
0
0
0
0
0
0
0
0
0
0
0
0
0
0
0
0
0
0
0
0
0
0
0
0
0
0
0
0
0
0
0
0
0
0
0
0
0
0
0
0
0
0
0
0
0
0
0
0
0
0
0
0
0
0
0
0
0
0
0
0
0
0
0
0
0
0
0
0
0
0
0
0
0
0
0
0
0
0
0
0
0
0
0
0
0
0
0
0
0
0
0
0
0
0
0
0
0
0
0
0
0
0
0
0
0
0
0
0
0
0
0
0
0
0
0
0
0
0
0
0
0
0
0
0
0
0
0
0
0
0
0
0
0
0
0
0
0
0
0
0
0
0
0
0
0
0
0
0
0
0
0
0
0
0
0
0
0
0
0
0
0
0
0
0
0
0
0
0
0
0
0
0
0
0
0
0
0
0
0
0
