368640
0
0
0
0
0
0
0
0
0
0
0
0
0
0
0
0
781
88132
621564
914011
459939
111865
14462
1536
5468
44464
177197
360497
336313
147101
33919
52759
371243
1.166e+06
1.59214e+06
935207
271490
116000
390414
773426
653841
300186
324868
907597
1.50449e+06
1.1625e+06
491522
297309
476184
498665
497652
1.32417e+06
2.77698e+06
2.79994e+06
1.40085e+06
535716
419051
454080
866216
1.84943e+06
2.26532e+06
1.59452e+06
1.358e+06
1.58988e+06
1.33342e+06
1.27407e+06
1.60968e+06
1.45086e+06
1.34585e+06
1.72654e+06
2.12097e+06
3.32709e+06
4.57199e+06
3.34552e+06
1.30494e+06
545985
1.2579e+06
2.65217e+06
2.91885e+06
1.91977e+06
1.36093e+06
1.7235e+06
2.80804e+06
3.3069e+06
2.83102e+06
2.82378e+06
3.48265e+06
4.7245e+06
4.63192e+06
3.2633e+06
2.63943e+06
2.96801e+06
3.52307e+06
3.0679e+06
2.64317e+06
2.82619e+06
3.36572e+06
2.99218e+06
2.19154e+06
2.9206e+06
5.0187e+06
5.59599e+06
4.40555e+06
4.54752e+06
6.40007e+06
7.0997e+06
5.77921e+06
4.2171e+06
2.87093e+06
1.86552e+06
1.8357e+06
3.81752e+06
6.04874e+06
5.24648e+06
4.00221e+06
5.43779e+06
6.19093e+06
5.61501e+06
4.13003e+06
4.35064e+06
4.78587e+06
5.30669e+06
6.9514e+06
6.23144e+06
4.60753e+06
4.16476e+06
4.26888e+06
3.50545e+06
2.1801e+06
2.08138e+06
2.82181e+06
3.53928e+06
4.84661e+06
5.66933e+06
5.98646e+06
6.10833e+06
4.06397e+06
2.83542e+06
3.52045e+06
4.11131e+06
3.80547e+06
3.45926e+06
2.55276e+06
2.06172e+06
2.6433e+06
3.09241e+06
1.70746e+06
671399
1.31365e+06
2.73685e+06
3.76617e+06
4.30605e+06
5.37875e+06
4.73994e+06
2.48413e+06
745277
815164
1.67464e+06
1.4222e+06
424695
234231
308925
249639
693948
1.02636e+06
1.82942e+06
2.86487e+06
2.93022e+06
1.93239e+06
681510
473660
491010
86263
579
0
0
3
137
3796
42654
273456
865860
1.28715e+06
727186
112560
4855
106
0
0
0
0
0
0
15
462
6625
41678
95578
39962
0
0
0
0
0
0
0
0
0
0
0
0
0
0
0
0
0
0
0
0
0
0
0
0
0
0
0
0
0
0
0
0
0
0
0
0
0
0
0
0
0
0
0
0
0
0
0
0
0
0
0
0
0
0
0
0
0
0
0
0
0
0
0
0
0
0
0
0
0
0
0
0
0
0
0
0
0
0
0
0
0
0
0
0
0
0
0
0
0
0
0
0
0
0
0
0
0
0
0
0
0
0
0
0
0
0
0
0
0
0
0
0
0
0
0
0
0
0
0
0
0
0
0
0
0
0
0
0
0
0
0
0
0
0
0
0
0
0
0
0
0
0
0
0
0
0
0
0
0
0
0
0
0
0
0
0
0
0
0
0
0
0
0
0
0
0
0
0
0
0
0
0
0
0
0
0
0
0
0
0
0
0
0
0
0
0
0
0
0
0
0
0
0
0
0
0
0
0
0
0
