954368
0
0
0
0
0
0
0
0
0
0
0
0
0
0
0
0
1999
226398
1.61766e+06
2.35468e+06
1.19736e+06
288023
37451
3675
14705
113686
462167
930827
868993
382016
87940
132703
954146
3.03865e+06
4.11043e+06
2.43376e+06
696221
295638
1.0166e+06
1.99039e+06
1.69966e+06
778612
842308
2.36841e+06
3.85419e+06
3.02194e+06
1.27738e+06
773632
1.23364e+06
1.28492e+06
1.28354e+06
3.44518e+06
7.17695e+06
7.24499e+06
3.64773e+06
1.38113e+06
1.07454e+06
1.17238e+06
2.25405e+06
4.79974e+06
5.81972e+06
4.15745e+06
3.53314e+06
4.08308e+06
3.46634e+06
3.31653e+06
4.13581e+06
3.76746e+06
3.50406e+06
4.42748e+06
5.49504e+06
8.66414e+06
1.17657e+07
8.71242e+06
3.38597e+06
1.39681e+06
3.27275e+06
6.84618e+06
7.52894e+06
5.00412e+06
3.51384e+06
4.48168e+06
7.26949e+06
8.52189e+06
7.37283e+06
7.26936e+06
9.07143e+06
1.21916e+07
1.19733e+07
8.48702e+06
6.79309e+06
7.73899e+06
9.06572e+06
7.99472e+06
6.80275e+06
7.34149e+06
8.69587e+06
7.74812e+06
5.6787e+06
7.58022e+06
1.29668e+07
1.44507e+07
1.14452e+07
1.18179e+07
1.65448e+07
1.8333e+07
1.50003e+07
1.09122e+07
7.42981e+06
4.81953e+06
4.76012e+06
9.93214e+06
1.55489e+07
1.36398e+07
1.03891e+07
1.41049e+07
1.59672e+07
1.45616e+07
1.06905e+07
1.12167e+07
1.24151e+07
1.37697e+07
1.80116e+07
1.6061e+07
1.19614e+07
1.08106e+07
1.10089e+07
9.10279e+06
5.64544e+06
5.37355e+06
7.31856e+06
9.17131e+06
1.25114e+07
1.46879e+07
1.55469e+07
1.57493e+07
1.05099e+07
7.38777e+06
9.09399e+06
1.06384e+07
9.88456e+06
8.92113e+06
6.62442e+06
5.33156e+06
6.83316e+06
8.03465e+06
4.41231e+06
1.74317e+06
3.41544e+06
7.09396e+06
9.646e+06
1.1227e+07
1.39316e+07
1.22656e+07
6.40695e+06
1.93488e+06
2.11471e+06
4.36221e+06
3.65136e+06
1.1065e+06
608066
798434
642159
1.81172e+06
2.6645e+06
4.74489e+06
7.39933e+06
7.59949e+06
4.9601e+06
1.77943e+06
1.23826e+06
1.2691e+06
217950
1398
0
0
12
350
9325
112221
716924
2.26138e+06
3.31016e+06
1.8719e+06
293794
12939
308
0
0
0
0
0
0
57
1156
17769
111165
249102
97935
0
0
0
0
0
0
0
0
0
0
0
0
0
0
0
0
0
0
0
0
0
0
0
0
0
0
0
0
0
0
0
0
0
0
0
0
0
0
0
0
0
0
0
0
0
0
0
0
0
0
0
0
0
0
0
0
0
0
0
0
0
0
0
0
0
0
0
0
0
0
0
0
0
0
0
0
0
0
0
0
0
0
0
0
0
0
0
0
0
0
0
0
0
0
0
0
0
0
0
0
0
0
0
0
0
0
0
0
0
0
0
0
0
0
0
0
0
0
0
0
0
0
0
0
0
0
0
0
0
0
0
0
0
0
0
0
0
0
0
0
0
0
0
0
0
0
0
0
0
0
0
0
0
0
0
0
0
0
0
0
0
0
0
0
0
0
0
0
0
0
0
0
0
0
0
0
0
0
0
0
0
0
0
0
0
0
0
0
0
0
0
0
0
0
0
0
0
0
0
0
