49152
0
0
0
0
0
0
0
0
0
0
0
0
0
0
0
0
19
1634
46356
215427
30389
1080
7
0
3
157
6346
85549
52456
2893
52
67
4887
110694
420712
51696
1761
388
14508
181767
93049
5138
1654
49446
419718
113691
5432
5680
91836
92995
6579
33472
543717
565156
36282
10394
99292
36556
13450
232470
584104
57248
65949
432270
88357
46103
407069
133820
47614
404085
142568
176549
1.28095e+06
299392
13256
677
28421
489894
618496
66781
210375
77533
381606
723296
128058
536110
181652
873543
801217
184289
410965
175188
866213
207821
402923
196635
671818
446966
118057
141995
854946
1.10208e+06
306687
379674
984042
1.28756e+06
626577
592392
354112
236993
20178
196230
1.6746e+06
482156
158394
602267
1.61888e+06
683336
658772
819510
435632
714499
1.0531e+06
1.83638e+06
513416
351740
888774
366552
420982
850266
541480
957794
1.8471e+06
1.09946e+06
589054
1.62632e+06
1.20314e+06
153691
1.23971e+06
1.0766e+06
598056
1.58072e+06
1.12502e+06
644509
856988
852989
1.30745e+06
1.39709e+06
702819
1.00735e+06
2.57253e+06
376343
887979
1.59918e+06
1.49501e+06
1.36149e+06
964678
1.15924e+06
2.20317e+06
407021
1.61297e+06
1.79756e+06
439791
944522
998225
2.01651e+06
2.52641e+06
1.24381e+06
1.88885e+06
1.15639e+06
912582
816749
1.29182e+06
3.52492e+06
1.06474e+06
2.09299e+06
1.77388e+06
1.64472e+06
1.41928e+06
469564
1.78919e+06
867834
2.03558e+06
2.1418e+06
2.30794e+06
1.8523e+06
1.78342e+06
2.44053e+06
1.20556e+06
2.69318e+06
1.02287e+06
1.96257e+06
1.8687e+06
2.83833e+06
1.77938e+06
2.49824e+06
1.24278e+06
673875
752446
2.70946e+06
3.58825e+06
2.0607e+06
2.47357e+06
1.94152e+06
1.63432e+06
2.70323e+06
3.88996e+06
1.44087e+06
2.08879e+06
1.82938e+06
2.02934e+06
2.55164e+06
1.87392e+06
1.62905e+06
2.45713e+06
1.89027e+06
1.97449e+06
3.89712e+06
2.90855e+06
3.8392e+06
2.92251e+06
2.18504e+06
895297
2.67947e+06
2.40313e+06
3.3425e+06
2.96217e+06
2.5992e+06
2.27146e+06
2.57177e+06
1.6547e+06
2.19526e+06
2.06176e+06
2.84647e+06
4.27881e+06
2.40615e+06
3.59014e+06
2.58338e+06
2.82427e+06
3.49018e+06
2.1215e+06
1.49953e+06
1.49916e+06
2.67708e+06
3.5454e+06
2.30273e+06
2.96614e+06
2.37579e+06
1.64174e+06
2.22799e+06
1.85682e+06
3.5159e+06
2.39503e+06
2.4475e+06
4.2273e+06
1.73036e+06
2.00199e+06
1.58583e+06
2.82272e+06
3.96575e+06
1.38901e+06
917839
1.46287e+06
1.55141e+06
2.62078e+06
2.62112e+06
3.06708e+06
2.30854e+06
1.84191e+06
2.41967e+06
2.39942e+06
1.99161e+06
1.9469e+06
2.68831e+06
1.28109e+06
1.62032e+06
2.04034e+06
1.90878e+06
2.64724e+06
1.90164e+06
731826
1.21855e+06
1.60727e+06
1.63874e+06
2.32333e+06
2.76408e+06
2.42597e+06
1.66523e+06
1.74226e+06
1.75676e+06
1.44874e+06
1.79339e+06
1.20706e+06
1.34495e+06
1.40266e+06
1.05156e+06
1.1595e+06
1.12515e+06
2.01087e+06
1.7842e+06
1.22468e+06
1.43512e+06
540354
2.25156e+06
1.8837e+06
1.58156e+06
1.22681e+06
2.02747e+06
613622
554665
826045
1.06483e+06
733257
337036
79496
887766
1.31728e+06
1.97687e+06
1.73187e+06
1.28502e+06
641975
804243
1.06828e+06
1.05083e+06
104694
278739
966336
119613
3241
53194
337182
420828
693824
1.23684e+06
948521
1.10306e+06
607207
774778
305416
24568
296062
270874
3888
3966
69518
73919
165
9978
209330
1.02233e+06
996486
613688
331828
253220
16311
120016
14752
1
0
0
0
0
1
719
31953
462020
800607
213405
112461
849
1
0
0
0
0
0
0
0
0
18
2896
73386
333952
32005
111
0
0
0
0
0
0
0
0
0
0
0
112
4191
20273
0
0
0
0
0
0
0
0
0
0
0
0
0
0
0
0
0
0
0
0
0
0
0
0
0
0
0
0
0
0
0
0
0
0
0
0
0
0
0
0
0
0
0
0
0
0
0
0
0
0
0
0
0
0
0
0
0
0
0
0
0
0
0
0
0
0
0
0
0
0
0
0
0
0
0
0
0
0
0
0
0
0
0
0
0
0
0
0
0
0
0
0
0
0
0
0
0
0
0
0
0
0
0
0
0
0
0
0
0
0
0
0
0
0
0
0
0
0
0
0
0
0
0
0
0
0
0
0
0
0
0
0
0
0
0
0
0
0
0
0
0
0
0
0
0
0
0
0
0
0
0
0
0
0
0
0
0
0
0
0
0
0
0
0
0
0
0
0
0
0
0
0
0
0
0
0
0
0
0
0
0
0
0
0
0
0
0
0
0
0
0
0
0
0
0
0
0
0
0
0
0
0
0
0
0
0
0
0
0
0
0
0
0
0
0
0
0
0
0
0
0
0
0
0
0
0
0
0
0
0
0
0
0
0
0
0
0
0
0
0
0
0
0
0
0
0
0
0
0
0
0
0
0
0
0
0
0
0
0
0
0
0
0
0
0
0
0
0
0
0
0
0
0
0
0
0
0
0
0
0
0
0
0
0
0
0
0
0
0
0
0
0
0
0
0
0
0
0
0
0
0
0
0
0
0
0
0
0
0
0
0
0
0
0
0
0
0
0
0
0
0
0
0
0
0
0
0
0
0
0
0
0
0
0
0
0
0
0
0
0
0
0
0
0
0
0
0
0
0
0
0
0
0
0
0
0
0
0
0
0
0
0
0
0
0
0
0
0
0
0
0
0
0
0
0
0
0
0
0
0
0
0
0
0
0
0
0
0
0
0
0
0
0
0
0
0
0
0
0
0
