686080
0
0
0
0
0
0
0
0
0
0
0
0
0
0
0
0
1424
163307
1.16052e+06
1.69566e+06
859870
207029
26734
2724
10272
81530
331989
670695
624644
273679
63467
95663
686564
2.17956e+06
2.96095e+06
1.74745e+06
500373
212998
729783
1.4324e+06
1.22095e+06
559271
603430
1.69879e+06
2.78309e+06
2.17093e+06
914478
554656
886852
926522
921451
2.46855e+06
5.16522e+06
5.21849e+06
2.61443e+06
990720
774672
843077
1.61446e+06
3.45182e+06
4.19458e+06
2.98041e+06
2.53635e+06
2.94416e+06
2.48704e+06
2.37977e+06
2.98202e+06
2.70598e+06
2.51305e+06
3.19219e+06
3.94503e+06
6.21952e+06
8.47814e+06
6.25831e+06
2.42716e+06
1.00185e+06
2.34593e+06
4.9298e+06
5.42429e+06
3.5906e+06
2.52361e+06
3.21369e+06
5.23056e+06
6.13578e+06
5.29053e+06
5.22966e+06
6.51108e+06
8.77491e+06
8.61807e+06
6.08835e+06
4.88705e+06
5.55417e+06
6.52806e+06
5.73884e+06
4.89884e+06
5.26773e+06
6.25963e+06
5.5742e+06
4.07281e+06
5.44012e+06
9.33787e+06
1.03981e+07
8.2139e+06
8.4796e+06
1.19056e+07
1.31942e+07
1.0776e+07
7.84618e+06
5.34048e+06
3.46384e+06
3.41188e+06
7.12443e+06
1.12151e+07
9.80111e+06
7.45021e+06
1.01328e+07
1.14971e+07
1.0465e+07
7.6833e+06
8.06996e+06
8.9206e+06
9.88391e+06
1.29528e+07
1.15645e+07
8.59111e+06
7.76461e+06
7.92783e+06
6.53841e+06
4.05217e+06
3.85929e+06
5.25856e+06
6.5901e+06
9.00654e+06
1.05644e+07
1.1159e+07
1.13423e+07
7.55395e+06
5.29855e+06
6.54405e+06
7.65198e+06
7.0949e+06
6.41849e+06
4.76166e+06
3.83295e+06
4.91174e+06
5.77605e+06
3.17514e+06
1.24724e+06
2.45056e+06
5.10176e+06
6.9497e+06
8.05297e+06
1.002e+07
8.82526e+06
4.61029e+06
1.38429e+06
1.51414e+06
3.1341e+06
2.6347e+06
793726
435672
574095
458748
1.29781e+06
1.91596e+06
3.40931e+06
5.32797e+06
5.46062e+06
3.57437e+06
1.27452e+06
885762
914803
158545
1098
0
0
12
263
6568
79174
509905
1.62017e+06
2.38865e+06
1.35088e+06
209816
9059
225
0
0
0
0
0
0
37
770
12505
78485
179145
72098
0
0
0
0
0
0
0
0
0
0
0
0
0
0
0
0
0
0
0
0
0
0
0
0
0
0
0
0
0
0
0
0
0
0
0
0
0
0
0
0
0
0
0
0
0
0
0
0
0
0
0
0
0
0
0
0
0
0
0
0
0
0
0
0
0
0
0
0
0
0
0
0
0
0
0
0
0
0
0
0
0
0
0
0
0
0
0
0
0
0
0
0
0
0
0
0
0
0
0
0
0
0
0
0
0
0
0
0
0
0
0
0
0
0
0
0
0
0
0
0
0
0
0
0
0
0
0
0
0
0
0
0
0
0
0
0
0
0
0
0
0
0
0
0
0
0
0
0
0
0
0
0
0
0
0
0
0
0
0
0
0
0
0
0
0
0
0
0
0
0
0
0
0
0
0
0
0
0
0
0
0
0
0
0
0
0
0
0
0
0
0
0
0
0
0
0
0
0
0
0
