26624
0
0
0
0
0
0
0
0
0
0
0
0
0
0
0
0
148
7068
41384
71471
29498
8463
1530
227
506
2974
10795
29622
24059
9254
2755
4809
24917
76147
132229
58848
19063
9872
24284
61273
47240
19201
20982
56790
131728
77788
30456
19039
36155
39454
34244
79791
213571
218534
85430
35566
37189
31489
51901
129575
194168
96999
86125
141132
86243
77439
136922
98074
82707
147376
138485
206235
402912
222577
79079
35821
75173
204715
235373
117852
103924
108031
202455
269903
173894
225685
218560
367708
353338
207835
200900
187052
299726
197792
197968
182879
268956
221843
141173
183896
381430
440723
288128
305298
476224
547521
397652
310270
205186
137320
109810
237611
534217
354397
242531
376545
507106
387665
282954
340866
323974
358500
505792
504825
312343
277923
345730
238290
140951
150542
193420
246370
396643
401855
399520
480310
294839
171937
272678
299464
248632
273372
177404
143755
195843
228041
128559
42034
88451
188006
314202
261172
391406
361508
191790
46530
48305
111983
126910
26151
13966
23422
18070
42779
74942
131628
210048
199818
163685
42039
28492
39416
8730
43
0
0
0
6
362
3235
16582
53711
100654
57596
7090
362
18
0
0
0
0
0
0
3
67
481
2507
5690
4564
0
0
0
0
0
0
0
0
0
0
0
0
0
0
0
0
0
0
0
0
0
0
0
0
0
0
0
0
0
0
0
0
0
0
0
0
0
0
0
0
0
0
0
0
0
0
0
0
0
0
0
0
0
0
0
0
0
0
0
0
0
0
0
0
0
0
0
0
0
0
0
0
0
0
0
0
0
0
0
0
0
0
0
0
0
0
0
0
0
0
0
0
0
0
0
0
0
0
0
0
0
0
0
0
0
0
0
0
0
0
0
0
0
0
0
0
0
0
0
0
0
0
0
0
0
0
0
0
0
0
0
0
0
0
0
0
0
0
0
0
0
0
0
0
0
0
0
0
0
0
0
0
0
0
0
0
0
0
0
0
0
0
0
0
0
0
0
0
0
0
0
0
0
0
0
0
0
0
0
0
0
0
0
0
0
0
0
0
0
0
0
0
0
0
0
0
0
0
0
0
