829440
0
0
0
0
0
0
0
0
0
0
0
0
0
0
0
0
1735
197064
1.40474e+06
2.04816e+06
1.04005e+06
249945
32627
3227
12573
98826
401472
809625
755279
331779
76394
115366
829374
2.63826e+06
3.57614e+06
2.11451e+06
604528
257011
883281
1.73041e+06
1.47625e+06
676728
730996
2.0579e+06
3.35465e+06
2.62469e+06
1.10848e+06
671738
1.07362e+06
1.11708e+06
1.11553e+06
2.99037e+06
6.2393e+06
6.30068e+06
3.16734e+06
1.19982e+06
935078
1.01837e+06
1.9563e+06
4.17356e+06
5.06141e+06
3.60923e+06
3.06979e+06
3.55299e+06
3.0092e+06
2.88085e+06
3.59764e+06
3.27315e+06
3.04442e+06
3.85176e+06
4.7731e+06
7.52514e+06
1.02364e+07
7.56713e+06
2.94012e+06
1.21348e+06
2.84066e+06
5.95757e+06
6.54607e+06
4.34427e+06
3.05549e+06
3.89198e+06
6.31876e+06
7.4094e+06
6.40242e+06
6.32146e+06
7.87874e+06
1.06016e+07
1.04077e+07
7.37115e+06
5.90762e+06
6.72121e+06
7.88298e+06
6.94437e+06
5.91618e+06
6.37922e+06
7.56119e+06
6.7328e+06
4.92894e+06
6.58601e+06
1.12758e+07
1.25663e+07
9.93949e+06
1.02635e+07
1.43838e+07
1.59409e+07
1.30331e+07
9.48331e+06
6.45791e+06
4.18782e+06
4.13249e+06
8.62916e+06
1.35263e+07
1.185e+07
9.02237e+06
1.22587e+07
1.38806e+07
1.26558e+07
9.29006e+06
9.752e+06
1.07879e+07
1.19595e+07
1.56578e+07
1.39654e+07
1.03927e+07
9.39353e+06
9.57234e+06
7.90779e+06
4.90529e+06
4.67083e+06
6.35963e+06
7.97015e+06
1.08757e+07
1.27686e+07
1.35049e+07
1.36937e+07
9.13488e+06
6.41518e+06
7.90611e+06
9.24669e+06
8.5871e+06
7.75751e+06
5.75694e+06
4.63251e+06
5.93909e+06
6.98198e+06
3.83615e+06
1.51365e+06
2.96632e+06
6.16579e+06
8.38999e+06
9.75057e+06
1.21094e+07
1.06619e+07
5.56987e+06
1.68012e+06
1.8351e+06
3.79017e+06
3.17677e+06
961885
527807
694034
556782
1.57244e+06
2.31588e+06
4.1233e+06
6.43364e+06
6.6044e+06
4.31419e+06
1.54546e+06
1.07412e+06
1.10342e+06
190094
1259
0
0
12
296
8169
97133
620745
1.96182e+06
2.88082e+06
1.62946e+06
255094
11130
271
0
0
0
0
0
0
54
999
15383
96185
216404
85695
0
0
0
0
0
0
0
0
0
0
0
0
0
0
0
0
0
0
0
0
0
0
0
0
0
0
0
0
0
0
0
0
0
0
0
0
0
0
0
0
0
0
0
0
0
0
0
0
0
0
0
0
0
0
0
0
0
0
0
0
0
0
0
0
0
0
0
0
0
0
0
0
0
0
0
0
0
0
0
0
0
0
0
0
0
0
0
0
0
0
0
0
0
0
0
0
0
0
0
0
0
0
0
0
0
0
0
0
0
0
0
0
0
0
0
0
0
0
0
0
0
0
0
0
0
0
0
0
0
0
0
0
0
0
0
0
0
0
0
0
0
0
0
0
0
0
0
0
0
0
0
0
0
0
0
0
0
0
0
0
0
0
0
0
0
0
0
0
0
0
0
0
0
0
0
0
0
0
0
0
0
0
0
0
0
0
0
0
0
0
0
0
0
0
0
0
0
0
0
0
