733184
0
0
0
0
0
0
0
0
0
0
0
0
0
0
0
0
1526
174486
1.24069e+06
1.81117e+06
919774
220959
28432
2900
11058
87296
354376
716764
667491
292803
67638
101849
733215
2.33038e+06
3.16424e+06
1.86844e+06
533583
227331
779738
1.5306e+06
1.3055e+06
597698
644562
1.81666e+06
2.97216e+06
2.31987e+06
977749
592874
948767
988965
984113
2.63902e+06
5.52058e+06
5.57594e+06
2.79457e+06
1.05848e+06
827655
900359
1.7251e+06
3.68992e+06
4.48223e+06
3.18505e+06
2.7106e+06
3.14614e+06
2.65781e+06
2.54401e+06
3.18535e+06
2.89198e+06
2.68618e+06
3.41012e+06
4.21544e+06
6.64749e+06
9.06063e+06
6.68914e+06
2.59374e+06
1.07032e+06
2.50618e+06
5.26879e+06
5.79523e+06
3.83729e+06
2.69767e+06
3.43555e+06
5.58947e+06
6.55618e+06
5.65334e+06
5.58836e+06
6.95936e+06
9.37711e+06
9.20906e+06
6.506e+06
5.22113e+06
5.93738e+06
6.97598e+06
6.13552e+06
5.233e+06
5.63148e+06
6.6866e+06
5.95752e+06
4.35249e+06
5.81294e+06
9.97791e+06
1.11133e+07
8.77753e+06
9.06371e+06
1.27225e+07
1.40989e+07
1.15163e+07
8.38509e+06
5.70844e+06
3.699e+06
3.64446e+06
7.61923e+06
1.19822e+07
1.04742e+07
7.96107e+06
1.08321e+07
1.22828e+07
1.11839e+07
8.2105e+06
8.62253e+06
9.5337e+06
1.05633e+07
1.3845e+07
1.23543e+07
9.18314e+06
8.29846e+06
8.46964e+06
6.99e+06
4.32853e+06
4.12454e+06
5.61958e+06
7.04184e+06
9.62482e+06
1.12917e+07
1.1927e+07
1.21168e+07
8.0727e+06
5.66217e+06
6.99368e+06
8.17827e+06
7.58126e+06
6.85899e+06
5.0902e+06
4.09364e+06
5.24969e+06
6.17492e+06
3.392e+06
1.33288e+06
2.61915e+06
5.45158e+06
7.42453e+06
8.60702e+06
1.0709e+07
9.4308e+06
4.9267e+06
1.47963e+06
1.61699e+06
3.35129e+06
2.81522e+06
847855
465780
613408
490113
1.38732e+06
2.04694e+06
3.64446e+06
5.6914e+06
5.83708e+06
3.81896e+06
1.36263e+06
946496
977968
169279
1146
0
0
12
272
7080
84710
545217
1.73166e+06
2.55161e+06
1.44342e+06
224795
9646
235
0
0
0
0
0
0
45
825
13429
84264
191452
76577
0
0
0
0
0
0
0
0
0
0
0
0
0
0
0
0
0
0
0
0
0
0
0
0
0
0
0
0
0
0
0
0
0
0
0
0
0
0
0
0
0
0
0
0
0
0
0
0
0
0
0
0
0
0
0
0
0
0
0
0
0
0
0
0
0
0
0
0
0
0
0
0
0
0
0
0
0
0
0
0
0
0
0
0
0
0
0
0
0
0
0
0
0
0
0
0
0
0
0
0
0
0
0
0
0
0
0
0
0
0
0
0
0
0
0
0
0
0
0
0
0
0
0
0
0
0
0
0
0
0
0
0
0
0
0
0
0
0
0
0
0
0
0
0
0
0
0
0
0
0
0
0
0
0
0
0
0
0
0
0
0
0
0
0
0
0
0
0
0
0
0
0
0
0
0
0
0
0
0
0
0
0
0
0
0
0
0
0
0
0
0
0
0
0
0
0
0
0
0
0
