131072
0
0
0
0
0
0
0
0
0
0
0
0
0
0
0
0
350
31826
218763
328029
162084
39313
5543
686
2108
15742
60798
130714
120451
51128
12184
19321
131290
408495
577531
325838
97291
42040
137246
277689
232389
104537
114494
317998
549607
407738
172296
105012
169899
178808
177338
463336
993570
1.00027e+06
489178
191067
154179
160398
304015
652173
823283
556400
476159
581629
467275
445686
583455
510275
471855
629443
745553
1.16122e+06
1.667e+06
1.17254e+06
458867
196457
440753
945637
1.05064e+06
670253
491088
603916
997276
1.19255e+06
987489
1.02005e+06
1.21888e+06
1.69281e+06
1.65369e+06
1.14708e+06
947132
1.03789e+06
1.28027e+06
1.07408e+06
947688
991606
1.20916e+06
1.06599e+06
774035
1.02927e+06
1.78868e+06
2.00488e+06
1.55309e+06
1.61306e+06
2.2759e+06
2.53589e+06
2.0432e+06
1.50547e+06
1.02006e+06
668518
649353
1.33307e+06
2.19794e+06
1.84669e+06
1.41006e+06
1.92013e+06
2.23592e+06
1.97746e+06
1.46574e+06
1.56514e+06
1.68971e+06
1.88234e+06
2.45917e+06
2.24338e+06
1.62981e+06
1.46834e+06
1.53861e+06
1.23755e+06
769585
744974
996417
1.25279e+06
1.74916e+06
2.0092e+06
2.11038e+06
2.18712e+06
1.4445e+06
995294
1.26506e+06
1.46015e+06
1.3387e+06
1.24396e+06
900980
736042
940595
1.09506e+06
611156
238832
467944
963342
1.36832e+06
1.49953e+06
1.91351e+06
1.69286e+06
888104
264252
288487
587304
515375
149992
82505
110400
90402
243074
366587
648932
1.01735e+06
1.03409e+06
701070
238485
168039
174764
31867
229
0
0
3
66
1417
15822
97342
303349
459384
260631
39753
1848
33
0
0
0
0
0
0
7
231
2435
14970
32948
14945
0
0
0
0
0
0
0
0
0
0
0
0
0
0
0
0
0
0
0
0
0
0
0
0
0
0
0
0
0
0
0
0
0
0
0
0
0
0
0
0
0
0
0
0
0
0
0
0
0
0
0
0
0
0
0
0
0
0
0
0
0
0
0
0
0
0
0
0
0
0
0
0
0
0
0
0
0
0
0
0
0
0
0
0
0
0
0
0
0
0
0
0
0
0
0
0
0
0
0
0
0
0
0
0
0
0
0
0
0
0
0
0
0
0
0
0
0
0
0
0
0
0
0
0
0
0
0
0
0
0
0
0
0
0
0
0
0
0
0
0
0
0
0
0
0
0
0
0
0
0
0
0
0
0
0
0
0
0
0
0
0
0
0
0
0
0
0
0
0
0
0
0
0
0
0
0
0
0
0
0
0
0
0
0
0
0
0
0
0
0
0
0
0
0
0
0
0
0
0
0
