559104
0
0
0
0
0
0
0
0
0
0
0
0
0
0
0
0
1170
133464
944657
1.38314e+06
699986
168822
21744
2250
8244
66612
271017
545982
508900
223311
51702
78434
560390
1.77406e+06
2.41439e+06
1.42178e+06
408654
174410
593958
1.16836e+06
994703
455478
491301
1.38304e+06
2.27197e+06
1.7672e+06
745296
451211
723849
755284
751581
2.00961e+06
4.21032e+06
4.25311e+06
2.12746e+06
807884
633877
687164
1.31357e+06
2.81204e+06
3.42428e+06
2.42566e+06
2.06416e+06
2.4027e+06
2.02399e+06
1.93765e+06
2.43528e+06
2.20437e+06
2.04228e+06
2.60931e+06
3.21558e+06
5.06126e+06
6.91598e+06
5.09314e+06
1.97735e+06
819978
1.90914e+06
4.02133e+06
4.42393e+06
2.91987e+06
2.0582e+06
2.61534e+06
4.26284e+06
5.00818e+06
4.30292e+06
4.26935e+06
5.29679e+06
7.15576e+06
7.02724e+06
4.95643e+06
3.98891e+06
4.51902e+06
5.3255e+06
4.66804e+06
3.99874e+06
4.28947e+06
5.10498e+06
4.54145e+06
3.31906e+06
4.42951e+06
7.61087e+06
8.48379e+06
6.6867e+06
6.90474e+06
9.70603e+06
1.07539e+07
8.77929e+06
6.39414e+06
4.35234e+06
2.82539e+06
2.77997e+06
5.80141e+06
9.15125e+06
7.97581e+06
6.0687e+06
8.25811e+06
9.37656e+06
8.52121e+06
6.26166e+06
6.5862e+06
7.26696e+06
8.05047e+06
1.05541e+07
9.43272e+06
6.99315e+06
6.32569e+06
6.4651e+06
5.32629e+06
3.30103e+06
3.1502e+06
4.28475e+06
5.36576e+06
7.34348e+06
8.60951e+06
9.08884e+06
9.25268e+06
6.15558e+06
4.31035e+06
5.33584e+06
6.23834e+06
5.77681e+06
5.23774e+06
3.876e+06
3.12237e+06
4.0049e+06
4.70403e+06
2.58691e+06
1.01608e+06
1.99251e+06
4.15847e+06
5.68162e+06
6.55062e+06
8.16319e+06
7.19181e+06
3.76033e+06
1.12791e+06
1.23163e+06
2.55264e+06
2.15054e+06
645520
354922
467605
375128
1.05615e+06
1.55931e+06
2.77674e+06
4.34508e+06
4.44813e+06
2.91812e+06
1.0368e+06
720213
745768
129694
886
0
0
8
213
5450
63980
414179
1.31903e+06
1.94843e+06
1.10269e+06
170462
7316
176
0
0
0
0
0
0
30
628
10018
63504
145897
59475
0
0
0
0
0
0
0
0
0
0
0
0
0
0
0
0
0
0
0
0
0
0
0
0
0
0
0
0
0
0
0
0
0
0
0
0
0
0
0
0
0
0
0
0
0
0
0
0
0
0
0
0
0
0
0
0
0
0
0
0
0
0
0
0
0
0
0
0
0
0
0
0
0
0
0
0
0
0
0
0
0
0
0
0
0
0
0
0
0
0
0
0
0
0
0
0
0
0
0
0
0
0
0
0
0
0
0
0
0
0
0
0
0
0
0
0
0
0
0
0
0
0
0
0
0
0
0
0
0
0
0
0
0
0
0
0
0
0
0
0
0
0
0
0
0
0
0
0
0
0
0
0
0
0
0
0
0
0
0
0
0
0
0
0
0
0
0
0
0
0
0
0
0
0
0
0
0
0
0
0
0
0
0
0
0
0
0
0
0
0
0
0
0
0
0
0
0
0
0
0
