143360
0
0
0
0
0
0
0
0
0
0
0
0
0
0
0
0
383
34801
239496
358340
177464
43117
6017
710
2276
17122
66929
142711
131547
56070
13264
21077
143834
447201
630540
357244
106249
45905
150563
302815
254419
114649
125396
348320
599315
446618
188701
115249
185445
195437
194189
507830
1.08565e+06
1.09289e+06
536907
208691
168138
175494
332807
714046
898527
609668
521776
633537
512059
489169
635912
558990
517531
685974
817123
1.2728e+06
1.81714e+06
1.28454e+06
502977
215113
482913
1.03402e+06
1.1465e+06
734472
536646
662491
1.09011e+06
1.30195e+06
1.08341e+06
1.11267e+06
1.33693e+06
1.84911e+06
1.8075e+06
1.25704e+06
1.03367e+06
1.13804e+06
1.39636e+06
1.17757e+06
1.03599e+06
1.08636e+06
1.31997e+06
1.16497e+06
847486
1.1278e+06
1.95582e+06
2.19106e+06
1.70041e+06
1.76546e+06
2.48806e+06
2.77231e+06
2.23567e+06
1.64654e+06
1.11526e+06
730291
711963
1.4613e+06
2.39689e+06
2.02188e+06
1.54458e+06
2.10219e+06
2.43985e+06
2.16585e+06
1.60372e+06
1.71017e+06
1.8502e+06
2.0599e+06
2.69019e+06
2.44881e+06
1.78439e+06
1.60764e+06
1.68072e+06
1.35449e+06
842692
814330
1.09024e+06
1.37091e+06
1.90943e+06
2.1987e+06
2.31137e+06
2.38967e+06
1.5801e+06
1.08959e+06
1.38175e+06
1.59834e+06
1.46594e+06
1.35822e+06
986369
804694
1.0286e+06
1.1978e+06
668301
260739
511934
1.05557e+06
1.49281e+06
1.64442e+06
2.09277e+06
1.85011e+06
970687
288939
315659
643706
562380
164144
90229
120882
98433
266079
400779
710416
1.11247e+06
1.13265e+06
765025
260903
183736
191343
34631
253
0
0
3
66
1512
17086
106204
333038
501852
284921
43571
1943
44
0
0
0
0
0
0
7
235
2593
16366
36207
16272
0
0
0
0
0
0
0
0
0
0
0
0
0
0
0
0
0
0
0
0
0
0
0
0
0
0
0
0
0
0
0
0
0
0
0
0
0
0
0
0
0
0
0
0
0
0
0
0
0
0
0
0
0
0
0
0
0
0
0
0
0
0
0
0
0
0
0
0
0
0
0
0
0
0
0
0
0
0
0
0
0
0
0
0
0
0
0
0
0
0
0
0
0
0
0
0
0
0
0
0
0
0
0
0
0
0
0
0
0
0
0
0
0
0
0
0
0
0
0
0
0
0
0
0
0
0
0
0
0
0
0
0
0
0
0
0
0
0
0
0
0
0
0
0
0
0
0
0
0
0
0
0
0
0
0
0
0
0
0
0
0
0
0
0
0
0
0
0
0
0
0
0
0
0
0
0
0
0
0
0
0
0
0
0
0
0
0
0
0
0
0
0
0
0
0
0
0
0
0
0
