260096
0
0
0
0
0
0
0
0
0
0
0
0
0
0
0
0
593
62484
437803
645643
323815
79015
10437
1080
3934
31018
123937
256039
237900
103132
23749
37406
261686
820683
1.12753e+06
656681
192285
82166
274733
546775
461553
210965
227988
636854
1.07025e+06
818934
344762
209080
335765
352968
350952
930371
1.9627e+06
1.97841e+06
983891
377771
298561
319295
608589
1.30322e+06
1.60804e+06
1.11859e+06
954089
1.13126e+06
937418
895330
1.14114e+06
1.01957e+06
946657
1.22782e+06
1.48858e+06
2.33853e+06
3.24887e+06
2.35141e+06
917242
384347
883457
1.87534e+06
2.06911e+06
1.34612e+06
961009
1.21057e+06
1.98368e+06
2.34235e+06
1.98624e+06
1.99816e+06
2.44689e+06
3.34327e+06
3.27339e+06
2.29534e+06
1.86748e+06
2.08321e+06
2.4969e+06
2.1559e+06
1.87068e+06
1.98948e+06
2.3806e+06
2.11198e+06
1.54222e+06
2.05429e+06
3.54465e+06
3.95774e+06
3.10084e+06
3.20028e+06
4.51898e+06
5.02375e+06
4.06933e+06
2.9772e+06
2.02418e+06
1.31827e+06
1.29071e+06
2.68094e+06
4.29482e+06
3.6908e+06
2.81381e+06
3.83447e+06
4.38447e+06
3.95306e+06
2.91235e+06
3.07853e+06
3.36739e+06
3.73943e+06
4.90546e+06
4.41201e+06
3.2439e+06
2.93074e+06
3.02432e+06
2.46954e+06
1.53321e+06
1.47086e+06
1.98767e+06
2.49408e+06
3.43462e+06
3.99527e+06
4.21512e+06
4.31869e+06
2.86764e+06
1.99092e+06
2.48833e+06
2.9044e+06
2.67596e+06
2.4489e+06
1.79997e+06
1.45296e+06
1.86425e+06
2.18126e+06
1.20798e+06
472318
926979
1.92982e+06
2.6695e+06
3.0184e+06
3.79745e+06
3.34923e+06
1.75625e+06
524847
573987
1.1789e+06
1.00819e+06
298594
164774
218261
176581
488017
724200
1.2906e+06
2.02036e+06
2.06412e+06
1.37023e+06
478635
334007
347654
60986
429
0
0
3
114
2667
30340
193564
608833
908444
513965
79335
3518
81
0
0
0
0
0
0
9
341
4868
29558
66880
28392
0
0
0
0
0
0
0
0
0
0
0
0
0
0
0
0
0
0
0
0
0
0
0
0
0
0
0
0
0
0
0
0
0
0
0
0
0
0
0
0
0
0
0
0
0
0
0
0
0
0
0
0
0
0
0
0
0
0
0
0
0
0
0
0
0
0
0
0
0
0
0
0
0
0
0
0
0
0
0
0
0
0
0
0
0
0
0
0
0
0
0
0
0
0
0
0
0
0
0
0
0
0
0
0
0
0
0
0
0
0
0
0
0
0
0
0
0
0
0
0
0
0
0
0
0
0
0
0
0
0
0
0
0
0
0
0
0
0
0
0
0
0
0
0
0
0
0
0
0
0
0
0
0
0
0
0
0
0
0
0
0
0
0
0
0
0
0
0
0
0
0
0
0
0
0
0
0
0
0
0
0
0
0
0
0
0
0
0
0
0
0
0
0
0
0
0
0
0
0
0
