569344
0
0
0
0
0
0
0
0
0
0
0
0
0
0
0
0
1196
135806
962117
1.40832e+06
713069
171745
22139
2297
8457
67796
275884
555924
518536
227207
52673
79820
570445
1.80667e+06
2.45899e+06
1.4479e+06
415930
177440
604796
1.18974e+06
1.01306e+06
463926
500023
1.40821e+06
2.314e+06
1.7997e+06
758703
459492
736896
769491
765116
2.04614e+06
4.28764e+06
4.33137e+06
2.16651e+06
822274
645539
699907
1.33721e+06
2.86371e+06
3.48718e+06
2.46984e+06
2.10237e+06
2.44639e+06
2.06132e+06
1.97313e+06
2.47958e+06
2.24495e+06
2.07955e+06
2.65706e+06
3.2738e+06
5.15478e+06
7.04266e+06
5.18701e+06
2.0132e+06
834735
1.94402e+06
4.09479e+06
4.50528e+06
2.97347e+06
2.0957e+06
2.66317e+06
4.34105e+06
5.09944e+06
4.3824e+06
4.34686e+06
5.39448e+06
7.28679e+06
7.15566e+06
5.04728e+06
4.06195e+06
4.60205e+06
5.42262e+06
4.75389e+06
4.0713e+06
4.36826e+06
5.19859e+06
4.62496e+06
3.37929e+06
4.51072e+06
7.75153e+06
8.63782e+06
6.80968e+06
7.03059e+06
9.884e+06
1.09515e+07
8.93924e+06
6.51164e+06
4.43242e+06
2.87689e+06
2.83056e+06
5.90868e+06
9.31719e+06
8.12306e+06
6.17878e+06
8.41068e+06
9.54749e+06
8.67762e+06
6.37647e+06
6.70634e+06
7.40083e+06
8.19702e+06
1.0748e+07
9.60451e+06
7.12215e+06
6.4418e+06
6.58268e+06
5.42457e+06
3.36123e+06
3.20748e+06
4.36352e+06
5.4644e+06
7.47785e+06
8.76702e+06
9.25481e+06
9.42272e+06
6.26822e+06
4.38905e+06
5.43382e+06
6.35224e+06
5.88317e+06
5.33358e+06
3.94668e+06
3.17922e+06
4.0789e+06
4.79024e+06
2.63414e+06
1.0345e+06
2.02895e+06
4.23502e+06
5.78503e+06
6.67087e+06
8.31287e+06
7.32393e+06
3.829e+06
1.1481e+06
1.25429e+06
2.59997e+06
2.18966e+06
657272
361351
476179
381790
1.07553e+06
1.58779e+06
2.82782e+06
4.42429e+06
4.53028e+06
2.97127e+06
1.05587e+06
733179
759486
132195
907
0
0
8
213
5533
65144
421580
1.34312e+06
1.98458e+06
1.12274e+06
173552
7437
188
0
0
0
0
0
0
30
635
10228
64593
148616
60570
0
0
0
0
0
0
0
0
0
0
0
0
0
0
0
0
0
0
0
0
0
0
0
0
0
0
0
0
0
0
0
0
0
0
0
0
0
0
0
0
0
0
0
0
0
0
0
0
0
0
0
0
0
0
0
0
0
0
0
0
0
0
0
0
0
0
0
0
0
0
0
0
0
0
0
0
0
0
0
0
0
0
0
0
0
0
0
0
0
0
0
0
0
0
0
0
0
0
0
0
0
0
0
0
0
0
0
0
0
0
0
0
0
0
0
0
0
0
0
0
0
0
0
0
0
0
0
0
0
0
0
0
0
0
0
0
0
0
0
0
0
0
0
0
0
0
0
0
0
0
0
0
0
0
0
0
0
0
0
0
0
0
0
0
0
0
0
0
0
0
0
0
0
0
0
0
0
0
0
0
0
0
0
0
0
0
0
0
0
0
0
0
0
0
0
0
0
0
0
0
