448512
0
0
0
0
0
0
0
0
0
0
0
0
0
0
0
0
927
107208
756985
1.11008e+06
561729
135476
17347
1836
6598
53677
216614
437942
409222
179220
41143
63563
450217
1.42076e+06
1.93715e+06
1.14008e+06
328749
139706
475929
939515
797283
364486
393713
1.10756e+06
1.82617e+06
1.41851e+06
597652
360723
579307
606476
603334
1.61042e+06
3.38013e+06
3.41237e+06
1.70433e+06
647881
509494
550802
1.05272e+06
2.25488e+06
2.75357e+06
1.94141e+06
1.6533e+06
1.93217e+06
1.62386e+06
1.55125e+06
1.9542e+06
1.76774e+06
1.6371e+06
2.09708e+06
2.57752e+06
4.05466e+06
5.56098e+06
4.08053e+06
1.58324e+06
656848
1.52898e+06
3.23105e+06
3.55257e+06
2.33895e+06
1.65033e+06
2.09604e+06
3.41913e+06
4.02252e+06
3.44664e+06
3.42822e+06
4.24072e+06
5.74902e+06
5.63928e+06
3.97139e+06
3.20417e+06
3.619e+06
4.27845e+06
3.7402e+06
3.20973e+06
3.43843e+06
4.09835e+06
3.64444e+06
2.65844e+06
3.54976e+06
6.11063e+06
6.81111e+06
5.3572e+06
5.53244e+06
7.79081e+06
8.6376e+06
7.03742e+06
5.12878e+06
3.48966e+06
2.26671e+06
2.22675e+06
4.65077e+06
7.35601e+06
6.39159e+06
4.85974e+06
6.62151e+06
7.53308e+06
6.83396e+06
5.01902e+06
5.28878e+06
5.82436e+06
6.45597e+06
8.46839e+06
7.57635e+06
5.60574e+06
5.06998e+06
5.19001e+06
4.27035e+06
2.64762e+06
2.52775e+06
3.43518e+06
4.30517e+06
5.8976e+06
6.90022e+06
7.28645e+06
7.43104e+06
4.943e+06
3.45083e+06
4.28116e+06
5.00447e+06
4.62858e+06
4.20764e+06
3.10855e+06
2.50414e+06
3.21501e+06
3.7706e+06
2.07581e+06
814398
1.59662e+06
3.33385e+06
4.57045e+06
5.24626e+06
6.54611e+06
5.77113e+06
3.02072e+06
903089
987783
2.04414e+06
1.72973e+06
516555
284188
375567
301747
845431
1.24991e+06
2.22537e+06
3.48808e+06
3.56758e+06
2.34547e+06
829560
576312
599054
104604
724
0
0
3
161
4407
51257
331856
1.05481e+06
1.56661e+06
885310
136264
5816
120
0
0
0
0
0
0
15
506
7918
50713
116651
48453
0
0
0
0
0
0
0
0
0
0
0
0
0
0
0
0
0
0
0
0
0
0
0
0
0
0
0
0
0
0
0
0
0
0
0
0
0
0
0
0
0
0
0
0
0
0
0
0
0
0
0
0
0
0
0
0
0
0
0
0
0
0
0
0
0
0
0
0
0
0
0
0
0
0
0
0
0
0
0
0
0
0
0
0
0
0
0
0
0
0
0
0
0
0
0
0
0
0
0
0
0
0
0
0
0
0
0
0
0
0
0
0
0
0
0
0
0
0
0
0
0
0
0
0
0
0
0
0
0
0
0
0
0
0
0
0
0
0
0
0
0
0
0
0
0
0
0
0
0
0
0
0
0
0
0
0
0
0
0
0
0
0
0
0
0
0
0
0
0
0
0
0
0
0
0
0
0
0
0
0
0
0
0
0
0
0
0
0
0
0
0
0
0
0
0
0
0
0
0
0
