380928
0
0
0
0
0
0
0
0
0
0
0
0
0
0
0
0
805
91102
642421
944126
475690
115402
14892
1586
5672
45832
183270
372423
347468
152070
35055
54425
383507
1.20485e+06
1.64532e+06
967007
280142
119520
403701
798909
676067
310176
335243
938124
1.5544e+06
1.20175e+06
507942
306967
491940
515301
513900
1.36775e+06
2.87036e+06
2.89489e+06
1.44708e+06
552540
433103
468892
894741
1.91175e+06
2.3409e+06
1.6478e+06
1.40311e+06
1.6426e+06
1.37859e+06
1.31604e+06
1.66292e+06
1.49981e+06
1.39054e+06
1.78352e+06
2.19125e+06
3.43876e+06
4.72444e+06
3.45943e+06
1.3472e+06
562859
1.29906e+06
2.74147e+06
3.01673e+06
1.98426e+06
1.40514e+06
1.78074e+06
2.90162e+06
3.4175e+06
2.92596e+06
2.91703e+06
3.59858e+06
4.88253e+06
4.7871e+06
3.37199e+06
2.72542e+06
3.06821e+06
3.64047e+06
3.17163e+06
2.72934e+06
2.92054e+06
3.47824e+06
3.09341e+06
2.26311e+06
3.01662e+06
5.18641e+06
5.78382e+06
4.552e+06
4.69761e+06
6.61496e+06
7.33681e+06
5.97337e+06
4.35782e+06
2.96554e+06
1.92673e+06
1.89458e+06
3.9452e+06
6.2521e+06
5.42369e+06
4.13229e+06
5.61955e+06
6.39818e+06
5.80262e+06
4.26569e+06
4.49564e+06
4.9464e+06
5.48082e+06
7.18562e+06
6.44077e+06
4.7607e+06
4.30336e+06
4.41114e+06
3.62312e+06
2.2513e+06
2.1489e+06
2.91596e+06
3.65794e+06
5.00879e+06
5.85847e+06
6.18568e+06
6.31368e+06
4.1992e+06
2.92882e+06
3.6379e+06
4.24874e+06
3.93113e+06
3.57498e+06
2.63833e+06
2.12968e+06
2.7308e+06
3.19834e+06
1.76386e+06
692828
1.35698e+06
2.82797e+06
3.89028e+06
4.4507e+06
5.55871e+06
4.89954e+06
2.56661e+06
768577
841194
1.73264e+06
1.46952e+06
438726
241774
319157
257366
717476
1.06082e+06
1.88966e+06
2.96165e+06
3.02798e+06
1.99637e+06
703877
489437
507873
89078
594
0
0
3
139
3902
43983
282083
894932
1.33037e+06
751755
116075
5000
106
0
0
0
0
0
0
15
472
6820
42992
98709
41456
0
0
0
0
0
0
0
0
0
0
0
0
0
0
0
0
0
0
0
0
0
0
0
0
0
0
0
0
0
0
0
0
0
0
0
0
0
0
0
0
0
0
0
0
0
0
0
0
0
0
0
0
0
0
0
0
0
0
0
0
0
0
0
0
0
0
0
0
0
0
0
0
0
0
0
0
0
0
0
0
0
0
0
0
0
0
0
0
0
0
0
0
0
0
0
0
0
0
0
0
0
0
0
0
0
0
0
0
0
0
0
0
0
0
0
0
0
0
0
0
0
0
0
0
0
0
0
0
0
0
0
0
0
0
0
0
0
0
0
0
0
0
0
0
0
0
0
0
0
0
0
0
0
0
0
0
0
0
0
0
0
0
0
0
0
0
0
0
0
0
0
0
0
0
0
0
0
0
0
0
0
0
0
0
0
0
0
0
0
0
0
0
0
0
0
0
0
0
0
0
