227328
0
0
0
0
0
0
0
0
0
0
0
0
0
0
0
0
536
54567
382078
565532
282817
68620
9101
992
3303
26778
108119
224653
208521
89565
20642
32523
227288
717126
989805
572115
167167
71552
239646
479247
403745
183000
197355
556293
941402
714592
300090
181476
293777
309373
305185
810493
1.71891e+06
1.73208e+06
857232
328999
262401
278085
529428
1.13985e+06
1.41182e+06
973575
831919
993459
817468
780334
999310
890403
825248
1.07703e+06
1.29642e+06
2.04021e+06
2.8526e+06
2.05204e+06
798729
333835
770532
1.6424e+06
1.81112e+06
1.17379e+06
840773
1.05486e+06
1.7345e+06
2.05182e+06
1.73131e+06
1.74838e+06
2.13491e+06
2.92611e+06
2.86398e+06
2.00282e+06
1.63069e+06
1.81907e+06
2.18965e+06
1.87919e+06
1.63662e+06
1.73585e+06
2.08512e+06
1.84539e+06
1.3453e+06
1.79171e+06
3.10114e+06
3.46522e+06
2.70587e+06
2.79458e+06
3.95058e+06
4.39442e+06
3.55469e+06
2.604e+06
1.767e+06
1.15215e+06
1.12701e+06
2.33819e+06
3.76566e+06
3.22317e+06
2.45321e+06
3.34916e+06
3.84036e+06
3.4504e+06
2.54536e+06
2.69547e+06
2.94127e+06
3.26689e+06
4.28382e+06
3.8625e+06
2.83229e+06
2.55996e+06
2.64925e+06
2.15621e+06
1.33753e+06
1.28542e+06
1.73463e+06
2.17754e+06
3.00856e+06
3.49364e+06
3.67987e+06
3.7794e+06
2.50491e+06
1.73593e+06
2.17792e+06
2.54027e+06
2.33463e+06
2.14303e+06
1.57119e+06
1.26857e+06
1.63051e+06
1.90917e+06
1.05466e+06
410570
808761
1.68667e+06
2.33991e+06
2.63056e+06
3.32088e+06
2.93132e+06
1.53641e+06
455685
498999
1.02989e+06
885574
260185
143236
191109
153716
424824
632549
1.12716e+06
1.76627e+06
1.80591e+06
1.20114e+06
416119
290955
304733
53556
345
0
0
3
94
2330
26302
167444
531131
796024
450781
68793
2988
62
0
0
0
0
0
0
9
319
4148
25646
58324
25218
0
0
0
0
0
0
0
0
0
0
0
0
0
0
0
0
0
0
0
0
0
0
0
0
0
0
0
0
0
0
0
0
0
0
0
0
0
0
0
0
0
0
0
0
0
0
0
0
0
0
0
0
0
0
0
0
0
0
0
0
0
0
0
0
0
0
0
0
0
0
0
0
0
0
0
0
0
0
0
0
0
0
0
0
0
0
0
0
0
0
0
0
0
0
0
0
0
0
0
0
0
0
0
0
0
0
0
0
0
0
0
0
0
0
0
0
0
0
0
0
0
0
0
0
0
0
0
0
0
0
0
0
0
0
0
0
0
0
0
0
0
0
0
0
0
0
0
0
0
0
0
0
0
0
0
0
0
0
0
0
0
0
0
0
0
0
0
0
0
0
0
0
0
0
0
0
0
0
0
0
0
0
0
0
0
0
0
0
0
0
0
0
0
0
0
0
0
0
0
0
