301056
0
0
0
0
0
0
0
0
0
0
0
0
0
0
0
0
681
71963
507231
747079
375338
91155
11979
1252
4468
36104
143511
295996
275504
119593
27307
43145
303055
950544
1.30356e+06
762103
221844
94663
317762
632772
534788
243924
263116
738991
1.23752e+06
948525
399301
241747
388433
408122
405807
1.07758e+06
2.27166e+06
2.29024e+06
1.14036e+06
436070
344766
369693
703156
1.511e+06
1.8595e+06
1.29625e+06
1.1055e+06
1.30684e+06
1.08716e+06
1.03598e+06
1.31828e+06
1.18196e+06
1.0966e+06
1.41585e+06
1.72452e+06
2.71268e+06
3.75403e+06
2.72863e+06
1.05917e+06
441574
1.02372e+06
2.17234e+06
2.39386e+06
1.5607e+06
1.10966e+06
1.40272e+06
2.29596e+06
2.70842e+06
2.30246e+06
2.30753e+06
2.83679e+06
3.8687e+06
3.78857e+06
2.65967e+06
2.15747e+06
2.41667e+06
2.88387e+06
2.50061e+06
2.15988e+06
2.30598e+06
2.75569e+06
2.44624e+06
1.78229e+06
2.37755e+06
4.10395e+06
4.57897e+06
3.58856e+06
3.70657e+06
5.23308e+06
5.81224e+06
4.71429e+06
3.44293e+06
2.34326e+06
1.52429e+06
1.49044e+06
3.10894e+06
4.96569e+06
4.2779e+06
3.25423e+06
4.44133e+06
5.07019e+06
4.58017e+06
3.36926e+06
3.55703e+06
3.90133e+06
4.32806e+06
5.68323e+06
5.10178e+06
3.75678e+06
3.39577e+06
3.49485e+06
2.86145e+06
1.77387e+06
1.70026e+06
2.30283e+06
2.88843e+06
3.97078e+06
4.62546e+06
4.88256e+06
4.99709e+06
3.31969e+06
2.3062e+06
2.87785e+06
3.36096e+06
3.10125e+06
2.83166e+06
2.0835e+06
1.68136e+06
2.15818e+06
2.5282e+06
1.3966e+06
545531
1.07226e+06
2.23391e+06
3.08415e+06
3.49987e+06
4.39649e+06
3.87824e+06
2.0309e+06
606078
662898
1.36769e+06
1.1666e+06
344844
190823
252740
203452
565743
838882
1.49295e+06
2.33768e+06
2.39249e+06
1.58357e+06
554135
386574
402718
70491
490
0
0
3
132
3135
35034
223836
705390
1.05117e+06
594777
91929
3997
99
0
0
0
0
0
0
14
387
5578
34208
77640
32701
0
0
0
0
0
0
0
0
0
0
0
0
0
0
0
0
0
0
0
0
0
0
0
0
0
0
0
0
0
0
0
0
0
0
0
0
0
0
0
0
0
0
0
0
0
0
0
0
0
0
0
0
0
0
0
0
0
0
0
0
0
0
0
0
0
0
0
0
0
0
0
0
0
0
0
0
0
0
0
0
0
0
0
0
0
0
0
0
0
0
0
0
0
0
0
0
0
0
0
0
0
0
0
0
0
0
0
0
0
0
0
0
0
0
0
0
0
0
0
0
0
0
0
0
0
0
0
0
0
0
0
0
0
0
0
0
0
0
0
0
0
0
0
0
0
0
0
0
0
0
0
0
0
0
0
0
0
0
0
0
0
0
0
0
0
0
0
0
0
0
0
0
0
0
0
0
0
0
0
0
0
0
0
0
0
0
0
0
0
0
0
0
0
0
0
0
0
0
0
0
