475136
0
0
0
0
0
0
0
0
0
0
0
0
0
0
0
0
988
113343
802663
1.17543e+06
595017
143566
18435
1923
7051
56742
229797
463626
433489
189838
43565
67199
477008
1.50557e+06
2.05209e+06
1.20744e+06
348303
148190
504697
994283
844492
386439
417587
1.17435e+06
1.93202e+06
1.50308e+06
633299
382471
614577
641839
639579
1.7074e+06
3.57857e+06
3.61371e+06
1.80663e+06
686958
539476
583872
1.11653e+06
2.38855e+06
2.91308e+06
2.05885e+06
1.75321e+06
2.04438e+06
1.72082e+06
1.64487e+06
2.06926e+06
1.87277e+06
1.73476e+06
2.22088e+06
2.73135e+06
4.29686e+06
5.88547e+06
4.32346e+06
1.67998e+06
696382
1.62158e+06
3.42001e+06
3.76193e+06
2.4791e+06
1.74921e+06
2.22183e+06
3.62119e+06
4.25862e+06
3.6539e+06
3.63026e+06
4.49568e+06
6.08713e+06
5.97177e+06
4.20913e+06
3.39565e+06
3.83445e+06
4.53002e+06
3.9633e+06
3.39963e+06
3.64359e+06
4.34145e+06
3.85969e+06
2.81876e+06
3.76413e+06
6.46785e+06
7.21133e+06
5.68015e+06
5.86584e+06
8.24929e+06
9.14532e+06
7.45615e+06
5.43387e+06
3.69761e+06
2.40227e+06
2.36199e+06
4.92666e+06
7.7868e+06
6.77338e+06
5.15305e+06
7.01528e+06
7.97488e+06
7.2405e+06
5.31842e+06
5.60004e+06
6.17056e+06
6.84297e+06
8.97092e+06
8.02038e+06
5.94019e+06
5.3728e+06
5.4963e+06
4.52458e+06
2.80694e+06
2.67678e+06
3.64149e+06
4.56019e+06
6.24594e+06
7.3102e+06
7.72025e+06
7.86731e+06
5.23411e+06
3.66183e+06
4.53455e+06
5.29987e+06
4.90498e+06
4.45637e+06
3.29299e+06
2.65402e+06
3.40483e+06
3.99453e+06
2.19927e+06
865002
1.69365e+06
3.52984e+06
4.83419e+06
5.56353e+06
6.93582e+06
6.11157e+06
3.19754e+06
958840
1.04782e+06
2.16613e+06
1.82951e+06
547960
301526
397753
319759
897423
1.32537e+06
2.35805e+06
3.69266e+06
3.77819e+06
2.48246e+06
880778
611650
633764
110476
780
0
0
8
176
4672
54777
353136
1.11854e+06
1.65656e+06
937259
144735
6222
141
0
0
0
0
0
0
15
546
8458
53965
123511
51073
0
0
0
0
0
0
0
0
0
0
0
0
0
0
0
0
0
0
0
0
0
0
0
0
0
0
0
0
0
0
0
0
0
0
0
0
0
0
0
0
0
0
0
0
0
0
0
0
0
0
0
0
0
0
0
0
0
0
0
0
0
0
0
0
0
0
0
0
0
0
0
0
0
0
0
0
0
0
0
0
0
0
0
0
0
0
0
0
0
0
0
0
0
0
0
0
0
0
0
0
0
0
0
0
0
0
0
0
0
0
0
0
0
0
0
0
0
0
0
0
0
0
0
0
0
0
0
0
0
0
0
0
0
0
0
0
0
0
0
0
0
0
0
0
0
0
0
0
0
0
0
0
0
0
0
0
0
0
0
0
0
0
0
0
0
0
0
0
0
0
0
0
0
0
0
0
0
0
0
0
0
0
0
0
0
0
0
0
0
0
0
0
0
0
0
0
0
0
0
0
