968704
0
0
0
0
0
0
0
0
0
0
0
0
0
0
0
0
2031
229831
1.64212e+06
2.38982e+06
1.21526e+06
292449
38033
3737
14936
115388
469095
944861
881896
387876
89238
134692
968820
3.08412e+06
4.17154e+06
2.47067e+06
706841
300103
1.03191e+06
2.01989e+06
1.7254e+06
790432
854897
2.40431e+06
3.9116e+06
3.06747e+06
1.29675e+06
785338
1.25197e+06
1.30388e+06
1.30306e+06
3.49716e+06
7.28412e+06
7.35456e+06
3.70257e+06
1.40146e+06
1.09078e+06
1.19011e+06
2.28803e+06
4.87162e+06
5.90654e+06
4.22054e+06
3.5863e+06
4.14453e+06
3.51854e+06
3.36652e+06
4.1967e+06
3.82459e+06
3.55679e+06
4.49359e+06
5.57793e+06
8.79502e+06
1.19415e+07
8.84382e+06
3.4369e+06
1.41746e+06
3.32159e+06
6.94966e+06
7.64154e+06
5.07966e+06
3.56608e+06
4.54964e+06
7.37802e+06
8.64972e+06
7.4854e+06
7.37707e+06
9.2078e+06
1.23753e+07
1.21529e+07
8.61457e+06
6.89462e+06
7.85557e+06
9.2014e+06
8.11564e+06
6.90479e+06
7.45156e+06
8.82653e+06
7.864e+06
5.76479e+06
7.69402e+06
1.316e+07
1.46694e+07
1.16173e+07
1.19954e+07
1.67932e+07
1.86076e+07
1.5226e+07
1.10765e+07
7.5407e+06
4.89238e+06
4.83162e+06
1.00806e+07
1.57834e+07
1.38447e+07
1.05462e+07
1.43166e+07
1.62061e+07
1.47799e+07
1.08513e+07
1.13865e+07
1.26007e+07
1.39768e+07
1.82821e+07
1.63018e+07
1.21418e+07
1.09727e+07
1.11743e+07
9.23907e+06
5.73049e+06
5.45374e+06
7.42854e+06
9.3098e+06
1.26987e+07
1.49085e+07
1.57811e+07
1.59862e+07
1.06671e+07
7.49868e+06
9.23092e+06
1.07983e+07
1.00327e+07
9.05458e+06
6.72456e+06
5.41192e+06
6.93589e+06
8.15456e+06
4.4792e+06
1.7694e+06
3.46669e+06
7.20076e+06
9.79004e+06
1.13968e+07
1.414e+07
1.24501e+07
6.50325e+06
1.96388e+06
2.14699e+06
4.42748e+06
3.70587e+06
1.12331e+06
616992
810601
651940
1.83913e+06
2.70426e+06
4.81585e+06
7.51068e+06
7.71454e+06
5.034e+06
1.806e+06
1.25722e+06
1.28772e+06
221315
1436
0
0
12
353
9468
113832
727648
2.29542e+06
3.36017e+06
1.89977e+06
298230
13125
309
0
0
0
0
0
0
57
1186
18043
112809
252767
99490
0
0
0
0
0
0
0
0
0
0
0
0
0
0
0
0
0
0
0
0
0
0
0
0
0
0
0
0
0
0
0
0
0
0
0
0
0
0
0
0
0
0
0
0
0
0
0
0
0
0
0
0
0
0
0
0
0
0
0
0
0
0
0
0
0
0
0
0
0
0
0
0
0
0
0
0
0
0
0
0
0
0
0
0
0
0
0
0
0
0
0
0
0
0
0
0
0
0
0
0
0
0
0
0
0
0
0
0
0
0
0
0
0
0
0
0
0
0
0
0
0
0
0
0
0
0
0
0
0
0
0
0
0
0
0
0
0
0
0
0
0
0
0
0
0
0
0
0
0
0
0
0
0
0
0
0
0
0
0
0
0
0
0
0
0
0
0
0
0
0
0
0
0
0
0
0
0
0
0
0
0
0
0
0
0
0
0
0
0
0
0
0
0
0
0
0
0
0
0
0
