423936
0
0
0
0
0
0
0
0
0
0
0
0
0
0
0
0
884
101234
715279
1.05007e+06
530575
127918
16418
1743
6259
50556
204367
414583
387037
169231
38722
60090
425044
1.3431e+06
1.83191e+06
1.07703e+06
310762
131832
449433
889023
753475
344456
371337
1.04557e+06
1.7295e+06
1.34044e+06
563909
340469
547753
573407
569889
1.52027e+06
3.1976e+06
3.22687e+06
1.60922e+06
611933
481845
520624
993493
2.13131e+06
2.60652e+06
1.83299e+06
1.56133e+06
1.82838e+06
1.53433e+06
1.46413e+06
1.84959e+06
1.67014e+06
1.54702e+06
1.98322e+06
2.43462e+06
3.82996e+06
5.26286e+06
3.8565e+06
1.4944e+06
619457
1.44434e+06
3.05542e+06
3.36066e+06
2.20874e+06
1.55909e+06
1.97953e+06
3.23234e+06
3.80442e+06
3.25654e+06
3.24121e+06
4.00614e+06
5.43629e+06
5.33258e+06
3.751e+06
3.02854e+06
3.41888e+06
4.04772e+06
3.5342e+06
3.03307e+06
3.24955e+06
3.87439e+06
3.44583e+06
2.51044e+06
3.35272e+06
5.77923e+06
6.44104e+06
5.06124e+06
5.22391e+06
7.36706e+06
8.16964e+06
6.64953e+06
4.8486e+06
3.29826e+06
2.14133e+06
2.09984e+06
4.39442e+06
6.96277e+06
6.0406e+06
4.58664e+06
6.25819e+06
7.12559e+06
6.45831e+06
4.74201e+06
5.00126e+06
5.50382e+06
6.09864e+06
8.0051e+06
7.16717e+06
5.29888e+06
4.78902e+06
4.90852e+06
4.03546e+06
2.4994e+06
2.38737e+06
3.24637e+06
4.07081e+06
5.57616e+06
6.52229e+06
6.88646e+06
7.02809e+06
4.67186e+06
3.25629e+06
4.04815e+06
4.73169e+06
4.37317e+06
3.97835e+06
2.93654e+06
2.36767e+06
3.03888e+06
3.56587e+06
1.96233e+06
767517
1.50795e+06
3.15119e+06
4.32367e+06
4.95316e+06
6.18869e+06
5.45925e+06
2.85582e+06
851391
932406
1.93272e+06
1.6368e+06
487605
268216
355216
284932
798262
1.18115e+06
2.10251e+06
3.29686e+06
3.37299e+06
2.22019e+06
782487
544070
566768
99201
679
0
0
3
142
4157
48141
313037
996148
1.48171e+06
837755
128756
5460
111
0
0
0
0
0
0
15
491
7378
47864
110156
46064
0
0
0
0
0
0
0
0
0
0
0
0
0
0
0
0
0
0
0
0
0
0
0
0
0
0
0
0
0
0
0
0
0
0
0
0
0
0
0
0
0
0
0
0
0
0
0
0
0
0
0
0
0
0
0
0
0
0
0
0
0
0
0
0
0
0
0
0
0
0
0
0
0
0
0
0
0
0
0
0
0
0
0
0
0
0
0
0
0
0
0
0
0
0
0
0
0
0
0
0
0
0
0
0
0
0
0
0
0
0
0
0
0
0
0
0
0
0
0
0
0
0
0
0
0
0
0
0
0
0
0
0
0
0
0
0
0
0
0
0
0
0
0
0
0
0
0
0
0
0
0
0
0
0
0
0
0
0
0
0
0
0
0
0
0
0
0
0
0
0
0
0
0
0
0
0
0
0
0
0
0
0
0
0
0
0
0
0
0
0
0
0
0
0
0
0
0
0
0
0
