73728
0
0
0
0
0
0
0
0
0
0
0
0
0
0
0
0
234
18146
121651
187346
88755
22376
3425
545
1348
8870
33221
74791
67446
28426
7122
11435
73448
226324
331242
178813
55123
25081
76036
158022
129618
58884
64739
174462
316457
226287
96038
58948
95909
102727
100232
254932
562527
565302
269445
108196
89950
91088
167985
362819
473354
306539
263784
337766
258935
245066
336314
284513
260260
364662
415541
636090
962563
648459
256740
114335
242166
533055
597900
370053
282215
334352
558548
681683
542555
588318
671377
957449
934853
635899
542493
571483
738402
590985
537973
550182
689012
602114
431986
570554
1.00849e+06
1.1406e+06
864487
899451
1.28333e+06
1.43909e+06
1.13924e+06
848309
574077
382302
361805
729126
1.27185e+06
1.02648e+06
782175
1.07064e+06
1.28043e+06
1.10427e+06
820358
890196
941871
1.05141e+06
1.38e+06
1.2851e+06
908572
815666
880577
688058
430519
422699
557787
703424
999519
1.12278e+06
1.17399e+06
1.24119e+06
815388
550990
719174
819911
743317
709581
504384
413966
530762
612323
345766
137260
262671
535577
787966
825779
1.07372e+06
953540
505293
150359
161075
322512
298276
83687
46633
61909
52398
133969
207511
364986
572099
573842
403667
132647
93456
98711
18815
114
0
0
0
39
911
9413
54895
166566
260278
148033
22291
1101
25
0
0
0
0
0
0
7
153
1408
8318
17767
9211
0
0
0
0
0
0
0
0
0
0
0
0
0
0
0
0
0
0
0
0
0
0
0
0
0
0
0
0
0
0
0
0
0
0
0
0
0
0
0
0
0
0
0
0
0
0
0
0
0
0
0
0
0
0
0
0
0
0
0
0
0
0
0
0
0
0
0
0
0
0
0
0
0
0
0
0
0
0
0
0
0
0
0
0
0
0
0
0
0
0
0
0
0
0
0
0
0
0
0
0
0
0
0
0
0
0
0
0
0
0
0
0
0
0
0
0
0
0
0
0
0
0
0
0
0
0
0
0
0
0
0
0
0
0
0
0
0
0
0
0
0
0
0
0
0
0
0
0
0
0
0
0
0
0
0
0
0
0
0
0
0
0
0
0
0
0
0
0
0
0
0
0
0
0
0
0
0
0
0
0
0
0
0
0
0
0
0
0
0
0
0
0
0
0
0
0
0
0
0
0
