778240
0
0
0
0
0
0
0
0
0
0
0
0
0
0
0
0
1612
185039
1.31761e+06
1.92182e+06
976092
234756
30330
3062
11767
92701
376430
760323
708223
311242
71793
108275
778418
2.4743e+06
3.35661e+06
1.98384e+06
566920
241251
828395
1.62413e+06
1.38482e+06
634998
686123
1.9299e+06
3.14845e+06
2.46294e+06
1.03958e+06
629813
1.00743e+06
1.04902e+06
1.04619e+06
2.80421e+06
5.85558e+06
5.9141e+06
2.97003e+06
1.1255e+06
877461
955699
1.83473e+06
3.91529e+06
4.75077e+06
3.3853e+06
2.87977e+06
3.33474e+06
2.82235e+06
2.70229e+06
3.37883e+06
3.07072e+06
2.85423e+06
3.61675e+06
4.47719e+06
7.05898e+06
9.60696e+06
7.09951e+06
2.7577e+06
1.13916e+06
2.66449e+06
5.58771e+06
6.14526e+06
4.07555e+06
2.86621e+06
3.64975e+06
5.93033e+06
6.95462e+06
6.00571e+06
5.93164e+06
7.39134e+06
9.94795e+06
9.76828e+06
6.91174e+06
5.54225e+06
6.30548e+06
7.4006e+06
6.51503e+06
5.55224e+06
5.98141e+06
7.09433e+06
6.32e+06
4.62426e+06
6.1763e+06
1.05831e+07
1.17919e+07
9.32415e+06
9.62821e+06
1.34973e+07
1.4957e+07
1.22286e+07
8.89885e+06
6.06065e+06
3.9275e+06
3.87412e+06
8.0921e+06
1.27025e+07
1.11196e+07
8.4605e+06
1.14978e+07
1.30311e+07
1.18717e+07
8.71622e+06
9.1524e+06
1.01221e+07
1.12176e+07
1.46916e+07
1.31055e+07
9.7507e+06
8.81174e+06
8.98568e+06
7.41984e+06
4.59958e+06
4.37994e+06
5.96513e+06
7.47559e+06
1.02118e+07
1.1983e+07
1.26658e+07
1.28533e+07
8.57033e+06
6.01512e+06
7.41993e+06
8.67881e+06
8.05326e+06
7.2783e+06
5.40186e+06
4.34569e+06
5.57323e+06
6.55317e+06
3.59953e+06
1.41803e+06
2.78132e+06
5.78526e+06
7.8749e+06
9.14277e+06
1.13664e+07
1.00054e+07
5.22831e+06
1.57356e+06
1.7192e+06
3.55619e+06
2.98481e+06
901380
494727
651367
521091
1.47488e+06
2.17315e+06
3.8687e+06
6.03874e+06
6.19416e+06
4.05141e+06
1.4484e+06
1.00664e+06
1.03635e+06
179353
1207
0
0
12
293
7653
90783
581165
1.83968e+06
2.70466e+06
1.52998e+06
239208
10460
266
0
0
0
0
0
0
54
927
14401
90003
202901
80834
0
0
0
0
0
0
0
0
0
0
0
0
0
0
0
0
0
0
0
0
0
0
0
0
0
0
0
0
0
0
0
0
0
0
0
0
0
0
0
0
0
0
0
0
0
0
0
0
0
0
0
0
0
0
0
0
0
0
0
0
0
0
0
0
0
0
0
0
0
0
0
0
0
0
0
0
0
0
0
0
0
0
0
0
0
0
0
0
0
0
0
0
0
0
0
0
0
0
0
0
0
0
0
0
0
0
0
0
0
0
0
0
0
0
0
0
0
0
0
0
0
0
0
0
0
0
0
0
0
0
0
0
0
0
0
0
0
0
0
0
0
0
0
0
0
0
0
0
0
0
0
0
0
0
0
0
0
0
0
0
0
0
0
0
0
0
0
0
0
0
0
0
0
0
0
0
0
0
0
0
0
0
0
0
0
0
0
0
0
0
0
0
0
0
0
0
0
0
0
0
