141312
0
0
0
0
0
0
0
0
0
0
0
0
0
0
0
0
379
34306
236017
353305
174919
42467
5939
707
2252
16898
65903
140688
129703
55270
13080
20799
141735
440700
621757
351960
104781
45286
148327
298622
250776
112966
123574
343227
591022
440142
185998
113534
182843
192684
191392
500467
1.07024e+06
1.07748e+06
528851
205842
165801
172978
328052
703650
886025
600759
514166
624922
504575
481993
627107
550873
509864
676624
805187
1.25423e+06
1.79203e+06
1.26588e+06
495682
212017
475843
1.01931e+06
1.13052e+06
723791
529011
652726
1.07468e+06
1.28373e+06
1.06742e+06
1.09717e+06
1.31725e+06
1.8231e+06
1.78176e+06
1.23887e+06
1.01917e+06
1.12146e+06
1.3768e+06
1.16042e+06
1.02129e+06
1.07064e+06
1.30145e+06
1.14838e+06
835281
1.11149e+06
1.9278e+06
2.16006e+06
1.6759e+06
1.74011e+06
2.4527e+06
2.73282e+06
2.20353e+06
1.62307e+06
1.09941e+06
720059
701560
1.44e+06
2.36366e+06
1.99257e+06
1.52227e+06
2.0719e+06
2.40579e+06
2.13446e+06
1.58072e+06
1.68595e+06
1.82347e+06
2.03059e+06
2.65145e+06
2.41459e+06
1.75857e+06
1.58435e+06
1.65717e+06
1.33494e+06
830610
802708
1.07463e+06
1.35122e+06
1.88278e+06
2.16705e+06
2.27788e+06
2.35587e+06
1.5574e+06
1.07393e+06
1.36238e+06
1.5752e+06
1.44478e+06
1.33929e+06
972066
793328
1.01384e+06
1.18066e+06
658825
257068
504673
1.04005e+06
1.47216e+06
1.62026e+06
2.06291e+06
1.82386e+06
956908
284851
311211
634212
554545
161782
88965
119133
97096
262274
395147
700134
1.09662e+06
1.1161e+06
754426
257172
181124
188573
34166
250
0
0
3
66
1497
16885
104725
328182
494692
280869
42923
1923
43
0
0
0
0
0
0
7
234
2563
16130
35676
16046
0
0
0
0
0
0
0
0
0
0
0
0
0
0
0
0
0
0
0
0
0
0
0
0
0
0
0
0
0
0
0
0
0
0
0
0
0
0
0
0
0
0
0
0
0
0
0
0
0
0
0
0
0
0
0
0
0
0
0
0
0
0
0
0
0
0
0
0
0
0
0
0
0
0
0
0
0
0
0
0
0
0
0
0
0
0
0
0
0
0
0
0
0
0
0
0
0
0
0
0
0
0
0
0
0
0
0
0
0
0
0
0
0
0
0
0
0
0
0
0
0
0
0
0
0
0
0
0
0
0
0
0
0
0
0
0
0
0
0
0
0
0
0
0
0
0
0
0
0
0
0
0
0
0
0
0
0
0
0
0
0
0
0
0
0
0
0
0
0
0
0
0
0
0
0
0
0
0
0
0
0
0
0
0
0
0
0
0
0
0
0
0
0
0
0
0
0
0
0
0
