622592
0
0
0
0
0
0
0
0
0
0
0
0
0
0
0
0
1294
148377
1.05288e+06
1.53896e+06
780306
187710
24213
2512
9287
74205
301489
607814
567104
248462
57690
87438
623367
1.97646e+06
2.68738e+06
1.58471e+06
454682
193873
661779
1.30054e+06
1.10735e+06
507918
547497
1.54085e+06
2.52726e+06
1.9686e+06
830035
503293
805281
841162
836156
2.24015e+06
4.68587e+06
4.73612e+06
2.37121e+06
899828
704310
765002
1.46425e+06
3.13197e+06
3.80879e+06
2.70254e+06
2.30129e+06
2.67344e+06
2.25523e+06
2.15927e+06
2.70751e+06
2.45594e+06
2.27738e+06
2.90128e+06
3.58027e+06
5.64177e+06
7.69404e+06
5.6755e+06
2.20346e+06
912352
2.12724e+06
4.47499e+06
4.92286e+06
3.25477e+06
2.29308e+06
2.91477e+06
4.74558e+06
5.57152e+06
4.79746e+06
4.75124e+06
5.9038e+06
7.9626e+06
7.82232e+06
5.52337e+06
4.43702e+06
5.03682e+06
5.92843e+06
5.20423e+06
4.44737e+06
4.77718e+06
5.68352e+06
5.05833e+06
3.6969e+06
4.93534e+06
8.47449e+06
9.4373e+06
7.45255e+06
7.69394e+06
1.08033e+07
1.19721e+07
9.77799e+06
7.1217e+06
4.84606e+06
3.14461e+06
3.09647e+06
6.46462e+06
1.01833e+07
8.88747e+06
6.76044e+06
9.19594e+06
1.0436e+07
9.49068e+06
6.97347e+06
7.32844e+06
8.09499e+06
8.96774e+06
1.17512e+07
1.04988e+07
7.79347e+06
7.04328e+06
7.19698e+06
5.93382e+06
3.6756e+06
3.50368e+06
4.77227e+06
5.97913e+06
8.17636e+06
9.5847e+06
1.01219e+07
1.02978e+07
6.85625e+06
4.80382e+06
5.94049e+06
6.94587e+06
6.43415e+06
5.82924e+06
4.31867e+06
3.47769e+06
4.45875e+06
5.23851e+06
2.88268e+06
1.13256e+06
2.22181e+06
4.62904e+06
6.31376e+06
7.30053e+06
9.09215e+06
8.01012e+06
4.18572e+06
1.25607e+06
1.37243e+06
2.84344e+06
2.39344e+06
719058
395377
520846
416915
1.17748e+06
1.73911e+06
3.09346e+06
4.83414e+06
4.95365e+06
3.2463e+06
1.15645e+06
802976
829949
144466
990
0
0
12
255
6080
71999
462687
1.46978e+06
2.16824e+06
1.22546e+06
190366
8241
209
0
0
0
0
0
0
37
716
11356
71065
162434
65688
0
0
0
0
0
0
0
0
0
0
0
0
0
0
0
0
0
0
0
0
0
0
0
0
0
0
0
0
0
0
0
0
0
0
0
0
0
0
0
0
0
0
0
0
0
0
0
0
0
0
0
0
0
0
0
0
0
0
0
0
0
0
0
0
0
0
0
0
0
0
0
0
0
0
0
0
0
0
0
0
0
0
0
0
0
0
0
0
0
0
0
0
0
0
0
0
0
0
0
0
0
0
0
0
0
0
0
0
0
0
0
0
0
0
0
0
0
0
0
0
0
0
0
0
0
0
0
0
0
0
0
0
0
0
0
0
0
0
0
0
0
0
0
0
0
0
0
0
0
0
0
0
0
0
0
0
0
0
0
0
0
0
0
0
0
0
0
0
0
0
0
0
0
0
0
0
0
0
0
0
0
0
0
0
0
0
0
0
0
0
0
0
0
0
0
0
0
0
0
0
