401408
0
0
0
0
0
0
0
0
0
0
0
0
0
0
0
0
840
96016
677293
994081
501880
121432
15717
1675
5979
48103
193451
392307
366032
160378
36958
57397
403463
1.27053e+06
1.73326e+06
1.01967e+06
294901
125655
425508
841584
713024
326324
352924
989057
1.63766e+06
1.2673e+06
534958
323207
518253
543117
540734
1.44074e+06
3.02546e+06
3.05279e+06
1.52389e+06
581349
456555
493643
941972
2.0162e+06
2.46704e+06
1.7359e+06
1.47876e+06
1.73082e+06
1.45327e+06
1.38616e+06
1.75153e+06
1.58098e+06
1.46512e+06
1.87942e+06
2.30737e+06
3.62414e+06
4.98059e+06
3.64809e+06
1.4175e+06
590414
1.3686e+06
2.89073e+06
3.17999e+06
2.09135e+06
1.47868e+06
1.8758e+06
3.05837e+06
3.60187e+06
3.08362e+06
3.07111e+06
3.79302e+06
5.14631e+06
5.0455e+06
3.55318e+06
2.87064e+06
3.23467e+06
3.83481e+06
3.34352e+06
2.87383e+06
3.07832e+06
3.66648e+06
3.26069e+06
2.38178e+06
3.17713e+06
5.46757e+06
6.096e+06
4.79462e+06
4.94967e+06
6.97296e+06
7.73208e+06
6.29606e+06
4.5913e+06
3.1236e+06
2.0298e+06
1.99212e+06
4.15941e+06
6.59094e+06
5.71705e+06
4.34941e+06
5.92313e+06
6.74432e+06
6.11451e+06
4.49235e+06
4.73638e+06
5.21239e+06
5.77438e+06
7.57608e+06
6.78728e+06
5.01663e+06
4.53436e+06
4.64844e+06
3.81908e+06
2.36924e+06
2.26281e+06
3.07367e+06
3.85458e+06
5.2798e+06
6.17294e+06
6.51888e+06
6.65436e+06
4.42503e+06
3.08433e+06
3.8333e+06
4.47812e+06
4.1415e+06
3.76807e+06
2.77975e+06
2.24318e+06
2.87781e+06
3.37308e+06
1.85857e+06
728432
1.42951e+06
2.98181e+06
4.09566e+06
4.68917e+06
5.8593e+06
5.16596e+06
2.70452e+06
808301
884899
1.82789e+06
1.54901e+06
461946
254378
336236
270832
755906
1.11852e+06
1.99088e+06
3.12113e+06
3.19172e+06
2.10321e+06
741478
515625
535668
93800
628
0
0
3
139
4010
46017
297271
942987
1.40213e+06
792534
122208
5265
106
0
0
0
0
0
0
15
485
7088
45360
104125
43631
0
0
0
0
0
0
0
0
0
0
0
0
0
0
0
0
0
0
0
0
0
0
0
0
0
0
0
0
0
0
0
0
0
0
0
0
0
0
0
0
0
0
0
0
0
0
0
0
0
0
0
0
0
0
0
0
0
0
0
0
0
0
0
0
0
0
0
0
0
0
0
0
0
0
0
0
0
0
0
0
0
0
0
0
0
0
0
0
0
0
0
0
0
0
0
0
0
0
0
0
0
0
0
0
0
0
0
0
0
0
0
0
0
0
0
0
0
0
0
0
0
0
0
0
0
0
0
0
0
0
0
0
0
0
0
0
0
0
0
0
0
0
0
0
0
0
0
0
0
0
0
0
0
0
0
0
0
0
0
0
0
0
0
0
0
0
0
0
0
0
0
0
0
0
0
0
0
0
0
0
0
0
0
0
0
0
0
0
0
0
0
0
0
0
0
0
0
0
0
0
