159744
0
0
0
0
0
0
0
0
0
0
0
0
0
0
0
0
412
38601
267322
398594
198388
48022
6555
757
2450
18985
75047
158861
146463
62423
14727
23296
160053
499835
701045
399256
117810
50847
168034
337469
283239
128085
139470
389304
665997
497759
210683
128687
206696
217511
215909
566703
1.20971e+06
1.21702e+06
599926
232150
186564
195157
371570
796729
998440
680774
582751
703309
571146
546458
706606
624683
577554
761919
910863
1.42316e+06
2.01758e+06
1.43418e+06
560853
239372
539378
1.15243e+06
1.27477e+06
820251
596079
739625
1.21561e+06
1.44852e+06
1.20994e+06
1.23729e+06
1.49338e+06
2.05793e+06
2.01361e+06
1.40274e+06
1.14956e+06
1.27047e+06
1.55158e+06
1.3152e+06
1.15338e+06
1.21283e+06
1.46891e+06
1.29734e+06
944427
1.25848e+06
2.17899e+06
2.43906e+06
1.89828e+06
1.9659e+06
2.77236e+06
3.08828e+06
2.49348e+06
1.83413e+06
1.2421e+06
812181
793820
1.63274e+06
2.66325e+06
2.25569e+06
1.72349e+06
2.34548e+06
2.71102e+06
2.41723e+06
1.78709e+06
1.90347e+06
2.06412e+06
2.29503e+06
2.99943e+06
2.72468e+06
1.98953e+06
1.79393e+06
1.86903e+06
1.51033e+06
940118
906328
1.21632e+06
1.52776e+06
2.1231e+06
2.45115e+06
2.57967e+06
2.66118e+06
1.76019e+06
1.21566e+06
1.53755e+06
1.78144e+06
1.63585e+06
1.51109e+06
1.10018e+06
895609
1.14692e+06
1.3348e+06
743448
290527
569604
1.17928e+06
1.65934e+06
1.83671e+06
2.3312e+06
2.06066e+06
1.08153e+06
321607
351895
718673
625164
183043
100683
134428
109309
296711
445675
792303
1.2402e+06
1.26382e+06
850436
290892
205012
213030
38374
284
0
0
3
69
1645
18762
117916
371881
559134
317537
48594
2111
44
0
0
0
0
0
0
7
240
2914
18151
40536
18024
0
0
0
0
0
0
0
0
0
0
0
0
0
0
0
0
0
0
0
0
0
0
0
0
0
0
0
0
0
0
0
0
0
0
0
0
0
0
0
0
0
0
0
0
0
0
0
0
0
0
0
0
0
0
0
0
0
0
0
0
0
0
0
0
0
0
0
0
0
0
0
0
0
0
0
0
0
0
0
0
0
0
0
0
0
0
0
0
0
0
0
0
0
0
0
0
0
0
0
0
0
0
0
0
0
0
0
0
0
0
0
0
0
0
0
0
0
0
0
0
0
0
0
0
0
0
0
0
0
0
0
0
0
0
0
0
0
0
0
0
0
0
0
0
0
0
0
0
0
0
0
0
0
0
0
0
0
0
0
0
0
0
0
0
0
0
0
0
0
0
0
0
0
0
0
0
0
0
0
0
0
0
0
0
0
0
0
0
0
0
0
0
0
0
0
0
0
0
0
0
