759808
0
0
0
0
0
0
0
0
0
0
0
0
0
0
0
0
1568
180817
1.28616e+06
1.87643e+06
953050
229129
29563
3018
11506
90452
367509
742409
691366
303872
70120
105706
760085
2.41497e+06
3.27808e+06
1.93663e+06
553297
235803
808125
1.58594e+06
1.35243e+06
619808
669396
1.88379e+06
3.07518e+06
2.40456e+06
1.0147e+06
614544
983722
1.02447e+06
1.02106e+06
2.73666e+06
5.71759e+06
5.77583e+06
2.89869e+06
1.09822e+06
856980
932978
1.79047e+06
3.82247e+06
4.64076e+06
3.30392e+06
2.81028e+06
3.25745e+06
2.75496e+06
2.63762e+06
3.30005e+06
2.99753e+06
2.78527e+06
3.53245e+06
4.37012e+06
6.89016e+06
9.38372e+06
6.93148e+06
2.69067e+06
1.11178e+06
2.59949e+06
5.45658e+06
6.00165e+06
3.97832e+06
2.79774e+06
3.56243e+06
5.79072e+06
6.79125e+06
5.86179e+06
5.79157e+06
7.21492e+06
9.71338e+06
9.53955e+06
6.7456e+06
5.41084e+06
6.1552e+06
7.22746e+06
6.35978e+06
5.42132e+06
5.83792e+06
6.92766e+06
6.17154e+06
4.5138e+06
6.02714e+06
1.0335e+07
1.15153e+07
9.10068e+06
9.39745e+06
1.31796e+07
1.46056e+07
1.19361e+07
8.69026e+06
5.91655e+06
3.83424e+06
3.77955e+06
7.89853e+06
1.24081e+07
1.08564e+07
8.256e+06
1.12262e+07
1.27241e+07
1.15893e+07
8.51026e+06
8.9359e+06
9.88124e+06
1.09512e+07
1.43443e+07
1.27976e+07
9.51838e+06
8.60239e+06
8.77495e+06
7.24318e+06
4.48863e+06
4.27547e+06
5.82331e+06
7.29822e+06
9.97285e+06
1.16999e+07
1.23633e+07
1.25519e+07
8.36652e+06
5.87113e+06
7.24601e+06
8.47317e+06
7.86088e+06
7.10623e+06
5.27438e+06
4.24256e+06
5.44144e+06
6.3987e+06
3.51386e+06
1.38319e+06
2.71519e+06
5.64875e+06
7.68937e+06
8.92402e+06
1.10987e+07
9.77056e+06
5.10388e+06
1.53534e+06
1.67715e+06
3.47267e+06
2.91539e+06
879451
482666
636014
508309
1.43922e+06
2.1216e+06
3.77672e+06
5.89802e+06
6.04738e+06
3.95568e+06
1.41362e+06
982091
1.01235e+06
175185
1181
0
0
12
285
7416
88201
566552
1.79551e+06
2.6422e+06
1.49457e+06
233101
10159
261
0
0
0
0
0
0
54
882
13960
87723
198251
79034
0
0
0
0
0
0
0
0
0
0
0
0
0
0
0
0
0
0
0
0
0
0
0
0
0
0
0
0
0
0
0
0
0
0
0
0
0
0
0
0
0
0
0
0
0
0
0
0
0
0
0
0
0
0
0
0
0
0
0
0
0
0
0
0
0
0
0
0
0
0
0
0
0
0
0
0
0
0
0
0
0
0
0
0
0
0
0
0
0
0
0
0
0
0
0
0
0
0
0
0
0
0
0
0
0
0
0
0
0
0
0
0
0
0
0
0
0
0
0
0
0
0
0
0
0
0
0
0
0
0
0
0
0
0
0
0
0
0
0
0
0
0
0
0
0
0
0
0
0
0
0
0
0
0
0
0
0
0
0
0
0
0
0
0
0
0
0
0
0
0
0
0
0
0
0
0
0
0
0
0
0
0
0
0
0
0
0
0
0
0
0
0
0
0
0
0
0
0
0
0
