620544
0
0
0
0
0
0
0
0
0
0
0
0
0
0
0
0
1290
147928
1.04939e+06
1.53387e+06
777769
187091
24119
2504
9256
73968
300516
605737
565326
247614
57498
87186
621344
1.96989e+06
2.67845e+06
1.57952e+06
453267
193209
659601
1.29625e+06
1.10376e+06
506242
545663
1.53568e+06
2.51917e+06
1.96206e+06
827288
501649
802590
838396
833510
2.23268e+06
4.6705e+06
4.72057e+06
2.3633e+06
896905
702010
762508
1.45933e+06
3.12175e+06
3.79639e+06
2.69347e+06
2.29375e+06
2.66474e+06
2.24766e+06
2.15216e+06
2.69864e+06
2.44789e+06
2.26981e+06
2.89195e+06
3.56831e+06
5.62329e+06
7.6688e+06
5.6566e+06
2.19625e+06
909315
2.12036e+06
4.46032e+06
4.90671e+06
3.24392e+06
2.28556e+06
2.9051e+06
4.7301e+06
5.55328e+06
4.78143e+06
4.73567e+06
5.88446e+06
7.93645e+06
7.79662e+06
5.50515e+06
4.42251e+06
5.02014e+06
5.90897e+06
5.18687e+06
4.43285e+06
4.76165e+06
5.66481e+06
5.04153e+06
3.68479e+06
4.91899e+06
8.44658e+06
9.4066e+06
7.42786e+06
7.6686e+06
1.07678e+07
1.19325e+07
9.74591e+06
7.09832e+06
4.83017e+06
3.13418e+06
3.0864e+06
6.44325e+06
1.015e+07
8.85783e+06
6.73824e+06
9.16583e+06
1.04017e+07
9.45937e+06
6.9506e+06
7.30453e+06
8.0683e+06
8.93815e+06
1.17124e+07
1.04644e+07
7.76766e+06
7.02025e+06
7.1733e+06
5.91425e+06
3.66349e+06
3.49241e+06
4.75648e+06
5.95947e+06
8.14924e+06
9.5533e+06
1.00887e+07
1.02639e+07
6.83374e+06
4.78791e+06
5.92094e+06
6.92322e+06
6.41288e+06
5.81016e+06
4.30432e+06
3.4663e+06
4.44414e+06
5.22122e+06
2.87306e+06
1.12885e+06
2.21433e+06
4.61409e+06
6.29319e+06
7.27644e+06
9.06202e+06
7.98369e+06
4.17214e+06
1.2519e+06
1.3679e+06
2.83414e+06
2.38558e+06
716681
394076
519131
415516
1.17353e+06
1.73339e+06
3.08326e+06
4.81826e+06
4.93729e+06
3.23582e+06
1.15252e+06
800367
827255
143978
987
0
0
12
253
6060
71731
461132
1.46493e+06
2.16112e+06
1.22153e+06
189705
8209
208
0
0
0
0
0
0
36
712
11316
70814
161905
65489
0
0
0
0
0
0
0
0
0
0
0
0
0
0
0
0
0
0
0
0
0
0
0
0
0
0
0
0
0
0
0
0
0
0
0
0
0
0
0
0
0
0
0
0
0
0
0
0
0
0
0
0
0
0
0
0
0
0
0
0
0
0
0
0
0
0
0
0
0
0
0
0
0
0
0
0
0
0
0
0
0
0
0
0
0
0
0
0
0
0
0
0
0
0
0
0
0
0
0
0
0
0
0
0
0
0
0
0
0
0
0
0
0
0
0
0
0
0
0
0
0
0
0
0
0
0
0
0
0
0
0
0
0
0
0
0
0
0
0
0
0
0
0
0
0
0
0
0
0
0
0
0
0
0
0
0
0
0
0
0
0
0
0
0
0
0
0
0
0
0
0
0
0
0
0
0
0
0
0
0
0
0
0
0
0
0
0
0
0
0
0
0
0
0
0
0
0
0
0
0
