215040
0
0
0
0
0
0
0
0
0
0
0
0
0
0
0
0
512
51758
361233
534981
267512
65012
8547
953
3159
25290
102112
212688
197389
84621
19498
30864
214989
677719
937450
540564
158075
67869
226600
453317
381956
172977
186592
525873
891727
675448
283887
171657
277665
292874
288813
766544
1.62533e+06
1.63906e+06
810662
311171
248767
262942
500204
1.07822e+06
1.33608e+06
920663
786541
940881
772966
737680
945822
841683
780571
1.01955e+06
1.22647e+06
1.92776e+06
2.70108e+06
1.9404e+06
755000
316141
728461
1.55393e+06
1.71396e+06
1.1092e+06
795770
997778
1.64007e+06
1.94197e+06
1.6369e+06
1.65506e+06
2.01839e+06
2.76861e+06
2.70964e+06
1.89321e+06
1.5432e+06
1.71942e+06
2.07437e+06
1.7753e+06
1.54905e+06
1.64107e+06
1.97309e+06
1.7463e+06
1.27159e+06
1.69495e+06
2.93356e+06
3.27888e+06
2.55863e+06
2.64404e+06
3.73661e+06
4.15677e+06
3.36153e+06
2.4646e+06
1.67098e+06
1.09021e+06
1.06686e+06
2.2099e+06
3.56471e+06
3.04736e+06
2.32061e+06
3.16677e+06
3.63469e+06
3.26284e+06
2.40793e+06
2.55146e+06
2.78245e+06
3.08979e+06
4.04984e+06
3.65601e+06
2.67837e+06
2.42152e+06
2.50628e+06
2.03927e+06
1.26554e+06
1.21619e+06
1.6403e+06
2.06001e+06
2.84732e+06
3.30309e+06
3.48016e+06
3.5767e+06
2.36978e+06
1.64125e+06
2.06069e+06
2.40258e+06
2.20836e+06
2.02766e+06
1.4855e+06
1.20082e+06
1.54239e+06
1.80464e+06
998066
388239
765539
1.59511e+06
2.21594e+06
2.4873e+06
3.1394e+06
2.77295e+06
1.45442e+06
431083
472115
973693
837837
246354
135566
180695
145640
401796
598179
1.06559e+06
1.67112e+06
1.70759e+06
1.13738e+06
393489
275335
287937
50787
330
0
0
3
82
2209
24833
158297
502216
752841
427038
64977
2805
59
0
0
0
0
0
0
9
314
3874
24266
55123
23934
0
0
0
0
0
0
0
0
0
0
0
0
0
0
0
0
0
0
0
0
0
0
0
0
0
0
0
0
0
0
0
0
0
0
0
0
0
0
0
0
0
0
0
0
0
0
0
0
0
0
0
0
0
0
0
0
0
0
0
0
0
0
0
0
0
0
0
0
0
0
0
0
0
0
0
0
0
0
0
0
0
0
0
0
0
0
0
0
0
0
0
0
0
0
0
0
0
0
0
0
0
0
0
0
0
0
0
0
0
0
0
0
0
0
0
0
0
0
0
0
0
0
0
0
0
0
0
0
0
0
0
0
0
0
0
0
0
0
0
0
0
0
0
0
0
0
0
0
0
0
0
0
0
0
0
0
0
0
0
0
0
0
0
0
0
0
0
0
0
0
0
0
0
0
0
0
0
0
0
0
0
0
0
0
0
0
0
0
0
0
0
0
0
0
0
0
0
0
0
0
