372736
0
0
0
0
0
0
0
0
0
0
0
0
0
0
0
0
786
89101
628481
924113
465228
113015
14596
1545
5532
44927
179214
364442
340118
148720
34283
53281
375321
1.17896e+06
1.60991e+06
945861
274345
117131
394778
781997
661235
303522
328409
917639
1.52119e+06
1.17562e+06
496950
300459
481540
504140
503099
1.33865e+06
2.80817e+06
2.83161e+06
1.4163e+06
541340
423636
458934
875883
1.87014e+06
2.29056e+06
1.61227e+06
1.37304e+06
1.60736e+06
1.34859e+06
1.28799e+06
1.62755e+06
1.46709e+06
1.36065e+06
1.74557e+06
2.1445e+06
3.36431e+06
4.62272e+06
3.38358e+06
1.31906e+06
551496
1.27149e+06
2.6822e+06
2.95139e+06
1.94122e+06
1.37556e+06
1.74271e+06
2.8392e+06
3.34378e+06
2.86281e+06
2.85472e+06
3.5212e+06
4.77722e+06
4.6838e+06
3.29949e+06
2.66799e+06
3.00136e+06
3.56237e+06
3.10244e+06
2.67195e+06
2.85755e+06
3.40325e+06
3.02584e+06
2.21537e+06
2.95277e+06
5.07469e+06
5.65828e+06
4.45463e+06
4.5975e+06
6.47158e+06
7.179e+06
5.84379e+06
4.26396e+06
2.9026e+06
1.88582e+06
1.85522e+06
3.86027e+06
6.11642e+06
5.3055e+06
4.04583e+06
5.4981e+06
6.25997e+06
5.67777e+06
4.17522e+06
4.39881e+06
4.8398e+06
5.3646e+06
7.02913e+06
6.30123e+06
4.65878e+06
4.21092e+06
4.31632e+06
3.54465e+06
2.20383e+06
2.10392e+06
2.85307e+06
3.57887e+06
4.90064e+06
5.7324e+06
6.05288e+06
6.17673e+06
4.10914e+06
2.86662e+06
3.55947e+06
4.15708e+06
3.84754e+06
3.49779e+06
2.5811e+06
2.08453e+06
2.67245e+06
3.12773e+06
1.7263e+06
678457
1.32809e+06
2.76717e+06
3.80752e+06
4.35456e+06
5.43863e+06
4.79316e+06
2.51161e+06
753006
823828
1.69393e+06
1.43803e+06
429375
236700
312347
252209
701769
1.03778e+06
1.84948e+06
2.89712e+06
2.963e+06
1.95378e+06
688859
478886
496653
87209
580
0
0
3
139
3824
43065
276327
875472
1.30171e+06
735362
113714
4900
106
0
0
0
0
0
0
15
462
6694
42105
96623
40469
0
0
0
0
0
0
0
0
0
0
0
0
0
0
0
0
0
0
0
0
0
0
0
0
0
0
0
0
0
0
0
0
0
0
0
0
0
0
0
0
0
0
0
0
0
0
0
0
0
0
0
0
0
0
0
0
0
0
0
0
0
0
0
0
0
0
0
0
0
0
0
0
0
0
0
0
0
0
0
0
0
0
0
0
0
0
0
0
0
0
0
0
0
0
0
0
0
0
0
0
0
0
0
0
0
0
0
0
0
0
0
0
0
0
0
0
0
0
0
0
0
0
0
0
0
0
0
0
0
0
0
0
0
0
0
0
0
0
0
0
0
0
0
0
0
0
0
0
0
0
0
0
0
0
0
0
0
0
0
0
0
0
0
0
0
0
0
0
0
0
0
0
0
0
0
0
0
0
0
0
0
0
0
0
0
0
0
0
0
0
0
0
0
0
0
0
0
0
0
0
