61440
0
0
0
0
0
0
0
0
0
0
0
0
0
0
0
0
219
15096
100894
157387
72961
18732
2946
503
1132
7272
27228
63256
56178
23336
5969
9569
60844
186810
279979
147355
45523
21291
62712
132686
108054
48533
53635
143360
267842
187537
78969
48871
80418
86439
83540
209205
471008
473920
221351
90159
75907
76056
138131
301701
399449
251957
217883
286656
213754
201549
284204
235823
214356
307519
343609
524176
814760
537385
211113
94925
199222
446129
502409
304815
236686
275612
465738
572733
446211
494495
554047
802914
782056
524590
454603
470868
623148
488043
450366
454557
578948
503189
356959
469770
844620
955701
715551
745145
1.07255e+06
1.20534e+06
945766
707663
478155
319566
297344
599386
1.07824e+06
852044
642497
890711
1.07598e+06
918030
681022
745561
781112
871218
1.1509e+06
1.08191e+06
752963
675392
740436
571202
355334
352319
463156
584778
841093
934059
972114
1.04187e+06
679626
453420
602470
683887
614610
595050
419486
344242
442690
512146
288498
113270
217391
444767
663987
678598
895308
798996
423604
123574
131846
267307
253278
68902
38181
51840
43798
110004
173511
303974
476757
476434
340984
109160
76449
83354
16185
91
0
0
0
35
779
7881
45189
137042
218276
124508
18313
915
22
0
0
0
0
0
0
7
138
1165
6860
14634
7916
0
0
0
0
0
0
0
0
0
0
0
0
0
0
0
0
0
0
0
0
0
0
0
0
0
0
0
0
0
0
0
0
0
0
0
0
0
0
0
0
0
0
0
0
0
0
0
0
0
0
0
0
0
0
0
0
0
0
0
0
0
0
0
0
0
0
0
0
0
0
0
0
0
0
0
0
0
0
0
0
0
0
0
0
0
0
0
0
0
0
0
0
0
0
0
0
0
0
0
0
0
0
0
0
0
0
0
0
0
0
0
0
0
0
0
0
0
0
0
0
0
0
0
0
0
0
0
0
0
0
0
0
0
0
0
0
0
0
0
0
0
0
0
0
0
0
0
0
0
0
0
0
0
0
0
0
0
0
0
0
0
0
0
0
0
0
0
0
0
0
0
0
0
0
0
0
0
0
0
0
0
0
0
0
0
0
0
0
0
0
0
0
0
0
0
0
0
0
0
0
