503808
0
0
0
0
0
0
0
0
0
0
0
0
0
0
0
0
1045
120202
851283
1.24612e+06
631026
152112
19599
2043
7375
60138
244104
491496
459168
201385
46347
71189
505599
1.59695e+06
2.17573e+06
1.28024e+06
369316
157493
535075
1.05332e+06
895839
410106
442765
1.24624e+06
2.04719e+06
1.59395e+06
671238
405981
651742
680681
678357
1.81083e+06
3.79321e+06
3.83142e+06
1.91702e+06
728344
571554
619342
1.18431e+06
2.53263e+06
3.08732e+06
2.18414e+06
1.85947e+06
2.16702e+06
1.82441e+06
1.74446e+06
2.19363e+06
1.98674e+06
1.84023e+06
2.35297e+06
2.8977e+06
4.55802e+06
6.2353e+06
4.58659e+06
1.78186e+06
739052
1.72034e+06
3.62494e+06
3.98687e+06
2.63008e+06
1.8554e+06
2.3565e+06
3.84007e+06
4.51364e+06
3.87586e+06
3.8492e+06
4.76989e+06
6.45093e+06
6.33143e+06
4.46409e+06
3.59892e+06
4.06894e+06
4.80111e+06
4.20421e+06
3.60432e+06
3.86399e+06
4.6018e+06
4.09217e+06
2.99072e+06
3.99214e+06
6.85713e+06
7.64387e+06
6.0245e+06
6.22262e+06
8.74649e+06
9.69278e+06
7.9076e+06
5.7622e+06
3.92088e+06
2.54779e+06
2.50608e+06
5.22351e+06
8.25286e+06
7.18485e+06
5.4677e+06
7.43862e+06
8.45292e+06
7.67709e+06
5.64082e+06
5.93577e+06
6.54574e+06
7.25695e+06
9.51022e+06
8.50056e+06
6.30058e+06
5.69941e+06
5.82718e+06
4.79828e+06
2.97586e+06
2.83804e+06
3.8611e+06
4.83592e+06
6.6204e+06
7.75332e+06
8.18761e+06
8.33976e+06
5.54811e+06
3.8836e+06
4.8091e+06
5.61987e+06
5.20302e+06
4.72223e+06
3.49194e+06
2.81416e+06
3.61067e+06
4.23694e+06
2.33192e+06
917287
1.79658e+06
3.74371e+06
5.12016e+06
5.9017e+06
7.35555e+06
6.47894e+06
3.39019e+06
1.01734e+06
1.11089e+06
2.29823e+06
1.93902e+06
581205
320120
421263
339083
952668
1.40631e+06
2.50035e+06
3.91516e+06
4.00387e+06
2.63166e+06
934910
649511
671743
116855
817
0
0
8
210
5080
58527
375316
1.18735e+06
1.75377e+06
993234
153891
6723
160
0
0
0
0
0
0
27
598
9205
57243
131061
53770
0
0
0
0
0
0
0
0
0
0
0
0
0
0
0
0
0
0
0
0
0
0
0
0
0
0
0
0
0
0
0
0
0
0
0
0
0
0
0
0
0
0
0
0
0
0
0
0
0
0
0
0
0
0
0
0
0
0
0
0
0
0
0
0
0
0
0
0
0
0
0
0
0
0
0
0
0
0
0
0
0
0
0
0
0
0
0
0
0
0
0
0
0
0
0
0
0
0
0
0
0
0
0
0
0
0
0
0
0
0
0
0
0
0
0
0
0
0
0
0
0
0
0
0
0
0
0
0
0
0
0
0
0
0
0
0
0
0
0
0
0
0
0
0
0
0
0
0
0
0
0
0
0
0
0
0
0
0
0
0
0
0
0
0
0
0
0
0
0
0
0
0
0
0
0
0
0
0
0
0
0
0
0
0
0
0
0
0
0
0
0
0
0
0
0
0
0
0
0
0
