806912
0
0
0
0
0
0
0
0
0
0
0
0
0
0
0
0
1674
191820
1.36662e+06
1.992e+06
1.01216e+06
243358
31573
3160
12254
96203
390433
787756
734545
322860
74380
112399
806965
2.56609e+06
3.47892e+06
2.05743e+06
588120
250290
859133
1.68297e+06
1.43623e+06
658509
711689
2.00146e+06
3.26345e+06
2.55317e+06
1.07871e+06
653508
1.04436e+06
1.08683e+06
1.08568e+06
2.909e+06
6.06926e+06
6.1295e+06
3.08142e+06
1.16764e+06
909615
990894
1.90373e+06
4.05906e+06
4.92406e+06
3.51057e+06
2.98686e+06
3.4566e+06
2.92748e+06
2.80238e+06
3.50079e+06
3.18425e+06
2.96156e+06
3.74735e+06
4.64326e+06
7.32087e+06
9.95773e+06
7.36068e+06
2.86095e+06
1.18144e+06
2.76382e+06
5.79412e+06
6.36874e+06
4.22634e+06
2.97281e+06
3.78625e+06
6.14706e+06
7.20874e+06
6.22774e+06
6.1507e+06
7.66535e+06
1.03123e+07
1.01256e+07
7.17027e+06
5.74672e+06
6.53877e+06
7.67e+06
6.75492e+06
5.75666e+06
6.20494e+06
7.35574e+06
6.54942e+06
4.79605e+06
6.40756e+06
1.09694e+07
1.22242e+07
9.67e+06
9.98471e+06
1.39939e+07
1.55057e+07
1.26792e+07
9.22686e+06
6.28331e+06
4.073e+06
4.0201e+06
8.3936e+06
1.31613e+07
1.15292e+07
8.77683e+06
1.19239e+07
1.35058e+07
1.23104e+07
9.03694e+06
9.48957e+06
1.04953e+07
1.16338e+07
1.52318e+07
1.35857e+07
1.01104e+07
9.1378e+06
9.31397e+06
7.69289e+06
4.77184e+06
4.54321e+06
6.18668e+06
7.75246e+06
1.05827e+07
1.24222e+07
1.31356e+07
1.33233e+07
8.88697e+06
6.23908e+06
7.69306e+06
8.99702e+06
8.3522e+06
7.54567e+06
5.60111e+06
4.50659e+06
5.77815e+06
6.7923e+06
3.73231e+06
1.47247e+06
2.88523e+06
5.99794e+06
8.16295e+06
9.48461e+06
1.17815e+07
1.03717e+07
5.41988e+06
1.63378e+06
1.78441e+06
3.68699e+06
3.092e+06
935598
513547
675055
541205
1.52964e+06
2.25282e+06
4.01146e+06
6.2607e+06
6.42324e+06
4.19765e+06
1.50317e+06
1.04425e+06
1.07402e+06
185334
1236
0
0
12
296
7957
94449
603501
1.90853e+06
2.80252e+06
1.58571e+06
248164
10804
266
0
0
0
0
0
0
54
965
14958
93559
210442
83478
0
0
0
0
0
0
0
0
0
0
0
0
0
0
0
0
0
0
0
0
0
0
0
0
0
0
0
0
0
0
0
0
0
0
0
0
0
0
0
0
0
0
0
0
0
0
0
0
0
0
0
0
0
0
0
0
0
0
0
0
0
0
0
0
0
0
0
0
0
0
0
0
0
0
0
0
0
0
0
0
0
0
0
0
0
0
0
0
0
0
0
0
0
0
0
0
0
0
0
0
0
0
0
0
0
0
0
0
0
0
0
0
0
0
0
0
0
0
0
0
0
0
0
0
0
0
0
0
0
0
0
0
0
0
0
0
0
0
0
0
0
0
0
0
0
0
0
0
0
0
0
0
0
0
0
0
0
0
0
0
0
0
0
0
0
0
0
0
0
0
0
0
0
0
0
0
0
0
0
0
0
0
0
0
0
0
0
0
0
0
0
0
0
0
0
0
0
0
0
0
