583680
0
0
0
0
0
0
0
0
0
0
0
0
0
0
0
0
1229
139187
986553
1.44352e+06
731165
176046
22669
2352
8678
69459
282822
569795
531950
232774
53978
81859
584917
1.8521e+06
2.52022e+06
1.48525e+06
426270
181737
619751
1.22019e+06
1.03837e+06
475709
512316
1.44419e+06
2.37172e+06
1.84557e+06
777469
471284
755033
788788
784536
2.09809e+06
4.39493e+06
4.44081e+06
2.22124e+06
843128
661393
717238
1.3713e+06
2.93645e+06
3.57374e+06
2.53211e+06
2.15596e+06
2.50775e+06
2.1135e+06
2.02331e+06
2.54069e+06
2.30178e+06
2.133e+06
2.72288e+06
3.35565e+06
5.28661e+06
7.218e+06
5.31842e+06
2.06421e+06
855549
1.99329e+06
4.19726e+06
4.61846e+06
3.04894e+06
2.14827e+06
2.73107e+06
4.44974e+06
5.22666e+06
4.49449e+06
4.45521e+06
5.53221e+06
7.46879e+06
7.33441e+06
5.17627e+06
4.1627e+06
4.71901e+06
5.55935e+06
4.87403e+06
4.17251e+06
4.47832e+06
5.32986e+06
4.74166e+06
3.46416e+06
4.62503e+06
7.94651e+06
8.85361e+06
6.98271e+06
7.20912e+06
1.01319e+07
1.12252e+07
9.16531e+06
6.67627e+06
4.5431e+06
2.94935e+06
2.90202e+06
6.05956e+06
9.54924e+06
8.32825e+06
6.33442e+06
8.62329e+06
9.78666e+06
8.89761e+06
6.53624e+06
6.8746e+06
7.58713e+06
8.40446e+06
1.10186e+07
9.84481e+06
7.30291e+06
6.6037e+06
6.74709e+06
5.56259e+06
3.44601e+06
3.28702e+06
4.47362e+06
5.60336e+06
7.66573e+06
8.98658e+06
9.48881e+06
9.65881e+06
6.42568e+06
4.50127e+06
5.57019e+06
6.51193e+06
6.0318e+06
5.46748e+06
4.0462e+06
3.2593e+06
4.18154e+06
4.91095e+06
2.70091e+06
1.06044e+06
2.0807e+06
4.34201e+06
5.92741e+06
6.84095e+06
8.52154e+06
7.50855e+06
3.92611e+06
1.17638e+06
1.28608e+06
2.66561e+06
2.24488e+06
673868
370370
488109
391318
1.10242e+06
1.62869e+06
2.89926e+06
4.53465e+06
4.64433e+06
3.04584e+06
1.08261e+06
751720
778644
135738
918
0
0
10
223
5698
66840
432427
1.37706e+06
2.03444e+06
1.15061e+06
177949
7673
192
0
0
0
0
0
0
30
656
10503
66241
152360
62050
0
0
0
0
0
0
0
0
0
0
0
0
0
0
0
0
0
0
0
0
0
0
0
0
0
0
0
0
0
0
0
0
0
0
0
0
0
0
0
0
0
0
0
0
0
0
0
0
0
0
0
0
0
0
0
0
0
0
0
0
0
0
0
0
0
0
0
0
0
0
0
0
0
0
0
0
0
0
0
0
0
0
0
0
0
0
0
0
0
0
0
0
0
0
0
0
0
0
0
0
0
0
0
0
0
0
0
0
0
0
0
0
0
0
0
0
0
0
0
0
0
0
0
0
0
0
0
0
0
0
0
0
0
0
0
0
0
0
0
0
0
0
0
0
0
0
0
0
0
0
0
0
0
0
0
0
0
0
0
0
0
0
0
0
0
0
0
0
0
0
0
0
0
0
0
0
0
0
0
0
0
0
0
0
0
0
0
0
0
0
0
0
0
0
0
0
0
0
0
0
