708608
0
0
0
0
0
0
0
0
0
0
0
0
0
0
0
0
1469
168700
1.19882e+06
1.75107e+06
888296
213678
27614
2810
10626
84314
342750
692565
645299
282824
65368
98580
708739
2.25206e+06
3.05817e+06
1.80512e+06
516245
219869
753616
1.47942e+06
1.26149e+06
577387
623450
1.75483e+06
2.87368e+06
2.24241e+06
944498
572938
916435
956563
951284
2.54999e+06
5.3353e+06
5.38925e+06
2.70075e+06
1.02287e+06
800099
870578
1.6673e+06
3.56602e+06
4.33152e+06
3.07899e+06
2.61948e+06
3.04069e+06
2.56838e+06
2.45865e+06
3.07942e+06
2.79482e+06
2.59576e+06
3.29684e+06
4.07402e+06
6.42363e+06
8.75725e+06
6.46463e+06
2.50666e+06
1.03428e+06
2.42219e+06
5.0924e+06
5.60225e+06
3.70845e+06
2.60659e+06
3.31968e+06
5.40244e+06
6.33699e+06
5.46347e+06
5.40138e+06
6.7257e+06
9.06205e+06
8.9015e+06
6.2882e+06
5.04714e+06
5.73709e+06
6.74236e+06
5.92794e+06
5.05892e+06
5.4416e+06
6.46388e+06
5.75833e+06
4.20595e+06
5.61845e+06
9.6436e+06
1.07411e+07
8.48271e+06
8.7581e+06
1.22973e+07
1.36269e+07
1.11304e+07
8.10408e+06
5.51574e+06
3.57695e+06
3.52257e+06
7.36062e+06
1.15829e+07
1.01222e+07
7.69423e+06
1.04668e+07
1.18747e+07
1.08083e+07
7.93517e+06
8.33379e+06
9.2141e+06
1.02087e+07
1.33787e+07
1.19435e+07
8.87442e+06
8.01942e+06
8.1863e+06
6.75537e+06
4.18365e+06
3.9866e+06
5.43122e+06
6.80707e+06
9.30107e+06
1.09112e+07
1.15263e+07
1.17139e+07
7.80289e+06
5.47178e+06
6.7586e+06
7.9044e+06
7.32764e+06
6.62876e+06
4.91871e+06
3.95744e+06
5.07368e+06
5.96686e+06
3.27841e+06
1.28834e+06
2.53133e+06
5.26916e+06
7.17716e+06
8.318e+06
1.03488e+07
9.1146e+06
4.76262e+06
1.42952e+06
1.56357e+06
3.23723e+06
2.72165e+06
819572
450210
592747
473844
1.34031e+06
1.97857e+06
3.52152e+06
5.50186e+06
5.64053e+06
3.69191e+06
1.31634e+06
914788
945358
163483
1127
0
0
12
267
6830
81854
526437
1.67375e+06
2.46675e+06
1.39477e+06
217224
9347
231
0
0
0
0
0
0
42
796
12936
81174
185200
74156
0
0
0
0
0
0
0
0
0
0
0
0
0
0
0
0
0
0
0
0
0
0
0
0
0
0
0
0
0
0
0
0
0
0
0
0
0
0
0
0
0
0
0
0
0
0
0
0
0
0
0
0
0
0
0
0
0
0
0
0
0
0
0
0
0
0
0
0
0
0
0
0
0
0
0
0
0
0
0
0
0
0
0
0
0
0
0
0
0
0
0
0
0
0
0
0
0
0
0
0
0
0
0
0
0
0
0
0
0
0
0
0
0
0
0
0
0
0
0
0
0
0
0
0
0
0
0
0
0
0
0
0
0
0
0
0
0
0
0
0
0
0
0
0
0
0
0
0
0
0
0
0
0
0
0
0
0
0
0
0
0
0
0
0
0
0
0
0
0
0
0
0
0
0
0
0
0
0
0
0
0
0
0
0
0
0
0
0
0
0
0
0
0
0
0
0
0
0
0
0
