174080
0
0
0
0
0
0
0
0
0
0
0
0
0
0
0
0
439
42064
291592
433830
216369
52518
7071
810
2635
20638
82245
172628
159424
68312
16001
25236
174475
545818
762383
435867
128234
55412
183028
367619
308708
139819
152219
424893
723215
543714
229952
140211
224944
237108
235204
618595
1.31694e+06
1.32637e+06
654537
252938
202684
212971
404958
869593
1.08553e+06
743011
636129
763825
623400
596385
768927
681158
630485
828920
993417
1.55362e+06
2.19296e+06
1.56542e+06
611486
260174
589038
1.25596e+06
1.38749e+06
895318
648488
806813
1.32502e+06
1.57704e+06
1.32032e+06
1.34618e+06
1.62965e+06
2.24154e+06
2.19387e+06
1.52993e+06
1.25172e+06
1.3864e+06
1.68755e+06
1.43414e+06
1.25603e+06
1.32475e+06
1.59916e+06
1.41309e+06
1.02976e+06
1.37258e+06
2.37379e+06
2.65638e+06
2.0701e+06
2.14307e+06
3.02145e+06
3.36282e+06
2.71957e+06
1.9978e+06
1.35358e+06
884020
865427
1.78277e+06
2.89631e+06
2.46075e+06
1.87911e+06
2.55927e+06
2.94903e+06
2.63615e+06
1.94879e+06
2.0709e+06
2.25174e+06
2.50163e+06
3.2703e+06
2.96567e+06
2.16789e+06
1.95682e+06
2.03323e+06
1.64749e+06
1.0254e+06
987260
1.32696e+06
1.66566e+06
2.30965e+06
2.67125e+06
2.81502e+06
2.8975e+06
1.91819e+06
1.32655e+06
1.67294e+06
1.94233e+06
1.78482e+06
1.64533e+06
1.19945e+06
975013
1.24969e+06
1.45512e+06
809688
316196
620544
1.28679e+06
1.80483e+06
2.00563e+06
2.54043e+06
2.24409e+06
1.17836e+06
350839
383283
784446
679479
199997
109620
146391
119125
323696
485461
862677
1.35158e+06
1.37968e+06
924142
317866
223308
232116
41665
307
0
0
3
69
1814
20438
128488
405606
609161
345812
53007
2270
52
0
0
0
0
0
0
9
279
3157
19704
44299
19592
0
0
0
0
0
0
0
0
0
0
0
0
0
0
0
0
0
0
0
0
0
0
0
0
0
0
0
0
0
0
0
0
0
0
0
0
0
0
0
0
0
0
0
0
0
0
0
0
0
0
0
0
0
0
0
0
0
0
0
0
0
0
0
0
0
0
0
0
0
0
0
0
0
0
0
0
0
0
0
0
0
0
0
0
0
0
0
0
0
0
0
0
0
0
0
0
0
0
0
0
0
0
0
0
0
0
0
0
0
0
0
0
0
0
0
0
0
0
0
0
0
0
0
0
0
0
0
0
0
0
0
0
0
0
0
0
0
0
0
0
0
0
0
0
0
0
0
0
0
0
0
0
0
0
0
0
0
0
0
0
0
0
0
0
0
0
0
0
0
0
0
0
0
0
0
0
0
0
0
0
0
0
0
0
0
0
0
0
0
0
0
0
0
0
0
0
0
0
0
0
