944128
0
0
0
0
0
0
0
0
0
0
0
0
0
0
0
0
1979
223962
1.59992e+06
2.33016e+06
1.1843e+06
284731
37090
3651
14522
112430
457221
920987
859589
377936
86947
131271
943725
3.00613e+06
4.06688e+06
2.40743e+06
688485
292537
1.00558e+06
1.96904e+06
1.68167e+06
770141
833258
2.34282e+06
3.81314e+06
2.98948e+06
1.26347e+06
765245
1.22058e+06
1.27144e+06
1.26955e+06
3.40784e+06
7.10026e+06
7.16774e+06
3.60792e+06
1.36638e+06
1.06317e+06
1.15976e+06
2.22977e+06
4.74837e+06
5.75744e+06
4.11278e+06
3.49456e+06
4.03993e+06
3.42854e+06
3.28074e+06
4.09224e+06
3.72746e+06
3.46607e+06
4.37991e+06
5.43582e+06
8.57111e+06
1.16402e+07
8.61867e+06
3.34913e+06
1.38198e+06
3.23757e+06
6.77288e+06
7.44853e+06
4.95002e+06
3.47629e+06
4.43331e+06
7.19165e+06
8.43094e+06
7.29242e+06
7.1928e+06
8.97361e+06
1.20605e+07
1.18452e+07
8.39571e+06
6.72042e+06
7.65533e+06
8.96928e+06
7.90871e+06
6.72991e+06
7.26273e+06
8.60263e+06
7.66475e+06
5.6175e+06
7.49881e+06
1.28282e+07
1.42958e+07
1.13215e+07
1.16914e+07
1.63678e+07
1.81361e+07
1.48393e+07
1.07953e+07
7.34985e+06
4.76808e+06
4.70835e+06
9.82558e+06
1.53832e+07
1.34931e+07
1.02771e+07
1.39534e+07
1.57972e+07
1.44048e+07
1.05754e+07
1.10962e+07
1.22819e+07
1.36213e+07
1.78188e+07
1.58896e+07
1.18322e+07
1.06949e+07
1.08911e+07
9.00509e+06
5.58426e+06
5.31639e+06
7.24005e+06
9.07251e+06
1.23784e+07
1.45303e+07
1.53784e+07
1.55806e+07
1.03974e+07
7.30835e+06
8.99699e+06
1.05237e+07
9.77846e+06
8.82524e+06
6.55383e+06
5.27403e+06
6.76039e+06
7.9487e+06
4.36466e+06
1.72444e+06
3.37883e+06
7.01806e+06
9.54223e+06
1.11059e+07
1.37821e+07
1.21345e+07
6.33813e+06
1.91445e+06
2.09142e+06
4.3157e+06
3.61244e+06
1.09453e+06
601372
789969
635271
1.7922e+06
2.63594e+06
4.6943e+06
7.31972e+06
7.51768e+06
4.90694e+06
1.76067e+06
1.22456e+06
1.25577e+06
215597
1387
0
0
12
349
9256
111117
709383
2.23679e+06
3.27444e+06
1.85203e+06
290655
12817
305
0
0
0
0
0
0
57
1152
17582
110051
246341
96881
0
0
0
0
0
0
0
0
0
0
0
0
0
0
0
0
0
0
0
0
0
0
0
0
0
0
0
0
0
0
0
0
0
0
0
0
0
0
0
0
0
0
0
0
0
0
0
0
0
0
0
0
0
0
0
0
0
0
0
0
0
0
0
0
0
0
0
0
0
0
0
0
0
0
0
0
0
0
0
0
0
0
0
0
0
0
0
0
0
0
0
0
0
0
0
0
0
0
0
0
0
0
0
0
0
0
0
0
0
0
0
0
0
0
0
0
0
0
0
0
0
0
0
0
0
0
0
0
0
0
0
0
0
0
0
0
0
0
0
0
0
0
0
0
0
0
0
0
0
0
0
0
0
0
0
0
0
0
0
0
0
0
0
0
0
0
0
0
0
0
0
0
0
0
0
0
0
0
0
0
0
0
0
0
0
0
0
0
0
0
0
0
0
0
0
0
0
0
0
0
