122880
0
0
0
0
0
0
0
0
0
0
0
0
0
0
0
0
327
29861
204792
308063
151668
36771
5288
660
2005
14739
56725
123013
112815
47836
11433
18103
122989
382699
542297
304915
91150
39544
128510
260921
217411
97964
107241
297343
517240
381478
161256
98246
159496
167995
165938
433526
932381
938346
457734
178955
144977
150317
284386
611317
773674
520209
446025
547013
437188
417027
548222
477787
441426
591520
698465
1.08622e+06
1.56718e+06
1.09814e+06
429265
184183
411961
887379
986698
626919
460902
565217
935241
1.11931e+06
923886
958229
1.14005e+06
1.5884e+06
1.55156e+06
1.0733e+06
889661
971736
1.2026e+06
1.00501e+06
888362
928717
1.13566e+06
999588
725197
963158
1.67779e+06
1.88095e+06
1.45486e+06
1.51081e+06
2.13444e+06
2.37954e+06
1.9137e+06
1.41214e+06
956033
627703
607383
1.24709e+06
2.06613e+06
1.72977e+06
1.32007e+06
1.79834e+06
2.10004e+06
1.85249e+06
1.37352e+06
1.46887e+06
1.58196e+06
1.76284e+06
2.30627e+06
2.10727e+06
1.52665e+06
1.37517e+06
1.44385e+06
1.15949e+06
720678
698726
933716
1.17478e+06
1.6418e+06
1.88272e+06
1.9767e+06
2.05181e+06
1.35502e+06
931709
1.18756e+06
1.36804e+06
1.2536e+06
1.1674e+06
844587
689697
882440
1.02642e+06
573273
224008
438279
902937
1.28473e+06
1.40283e+06
1.79404e+06
1.58774e+06
833083
247860
270372
549946
484076
140555
77272
103555
84981
227234
344132
608313
953582
968768
658189
223506
157399
163917
29999
210
0
0
3
66
1353
14937
91138
283850
431005
244451
37333
1752
32
0
0
0
0
0
0
7
231
2320
13999
30723
14160
0
0
0
0
0
0
0
0
0
0
0
0
0
0
0
0
0
0
0
0
0
0
0
0
0
0
0
0
0
0
0
0
0
0
0
0
0
0
0
0
0
0
0
0
0
0
0
0
0
0
0
0
0
0
0
0
0
0
0
0
0
0
0
0
0
0
0
0
0
0
0
0
0
0
0
0
0
0
0
0
0
0
0
0
0
0
0
0
0
0
0
0
0
0
0
0
0
0
0
0
0
0
0
0
0
0
0
0
0
0
0
0
0
0
0
0
0
0
0
0
0
0
0
0
0
0
0
0
0
0
0
0
0
0
0
0
0
0
0
0
0
0
0
0
0
0
0
0
0
0
0
0
0
0
0
0
0
0
0
0
0
0
0
0
0
0
0
0
0
0
0
0
0
0
0
0
0
0
0
0
0
0
0
0
0
0
0
0
0
0
0
0
0
0
0
0
0
0
0
0
