724992
0
0
0
0
0
0
0
0
0
0
0
0
0
0
0
0
1506
172517
1.22683e+06
1.79098e+06
909315
218628
28135
2874
10906
86308
350467
708696
660176
289479
66843
100733
725165
2.30414e+06
3.12877e+06
1.84764e+06
527651
224850
771072
1.5134e+06
1.29076e+06
591173
637298
1.79612e+06
2.93933e+06
2.29428e+06
966618
586161
937924
978080
973232
2.60937e+06
5.45869e+06
5.5139e+06
2.76347e+06
1.04644e+06
818405
890319
1.70564e+06
3.64904e+06
4.43213e+06
3.14946e+06
2.68014e+06
3.11108e+06
2.6281e+06
2.51559e+06
3.14979e+06
2.85956e+06
2.65621e+06
3.37226e+06
4.16821e+06
6.57271e+06
8.95996e+06
6.6144e+06
2.56461e+06
1.05801e+06
2.47804e+06
5.21033e+06
5.73106e+06
3.79431e+06
2.66713e+06
3.39703e+06
5.52701e+06
6.48302e+06
5.59014e+06
5.52603e+06
6.88123e+06
9.27229e+06
9.10678e+06
6.43332e+06
5.16306e+06
5.87045e+06
6.89816e+06
6.06639e+06
5.17496e+06
5.56812e+06
6.61239e+06
5.89177e+06
4.30297e+06
5.74805e+06
9.86704e+06
1.09886e+07
8.67949e+06
8.9615e+06
1.2581e+07
1.39421e+07
1.13874e+07
8.29132e+06
5.64417e+06
3.65835e+06
3.60374e+06
7.53262e+06
1.18492e+07
1.03573e+07
7.87169e+06
1.0711e+07
1.21462e+07
1.10593e+07
8.11817e+06
8.526e+06
9.42742e+06
1.04452e+07
1.36901e+07
1.22168e+07
9.08052e+06
8.20527e+06
8.37527e+06
6.91172e+06
4.27998e+06
4.07866e+06
5.55704e+06
6.96337e+06
9.51701e+06
1.11646e+07
1.17935e+07
1.19828e+07
7.98283e+06
5.59866e+06
6.9149e+06
8.08693e+06
7.49702e+06
6.78269e+06
5.03263e+06
4.04812e+06
5.19078e+06
6.10611e+06
3.35429e+06
1.3177e+06
2.58986e+06
5.39072e+06
7.34244e+06
8.51029e+06
1.0589e+07
9.32534e+06
4.8725e+06
1.46281e+06
1.5988e+06
3.3135e+06
2.78411e+06
838453
460589
606371
484626
1.37164e+06
2.02426e+06
3.60312e+06
5.62858e+06
5.77142e+06
3.77672e+06
1.34721e+06
935828
967205
167367
1141
0
0
12
268
6998
83694
538869
1.71241e+06
2.52343e+06
1.42716e+06
222321
9533
231
0
0
0
0
0
0
42
813
13274
83262
189324
75781
0
0
0
0
0
0
0
0
0
0
0
0
0
0
0
0
0
0
0
0
0
0
0
0
0
0
0
0
0
0
0
0
0
0
0
0
0
0
0
0
0
0
0
0
0
0
0
0
0
0
0
0
0
0
0
0
0
0
0
0
0
0
0
0
0
0
0
0
0
0
0
0
0
0
0
0
0
0
0
0
0
0
0
0
0
0
0
0
0
0
0
0
0
0
0
0
0
0
0
0
0
0
0
0
0
0
0
0
0
0
0
0
0
0
0
0
0
0
0
0
0
0
0
0
0
0
0
0
0
0
0
0
0
0
0
0
0
0
0
0
0
0
0
0
0
0
0
0
0
0
0
0
0
0
0
0
0
0
0
0
0
0
0
0
0
0
0
0
0
0
0
0
0
0
0
0
0
0
0
0
0
0
0
0
0
0
0
0
0
0
0
0
0
0
0
0
0
0
0
0
