1.01171e+06
0
0
0
0
0
0
0
0
0
0
0
0
0
0
0
0
2107
239888
1.71518e+06
2.49568e+06
1.26962e+06
305401
39623
3865
15621
120175
490335
986749
921298
404845
93110
140290
1.01154e+06
3.22181e+06
4.35688e+06
2.5813e+06
737564
312716
1.07783e+06
2.10938e+06
1.80238e+06
825933
891719
2.51185e+06
4.08514e+06
3.20446e+06
1.35345e+06
820043
1.30839e+06
1.36083e+06
1.36047e+06
3.65128e+06
7.60902e+06
7.6835e+06
3.86699e+06
1.4627e+06
1.13809e+06
1.24226e+06
2.38894e+06
5.08842e+06
6.16986e+06
4.40918e+06
3.74475e+06
4.32758e+06
3.67625e+06
3.51441e+06
4.3832e+06
3.99548e+06
3.71442e+06
4.69142e+06
5.82345e+06
9.18742e+06
1.24748e+07
9.23819e+06
3.58849e+06
1.47735e+06
3.46816e+06
7.25987e+06
7.97941e+06
5.30729e+06
3.72243e+06
4.75172e+06
7.7063e+06
9.0337e+06
7.81964e+06
7.70113e+06
9.61943e+06
1.29248e+07
1.26923e+07
8.99744e+06
7.19732e+06
8.20513e+06
9.61166e+06
8.47872e+06
7.20712e+06
7.78386e+06
9.2181e+06
8.2149e+06
6.0186e+06
8.03492e+06
1.37435e+07
1.53214e+07
1.21347e+07
1.2528e+07
1.75369e+07
1.9434e+07
1.59063e+07
1.15686e+07
7.87387e+06
5.10662e+06
5.04389e+06
1.05283e+07
1.64854e+07
1.44657e+07
1.10117e+07
1.49511e+07
1.69255e+07
1.54359e+07
1.13319e+07
1.1892e+07
1.31588e+07
1.45965e+07
1.90967e+07
1.70243e+07
1.26824e+07
1.14614e+07
1.16686e+07
9.64939e+06
5.98413e+06
5.69372e+06
7.75731e+06
9.72382e+06
1.32642e+07
1.55704e+07
1.64827e+07
1.66962e+07
1.11406e+07
7.82995e+06
9.64186e+06
1.12771e+07
1.0478e+07
9.45491e+06
7.02541e+06
5.65017e+06
7.24396e+06
8.5206e+06
4.67762e+06
1.84724e+06
3.61964e+06
7.52042e+06
1.02213e+07
1.1903e+07
1.47706e+07
1.30037e+07
6.79269e+06
2.04899e+06
2.24202e+06
4.62617e+06
3.87e+06
1.17295e+06
643992
846668
680737
1.92135e+06
2.8247e+06
5.02918e+06
7.84457e+06
8.05676e+06
5.25678e+06
1.88628e+06
1.31354e+06
1.34511e+06
230928
1480
0
0
12
359
9874
118730
760808
2.39724e+06
3.50938e+06
1.98359e+06
311287
13789
330
0
0
0
0
0
0
57
1260
18891
117758
264214
103676
0
0
0
0
0
0
0
0
0
0
0
0
0
0
0
0
0
0
0
0
0
0
0
0
0
0
0
0
0
0
0
0
0
0
0
0
0
0
0
0
0
0
0
0
0
0
0
0
0
0
0
0
0
0
0
0
0
0
0
0
0
0
0
0
0
0
0
0
0
0
0
0
0
0
0
0
0
0
0
0
0
0
0
0
0
0
0
0
0
0
0
0
0
0
0
0
0
0
0
0
0
0
0
0
0
0
0
0
0
0
0
0
0
0
0
0
0
0
0
0
0
0
0
0
0
0
0
0
0
0
0
0
0
0
0
0
0
0
0
0
0
0
0
0
0
0
0
0
0
0
0
0
0
0
0
0
0
0
0
0
0
0
0
0
0
0
0
0
0
0
0
0
0
0
0
0
0
0
0
0
0
0
0
0
0
0
0
0
0
0
0
0
0
0
0
0
0
0
0
0
