468992
0
0
0
0
0
0
0
0
0
0
0
0
0
0
0
0
975
111964
792114
1.16017e+06
587491
141683
18194
1898
6967
56033
226749
457606
427966
187369
43017
66393
471050
1.48573e+06
2.02538e+06
1.19198e+06
343867
146291
498169
981532
833553
381342
412256
1.15898e+06
1.90725e+06
1.48359e+06
625195
377554
606407
633584
631323
1.68552e+06
3.5323e+06
3.56664e+06
1.78334e+06
678170
532589
576209
1.10209e+06
2.35751e+06
2.87592e+06
2.03197e+06
1.73026e+06
2.01824e+06
1.69836e+06
1.62365e+06
2.04256e+06
1.84858e+06
1.71213e+06
2.19231e+06
2.69611e+06
4.24111e+06
5.81002e+06
4.26704e+06
1.65807e+06
687695
1.60016e+06
3.37618e+06
3.7135e+06
2.44675e+06
1.72638e+06
2.1934e+06
3.57392e+06
4.20411e+06
3.60623e+06
3.58361e+06
4.43737e+06
6.00857e+06
5.8949e+06
4.15407e+06
3.35236e+06
3.78442e+06
4.47148e+06
3.91193e+06
3.35609e+06
3.59622e+06
4.28521e+06
3.81014e+06
2.78188e+06
3.71489e+06
6.38498e+06
7.11871e+06
5.60588e+06
5.78938e+06
8.14333e+06
9.02763e+06
7.35921e+06
5.36345e+06
3.65012e+06
2.37106e+06
2.33139e+06
4.8627e+06
7.68655e+06
6.68537e+06
5.08576e+06
6.92474e+06
7.8727e+06
7.14664e+06
5.2494e+06
5.52801e+06
6.09069e+06
6.7545e+06
8.85406e+06
7.91806e+06
5.86282e+06
5.30308e+06
5.4254e+06
4.46559e+06
2.77088e+06
2.64256e+06
3.59379e+06
4.50145e+06
6.16506e+06
7.21619e+06
7.61983e+06
7.766e+06
5.16693e+06
3.61401e+06
4.47582e+06
5.23138e+06
4.84173e+06
4.39864e+06
3.2506e+06
2.61964e+06
3.36077e+06
3.94251e+06
2.17075e+06
853597
1.67151e+06
3.4846e+06
4.77308e+06
5.4908e+06
6.84588e+06
6.03232e+06
3.15681e+06
946199
1.0343e+06
2.13743e+06
1.80635e+06
541008
297495
392610
315702
885517
1.3078e+06
2.32772e+06
3.64536e+06
3.72927e+06
2.45085e+06
869091
603536
625618
109090
772
0
0
8
173
4615
53957
348243
1.1039e+06
1.63576e+06
925183
142813
6135
136
0
0
0
0
0
0
15
540
8308
53234
121938
50461
0
0
0
0
0
0
0
0
0
0
0
0
0
0
0
0
0
0
0
0
0
0
0
0
0
0
0
0
0
0
0
0
0
0
0
0
0
0
0
0
0
0
0
0
0
0
0
0
0
0
0
0
0
0
0
0
0
0
0
0
0
0
0
0
0
0
0
0
0
0
0
0
0
0
0
0
0
0
0
0
0
0
0
0
0
0
0
0
0
0
0
0
0
0
0
0
0
0
0
0
0
0
0
0
0
0
0
0
0
0
0
0
0
0
0
0
0
0
0
0
0
0
0
0
0
0
0
0
0
0
0
0
0
0
0
0
0
0
0
0
0
0
0
0
0
0
0
0
0
0
0
0
0
0
0
0
0
0
0
0
0
0
0
0
0
0
0
0
0
0
0
0
0
0
0
0
0
0
0
0
0
0
0
0
0
0
0
0
0
0
0
0
0
0
0
0
0
0
0
0
