841728
0
0
0
0
0
0
0
0
0
0
0
0
0
0
0
0
1768
199895
1.42554e+06
2.07869e+06
1.05534e+06
253652
33134
3273
12781
100216
407428
821770
766416
336561
77565
117079
841507
2.67744e+06
3.6295e+06
2.14548e+06
613589
260752
896154
1.7565e+06
1.49803e+06
686817
741517
2.08815e+06
3.40487e+06
2.66334e+06
1.12495e+06
681647
1.08945e+06
1.13381e+06
1.13182e+06
3.03448e+06
6.33289e+06
6.39327e+06
3.21418e+06
1.21761e+06
949077
1.0334e+06
1.98503e+06
4.23509e+06
5.1372e+06
3.66258e+06
3.11509e+06
3.60581e+06
3.05374e+06
2.92355e+06
3.65054e+06
3.32214e+06
3.08894e+06
3.90918e+06
4.84295e+06
7.63746e+06
1.0388e+07
7.68013e+06
2.98313e+06
1.23121e+06
2.88251e+06
6.04558e+06
6.64354e+06
4.40899e+06
3.10028e+06
3.95043e+06
6.41138e+06
7.51917e+06
6.49794e+06
6.41442e+06
7.99562e+06
1.07587e+07
1.0562e+07
7.48071e+06
5.99499e+06
6.82092e+06
7.99954e+06
7.04747e+06
6.00307e+06
6.47424e+06
7.67298e+06
6.83282e+06
5.00214e+06
6.68305e+06
1.14425e+07
1.27532e+07
1.00868e+07
1.04155e+07
1.45965e+07
1.61775e+07
1.32262e+07
9.62354e+06
6.55309e+06
4.2499e+06
4.19376e+06
8.75818e+06
1.37254e+07
1.20253e+07
9.15715e+06
1.24403e+07
1.40854e+07
1.28435e+07
9.42852e+06
9.895e+06
1.09485e+07
1.21361e+07
1.58909e+07
1.41722e+07
1.05461e+07
9.53302e+06
9.71412e+06
8.02462e+06
4.9781e+06
4.74012e+06
6.45354e+06
8.08842e+06
1.10376e+07
1.2957e+07
1.37058e+07
1.38959e+07
9.27035e+06
6.5108e+06
8.02238e+06
9.38269e+06
8.71563e+06
7.87182e+06
5.84229e+06
4.70136e+06
6.02715e+06
7.08567e+06
3.89279e+06
1.53583e+06
3.01118e+06
6.25744e+06
8.51245e+06
9.89596e+06
1.22891e+07
1.08194e+07
5.65198e+06
1.70544e+06
1.86284e+06
3.84632e+06
3.22332e+06
975918
535820
704382
565002
1.596e+06
2.35082e+06
4.18396e+06
6.52827e+06
6.70259e+06
4.3778e+06
1.56841e+06
1.09036e+06
1.1196e+06
192884
1263
0
0
12
298
8240
98647
630440
1.99144e+06
2.92276e+06
1.65306e+06
259063
11326
272
0
0
0
0
0
0
54
1013
15611
97688
219686
86812
0
0
0
0
0
0
0
0
0
0
0
0
0
0
0
0
0
0
0
0
0
0
0
0
0
0
0
0
0
0
0
0
0
0
0
0
0
0
0
0
0
0
0
0
0
0
0
0
0
0
0
0
0
0
0
0
0
0
0
0
0
0
0
0
0
0
0
0
0
0
0
0
0
0
0
0
0
0
0
0
0
0
0
0
0
0
0
0
0
0
0
0
0
0
0
0
0
0
0
0
0
0
0
0
0
0
0
0
0
0
0
0
0
0
0
0
0
0
0
0
0
0
0
0
0
0
0
0
0
0
0
0
0
0
0
0
0
0
0
0
0
0
0
0
0
0
0
0
0
0
0
0
0
0
0
0
0
0
0
0
0
0
0
0
0
0
0
0
0
0
0
0
0
0
0
0
0
0
0
0
0
0
0
0
0
0
0
0
0
0
0
0
0
0
0
0
0
0
0
0
