272384
0
0
0
0
0
0
0
0
0
0
0
0
0
0
0
0
616
65207
458621
676275
339362
82530
10883
1107
4075
32487
129775
268284
249142
108076
24748
39010
274021
859523
1.18078e+06
688667
200806
85579
287578
572849
483632
220835
238133
667592
1.12067e+06
858134
360905
218589
351677
369432
367209
974439
2.05542e+06
2.07285e+06
1.03109e+06
394549
312295
334227
636649
1.36587e+06
1.68406e+06
1.17156e+06
999529
1.18377e+06
982223
937353
1.19496e+06
1.06842e+06
991013
1.28441e+06
1.55906e+06
2.45058e+06
3.40075e+06
2.46591e+06
959220
400999
924770
1.96478e+06
2.16717e+06
1.41071e+06
1.00498e+06
1.2677e+06
2.07797e+06
2.45221e+06
2.08138e+06
2.09031e+06
2.56331e+06
3.50235e+06
3.42853e+06
2.40408e+06
1.9539e+06
2.18322e+06
2.61335e+06
2.25889e+06
1.95764e+06
2.08467e+06
2.4925e+06
2.21275e+06
1.6138e+06
2.15e+06
3.71356e+06
4.14637e+06
3.24582e+06
3.34988e+06
4.73444e+06
5.26154e+06
4.26369e+06
3.11567e+06
2.12006e+06
1.38011e+06
1.34903e+06
2.80906e+06
4.49772e+06
3.86753e+06
2.94391e+06
4.01681e+06
4.59115e+06
4.14137e+06
3.04907e+06
3.22219e+06
3.52679e+06
3.91462e+06
5.14056e+06
4.62003e+06
3.39805e+06
3.06932e+06
3.16581e+06
2.58644e+06
1.60472e+06
1.53925e+06
2.08184e+06
2.61305e+06
3.59632e+06
4.18402e+06
4.41533e+06
4.52335e+06
3.0033e+06
2.08447e+06
2.60534e+06
3.04122e+06
2.80308e+06
2.56396e+06
1.88553e+06
1.52115e+06
1.95258e+06
2.28588e+06
1.26444e+06
493720
970616
2.02115e+06
2.79357e+06
3.1626e+06
3.97764e+06
3.50898e+06
1.8383e+06
548806
600348
1.23568e+06
1.05604e+06
312414
172477
228771
184390
511005
758696
1.35179e+06
2.11552e+06
2.16217e+06
1.43477e+06
501100
349572
364501
63885
451
0
0
3
118
2810
31709
202509
637950
951179
538295
83116
3679
88
0
0
0
0
0
0
9
352
5044
31023
70007
29757
0
0
0
0
0
0
0
0
0
0
0
0
0
0
0
0
0
0
0
0
0
0
0
0
0
0
0
0
0
0
0
0
0
0
0
0
0
0
0
0
0
0
0
0
0
0
0
0
0
0
0
0
0
0
0
0
0
0
0
0
0
0
0
0
0
0
0
0
0
0
0
0
0
0
0
0
0
0
0
0
0
0
0
0
0
0
0
0
0
0
0
0
0
0
0
0
0
0
0
0
0
0
0
0
0
0
0
0
0
0
0
0
0
0
0
0
0
0
0
0
0
0
0
0
0
0
0
0
0
0
0
0
0
0
0
0
0
0
0
0
0
0
0
0
0
0
0
0
0
0
0
0
0
0
0
0
0
0
0
0
0
0
0
0
0
0
0
0
0
0
0
0
0
0
0
0
0
0
0
0
0
0
0
0
0
0
0
0
0
0
0
0
0
0
0
0
0
0
0
0
