575488
0
0
0
0
0
0
0
0
0
0
0
0
0
0
0
0
1208
137278
972518
1.42346e+06
720846
173580
22360
2317
8561
68490
278905
561765
524375
229603
53196
80646
576718
1.82611e+06
2.48522e+06
1.46397e+06
420307
179333
611121
1.20276e+06
1.02401e+06
468973
505239
1.42358e+06
2.33876e+06
1.81946e+06
766750
464427
744701
777818
773497
2.0683e+06
4.33352e+06
4.37843e+06
2.18984e+06
831233
652434
707231
1.35191e+06
2.89486e+06
3.52429e+06
2.49646e+06
2.12533e+06
2.47274e+06
2.08362e+06
1.99462e+06
2.5059e+06
2.2693e+06
2.10237e+06
2.68533e+06
3.30887e+06
5.21118e+06
7.11777e+06
5.24359e+06
2.0349e+06
843799
1.9649e+06
4.13871e+06
4.55402e+06
3.00567e+06
2.11824e+06
2.69214e+06
4.38765e+06
5.15416e+06
4.4302e+06
4.39315e+06
5.45377e+06
7.36489e+06
7.23238e+06
5.1022e+06
4.10568e+06
4.65167e+06
5.48136e+06
4.80528e+06
4.11475e+06
4.41554e+06
5.25469e+06
4.67507e+06
3.41573e+06
4.55971e+06
7.83485e+06
8.73062e+06
6.88373e+06
7.10691e+06
9.99039e+06
1.1069e+07
9.03594e+06
6.58204e+06
4.48001e+06
2.90805e+06
2.86138e+06
5.97322e+06
9.41643e+06
8.21098e+06
6.24553e+06
8.50173e+06
9.64993e+06
8.77187e+06
6.44512e+06
6.7786e+06
7.48089e+06
8.28553e+06
1.0864e+07
9.70754e+06
7.1995e+06
6.51132e+06
6.65296e+06
5.48401e+06
3.39728e+06
3.24175e+06
4.41068e+06
5.52413e+06
7.55813e+06
8.86115e+06
9.355e+06
9.52415e+06
6.33578e+06
4.43698e+06
5.49225e+06
6.42064e+06
5.94684e+06
5.39106e+06
3.98928e+06
3.21367e+06
4.1228e+06
4.84198e+06
2.66272e+06
1.04556e+06
2.05119e+06
4.28067e+06
5.84632e+06
6.74366e+06
8.40257e+06
7.4028e+06
3.87058e+06
1.1603e+06
1.26779e+06
2.62822e+06
2.21329e+06
664310
365310
481195
385974
1.08707e+06
1.60516e+06
2.85847e+06
4.47162e+06
4.57917e+06
3.00326e+06
1.06738e+06
741039
767741
133689
912
0
0
8
214
5604
65896
426177
1.35757e+06
2.00605e+06
1.1347e+06
175440
7542
192
0
0
0
0
0
0
30
646
10351
65287
150208
61222
0
0
0
0
0
0
0
0
0
0
0
0
0
0
0
0
0
0
0
0
0
0
0
0
0
0
0
0
0
0
0
0
0
0
0
0
0
0
0
0
0
0
0
0
0
0
0
0
0
0
0
0
0
0
0
0
0
0
0
0
0
0
0
0
0
0
0
0
0
0
0
0
0
0
0
0
0
0
0
0
0
0
0
0
0
0
0
0
0
0
0
0
0
0
0
0
0
0
0
0
0
0
0
0
0
0
0
0
0
0
0
0
0
0
0
0
0
0
0
0
0
0
0
0
0
0
0
0
0
0
0
0
0
0
0
0
0
0
0
0
0
0
0
0
0
0
0
0
0
0
0
0
0
0
0
0
0
0
0
0
0
0
0
0
0
0
0
0
0
0
0
0
0
0
0
0
0
0
0
0
0
0
0
0
0
0
0
0
0
0
0
0
0
0
0
0
0
0
0
0
