479232
0
0
0
0
0
0
0
0
0
0
0
0
0
0
0
0
997
114290
809670
1.18548e+06
600200
144768
18598
1936
7102
57229
231834
467610
437206
191416
43974
67747
481148
1.51852e+06
2.06988e+06
1.2178e+06
351288
149562
509030
1.0027e+06
851839
389768
421113
1.18472e+06
1.94849e+06
1.51606e+06
638694
385765
620020
647309
645138
1.72205e+06
3.60946e+06
3.64473e+06
1.82247e+06
692690
544105
588975
1.12622e+06
2.4091e+06
2.93799e+06
2.07676e+06
1.76853e+06
2.06172e+06
1.73571e+06
1.65912e+06
2.08698e+06
1.889e+06
1.74977e+06
2.23983e+06
2.75518e+06
4.33409e+06
5.9354e+06
4.36108e+06
1.69465e+06
702374
1.63585e+06
3.44894e+06
3.7942e+06
2.50084e+06
1.76434e+06
2.24107e+06
3.65248e+06
4.2949e+06
3.68561e+06
3.66141e+06
4.53498e+06
6.13906e+06
6.02322e+06
4.24574e+06
3.42453e+06
3.86795e+06
4.5687e+06
3.99799e+06
3.42851e+06
3.67518e+06
4.37884e+06
3.89253e+06
2.84365e+06
3.7968e+06
6.52325e+06
7.27309e+06
5.72938e+06
5.9169e+06
8.3201e+06
9.22362e+06
7.52073e+06
5.48089e+06
3.7292e+06
2.4232e+06
2.38242e+06
4.96945e+06
7.85323e+06
6.83203e+06
5.19835e+06
7.07556e+06
8.0429e+06
7.30301e+06
5.36424e+06
5.64832e+06
6.22386e+06
6.9026e+06
9.04781e+06
8.0887e+06
5.99194e+06
5.41952e+06
5.54332e+06
4.5639e+06
2.83094e+06
2.70008e+06
3.67274e+06
4.59971e+06
6.29951e+06
7.37309e+06
7.78708e+06
7.93468e+06
5.27916e+06
3.69352e+06
4.57372e+06
5.34557e+06
4.94766e+06
4.49434e+06
3.32143e+06
2.67674e+06
3.43449e+06
4.02906e+06
2.21825e+06
872529
1.70842e+06
3.56019e+06
4.87495e+06
5.61198e+06
6.99571e+06
6.16432e+06
3.22476e+06
967171
1.05698e+06
2.18507e+06
1.84501e+06
552614
304286
401098
322482
905508
1.33691e+06
2.37824e+06
3.72436e+06
3.81057e+06
2.50366e+06
888617
617034
639139
111421
788
0
0
8
177
4714
55346
356443
1.12832e+06
1.6703e+06
945274
146079
6279
145
0
0
0
0
0
0
16
549
8574
54438
124569
51470
0
0
0
0
0
0
0
0
0
0
0
0
0
0
0
0
0
0
0
0
0
0
0
0
0
0
0
0
0
0
0
0
0
0
0
0
0
0
0
0
0
0
0
0
0
0
0
0
0
0
0
0
0
0
0
0
0
0
0
0
0
0
0
0
0
0
0
0
0
0
0
0
0
0
0
0
0
0
0
0
0
0
0
0
0
0
0
0
0
0
0
0
0
0
0
0
0
0
0
0
0
0
0
0
0
0
0
0
0
0
0
0
0
0
0
0
0
0
0
0
0
0
0
0
0
0
0
0
0
0
0
0
0
0
0
0
0
0
0
0
0
0
0
0
0
0
0
0
0
0
0
0
0
0
0
0
0
0
0
0
0
0
0
0
0
0
0
0
0
0
0
0
0
0
0
0
0
0
0
0
0
0
0
0
0
0
0
0
0
0
0
0
0
0
0
0
0
0
0
0
