38912
0
0
0
0
0
0
0
0
0
0
0
0
0
0
0
0
175
10315
62355
101128
44401
12510
2256
422
873
4835
16652
40745
34703
14634
4338
7153
38898
114439
181282
89907
29850
14984
38270
85634
67873
30515
34434
87025
176541
115620
49310
30982
51040
55529
54609
127495
299821
304088
134846
57353
51551
48397
83780
188825
264154
152320
133750
191806
131652
122388
186906
146212
130823
204699
212730
318355
541686
331530
128935
60862
120589
287622
325929
185088
153564
168825
293679
374299
270437
322518
338149
518625
501204
321806
293094
286959
411800
299853
288975
279667
376120
320158
221533
287711
541037
618119
441279
465652
684053
774517
589722
452328
301937
204202
180952
365148
719643
528857
390805
558695
703446
572883
425974
483937
487231
542133
730090
704302
468607
419366
483421
356581
218932
224063
289508
366058
550877
587746
602620
674781
431217
274643
388993
434126
378891
386541
263228
215229
282627
325282
185168
70163
135643
277062
436763
410550
568062
512421
273185
76501
79385
165472
169722
41717
22900
33665
28251
66908
110666
192607
302352
295979
225189
67324
45884
54150
11327
68
0
0
0
16
608
5414
27884
83085
140851
80365
11332
631
22
0
0
0
0
0
0
7
108
816
4263
8666
5596
0
0
0
0
0
0
0
0
0
0
0
0
0
0
0
0
0
0
0
0
0
0
0
0
0
0
0
0
0
0
0
0
0
0
0
0
0
0
0
0
0
0
0
0
0
0
0
0
0
0
0
0
0
0
0
0
0
0
0
0
0
0
0
0
0
0
0
0
0
0
0
0
0
0
0
0
0
0
0
0
0
0
0
0
0
0
0
0
0
0
0
0
0
0
0
0
0
0
0
0
0
0
0
0
0
0
0
0
0
0
0
0
0
0
0
0
0
0
0
0
0
0
0
0
0
0
0
0
0
0
0
0
0
0
0
0
0
0
0
0
0
0
0
0
0
0
0
0
0
0
0
0
0
0
0
0
0
0
0
0
0
0
0
0
0
0
0
0
0
0
0
0
0
0
0
0
0
0
0
0
0
0
0
0
0
0
0
0
0
0
0
0
0
0
0
0
0
0
0
0
