32768
0
0
0
0
0
0
0
0
0
0
0
0
0
0
0
0
0
129
22250
162616
11570
43
0
0
0
5
1601
62642
33631
425
0
0
418
56981
317707
18071
39
5
3964
134162
57826
651
44
17383
316963
58407
421
1126
64018
64776
1152
6429
378264
394588
7150
3010
74347
20761
1474
136514
435678
16411
25824
327419
39738
14079
306039
72697
13857
303548
75958
64346
969430
145375
918
2
4883
331602
440799
17715
158001
32548
238150
530439
41552
403593
72802
612358
547730
84393
304086
67608
654861
88327
295865
96840
482826
290138
68210
72937
573610
780927
170125
241954
651478
904084
393335
403535
235502
157866
2506
68368
1.26341e+06
248164
86906
341842
1.19356e+06
410044
431508
588154
236773
500715
637505
1.33507e+06
305385
187790
660007
205089
266975
618355
297294
643494
1.31821e+06
680600
355048
1.14637e+06
805042
30276
882875
706111
361939
1.12418e+06
711742
421128
596959
510218
895828
998570
407852
569522
1.93123e+06
127039
566908
1.09035e+06
1.03505e+06
927545
587265
709839
1.64071e+06
137852
1.10531e+06
1.24979e+06
224091
674472
633652
1.31544e+06
1.75579e+06
760842
1.3575e+06
738888
587435
517958
735943
2.62282e+06
547283
1.48926e+06
1.13826e+06
1.0684e+06
997835
196226
1.32675e+06
482144
1.44012e+06
1.4109e+06
1.54002e+06
1.20665e+06
1.12295e+06
1.74081e+06
655271
1.98319e+06
549614
1.3871e+06
1.19657e+06
2.00491e+06
1.07886e+06
1.76295e+06
761637
437336
436784
1.82087e+06
2.48511e+06
1.28907e+06
1.68828e+06
1.28804e+06
1.05229e+06
1.73531e+06
2.79084e+06
820467
1.43866e+06
1.20382e+06
1.3376e+06
1.73762e+06
1.26231e+06
1.0286e+06
1.70189e+06
1.24317e+06
1.25114e+06
2.74594e+06
1.81242e+06
2.70109e+06
1.88251e+06
1.5064e+06
414863
1.91938e+06
1.4999e+06
2.30222e+06
1.94057e+06
1.78417e+06
1.46573e+06
1.76305e+06
1.05895e+06
1.49659e+06
1.33272e+06
1.78691e+06
3.08247e+06
1.41653e+06
2.5216e+06
1.68185e+06
1.84217e+06
2.47883e+06
1.29408e+06
1.01879e+06
933253
1.79867e+06
2.48868e+06
1.40139e+06
2.03184e+06
1.6006e+06
1.06174e+06
1.54974e+06
1.06501e+06
2.47896e+06
1.56469e+06
1.57752e+06
3.04541e+06
956927
1.41009e+06
975810
1.8641e+06
2.8652e+06
758824
604392
997089
917638
1.8737e+06
1.74338e+06
2.04642e+06
1.56337e+06
1.17332e+06
1.6227e+06
1.58823e+06
1.33905e+06
1.25566e+06
1.92894e+06
743002
1.08861e+06
1.40442e+06
1.18766e+06
1.84251e+06
1.30588e+06
410463
775852
1.11683e+06
1.07435e+06
1.53342e+06
1.92934e+06
1.61548e+06
1.03309e+06
1.17228e+06
1.22286e+06
909004
1.26045e+06
767983
869313
964659
711686
757411
703986
1.40168e+06
1.19369e+06
782931
1.03821e+06
244053
1.62682e+06
1.1583e+06
1.08984e+06
747882
1.46491e+06
359858
356436
545802
745734
466700
237642
18576
607192
848712
1.33495e+06
1.1942e+06
885497
363678
527836
724930
741958
37979
150457
714125
58654
70
16202
215068
287990
465403
873724
584502
738471
392069
552721
198767
3060
189479
200634
466
288
36563
61453
0
1262
107787
731808
646014
413195
208195
185024
2789
84938
11052
0
0
0
0
0
0
9
7324
302378
562846
123153
85410
224
0
0
0
0
0
0
0
0
0
0
114
28990
247610
18197
1
0
0
0
0
0
0
0
0
0
0
0
0
941
15443
0
0
0
0
0
0
0
0
0
0
0
0
0
0
0
0
0
0
0
0
0
0
0
0
0
0
0
0
0
0
0
0
0
0
0
0
0
0
0
0
0
0
0
0
0
0
0
0
0
0
0
0
0
0
0
0
0
0
0
0
0
0
0
0
0
0
0
0
0
0
0
0
0
0
0
0
0
0
0
0
0
0
0
0
0
0
0
0
0
0
0
0
0
0
0
0
0
0
0
0
0
0
0
0
0
0
0
0
0
0
0
0
0
0
0
0
0
0
0
0
0
0
0
0
0
0
0
0
0
0
0
0
0
0
0
0
0
0
0
0
0
0
0
0
0
0
0
0
0
0
0
0
0
0
0
0
0
0
0
0
0
0
0
0
0
0
0
0
0
0
0
0
0
0
0
0
0
0
0
0
0
0
0
0
0
0
0
0
0
0
0
0
0
0
0
0
0
0
0
0
0
0
0
0
0
0
0
0
0
0
0
0
0
0
0
0
0
0
0
0
0
0
0
0
0
0
0
0
0
0
0
0
0
0
0
0
0
0
0
0
0
0
0
0
0
0
0
0
0
0
0
0
0
0
0
0
0
0
0
0
0
0
0
0
0
0
0
0
0
0
0
0
0
0
0
0
0
0
0
0
0
0
0
0
0
0
0
0
0
0
0
0
0
0
0
0
0
0
0
0
0
0
0
0
0
0
0
0
0
0
0
0
0
0
0
0
0
0
0
0
0
0
0
0
0
0
0
0
0
0
0
0
0
0
0
0
0
0
0
0
0
0
0
0
0
0
0
0
0
0
0
0
0
0
0
0
0
0
0
0
0
0
0
0
0
0
0
0
0
0
0
0
0
0
0
0
0
0
0
0
0
0
0
0
0
0
0
0
0
0
0
0
0
0
0
0
0
0
0
0
