696320
0
0
0
0
0
0
0
0
0
0
0
0
0
0
0
0
1448
165870
1.17769e+06
1.72091e+06
872868
210021
27149
2757
10442
82809
336917
680595
633940
277876
64364
97046
696788
2.21231e+06
3.00507e+06
1.77357e+06
507726
216174
740691
1.45372e+06
1.23936e+06
567364
612851
1.72404e+06
2.82423e+06
2.20356e+06
928086
563037
900050
940241
935213
2.50552e+06
5.2425e+06
5.29582e+06
2.65367e+06
1.00565e+06
786139
855674
1.63868e+06
3.50353e+06
4.25638e+06
3.02542e+06
2.57434e+06
2.98803e+06
2.52393e+06
2.41564e+06
3.02634e+06
2.74625e+06
2.55088e+06
3.23976e+06
4.00364e+06
6.31249e+06
8.60429e+06
6.35192e+06
2.46378e+06
1.01694e+06
2.3808e+06
5.00297e+06
5.5051e+06
3.64429e+06
2.56158e+06
3.26212e+06
5.3082e+06
6.22723e+06
5.36941e+06
5.30751e+06
6.60931e+06
8.9048e+06
8.74674e+06
6.17942e+06
4.9598e+06
5.63736e+06
6.6255e+06
5.82455e+06
4.97187e+06
5.347e+06
6.3518e+06
5.65793e+06
4.13398e+06
5.52158e+06
9.47632e+06
1.05533e+07
8.33647e+06
8.60677e+06
1.2083e+07
1.3391e+07
1.09368e+07
7.96384e+06
5.41983e+06
3.51559e+06
3.46252e+06
7.23155e+06
1.1382e+07
9.9467e+06
7.56231e+06
1.02835e+07
1.16694e+07
1.06207e+07
7.79824e+06
8.19005e+06
9.0538e+06
1.00319e+07
1.31455e+07
1.17371e+07
8.71992e+06
7.87988e+06
8.04587e+06
6.63689e+06
4.11233e+06
3.91757e+06
5.33692e+06
6.68881e+06
9.13957e+06
1.07217e+07
1.13266e+07
1.1511e+07
7.6677e+06
5.3765e+06
6.64208e+06
7.76677e+06
7.20074e+06
6.51393e+06
4.83291e+06
3.88973e+06
4.98541e+06
5.86236e+06
3.22196e+06
1.26618e+06
2.48726e+06
5.17796e+06
7.05339e+06
8.17356e+06
1.01691e+07
8.95658e+06
4.67922e+06
1.40523e+06
1.5367e+06
3.18093e+06
2.67397e+06
805577
442331
582564
465721
1.31718e+06
1.94431e+06
3.46036e+06
5.40719e+06
5.54198e+06
3.62768e+06
1.2938e+06
899033
928529
160783
1108
0
0
12
263
6683
80494
517508
1.64445e+06
2.42421e+06
1.37071e+06
213145
9180
228
0
0
0
0
0
0
37
785
12698
79717
181857
73066
0
0
0
0
0
0
0
0
0
0
0
0
0
0
0
0
0
0
0
0
0
0
0
0
0
0
0
0
0
0
0
0
0
0
0
0
0
0
0
0
0
0
0
0
0
0
0
0
0
0
0
0
0
0
0
0
0
0
0
0
0
0
0
0
0
0
0
0
0
0
0
0
0
0
0
0
0
0
0
0
0
0
0
0
0
0
0
0
0
0
0
0
0
0
0
0
0
0
0
0
0
0
0
0
0
0
0
0
0
0
0
0
0
0
0
0
0
0
0
0
0
0
0
0
0
0
0
0
0
0
0
0
0
0
0
0
0
0
0
0
0
0
0
0
0
0
0
0
0
0
0
0
0
0
0
0
0
0
0
0
0
0
0
0
0
0
0
0
0
0
0
0
0
0
0
0
0
0
0
0
0
0
0
0
0
0
0
0
0
0
0
0
0
0
0
0
0
0
0
0
