219136
0
0
0
0
0
0
0
0
0
0
0
0
0
0
0
0
519
52699
368162
545149
272659
66221
8712
963
3198
25758
104109
216743
201124
86237
19871
31371
219144
690870
954920
551106
161008
69134
230893
462012
389190
176330
190090
535962
908577
688412
289320
174809
283057
298393
294146
781280
1.65639e+06
1.6704e+06
826000
317077
253339
267982
509923
1.09875e+06
1.36148e+06
938324
801583
958396
787838
751877
963622
857898
795340
1.03883e+06
1.24978e+06
1.9652e+06
2.75178e+06
1.97768e+06
769453
321901
742486
1.58358e+06
1.74635e+06
1.13074e+06
810674
1.01682e+06
1.67151e+06
1.97864e+06
1.66838e+06
1.68607e+06
2.05722e+06
2.82123e+06
2.76126e+06
1.92957e+06
1.5722e+06
1.75276e+06
2.11283e+06
1.81002e+06
1.57818e+06
1.6727e+06
2.01045e+06
1.77917e+06
1.29613e+06
1.72723e+06
2.9894e+06
3.34113e+06
2.60776e+06
2.69398e+06
3.80804e+06
4.23599e+06
3.42613e+06
2.51095e+06
1.70302e+06
1.11064e+06
1.08695e+06
2.25238e+06
3.63212e+06
3.10595e+06
2.36472e+06
3.22741e+06
3.70347e+06
3.32519e+06
2.45396e+06
2.59934e+06
2.83537e+06
3.14879e+06
4.12795e+06
3.7249e+06
2.72961e+06
2.46777e+06
2.55386e+06
2.07822e+06
1.28948e+06
1.2391e+06
1.67163e+06
2.09925e+06
2.9013e+06
3.36677e+06
3.54655e+06
3.64426e+06
2.41497e+06
1.67277e+06
2.09964e+06
2.4485e+06
2.25052e+06
2.06596e+06
1.51413e+06
1.22339e+06
1.57181e+06
1.83949e+06
1.01702e+06
395485
779897
1.6258e+06
2.25703e+06
2.53508e+06
3.20008e+06
2.82591e+06
1.48165e+06
439212
480880
992595
853792
250929
138089
184142
148340
409463
609561
1.08613e+06
1.70283e+06
1.74048e+06
1.15869e+06
400941
280515
293611
51703
333
0
0
3
86
2256
25331
161214
511996
767131
435079
66204
2863
61
0
0
0
0
0
0
9
315
3959
24733
56203
24349
0
0
0
0
0
0
0
0
0
0
0
0
0
0
0
0
0
0
0
0
0
0
0
0
0
0
0
0
0
0
0
0
0
0
0
0
0
0
0
0
0
0
0
0
0
0
0
0
0
0
0
0
0
0
0
0
0
0
0
0
0
0
0
0
0
0
0
0
0
0
0
0
0
0
0
0
0
0
0
0
0
0
0
0
0
0
0
0
0
0
0
0
0
0
0
0
0
0
0
0
0
0
0
0
0
0
0
0
0
0
0
0
0
0
0
0
0
0
0
0
0
0
0
0
0
0
0
0
0
0
0
0
0
0
0
0
0
0
0
0
0
0
0
0
0
0
0
0
0
0
0
0
0
0
0
0
0
0
0
0
0
0
0
0
0
0
0
0
0
0
0
0
0
0
0
0
0
0
0
0
0
0
0
0
0
0
0
0
0
0
0
0
0
0
0
0
0
0
0
0
