346112
0
0
0
0
0
0
0
0
0
0
0
0
0
0
0
0
745
82722
583786
858137
431256
105202
13766
1484
5194
41847
165972
338649
315848
138104
31847
49814
349054
1.09369e+06
1.49524e+06
877025
255452
109417
366217
726401
613899
281638
305185
851203
1.41409e+06
1.09095e+06
461305
279477
446871
468191
468137
1.24296e+06
2.60651e+06
2.62807e+06
1.31494e+06
503153
394624
426460
812878
1.73564e+06
2.12858e+06
1.49578e+06
1.27432e+06
1.49537e+06
1.25104e+06
1.19554e+06
1.51194e+06
1.36103e+06
1.26394e+06
1.62221e+06
1.99058e+06
3.12136e+06
4.29635e+06
3.1388e+06
1.22538e+06
512970
1.18055e+06
2.49081e+06
2.74202e+06
1.80027e+06
1.27931e+06
1.61732e+06
2.63714e+06
3.10521e+06
2.65452e+06
2.65358e+06
3.26871e+06
4.43678e+06
4.34926e+06
3.06315e+06
2.48003e+06
2.78389e+06
3.30926e+06
2.87933e+06
2.48232e+06
2.65381e+06
3.16022e+06
2.80946e+06
2.05756e+06
2.74097e+06
4.71309e+06
5.2544e+06
4.13532e+06
4.26924e+06
6.00896e+06
6.66816e+06
5.42257e+06
3.96009e+06
2.69556e+06
1.75295e+06
1.72496e+06
3.58119e+06
5.68224e+06
4.92298e+06
3.7579e+06
5.10499e+06
5.8143e+06
5.2701e+06
3.8785e+06
4.08637e+06
4.4916e+06
4.98306e+06
6.52513e+06
5.85295e+06
4.32505e+06
3.90816e+06
4.01038e+06
3.29092e+06
2.04677e+06
1.95569e+06
2.6493e+06
3.3224e+06
4.5528e+06
5.32045e+06
5.61855e+06
5.73707e+06
3.81545e+06
2.66088e+06
3.3061e+06
3.86056e+06
3.5713e+06
3.24996e+06
2.39669e+06
1.93609e+06
2.48113e+06
2.90138e+06
1.60407e+06
630990
1.23436e+06
2.56906e+06
3.53865e+06
4.03782e+06
5.05022e+06
4.45142e+06
2.33214e+06
700747
766478
1.57009e+06
1.33614e+06
398383
219930
290500
234942
651304
964360
1.71731e+06
2.68811e+06
2.75025e+06
1.81525e+06
640182
445079
460839
81018
542
0
0
3
133
3600
40307
257572
812726
1.20795e+06
682286
105756
4568
106
0
0
0
0
0
0
15
445
6273
39332
89577
37414
0
0
0
0
0
0
0
0
0
0
0
0
0
0
0
0
0
0
0
0
0
0
0
0
0
0
0
0
0
0
0
0
0
0
0
0
0
0
0
0
0
0
0
0
0
0
0
0
0
0
0
0
0
0
0
0
0
0
0
0
0
0
0
0
0
0
0
0
0
0
0
0
0
0
0
0
0
0
0
0
0
0
0
0
0
0
0
0
0
0
0
0
0
0
0
0
0
0
0
0
0
0
0
0
0
0
0
0
0
0
0
0
0
0
0
0
0
0
0
0
0
0
0
0
0
0
0
0
0
0
0
0
0
0
0
0
0
0
0
0
0
0
0
0
0
0
0
0
0
0
0
0
0
0
0
0
0
0
0
0
0
0
0
0
0
0
0
0
0
0
0
0
0
0
0
0
0
0
0
0
0
0
0
0
0
0
0
0
0
0
0
0
0
0
0
0
0
0
0
0
