872448
0
0
0
0
0
0
0
0
0
0
0
0
0
0
0
0
1816
207087
1.47811e+06
2.1538e+06
1.09417e+06
262911
34357
3377
13265
103787
422407
851883
794309
348757
80409
121201
871856
2.77669e+06
3.76114e+06
2.22341e+06
636109
270250
928865
1.82028e+06
1.55324e+06
711586
768866
2.16477e+06
3.52795e+06
2.76109e+06
1.16598e+06
706873
1.1289e+06
1.17509e+06
1.17288e+06
3.14617e+06
6.56405e+06
6.6263e+06
3.33073e+06
1.26252e+06
983305
1.07143e+06
2.05866e+06
4.38843e+06
5.32429e+06
3.79704e+06
3.22934e+06
3.73622e+06
3.16527e+06
3.03072e+06
3.78349e+06
3.44419e+06
3.20207e+06
4.04966e+06
5.02032e+06
7.91785e+06
1.0765e+07
7.9611e+06
3.09247e+06
1.27689e+06
2.98834e+06
6.26414e+06
6.8855e+06
4.57084e+06
3.21294e+06
4.09512e+06
6.64598e+06
7.79258e+06
6.73655e+06
6.64751e+06
8.28927e+06
1.11489e+07
1.09472e+07
7.75472e+06
6.21263e+06
7.07146e+06
8.29089e+06
7.30605e+06
6.22096e+06
6.71051e+06
7.95199e+06
7.08215e+06
5.18791e+06
6.92649e+06
1.18575e+07
1.32175e+07
1.04564e+07
1.07985e+07
1.51288e+07
1.67638e+07
1.37101e+07
9.97581e+06
6.7917e+06
4.40568e+06
4.34761e+06
9.07763e+06
1.42237e+07
1.24662e+07
9.49322e+06
1.28949e+07
1.45985e+07
1.33115e+07
9.77246e+06
1.02541e+07
1.13489e+07
1.25816e+07
1.6471e+07
1.46858e+07
1.09329e+07
9.88006e+06
1.00685e+07
8.31912e+06
5.15996e+06
4.91245e+06
6.68926e+06
8.38233e+06
1.14424e+07
1.34307e+07
1.42045e+07
1.44013e+07
9.60864e+06
6.75025e+06
8.31439e+06
9.72584e+06
9.03341e+06
8.15749e+06
6.05689e+06
4.87329e+06
6.24664e+06
7.3436e+06
4.0365e+06
1.5925e+06
3.12158e+06
6.48557e+06
8.81886e+06
1.02601e+07
1.27373e+07
1.12146e+07
5.85645e+06
1.76895e+06
1.93112e+06
3.98693e+06
3.34056e+06
1.01108e+06
555692
729970
586130
1.65561e+06
2.43701e+06
4.33699e+06
6.7655e+06
6.94665e+06
4.53515e+06
1.62702e+06
1.13119e+06
1.16001e+06
199620
1295
0
0
12
323
8588
102609
654835
2.06514e+06
3.02766e+06
1.71211e+06
268666
11795
284
0
0
0
0
0
0
57
1068
16239
101450
227708
89702
0
0
0
0
0
0
0
0
0
0
0
0
0
0
0
0
0
0
0
0
0
0
0
0
0
0
0
0
0
0
0
0
0
0
0
0
0
0
0
0
0
0
0
0
0
0
0
0
0
0
0
0
0
0
0
0
0
0
0
0
0
0
0
0
0
0
0
0
0
0
0
0
0
0
0
0
0
0
0
0
0
0
0
0
0
0
0
0
0
0
0
0
0
0
0
0
0
0
0
0
0
0
0
0
0
0
0
0
0
0
0
0
0
0
0
0
0
0
0
0
0
0
0
0
0
0
0
0
0
0
0
0
0
0
0
0
0
0
0
0
0
0
0
0
0
0
0
0
0
0
0
0
0
0
0
0
0
0
0
0
0
0
0
0
0
0
0
0
0
0
0
0
0
0
0
0
0
0
0
0
0
0
0
0
0
0
0
0
0
0
0
0
0
0
0
0
0
0
0
0
