593920
0
0
0
0
0
0
0
0
0
0
0
0
0
0
0
0
1238
141555
1.00408e+06
1.46871e+06
743989
179120
23092
2388
8817
70646
287874
579597
541480
236792
54932
83396
594955
1.8848e+06
2.56412e+06
1.51166e+06
433653
184806
631034
1.24117e+06
1.05657e+06
484171
521419
1.46998e+06
2.41248e+06
1.87814e+06
791162
479697
768280
802323
798088
2.13562e+06
4.47186e+06
4.51822e+06
2.26082e+06
858018
672560
729790
1.3955e+06
2.98866e+06
3.6351e+06
2.57683e+06
2.19471e+06
2.55102e+06
2.15076e+06
2.05941e+06
2.584e+06
2.34243e+06
2.17119e+06
2.77024e+06
3.41397e+06
5.38118e+06
7.34306e+06
5.41176e+06
2.10075e+06
870354
2.02921e+06
4.27036e+06
4.69826e+06
3.10328e+06
2.18616e+06
2.77944e+06
4.52774e+06
5.31688e+06
4.57488e+06
4.53278e+06
5.63034e+06
7.59889e+06
7.46195e+06
5.26819e+06
4.23492e+06
4.80269e+06
5.65679e+06
4.96016e+06
4.24482e+06
4.5573e+06
5.42314e+06
4.82492e+06
3.52482e+06
4.70704e+06
8.08531e+06
9.00723e+06
7.10647e+06
7.33719e+06
1.03087e+07
1.1421e+07
9.32682e+06
6.79413e+06
4.62186e+06
3.00071e+06
2.95317e+06
6.16722e+06
9.71532e+06
8.47517e+06
6.44604e+06
8.77475e+06
9.95774e+06
9.05375e+06
6.65106e+06
6.99372e+06
7.72093e+06
8.55266e+06
1.12115e+07
1.00164e+07
7.43287e+06
6.71903e+06
6.86535e+06
5.66065e+06
3.50607e+06
3.34414e+06
4.55232e+06
5.70226e+06
7.80013e+06
9.14328e+06
9.65691e+06
9.826e+06
6.53893e+06
4.58044e+06
5.668e+06
6.62676e+06
6.13771e+06
5.56274e+06
4.11725e+06
3.31683e+06
4.25465e+06
4.99699e+06
2.74871e+06
1.07939e+06
2.11771e+06
4.4184e+06
6.02848e+06
6.96178e+06
8.67157e+06
7.64058e+06
3.99487e+06
1.19711e+06
1.3087e+06
2.71247e+06
2.28402e+06
685871
376951
496668
397950
1.12212e+06
1.6578e+06
2.95056e+06
4.61297e+06
4.72588e+06
3.0989e+06
1.102e+06
764989
792318
138030
941
0
0
12
231
5787
68064
440329
1.40177e+06
2.06951e+06
1.17042e+06
181155
7807
192
0
0
0
0
0
0
30
663
10699
67488
155134
62946
0
0
0
0
0
0
0
0
0
0
0
0
0
0
0
0
0
0
0
0
0
0
0
0
0
0
0
0
0
0
0
0
0
0
0
0
0
0
0
0
0
0
0
0
0
0
0
0
0
0
0
0
0
0
0
0
0
0
0
0
0
0
0
0
0
0
0
0
0
0
0
0
0
0
0
0
0
0
0
0
0
0
0
0
0
0
0
0
0
0
0
0
0
0
0
0
0
0
0
0
0
0
0
0
0
0
0
0
0
0
0
0
0
0
0
0
0
0
0
0
0
0
0
0
0
0
0
0
0
0
0
0
0
0
0
0
0
0
0
0
0
0
0
0
0
0
0
0
0
0
0
0
0
0
0
0
0
0
0
0
0
0
0
0
0
0
0
0
0
0
0
0
0
0
0
0
0
0
0
0
0
0
0
0
0
0
0
0
0
0
0
0
0
0
0
0
0
0
0
0
