178176
0
0
0
0
0
0
0
0
0
0
0
0
0
0
0
0
445
42993
298682
443825
221490
53811
7208
821
2680
21130
84250
176554
163267
69907
16365
25807
178603
558986
779724
446408
131259
56696
187359
376141
316018
143224
155867
434870
739912
556704
235505
143434
230181
242629
240680
633452
1.34779e+06
1.35733e+06
670274
258873
207247
217935
414579
890584
1.11026e+06
760829
651375
781289
638281
610759
786409
697300
645619
848038
1.01684e+06
1.59117e+06
2.24316e+06
1.60299e+06
625873
265997
603018
1.28557e+06
1.42001e+06
916742
663428
825946
1.35646e+06
1.61353e+06
1.35192e+06
1.37725e+06
1.66874e+06
2.29348e+06
2.24584e+06
1.56633e+06
1.28089e+06
1.41976e+06
1.72617e+06
1.46782e+06
1.28552e+06
1.35669e+06
1.63643e+06
1.44632e+06
1.05402e+06
1.40511e+06
2.42963e+06
2.71831e+06
2.11906e+06
2.19376e+06
3.0927e+06
3.44162e+06
2.78363e+06
2.04484e+06
1.38532e+06
904577
886031
1.82556e+06
2.9627e+06
2.51934e+06
1.92351e+06
2.6202e+06
3.01752e+06
2.69853e+06
1.99498e+06
2.11882e+06
2.30508e+06
2.5609e+06
3.34777e+06
3.03446e+06
2.21886e+06
2.00316e+06
2.08056e+06
1.68672e+06
1.04952e+06
1.01031e+06
1.35846e+06
1.70534e+06
2.36269e+06
2.73423e+06
2.88197e+06
2.96543e+06
1.96314e+06
1.35815e+06
1.71172e+06
1.98828e+06
1.82744e+06
1.6837e+06
1.22793e+06
997519
1.27894e+06
1.48969e+06
828650
323587
635031
1.31763e+06
1.84607e+06
2.05383e+06
2.60012e+06
2.29704e+06
1.20576e+06
359190
392156
803288
695125
204805
112193
149803
121953
331417
496754
882793
1.3834e+06
1.41289e+06
945130
325567
228522
237609
42577
312
0
0
3
69
1860
20889
131551
415159
623558
353882
54247
2313
53
0
0
0
0
0
0
9
287
3227
20163
45386
20016
0
0
0
0
0
0
0
0
0
0
0
0
0
0
0
0
0
0
0
0
0
0
0
0
0
0
0
0
0
0
0
0
0
0
0
0
0
0
0
0
0
0
0
0
0
0
0
0
0
0
0
0
0
0
0
0
0
0
0
0
0
0
0
0
0
0
0
0
0
0
0
0
0
0
0
0
0
0
0
0
0
0
0
0
0
0
0
0
0
0
0
0
0
0
0
0
0
0
0
0
0
0
0
0
0
0
0
0
0
0
0
0
0
0
0
0
0
0
0
0
0
0
0
0
0
0
0
0
0
0
0
0
0
0
0
0
0
0
0
0
0
0
0
0
0
0
0
0
0
0
0
0
0
0
0
0
0
0
0
0
0
0
0
0
0
0
0
0
0
0
0
0
0
0
0
0
0
0
0
0
0
0
0
0
0
0
0
0
0
0
0
0
0
0
0
0
0
0
0
0
