413696
0
0
0
0
0
0
0
0
0
0
0
0
0
0
0
0
866
98800
698073
1.02458e+06
517622
124939
16084
1703
6117
49427
199423
404515
377460
165221
37888
58853
415186
1.31004e+06
1.78722e+06
1.05108e+06
303472
129007
438482
867432
735244
336094
362969
1.01972e+06
1.68813e+06
1.30709e+06
550794
332391
534491
559646
556528
1.48395e+06
3.11952e+06
3.14806e+06
1.57021e+06
598045
470366
508376
969753
2.0793e+06
2.54298e+06
1.78896e+06
1.52376e+06
1.78409e+06
1.49751e+06
1.42864e+06
1.80508e+06
1.62942e+06
1.50977e+06
1.93627e+06
2.37669e+06
3.73638e+06
5.13482e+06
3.76179e+06
1.45938e+06
605844
1.40993e+06
2.98051e+06
3.27912e+06
2.15542e+06
1.52195e+06
1.9327e+06
3.15291e+06
3.71254e+06
3.17817e+06
3.16332e+06
3.90941e+06
5.30486e+06
5.20223e+06
3.66093e+06
2.95669e+06
3.33515e+06
3.9512e+06
3.44752e+06
2.96038e+06
3.17169e+06
3.78008e+06
3.36182e+06
2.45141e+06
3.27309e+06
5.63769e+06
6.28428e+06
4.93985e+06
5.09923e+06
7.18794e+06
7.97122e+06
6.48898e+06
4.73171e+06
3.2185e+06
2.09052e+06
2.05029e+06
4.2876e+06
6.79444e+06
5.89355e+06
4.47853e+06
6.10561e+06
6.95303e+06
6.30196e+06
4.62811e+06
4.88077e+06
5.37127e+06
5.95086e+06
7.81062e+06
6.99493e+06
5.17067e+06
4.67316e+06
4.79031e+06
3.93731e+06
2.43944e+06
2.3308e+06
3.16767e+06
3.97262e+06
5.44202e+06
6.36307e+06
6.71936e+06
6.85894e+06
4.55935e+06
3.17768e+06
3.95042e+06
4.61696e+06
4.26739e+06
3.8831e+06
2.86494e+06
2.31107e+06
2.96603e+06
3.47843e+06
1.9152e+06
749322
1.47242e+06
3.07379e+06
4.21982e+06
4.83378e+06
6.03829e+06
5.32677e+06
2.78714e+06
831419
910605
1.88546e+06
1.59703e+06
475769
261895
346649
278461
778847
1.15276e+06
2.05199e+06
3.21641e+06
3.29117e+06
2.1671e+06
763688
531218
552653
96681
655
0
0
3
139
4055
47123
305908
971817
1.44569e+06
817296
125749
5372
109
0
0
0
0
0
0
15
486
7211
46717
107473
44946
0
0
0
0
0
0
0
0
0
0
0
0
0
0
0
0
0
0
0
0
0
0
0
0
0
0
0
0
0
0
0
0
0
0
0
0
0
0
0
0
0
0
0
0
0
0
0
0
0
0
0
0
0
0
0
0
0
0
0
0
0
0
0
0
0
0
0
0
0
0
0
0
0
0
0
0
0
0
0
0
0
0
0
0
0
0
0
0
0
0
0
0
0
0
0
0
0
0
0
0
0
0
0
0
0
0
0
0
0
0
0
0
0
0
0
0
0
0
0
0
0
0
0
0
0
0
0
0
0
0
0
0
0
0
0
0
0
0
0
0
0
0
0
0
0
0
0
0
0
0
0
0
0
0
0
0
0
0
0
0
0
0
0
0
0
0
0
0
0
0
0
0
0
0
0
0
0
0
0
0
0
0
0
0
0
0
0
0
0
0
0
0
0
0
0
0
0
0
0
0
