83968
0
0
0
0
0
0
0
0
0
0
0
0
0
0
0
0
246
20742
139028
212094
101871
25474
3900
572
1475
10262
38154
84595
76713
32564
8142
13144
83985
258703
374233
205079
63192
28212
87205
179286
147542
67384
74141
200178
357067
258421
110179
67409
109003
116233
114363
293249
638115
641420
309662
123428
101629
103588
192855
414077
534977
351865
302029
380371
296454
281455
379654
324743
298530
411791
475608
729765
1.08665e+06
740997
293898
130306
278271
605576
677836
423865
320471
383235
636387
771650
622762
665315
769973
1.08758e+06
1.06269e+06
727802
615708
654944
833603
677696
610978
629796
781107
684310
494832
653914
1.14639e+06
1.29355e+06
988203
1.0285e+06
1.45912e+06
1.63326e+06
1.30077e+06
965305
654328
434675
415040
837647
1.43344e+06
1.17208e+06
897257
1.22202e+06
1.44969e+06
1.26042e+06
936509
1.01062e+06
1.07506e+06
1.20139e+06
1.57214e+06
1.45387e+06
1.038e+06
933339
996495
786295
492533
481323
636294
801922
1.13175e+06
1.2802e+06
1.34298e+06
1.40759e+06
927752
632328
815950
934140
850025
804704
575448
471971
604069
696919
393112
156865
299945
611599
891296
947445
1.22276e+06
1.08355e+06
573057
172382
185308
368851
335852
95920
53298
70556
59697
153543
236312
415437
651421
655606
455792
152267
107164
111813
21051
144
0
0
2
50
1049
10719
62839
191121
295502
167515
25619
1267
29
0
0
0
0
0
0
7
184
1621
9520
20391
10261
0
0
0
0
0
0
0
0
0
0
0
0
0
0
0
0
0
0
0
0
0
0
0
0
0
0
0
0
0
0
0
0
0
0
0
0
0
0
0
0
0
0
0
0
0
0
0
0
0
0
0
0
0
0
0
0
0
0
0
0
0
0
0
0
0
0
0
0
0
0
0
0
0
0
0
0
0
0
0
0
0
0
0
0
0
0
0
0
0
0
0
0
0
0
0
0
0
0
0
0
0
0
0
0
0
0
0
0
0
0
0
0
0
0
0
0
0
0
0
0
0
0
0
0
0
0
0
0
0
0
0
0
0
0
0
0
0
0
0
0
0
0
0
0
0
0
0
0
0
0
0
0
0
0
0
0
0
0
0
0
0
0
0
0
0
0
0
0
0
0
0
0
0
0
0
0
0
0
0
0
0
0
0
0
0
0
0
0
0
0
0
0
0
0
0
0
0
0
0
0
