548864
0
0
0
0
0
0
0
0
0
0
0
0
0
0
0
0
1142
131053
927184
1.35788e+06
687317
165634
21372
2184
8071
65481
265986
535884
499683
219315
50667
77076
550226
1.74138e+06
2.37018e+06
1.39561e+06
401324
171284
582959
1.14697e+06
976454
447136
482240
1.3578e+06
2.2305e+06
1.735e+06
731336
442982
710581
741329
738316
1.97239e+06
4.13328e+06
4.17528e+06
2.08827e+06
793196
622194
674701
1.28953e+06
2.76047e+06
3.36166e+06
2.38098e+06
2.02626e+06
2.35894e+06
1.98702e+06
1.90186e+06
2.39109e+06
2.16365e+06
2.00502e+06
2.56183e+06
3.15678e+06
4.96817e+06
6.78922e+06
4.99991e+06
1.94107e+06
804749
1.87458e+06
3.94781e+06
4.34297e+06
2.86591e+06
2.02054e+06
2.56724e+06
4.18479e+06
4.91748e+06
4.22321e+06
4.19126e+06
5.19952e+06
7.0254e+06
6.89851e+06
4.86528e+06
3.91585e+06
4.43599e+06
5.22843e+06
4.58241e+06
3.92625e+06
4.20981e+06
5.01164e+06
4.45855e+06
3.2583e+06
4.34796e+06
7.47141e+06
8.32893e+06
6.56376e+06
6.77865e+06
9.52844e+06
1.05574e+07
8.61772e+06
6.27728e+06
4.27224e+06
2.77386e+06
2.72914e+06
5.69366e+06
8.98594e+06
7.82923e+06
5.95748e+06
8.10614e+06
9.20563e+06
8.3651e+06
6.14636e+06
6.46579e+06
7.13356e+06
7.90304e+06
1.03614e+07
9.2604e+06
6.86426e+06
6.20951e+06
6.34787e+06
5.2282e+06
3.24044e+06
3.09234e+06
4.2056e+06
5.2679e+06
7.20981e+06
8.45099e+06
8.92293e+06
9.08345e+06
6.04271e+06
4.2309e+06
5.23844e+06
6.12401e+06
5.67038e+06
5.14231e+06
3.80485e+06
3.06506e+06
3.93168e+06
4.61798e+06
2.53997e+06
997422
1.95559e+06
4.08237e+06
5.57812e+06
6.42964e+06
8.01413e+06
7.06009e+06
3.69173e+06
1.10719e+06
1.20894e+06
2.5054e+06
2.11182e+06
633545
348417
459035
368613
1.03652e+06
1.53108e+06
2.72591e+06
4.2655e+06
4.36577e+06
2.86512e+06
1.01784e+06
707141
732130
127262
876
0
0
8
213
5376
62927
406908
1.2947e+06
1.91248e+06
1.08228e+06
167517
7201
164
0
0
0
0
0
0
29
621
9885
62276
143130
58491
0
0
0
0
0
0
0
0
0
0
0
0
0
0
0
0
0
0
0
0
0
0
0
0
0
0
0
0
0
0
0
0
0
0
0
0
0
0
0
0
0
0
0
0
0
0
0
0
0
0
0
0
0
0
0
0
0
0
0
0
0
0
0
0
0
0
0
0
0
0
0
0
0
0
0
0
0
0
0
0
0
0
0
0
0
0
0
0
0
0
0
0
0
0
0
0
0
0
0
0
0
0
0
0
0
0
0
0
0
0
0
0
0
0
0
0
0
0
0
0
0
0
0
0
0
0
0
0
0
0
0
0
0
0
0
0
0
0
0
0
0
0
0
0
0
0
0
0
0
0
0
0
0
0
0
0
0
0
0
0
0
0
0
0
0
0
0
0
0
0
0
0
0
0
0
0
0
0
0
0
0
0
0
0
0
0
0
0
0
0
0
0
0
0
0
0
0
0
0
0
