542720
0
0
0
0
0
0
0
0
0
0
0
0
0
0
0
0
1131
129613
916699
1.34268e+06
679765
163750
21109
2159
7974
64730
263030
529741
494301
216857
50029
76291
543980
1.72166e+06
2.34394e+06
1.37987e+06
396911
169399
576319
1.13409e+06
965662
442129
476635
1.34247e+06
2.20597e+06
1.71573e+06
722908
438000
702570
733076
730032
1.95032e+06
4.08684e+06
4.12871e+06
2.06503e+06
784101
615237
667292
1.27516e+06
2.72913e+06
3.32438e+06
2.35401e+06
2.00387e+06
2.33248e+06
1.96483e+06
1.88035e+06
2.36459e+06
2.13938e+06
1.98226e+06
2.53363e+06
3.12145e+06
4.91177e+06
6.71398e+06
4.94413e+06
1.91887e+06
795772
1.85359e+06
3.90377e+06
4.29453e+06
2.83353e+06
1.99799e+06
2.53825e+06
4.13813e+06
4.86278e+06
4.17558e+06
4.14453e+06
5.14115e+06
6.9469e+06
6.82164e+06
4.81e+06
3.87256e+06
4.38581e+06
5.1705e+06
4.53099e+06
3.88249e+06
4.16208e+06
4.95582e+06
4.40882e+06
3.2218e+06
4.2989e+06
7.38813e+06
8.23579e+06
6.4902e+06
6.70222e+06
9.42232e+06
1.04397e+07
8.52041e+06
6.20727e+06
4.22449e+06
2.74281e+06
2.69834e+06
5.629e+06
8.8871e+06
7.74157e+06
5.89003e+06
8.01515e+06
9.10369e+06
8.27105e+06
6.07688e+06
6.39372e+06
7.05323e+06
7.81466e+06
1.02461e+07
9.15674e+06
6.78713e+06
6.13979e+06
6.27758e+06
5.16946e+06
3.20398e+06
3.05724e+06
4.15862e+06
5.20881e+06
7.12988e+06
8.35613e+06
8.82272e+06
8.98261e+06
5.97434e+06
4.18342e+06
5.17997e+06
6.05546e+06
5.60631e+06
5.08524e+06
3.76216e+06
3.03081e+06
3.88748e+06
4.56693e+06
2.51152e+06
986330
1.93354e+06
4.03636e+06
5.51568e+06
6.35739e+06
7.9245e+06
6.98128e+06
3.65077e+06
1.0946e+06
1.19536e+06
2.47733e+06
2.08836e+06
626358
344515
453924
364445
1.02504e+06
1.514e+06
2.69543e+06
4.21777e+06
4.31607e+06
2.8335e+06
1.00656e+06
699150
724122
125805
865
0
0
8
212
5334
62303
402643
1.27988e+06
1.89094e+06
1.0701e+06
165745
7148
162
0
0
0
0
0
0
27
618
9800
61549
141451
57915
0
0
0
0
0
0
0
0
0
0
0
0
0
0
0
0
0
0
0
0
0
0
0
0
0
0
0
0
0
0
0
0
0
0
0
0
0
0
0
0
0
0
0
0
0
0
0
0
0
0
0
0
0
0
0
0
0
0
0
0
0
0
0
0
0
0
0
0
0
0
0
0
0
0
0
0
0
0
0
0
0
0
0
0
0
0
0
0
0
0
0
0
0
0
0
0
0
0
0
0
0
0
0
0
0
0
0
0
0
0
0
0
0
0
0
0
0
0
0
0
0
0
0
0
0
0
0
0
0
0
0
0
0
0
0
0
0
0
0
0
0
0
0
0
0
0
0
0
0
0
0
0
0
0
0
0
0
0
0
0
0
0
0
0
0
0
0
0
0
0
0
0
0
0
0
0
0
0
0
0
0
0
0
0
0
0
0
0
0
0
0
0
0
0
0
0
0
0
0
0
