876544
0
0
0
0
0
0
0
0
0
0
0
0
0
0
0
0
1826
208055
1.48515e+06
2.16376e+06
1.09928e+06
264247
34490
3397
13335
104286
424405
855853
798042
350366
80800
121767
875810
2.79009e+06
3.77855e+06
2.23384e+06
639084
271612
933297
1.82857e+06
1.56071e+06
714942
772539
2.17493e+06
3.54435e+06
2.77393e+06
1.17162e+06
710242
1.13416e+06
1.18055e+06
1.17844e+06
3.1612e+06
6.59467e+06
6.65714e+06
3.34654e+06
1.2684e+06
987930
1.07655e+06
2.06845e+06
4.40895e+06
5.34906e+06
3.81508e+06
3.2445e+06
3.75361e+06
3.18012e+06
3.04528e+06
3.80105e+06
3.46037e+06
3.21701e+06
4.06862e+06
5.04438e+06
7.95482e+06
1.0815e+07
7.9984e+06
3.10735e+06
1.28315e+06
3.00266e+06
6.29294e+06
6.91748e+06
4.59259e+06
3.22824e+06
4.11455e+06
6.67683e+06
7.82904e+06
6.7686e+06
6.67862e+06
8.32853e+06
1.12006e+07
1.09983e+07
7.7914e+06
6.242e+06
7.10469e+06
8.32949e+06
7.34054e+06
6.25043e+06
6.74183e+06
7.98907e+06
7.11539e+06
5.21285e+06
6.95936e+06
1.19124e+07
1.3279e+07
1.05061e+07
1.08496e+07
1.51996e+07
1.68419e+07
1.37745e+07
1.00229e+07
6.82364e+06
4.42661e+06
4.36837e+06
9.1199e+06
1.429e+07
1.25251e+07
9.53839e+06
1.29551e+07
1.46671e+07
1.33738e+07
9.81825e+06
1.0302e+07
1.14022e+07
1.26413e+07
1.65481e+07
1.47542e+07
1.09843e+07
9.92643e+06
1.01161e+07
8.35839e+06
5.18404e+06
4.93562e+06
6.72093e+06
8.42143e+06
1.1496e+07
1.34934e+07
1.42716e+07
1.4468e+07
9.65426e+06
6.78206e+06
8.35343e+06
9.77158e+06
9.07559e+06
8.19573e+06
6.08547e+06
4.89623e+06
6.27605e+06
7.3779e+06
4.05555e+06
1.60018e+06
3.13645e+06
6.51575e+06
8.85981e+06
1.0309e+07
1.27965e+07
1.1267e+07
5.88398e+06
1.77749e+06
1.94027e+06
4.00555e+06
3.35626e+06
1.01586e+06
558295
733425
588879
1.66361e+06
2.44851e+06
4.35748e+06
6.79688e+06
6.97911e+06
4.55636e+06
1.63481e+06
1.1366e+06
1.16539e+06
200550
1302
0
0
12
326
8637
103138
658125
2.075e+06
3.04146e+06
1.72007e+06
269977
11864
286
0
0
0
0
0
0
57
1073
16324
101970
228759
90089
0
0
0
0
0
0
0
0
0
0
0
0
0
0
0
0
0
0
0
0
0
0
0
0
0
0
0
0
0
0
0
0
0
0
0
0
0
0
0
0
0
0
0
0
0
0
0
0
0
0
0
0
0
0
0
0
0
0
0
0
0
0
0
0
0
0
0
0
0
0
0
0
0
0
0
0
0
0
0
0
0
0
0
0
0
0
0
0
0
0
0
0
0
0
0
0
0
0
0
0
0
0
0
0
0
0
0
0
0
0
0
0
0
0
0
0
0
0
0
0
0
0
0
0
0
0
0
0
0
0
0
0
0
0
0
0
0
0
0
0
0
0
0
0
0
0
0
0
0
0
0
0
0
0
0
0
0
0
0
0
0
0
0
0
0
0
0
0
0
0
0
0
0
0
0
0
0
0
0
0
0
0
0
0
0
0
0
0
0
0
0
0
0
0
0
0
0
0
0
0
