389120
0
0
0
0
0
0
0
0
0
0
0
0
0
0
0
0
822
93082
656382
964017
486221
117805
15234
1626
5800
46718
187359
380428
354806
155380
35872
55619
391600
1.23114e+06
1.6802e+06
988105
286121
121985
412504
815882
690873
316709
342310
958528
1.58773e+06
1.22775e+06
518786
313599
502359
526499
524540
1.39695e+06
2.9326e+06
2.95801e+06
1.47771e+06
563983
442628
478752
913703
1.95357e+06
2.39128e+06
1.68294e+06
1.43331e+06
1.67802e+06
1.40844e+06
1.34403e+06
1.69826e+06
1.53256e+06
1.42033e+06
1.8217e+06
2.23772e+06
3.51289e+06
4.82696e+06
3.5349e+06
1.37511e+06
574234
1.32693e+06
2.80077e+06
3.08201e+06
2.02728e+06
1.43476e+06
1.81858e+06
2.96428e+06
3.49134e+06
2.98889e+06
2.97916e+06
3.67596e+06
4.98817e+06
4.89e+06
3.4448e+06
2.78324e+06
3.13486e+06
3.71868e+06
3.24028e+06
2.78698e+06
2.98361e+06
3.55336e+06
3.16073e+06
2.3106e+06
3.08048e+06
5.29893e+06
5.9089e+06
4.64874e+06
4.79867e+06
6.75781e+06
7.49488e+06
6.10289e+06
4.4512e+06
3.02841e+06
1.96807e+06
1.93394e+06
4.03072e+06
6.38753e+06
5.54148e+06
4.21869e+06
5.74077e+06
6.53709e+06
5.92708e+06
4.35638e+06
4.59213e+06
5.05269e+06
5.59829e+06
7.34174e+06
6.5798e+06
4.86266e+06
4.39565e+06
4.50627e+06
3.70132e+06
2.29854e+06
2.19445e+06
2.97927e+06
3.7363e+06
5.11743e+06
5.98437e+06
6.31847e+06
6.45022e+06
4.2895e+06
2.99076e+06
3.71668e+06
4.34026e+06
4.01492e+06
3.65224e+06
2.69516e+06
2.17498e+06
2.78975e+06
3.26815e+06
1.80179e+06
707065
1.38587e+06
2.88961e+06
3.97274e+06
4.54568e+06
5.67908e+06
5.00631e+06
2.62136e+06
784566
858626
1.77086e+06
1.50126e+06
448101
246735
326047
262739
732926
1.08395e+06
1.93021e+06
3.02548e+06
3.09323e+06
2.03908e+06
718836
499917
519138
90915
606
0
0
3
139
3955
44852
288143
914131
1.35898e+06
768165
118489
5115
106
0
0
0
0
0
0
15
482
6929
43943
100878
42313
0
0
0
0
0
0
0
0
0
0
0
0
0
0
0
0
0
0
0
0
0
0
0
0
0
0
0
0
0
0
0
0
0
0
0
0
0
0
0
0
0
0
0
0
0
0
0
0
0
0
0
0
0
0
0
0
0
0
0
0
0
0
0
0
0
0
0
0
0
0
0
0
0
0
0
0
0
0
0
0
0
0
0
0
0
0
0
0
0
0
0
0
0
0
0
0
0
0
0
0
0
0
0
0
0
0
0
0
0
0
0
0
0
0
0
0
0
0
0
0
0
0
0
0
0
0
0
0
0
0
0
0
0
0
0
0
0
0
0
0
0
0
0
0
0
0
0
0
0
0
0
0
0
0
0
0
0
0
0
0
0
0
0
0
0
0
0
0
0
0
0
0
0
0
0
0
0
0
0
0
0
0
0
0
0
0
0
0
0
0
0
0
0
0
0
0
0
0
0
0
