985088
0
0
0
0
0
0
0
0
0
0
0
0
0
0
0
0
2056
233629
1.66999e+06
2.43019e+06
1.23613e+06
297190
38627
3778
15160
117188
477196
960800
897036
394384
90602
136782
984725
3.13691e+06
4.24256e+06
2.51278e+06
718316
304740
1.0493e+06
2.05434e+06
1.75465e+06
803872
868685
2.44528e+06
3.97816e+06
3.11981e+06
1.31802e+06
798335
1.2735e+06
1.32588e+06
1.32483e+06
3.55529e+06
7.40807e+06
7.48106e+06
3.76452e+06
1.4247e+06
1.10874e+06
1.20994e+06
2.32616e+06
4.95456e+06
6.00667e+06
4.29252e+06
3.64658e+06
4.21454e+06
3.5789e+06
3.4222e+06
4.26806e+06
3.88997e+06
3.61644e+06
4.56871e+06
5.67158e+06
8.94411e+06
1.21459e+07
8.99427e+06
3.494e+06
1.43989e+06
3.37712e+06
7.06834e+06
7.77074e+06
5.16622e+06
3.62515e+06
4.62643e+06
7.50331e+06
8.79655e+06
7.61213e+06
7.50076e+06
9.36412e+06
1.25851e+07
1.23592e+07
8.75988e+06
7.00985e+06
7.98796e+06
9.35806e+06
8.25445e+06
7.01966e+06
7.57812e+06
8.97628e+06
7.99732e+06
5.86135e+06
7.8233e+06
1.33814e+07
1.49194e+07
1.18145e+07
1.21975e+07
1.70766e+07
1.8923e+07
1.54852e+07
1.12642e+07
7.66733e+06
4.9739e+06
4.91197e+06
1.02503e+07
1.60529e+07
1.40808e+07
1.07224e+07
1.45582e+07
1.64814e+07
1.50301e+07
1.10331e+07
1.15797e+07
1.28132e+07
1.42121e+07
1.85931e+07
1.65768e+07
1.23478e+07
1.11593e+07
1.13626e+07
9.39467e+06
5.82713e+06
5.54478e+06
7.55344e+06
9.46809e+06
1.29152e+07
1.51593e+07
1.60487e+07
1.62572e+07
1.08476e+07
7.62444e+06
9.38734e+06
1.0981e+07
1.02024e+07
9.20649e+06
6.83969e+06
5.50285e+06
7.05306e+06
8.2941e+06
4.55448e+06
1.79904e+06
3.52444e+06
7.32271e+06
9.95481e+06
1.15897e+07
1.43804e+07
1.26608e+07
6.61397e+06
1.99586e+06
2.18342e+06
4.50318e+06
3.76838e+06
1.14213e+06
627187
824353
662806
1.87053e+06
2.74956e+06
4.8972e+06
7.63863e+06
7.84441e+06
5.11946e+06
1.83647e+06
1.27847e+06
1.30967e+06
224942
1468
0
0
12
359
9617
115599
739944
2.33399e+06
3.41758e+06
1.93188e+06
303129
13366
311
0
0
0
0
0
0
57
1213
18336
114595
257217
101126
0
0
0
0
0
0
0
0
0
0
0
0
0
0
0
0
0
0
0
0
0
0
0
0
0
0
0
0
0
0
0
0
0
0
0
0
0
0
0
0
0
0
0
0
0
0
0
0
0
0
0
0
0
0
0
0
0
0
0
0
0
0
0
0
0
0
0
0
0
0
0
0
0
0
0
0
0
0
0
0
0
0
0
0
0
0
0
0
0
0
0
0
0
0
0
0
0
0
0
0
0
0
0
0
0
0
0
0
0
0
0
0
0
0
0
0
0
0
0
0
0
0
0
0
0
0
0
0
0
0
0
0
0
0
0
0
0
0
0
0
0
0
0
0
0
0
0
0
0
0
0
0
0
0
0
0
0
0
0
0
0
0
0
0
0
0
0
0
0
0
0
0
0
0
0
0
0
0
0
0
0
0
0
0
0
0
0
0
0
0
0
0
0
0
0
0
0
0
0
0
