264192
0
0
0
0
0
0
0
0
0
0
0
0
0
0
0
0
598
63384
444781
655898
328912
80206
10580
1087
3988
31512
125900
260069
241676
104786
24069
37936
265800
833639
1.1452e+06
667403
195151
83309
279017
555507
468788
214355
231370
647082
1.08702e+06
831923
350217
212305
341038
358415
356426
945155
1.99346e+06
2.00981e+06
999793
383368
303056
324326
617934
1.3241e+06
1.63334e+06
1.1363e+06
969137
1.14873e+06
952451
909403
1.15898e+06
1.03588e+06
961567
1.24662e+06
1.51206e+06
2.37569e+06
3.29972e+06
2.38939e+06
931370
389948
897292
1.90504e+06
2.10172e+06
1.36771e+06
975748
1.22959e+06
2.01508e+06
2.3789e+06
2.01808e+06
2.02884e+06
2.48574e+06
3.39633e+06
3.32478e+06
2.33191e+06
1.89625e+06
2.1164e+06
2.53575e+06
2.19018e+06
1.89979e+06
2.02122e+06
2.41769e+06
2.14566e+06
1.56622e+06
2.08633e+06
3.60074e+06
4.02053e+06
3.14938e+06
3.24996e+06
4.59068e+06
5.10325e+06
4.13424e+06
3.02309e+06
2.05626e+06
1.3388e+06
1.31031e+06
2.72372e+06
4.36214e+06
3.74955e+06
2.85758e+06
3.89501e+06
4.45336e+06
4.01578e+06
2.95829e+06
3.12627e+06
3.42049e+06
3.79787e+06
4.98381e+06
4.48125e+06
3.29534e+06
2.97706e+06
3.07133e+06
2.50844e+06
1.55702e+06
1.49378e+06
2.01906e+06
2.53385e+06
3.48843e+06
4.05798e+06
4.28209e+06
4.38666e+06
2.91305e+06
2.02211e+06
2.52731e+06
2.95004e+06
2.71829e+06
2.4873e+06
1.82851e+06
1.47562e+06
1.89378e+06
2.21598e+06
1.22693e+06
479500
941601
1.96016e+06
2.7105e+06
3.0668e+06
3.85774e+06
3.40208e+06
1.78372e+06
532878
582816
1.19776e+06
1.0241e+06
303259
167344
221724
179226
495685
735710
1.31108e+06
2.05208e+06
2.09666e+06
1.39171e+06
486165
339244
353188
61978
436
0
0
3
114
2709
30788
196598
618566
922669
521960
80668
3568
85
0
0
0
0
0
0
9
345
4928
30036
67948
28830
0
0
0
0
0
0
0
0
0
0
0
0
0
0
0
0
0
0
0
0
0
0
0
0
0
0
0
0
0
0
0
0
0
0
0
0
0
0
0
0
0
0
0
0
0
0
0
0
0
0
0
0
0
0
0
0
0
0
0
0
0
0
0
0
0
0
0
0
0
0
0
0
0
0
0
0
0
0
0
0
0
0
0
0
0
0
0
0
0
0
0
0
0
0
0
0
0
0
0
0
0
0
0
0
0
0
0
0
0
0
0
0
0
0
0
0
0
0
0
0
0
0
0
0
0
0
0
0
0
0
0
0
0
0
0
0
0
0
0
0
0
0
0
0
0
0
0
0
0
0
0
0
0
0
0
0
0
0
0
0
0
0
0
0
0
0
0
0
0
0
0
0
0
0
0
0
0
0
0
0
0
0
0
0
0
0
0
0
0
0
0
0
0
0
0
0
0
0
0
0
