1.01581e+06
0
0
0
0
0
0
0
0
0
0
0
0
0
0
0
0
2117
240852
1.7222e+06
2.50563e+06
1.27483e+06
306668
39771
3876
15683
120661
492322
990692
925143
406430
93465
140856
1.01561e+06
3.23482e+06
4.37466e+06
2.59179e+06
740474
313959
1.08223e+06
2.11777e+06
1.80982e+06
829318
895157
2.52198e+06
4.10174e+06
3.21762e+06
1.35884e+06
823340
1.31366e+06
1.36633e+06
1.36604e+06
3.66591e+06
7.63978e+06
7.71475e+06
3.8829e+06
1.46847e+06
1.1426e+06
1.24735e+06
2.39845e+06
5.10901e+06
6.19511e+06
4.42694e+06
3.76e+06
4.34497e+06
3.69123e+06
3.52849e+06
4.40093e+06
4.01178e+06
3.72941e+06
4.71012e+06
5.84716e+06
9.22453e+06
1.25257e+07
9.27572e+06
3.60284e+06
1.48304e+06
3.48239e+06
7.28922e+06
8.0117e+06
5.32884e+06
3.7374e+06
4.77098e+06
7.73736e+06
9.07043e+06
7.85147e+06
7.73206e+06
9.65858e+06
1.29768e+07
1.27438e+07
9.03412e+06
7.22604e+06
8.23859e+06
9.6505e+06
8.51328e+06
7.23601e+06
7.81551e+06
9.2554e+06
8.24811e+06
6.04311e+06
8.06766e+06
1.37986e+07
1.53834e+07
1.21842e+07
1.25787e+07
1.76079e+07
1.95125e+07
1.59711e+07
1.16154e+07
7.90554e+06
5.12724e+06
5.06413e+06
1.05712e+07
1.65522e+07
1.45245e+07
1.10565e+07
1.50112e+07
1.69939e+07
1.54986e+07
1.13778e+07
1.19398e+07
1.32124e+07
1.46556e+07
1.9174e+07
1.70927e+07
1.27345e+07
1.15078e+07
1.17155e+07
9.6887e+06
6.00831e+06
5.71653e+06
7.789e+06
9.76302e+06
1.33178e+07
1.56334e+07
1.655e+07
1.67634e+07
1.11858e+07
7.8617e+06
9.68071e+06
1.13229e+07
1.05204e+07
9.49309e+06
7.05391e+06
5.67309e+06
7.27329e+06
8.55528e+06
4.69663e+06
1.8545e+06
3.63455e+06
7.55056e+06
1.02621e+07
1.19517e+07
1.48303e+07
1.30566e+07
6.8202e+06
2.05726e+06
2.25104e+06
4.64494e+06
3.88566e+06
1.17772e+06
646442
850213
683496
1.92938e+06
2.83619e+06
5.04937e+06
7.87634e+06
8.08956e+06
5.27763e+06
1.89402e+06
1.31893e+06
1.35052e+06
231839
1483
0
0
12
359
9913
119233
764083
2.40695e+06
3.52342e+06
1.99155e+06
312571
13848
330
0
0
0
0
0
0
57
1265
18975
118234
265324
104049
0
0
0
0
0
0
0
0
0
0
0
0
0
0
0
0
0
0
0
0
0
0
0
0
0
0
0
0
0
0
0
0
0
0
0
0
0
0
0
0
0
0
0
0
0
0
0
0
0
0
0
0
0
0
0
0
0
0
0
0
0
0
0
0
0
0
0
0
0
0
0
0
0
0
0
0
0
0
0
0
0
0
0
0
0
0
0
0
0
0
0
0
0
0
0
0
0
0
0
0
0
0
0
0
0
0
0
0
0
0
0
0
0
0
0
0
0
0
0
0
0
0
0
0
0
0
0
0
0
0
0
0
0
0
0
0
0
0
0
0
0
0
0
0
0
0
0
0
0
0
0
0
0
0
0
0
0
0
0
0
0
0
0
0
0
0
0
0
0
0
0
0
0
0
0
0
0
0
0
0
0
0
0
0
0
0
0
0
0
0
0
0
0
0
0
0
0
0
0
0
