878592
0
0
0
0
0
0
0
0
0
0
0
0
0
0
0
0
1831
208542
1.48867e+06
2.16872e+06
1.10186e+06
264904
34558
3407
13371
104539
425388
857852
799884
351190
81003
122054
877841
2.79666e+06
3.78734e+06
2.23902e+06
640568
272297
935537
1.83268e+06
1.56444e+06
716645
774373
2.18002e+06
3.55251e+06
2.78037e+06
1.17445e+06
711915
1.13685e+06
1.18324e+06
1.18123e+06
3.16878e+06
6.60986e+06
6.67261e+06
3.35445e+06
1.27137e+06
990184
1.07914e+06
2.07337e+06
4.41928e+06
5.3613e+06
3.82408e+06
3.25218e+06
3.7622e+06
3.18765e+06
3.05245e+06
3.80985e+06
3.46852e+06
3.22441e+06
4.07822e+06
5.05639e+06
7.97323e+06
1.084e+07
8.01702e+06
3.11492e+06
1.28627e+06
3.00979e+06
6.30739e+06
6.93343e+06
4.60348e+06
3.23593e+06
4.1243e+06
6.6922e+06
7.84728e+06
6.78457e+06
6.69417e+06
8.34822e+06
1.12263e+07
1.1024e+07
7.80966e+06
6.25677e+06
7.1213e+06
8.34865e+06
7.35798e+06
6.26503e+06
6.75753e+06
8.00768e+06
7.1319e+06
5.22547e+06
6.97574e+06
1.19398e+07
1.33098e+07
1.05309e+07
1.08753e+07
1.52349e+07
1.68809e+07
1.38067e+07
1.00464e+07
6.83965e+06
4.43706e+06
4.37872e+06
9.14119e+06
1.43231e+07
1.25544e+07
9.5611e+06
1.29851e+07
1.47015e+07
1.34049e+07
9.84113e+06
1.03261e+07
1.14287e+07
1.26713e+07
1.65866e+07
1.47885e+07
1.101e+07
9.94951e+06
1.01398e+07
8.37803e+06
5.19615e+06
4.9471e+06
6.7369e+06
8.44094e+06
1.15228e+07
1.35248e+07
1.43051e+07
1.45014e+07
9.67702e+06
6.7982e+06
8.3728e+06
9.7943e+06
9.09687e+06
8.21483e+06
6.0997e+06
4.9078e+06
6.29064e+06
7.39513e+06
4.06499e+06
1.60406e+06
3.14387e+06
6.53082e+06
8.88043e+06
1.03333e+07
1.28263e+07
1.1293e+07
5.89783e+06
1.78175e+06
1.94488e+06
4.01488e+06
3.36407e+06
1.01825e+06
559615
735127
590274
1.66761e+06
2.45426e+06
4.36764e+06
6.81268e+06
6.99532e+06
4.56695e+06
1.63866e+06
1.13935e+06
1.16805e+06
201022
1306
0
0
12
327
8661
103401
659772
2.07998e+06
3.04827e+06
1.72411e+06
270608
11898
287
0
0
0
0
0
0
57
1078
16370
102218
229294
90279
0
0
0
0
0
0
0
0
0
0
0
0
0
0
0
0
0
0
0
0
0
0
0
0
0
0
0
0
0
0
0
0
0
0
0
0
0
0
0
0
0
0
0
0
0
0
0
0
0
0
0
0
0
0
0
0
0
0
0
0
0
0
0
0
0
0
0
0
0
0
0
0
0
0
0
0
0
0
0
0
0
0
0
0
0
0
0
0
0
0
0
0
0
0
0
0
0
0
0
0
0
0
0
0
0
0
0
0
0
0
0
0
0
0
0
0
0
0
0
0
0
0
0
0
0
0
0
0
0
0
0
0
0
0
0
0
0
0
0
0
0
0
0
0
0
0
0
0
0
0
0
0
0
0
0
0
0
0
0
0
0
0
0
0
0
0
0
0
0
0
0
0
0
0
0
0
0
0
0
0
0
0
0
0
0
0
0
0
0
0
0
0
0
0
0
0
0
0
0
0
