405504
0
0
0
0
0
0
0
0
0
0
0
0
0
0
0
0
845
96937
684307
1.00418e+06
507063
122655
15843
1687
6027
48550
195464
396363
369781
162031
37253
57922
407357
1.28369e+06
1.75123e+06
1.03015e+06
297763
126775
429820
850199
720449
329536
356366
999282
1.65443e+06
1.28055e+06
540246
326275
523683
548602
546034
1.45521e+06
3.05681e+06
3.08434e+06
1.53932e+06
586997
461207
498563
951240
2.03728e+06
2.49214e+06
1.75373e+06
1.49371e+06
1.74859e+06
1.46806e+06
1.40034e+06
1.76926e+06
1.59715e+06
1.48006e+06
1.89836e+06
2.33057e+06
3.66153e+06
5.03186e+06
3.68596e+06
1.43154e+06
595611
1.38226e+06
2.92078e+06
3.21304e+06
2.11272e+06
1.49311e+06
1.89483e+06
3.08981e+06
3.63876e+06
3.11512e+06
3.10183e+06
3.83173e+06
5.19922e+06
5.09776e+06
3.58907e+06
2.89935e+06
3.26822e+06
3.8734e+06
3.37836e+06
2.90264e+06
3.10944e+06
3.70452e+06
3.29423e+06
2.40499e+06
3.20921e+06
5.524e+06
6.15876e+06
4.84328e+06
4.99973e+06
7.04428e+06
7.81176e+06
6.36033e+06
4.63809e+06
3.15539e+06
2.0501e+06
2.01139e+06
4.20235e+06
6.6587e+06
5.77563e+06
4.3928e+06
5.98379e+06
6.81359e+06
6.17728e+06
4.53771e+06
4.78428e+06
5.26536e+06
5.83326e+06
7.65425e+06
6.85657e+06
5.06798e+06
4.58052e+06
4.6958e+06
3.85854e+06
2.39262e+06
2.28554e+06
3.10494e+06
3.89401e+06
5.33385e+06
6.23615e+06
6.58572e+06
6.72265e+06
4.46977e+06
3.11542e+06
3.87237e+06
4.52442e+06
4.18326e+06
3.80662e+06
2.80806e+06
2.26588e+06
2.90718e+06
3.40818e+06
1.8774e+06
735498
1.44397e+06
3.01228e+06
4.13686e+06
4.73753e+06
5.9189e+06
5.21949e+06
2.73214e+06
816090
893430
1.84716e+06
1.56495e+06
466523
256891
339748
273405
763491
1.13001e+06
2.0112e+06
3.15275e+06
3.22502e+06
2.1245e+06
748922
520815
541276
94787
641
0
0
3
139
4024
46393
300207
952523
1.41659e+06
800826
123424
5300
106
0
0
0
0
0
0
15
485
7134
45803
105233
44082
0
0
0
0
0
0
0
0
0
0
0
0
0
0
0
0
0
0
0
0
0
0
0
0
0
0
0
0
0
0
0
0
0
0
0
0
0
0
0
0
0
0
0
0
0
0
0
0
0
0
0
0
0
0
0
0
0
0
0
0
0
0
0
0
0
0
0
0
0
0
0
0
0
0
0
0
0
0
0
0
0
0
0
0
0
0
0
0
0
0
0
0
0
0
0
0
0
0
0
0
0
0
0
0
0
0
0
0
0
0
0
0
0
0
0
0
0
0
0
0
0
0
0
0
0
0
0
0
0
0
0
0
0
0
0
0
0
0
0
0
0
0
0
0
0
0
0
0
0
0
0
0
0
0
0
0
0
0
0
0
0
0
0
0
0
0
0
0
0
0
0
0
0
0
0
0
0
0
0
0
0
0
0
0
0
0
0
0
0
0
0
0
0
0
0
0
0
0
0
0
