886784
0
0
0
0
0
0
0
0
0
0
0
0
0
0
0
0
1853
210401
1.50282e+06
2.18867e+06
1.11217e+06
267430
34852
3459
13512
105550
429352
865789
807244
354567
81743
123288
885986
2.82296e+06
3.82235e+06
2.25971e+06
646662
274929
944398
1.84962e+06
1.57901e+06
723509
781783
2.20047e+06
3.58476e+06
2.80627e+06
1.18582e+06
718667
1.14745e+06
1.19408e+06
1.19246e+06
3.19887e+06
6.67079e+06
6.7342e+06
3.38625e+06
1.28348e+06
999165
1.08951e+06
2.09304e+06
4.46031e+06
5.41043e+06
3.86054e+06
3.28249e+06
3.79645e+06
3.2182e+06
3.08084e+06
3.84507e+06
3.5009e+06
3.25446e+06
4.11608e+06
5.10474e+06
8.04742e+06
1.0939e+07
8.0918e+06
3.14516e+06
1.29878e+06
3.03824e+06
6.36523e+06
6.99727e+06
4.64701e+06
3.2666e+06
4.16343e+06
6.75338e+06
7.92063e+06
6.84814e+06
6.75659e+06
8.42692e+06
1.13292e+07
1.11267e+07
7.88304e+06
6.31548e+06
7.18826e+06
8.42537e+06
7.42747e+06
6.32342e+06
6.8202e+06
8.08193e+06
7.19832e+06
5.27561e+06
7.04123e+06
1.20497e+07
1.34326e+07
1.063e+07
1.09787e+07
1.53758e+07
1.70369e+07
1.39354e+07
1.01408e+07
6.90366e+06
4.47854e+06
4.42077e+06
9.22637e+06
1.44549e+07
1.26716e+07
9.65203e+06
1.31057e+07
1.48379e+07
1.35298e+07
9.93319e+06
1.04215e+07
1.1536e+07
1.27908e+07
1.67401e+07
1.49259e+07
1.1113e+07
1.00421e+07
1.02338e+07
8.45711e+06
5.2445e+06
4.99325e+06
6.80015e+06
8.52006e+06
1.16294e+07
1.36504e+07
1.44388e+07
1.46357e+07
9.76743e+06
6.86301e+06
8.45004e+06
9.88515e+06
9.18257e+06
8.29114e+06
6.15648e+06
4.95376e+06
6.3497e+06
7.46352e+06
4.10269e+06
1.61971e+06
3.17365e+06
6.59048e+06
8.96324e+06
1.04305e+07
1.29458e+07
1.13969e+07
5.95311e+06
1.79892e+06
1.96355e+06
4.05211e+06
3.3951e+06
1.02784e+06
564965
741900
596021
1.6834e+06
2.47728e+06
4.40803e+06
6.87611e+06
7.06e+06
4.60968e+06
1.65402e+06
1.15032e+06
1.17878e+06
202754
1316
0
0
12
333
8755
104474
666384
2.09948e+06
3.0761e+06
1.74e+06
273182
12047
290
0
0
0
0
0
0
57
1094
16560
103270
231359
91052
0
0
0
0
0
0
0
0
0
0
0
0
0
0
0
0
0
0
0
0
0
0
0
0
0
0
0
0
0
0
0
0
0
0
0
0
0
0
0
0
0
0
0
0
0
0
0
0
0
0
0
0
0
0
0
0
0
0
0
0
0
0
0
0
0
0
0
0
0
0
0
0
0
0
0
0
0
0
0
0
0
0
0
0
0
0
0
0
0
0
0
0
0
0
0
0
0
0
0
0
0
0
0
0
0
0
0
0
0
0
0
0
0
0
0
0
0
0
0
0
0
0
0
0
0
0
0
0
0
0
0
0
0
0
0
0
0
0
0
0
0
0
0
0
0
0
0
0
0
0
0
0
0
0
0
0
0
0
0
0
0
0
0
0
0
0
0
0
0
0
0
0
0
0
0
0
0
0
0
0
0
0
0
0
0
0
0
0
0
0
0
0
0
0
0
0
0
0
0
0
