305152
0
0
0
0
0
0
0
0
0
0
0
0
0
0
0
0
684
72960
514147
757236
380412
92416
12131
1274
4528
36640
145589
299745
279283
121296
27676
43755
307297
963303
1.32124e+06
772536
224835
95968
322154
641426
541951
247307
266793
749239
1.25369e+06
961655
404862
245074
393757
413452
411418
1.0924e+06
2.3026e+06
2.32095e+06
1.15619e+06
442136
349209
374792
712952
1.53163e+06
1.88422e+06
1.31415e+06
1.12085e+06
1.32417e+06
1.10215e+06
1.0504e+06
1.33575e+06
1.19802e+06
1.11187e+06
1.43454e+06
1.7484e+06
2.75015e+06
3.80391e+06
2.76622e+06
1.07364e+06
447680
1.03788e+06
2.20169e+06
2.42606e+06
1.58208e+06
1.12486e+06
1.42232e+06
2.32696e+06
2.7445e+06
2.33441e+06
2.3388e+06
2.87612e+06
3.92063e+06
3.83984e+06
2.6962e+06
2.18659e+06
2.45016e+06
2.92241e+06
2.53503e+06
2.189e+06
2.33773e+06
2.793e+06
2.4792e+06
1.80693e+06
2.41031e+06
4.15958e+06
4.64027e+06
3.63817e+06
3.75789e+06
5.30354e+06
5.8905e+06
4.77879e+06
3.48988e+06
2.37516e+06
1.54477e+06
1.51133e+06
3.15212e+06
5.03138e+06
4.33645e+06
3.29954e+06
4.50176e+06
5.13808e+06
4.64294e+06
3.41528e+06
3.60501e+06
3.95477e+06
4.3878e+06
5.76025e+06
5.16988e+06
3.8085e+06
3.44244e+06
3.54181e+06
2.90053e+06
1.79832e+06
1.72344e+06
2.33443e+06
2.92781e+06
4.02377e+06
4.68875e+06
4.94925e+06
5.06471e+06
3.36464e+06
2.33817e+06
2.91684e+06
3.4067e+06
3.14382e+06
2.8695e+06
2.11212e+06
1.70433e+06
2.18771e+06
2.56232e+06
1.41543e+06
553223
1.08692e+06
2.26432e+06
3.12526e+06
3.54885e+06
4.45595e+06
3.93072e+06
2.05813e+06
614529
672112
1.38647e+06
1.18208e+06
349616
193445
256162
206292
573478
850366
1.51318e+06
2.3696e+06
2.42512e+06
1.60469e+06
561869
391883
408027
71462
495
0
0
3
132
3173
35545
226834
715167
1.06546e+06
602771
93142
4039
102
0
0
0
0
0
0
15
392
5635
34683
78740
33111
0
0
0
0
0
0
0
0
0
0
0
0
0
0
0
0
0
0
0
0
0
0
0
0
0
0
0
0
0
0
0
0
0
0
0
0
0
0
0
0
0
0
0
0
0
0
0
0
0
0
0
0
0
0
0
0
0
0
0
0
0
0
0
0
0
0
0
0
0
0
0
0
0
0
0
0
0
0
0
0
0
0
0
0
0
0
0
0
0
0
0
0
0
0
0
0
0
0
0
0
0
0
0
0
0
0
0
0
0
0
0
0
0
0
0
0
0
0
0
0
0
0
0
0
0
0
0
0
0
0
0
0
0
0
0
0
0
0
0
0
0
0
0
0
0
0
0
0
0
0
0
0
0
0
0
0
0
0
0
0
0
0
0
0
0
0
0
0
0
0
0
0
0
0
0
0
0
0
0
0
0
0
0
0
0
0
0
0
0
0
0
0
0
0
0
0
0
0
0
0
