509952
0
0
0
0
0
0
0
0
0
0
0
0
0
0
0
0
1057
121645
861686
1.26138e+06
638669
153969
19832
2058
7462
60838
247148
497444
464771
203866
46895
72021
511582
1.61678e+06
2.20222e+06
1.296e+06
373672
159362
541540
1.06608e+06
906945
415140
448105
1.26119e+06
2.07237e+06
1.61345e+06
679351
410905
659753
689005
686578
1.83273e+06
3.83951e+06
3.87848e+06
1.94048e+06
737128
578332
626952
1.19866e+06
2.56374e+06
3.12452e+06
2.21102e+06
1.88244e+06
2.19315e+06
1.84654e+06
1.76566e+06
2.22077e+06
2.01113e+06
1.86242e+06
2.38146e+06
2.93321e+06
4.61359e+06
6.3111e+06
4.64329e+06
1.80319e+06
747919
1.74142e+06
3.66905e+06
4.03569e+06
2.6618e+06
1.87792e+06
2.38516e+06
3.88739e+06
4.56866e+06
3.92323e+06
3.89599e+06
4.8282e+06
6.52942e+06
6.40879e+06
4.51867e+06
3.64208e+06
4.11879e+06
4.85986e+06
4.25574e+06
3.6482e+06
3.91103e+06
4.65772e+06
4.14216e+06
3.0273e+06
4.04026e+06
6.94141e+06
7.73708e+06
6.0983e+06
6.2979e+06
8.85312e+06
9.81151e+06
8.00374e+06
5.83244e+06
3.96908e+06
2.57847e+06
2.53622e+06
5.28758e+06
8.35326e+06
7.27272e+06
5.53421e+06
7.52946e+06
8.55631e+06
7.77078e+06
5.70952e+06
6.00796e+06
6.6257e+06
7.34471e+06
9.62684e+06
8.60429e+06
6.37746e+06
5.76882e+06
5.89825e+06
4.85726e+06
3.01151e+06
2.87226e+06
3.90798e+06
4.89522e+06
6.70084e+06
7.8491e+06
8.28753e+06
8.44098e+06
5.61562e+06
3.93085e+06
4.8677e+06
5.68832e+06
5.26674e+06
4.77941e+06
3.53485e+06
2.84833e+06
3.6546e+06
4.28899e+06
2.3605e+06
927972
1.8185e+06
3.78964e+06
5.18212e+06
5.97428e+06
7.445e+06
6.55838e+06
3.43135e+06
1.02951e+06
1.12405e+06
2.32673e+06
1.96275e+06
588308
323973
426362
342943
964293
1.42341e+06
2.53147e+06
3.96278e+06
4.05269e+06
2.66359e+06
946359
657421
679968
118267
823
0
0
8
212
5123
59133
379736
1.20206e+06
1.77534e+06
1.0052e+06
155764
6829
162
0
0
0
0
0
0
27
605
9315
57921
132689
54419
0
0
0
0
0
0
0
0
0
0
0
0
0
0
0
0
0
0
0
0
0
0
0
0
0
0
0
0
0
0
0
0
0
0
0
0
0
0
0
0
0
0
0
0
0
0
0
0
0
0
0
0
0
0
0
0
0
0
0
0
0
0
0
0
0
0
0
0
0
0
0
0
0
0
0
0
0
0
0
0
0
0
0
0
0
0
0
0
0
0
0
0
0
0
0
0
0
0
0
0
0
0
0
0
0
0
0
0
0
0
0
0
0
0
0
0
0
0
0
0
0
0
0
0
0
0
0
0
0
0
0
0
0
0
0
0
0
0
0
0
0
0
0
0
0
0
0
0
0
0
0
0
0
0
0
0
0
0
0
0
0
0
0
0
0
0
0
0
0
0
0
0
0
0
0
0
0
0
0
0
0
0
0
0
0
0
0
0
0
0
0
0
0
0
0
0
0
0
0
0
