884736
0
0
0
0
0
0
0
0
0
0
0
0
0
0
0
0
1848
209944
1.49928e+06
2.18365e+06
1.10961e+06
266817
34775
3445
13478
105280
428381
863821
805391
353710
81565
122979
883948
2.81631e+06
3.81367e+06
2.25457e+06
645111
274294
942179
1.84535e+06
1.57536e+06
721803
779931
2.19536e+06
3.57676e+06
2.79975e+06
1.18296e+06
717010
1.1448e+06
1.19136e+06
1.18962e+06
3.1914e+06
6.65556e+06
6.71882e+06
3.37826e+06
1.28046e+06
996916
1.08691e+06
2.08811e+06
4.45009e+06
5.39815e+06
3.85138e+06
3.27497e+06
3.78787e+06
3.21055e+06
3.07374e+06
3.83627e+06
3.49284e+06
3.24687e+06
4.10674e+06
5.09258e+06
8.02881e+06
1.09143e+07
8.07309e+06
3.13762e+06
1.29567e+06
3.03106e+06
6.35087e+06
6.98119e+06
4.63614e+06
3.25895e+06
4.15362e+06
6.73809e+06
7.90238e+06
6.83224e+06
6.74091e+06
8.40725e+06
1.13035e+07
1.11011e+07
7.86462e+06
6.30082e+06
7.17151e+06
8.40619e+06
7.41013e+06
6.30877e+06
6.80455e+06
8.06339e+06
7.18171e+06
5.2631e+06
7.02475e+06
1.20222e+07
1.3402e+07
1.06052e+07
1.09529e+07
1.53405e+07
1.69979e+07
1.39032e+07
1.01172e+07
6.88769e+06
4.46816e+06
4.41024e+06
9.20503e+06
1.4422e+07
1.26423e+07
9.62934e+06
1.30754e+07
1.48039e+07
1.34986e+07
9.91012e+06
1.03977e+07
1.1509e+07
1.27611e+07
1.67017e+07
1.48915e+07
1.10871e+07
1.0019e+07
1.02104e+07
8.43733e+06
5.23246e+06
4.98161e+06
6.78449e+06
8.50017e+06
1.16028e+07
1.3619e+07
1.44053e+07
1.46022e+07
9.74477e+06
6.84684e+06
8.43068e+06
9.86251e+06
9.16116e+06
8.27197e+06
6.14238e+06
4.94226e+06
6.33487e+06
7.44647e+06
4.09322e+06
1.61584e+06
3.16617e+06
6.57556e+06
8.94259e+06
1.04062e+07
1.29159e+07
1.13709e+07
5.93936e+06
1.79458e+06
1.95891e+06
4.04281e+06
3.38735e+06
1.02544e+06
563631
740190
594554
1.6795e+06
2.47154e+06
4.39794e+06
6.86016e+06
7.04395e+06
4.59892e+06
1.65016e+06
1.14763e+06
1.17608e+06
202325
1313
0
0
12
330
8734
104199
664755
2.0946e+06
3.0691e+06
1.73605e+06
272532
12011
289
0
0
0
0
0
0
57
1089
16505
103003
230861
90853
0
0
0
0
0
0
0
0
0
0
0
0
0
0
0
0
0
0
0
0
0
0
0
0
0
0
0
0
0
0
0
0
0
0
0
0
0
0
0
0
0
0
0
0
0
0
0
0
0
0
0
0
0
0
0
0
0
0
0
0
0
0
0
0
0
0
0
0
0
0
0
0
0
0
0
0
0
0
0
0
0
0
0
0
0
0
0
0
0
0
0
0
0
0
0
0
0
0
0
0
0
0
0
0
0
0
0
0
0
0
0
0
0
0
0
0
0
0
0
0
0
0
0
0
0
0
0
0
0
0
0
0
0
0
0
0
0
0
0
0
0
0
0
0
0
0
0
0
0
0
0
0
0
0
0
0
0
0
0
0
0
0
0
0
0
0
0
0
0
0
0
0
0
0
0
0
0
0
0
0
0
0
0
0
0
0
0
0
0
0
0
0
0
0
0
0
0
0
0
0
