774144
0
0
0
0
0
0
0
0
0
0
0
0
0
0
0
0
1604
184148
1.31053e+06
1.91172e+06
970994
233534
30165
3050
11707
92193
374530
756232
704516
309604
71420
107728
774395
2.46109e+06
3.3391e+06
1.97328e+06
563951
240069
823972
1.61552e+06
1.37758e+06
631666
682522
1.91972e+06
3.13191e+06
2.45001e+06
1.03416e+06
626342
1.00221e+06
1.04361e+06
1.04055e+06
2.7894e+06
5.82471e+06
5.88317e+06
2.9544e+06
1.11949e+06
872880
950601
1.8251e+06
3.89455e+06
4.72603e+06
3.36746e+06
2.86438e+06
3.31739e+06
2.80748e+06
2.68786e+06
3.36142e+06
3.05445e+06
2.83884e+06
3.59812e+06
4.45356e+06
7.02149e+06
9.55679e+06
7.06226e+06
2.74299e+06
1.13314e+06
2.65041e+06
5.55812e+06
6.11324e+06
4.05397e+06
2.85114e+06
3.63049e+06
5.89906e+06
6.91854e+06
5.97367e+06
5.90061e+06
7.35206e+06
9.89566e+06
9.71747e+06
6.87477e+06
5.51304e+06
6.27232e+06
7.3618e+06
6.4809e+06
5.52292e+06
5.9498e+06
7.05704e+06
6.28677e+06
4.60002e+06
6.14333e+06
1.0528e+07
1.17299e+07
9.27486e+06
9.57715e+06
1.34263e+07
1.4879e+07
1.21636e+07
8.8525e+06
6.02867e+06
3.9067e+06
3.85343e+06
8.04937e+06
1.26364e+07
1.1061e+07
8.41564e+06
1.14372e+07
1.29625e+07
1.18092e+07
8.67066e+06
9.10404e+06
1.00687e+07
1.11586e+07
1.46142e+07
1.30369e+07
9.69901e+06
8.76528e+06
8.93902e+06
7.3806e+06
4.5749e+06
4.35693e+06
5.93363e+06
7.43592e+06
1.01588e+07
1.19196e+07
1.25991e+07
1.27861e+07
8.52508e+06
5.98318e+06
7.38117e+06
8.63307e+06
8.01081e+06
7.23987e+06
5.37358e+06
4.32266e+06
5.54386e+06
6.51888e+06
3.58053e+06
1.41035e+06
2.76671e+06
5.7547e+06
7.83369e+06
9.09415e+06
1.13072e+07
9.95296e+06
5.20053e+06
1.56517e+06
1.70986e+06
3.53774e+06
2.96924e+06
896550
492085
647888
518262
1.46703e+06
2.16168e+06
3.84847e+06
6.00723e+06
6.16149e+06
4.03005e+06
1.44079e+06
1.00121e+06
1.031e+06
178435
1201
0
0
12
289
7583
90205
577994
1.83e+06
2.69069e+06
1.52198e+06
237876
10396
266
0
0
0
0
0
0
54
912
14320
89516
201872
80398
0
0
0
0
0
0
0
0
0
0
0
0
0
0
0
0
0
0
0
0
0
0
0
0
0
0
0
0
0
0
0
0
0
0
0
0
0
0
0
0
0
0
0
0
0
0
0
0
0
0
0
0
0
0
0
0
0
0
0
0
0
0
0
0
0
0
0
0
0
0
0
0
0
0
0
0
0
0
0
0
0
0
0
0
0
0
0
0
0
0
0
0
0
0
0
0
0
0
0
0
0
0
0
0
0
0
0
0
0
0
0
0
0
0
0
0
0
0
0
0
0
0
0
0
0
0
0
0
0
0
0
0
0
0
0
0
0
0
0
0
0
0
0
0
0
0
0
0
0
0
0
0
0
0
0
0
0
0
0
0
0
0
0
0
0
0
0
0
0
0
0
0
0
0
0
0
0
0
0
0
0
0
0
0
0
0
0
0
0
0
0
0
0
0
0
0
0
0
0
0
