512000
0
0
0
0
0
0
0
0
0
0
0
0
0
0
0
0
1061
122145
865127
1.26646e+06
641208
154600
19915
2064
7489
61083
248190
499400
466627
204711
47058
72291
513579
1.62331e+06
2.21119e+06
1.3012e+06
375121
159967
543696
1.07035e+06
910610
416853
449896
1.26621e+06
2.08064e+06
1.62003e+06
682059
412494
662452
691815
689241
1.84007e+06
3.85493e+06
3.8942e+06
1.94827e+06
740034
580631
629485
1.20339e+06
2.57418e+06
3.13691e+06
2.22002e+06
1.89002e+06
2.20186e+06
1.85388e+06
1.77286e+06
2.22969e+06
2.01928e+06
1.8698e+06
2.39097e+06
2.94503e+06
4.63209e+06
6.33638e+06
4.66228e+06
1.81026e+06
750893
1.74831e+06
3.68378e+06
4.0519e+06
2.6726e+06
1.88531e+06
2.39474e+06
3.90306e+06
4.58718e+06
3.93892e+06
3.91152e+06
4.84774e+06
6.55545e+06
6.43475e+06
4.53686e+06
3.6564e+06
4.13543e+06
4.87936e+06
4.27308e+06
3.66272e+06
3.92665e+06
4.67646e+06
4.15874e+06
3.03951e+06
4.05624e+06
6.96954e+06
7.76829e+06
6.12275e+06
6.32293e+06
8.88883e+06
9.85086e+06
8.03604e+06
5.85585e+06
3.98512e+06
2.58858e+06
2.5463e+06
5.30885e+06
8.38689e+06
7.302e+06
5.55626e+06
7.5597e+06
8.59082e+06
7.80215e+06
5.73232e+06
6.03203e+06
6.65241e+06
7.37388e+06
9.6658e+06
8.63876e+06
6.40307e+06
5.79199e+06
5.92199e+06
4.87684e+06
3.02342e+06
2.88374e+06
3.9236e+06
4.91488e+06
6.72781e+06
7.88086e+06
8.32084e+06
8.47494e+06
5.63803e+06
3.94658e+06
4.88711e+06
5.71132e+06
5.28796e+06
4.79851e+06
3.54904e+06
2.85971e+06
3.66929e+06
4.30638e+06
2.36998e+06
931550
1.82571e+06
3.80494e+06
5.203e+06
5.99824e+06
7.47504e+06
6.58483e+06
3.44505e+06
1.03356e+06
1.12836e+06
2.33623e+06
1.97069e+06
590662
325255
428060
344242
968170
1.42906e+06
2.54185e+06
3.97858e+06
4.06914e+06
2.67421e+06
950128
660011
682733
118759
827
0
0
8
212
5142
59307
381193
1.20694e+06
1.78256e+06
1.00923e+06
156390
6858
162
0
0
0
0
0
0
27
607
9345
58137
133233
54651
0
0
0
0
0
0
0
0
0
0
0
0
0
0
0
0
0
0
0
0
0
0
0
0
0
0
0
0
0
0
0
0
0
0
0
0
0
0
0
0
0
0
0
0
0
0
0
0
0
0
0
0
0
0
0
0
0
0
0
0
0
0
0
0
0
0
0
0
0
0
0
0
0
0
0
0
0
0
0
0
0
0
0
0
0
0
0
0
0
0
0
0
0
0
0
0
0
0
0
0
0
0
0
0
0
0
0
0
0
0
0
0
0
0
0
0
0
0
0
0
0
0
0
0
0
0
0
0
0
0
0
0
0
0
0
0
0
0
0
0
0
0
0
0
0
0
0
0
0
0
0
0
0
0
0
0
0
0
0
0
0
0
0
0
0
0
0
0
0
0
0
0
0
0
0
0
0
0
0
0
0
0
0
0
0
0
0
0
0
0
0
0
0
0
0
0
0
0
0
0
