780288
0
0
0
0
0
0
0
0
0
0
0
0
0
0
0
0
1616
185495
1.32111e+06
1.92692e+06
978608
235373
30422
3065
11807
92949
377366
762400
710077
312028
71992
108551
780392
2.48095e+06
3.36536e+06
1.98912e+06
568401
241847
830629
1.62838e+06
1.38846e+06
636669
687955
1.93498e+06
3.15673e+06
2.46939e+06
1.04233e+06
631485
1.01007e+06
1.05172e+06
1.04902e+06
2.81166e+06
5.87097e+06
5.92952e+06
2.97788e+06
1.1285e+06
879773
958213
1.83958e+06
3.92562e+06
4.76317e+06
3.39424e+06
2.88742e+06
3.34339e+06
2.82981e+06
2.70952e+06
3.38753e+06
3.07888e+06
2.86184e+06
3.62609e+06
4.48902e+06
7.07776e+06
9.63202e+06
7.1182e+06
2.76502e+06
1.14215e+06
2.67144e+06
5.60258e+06
6.16131e+06
4.08624e+06
2.87382e+06
3.65941e+06
5.94586e+06
6.9727e+06
6.02176e+06
5.94723e+06
7.41088e+06
9.97411e+06
9.79375e+06
6.93018e+06
5.5568e+06
6.32212e+06
7.41998e+06
6.53203e+06
5.56696e+06
5.99723e+06
7.1129e+06
6.3367e+06
4.63636e+06
6.19283e+06
1.06104e+07
1.18231e+07
9.34882e+06
9.65374e+06
1.35327e+07
1.49961e+07
1.2261e+07
8.9221e+06
6.07668e+06
3.93793e+06
3.88434e+06
8.11363e+06
1.27355e+07
1.11488e+07
8.48286e+06
1.15281e+07
1.30654e+07
1.19029e+07
8.73898e+06
9.17669e+06
1.01487e+07
1.12471e+07
1.47302e+07
1.31399e+07
9.77645e+06
8.83501e+06
9.009e+06
7.43943e+06
4.61192e+06
4.39153e+06
5.98084e+06
7.49546e+06
1.02383e+07
1.20146e+07
1.26991e+07
1.28869e+07
8.59301e+06
6.03104e+06
7.4393e+06
8.70173e+06
8.07442e+06
7.2975e+06
5.41607e+06
4.35718e+06
5.58788e+06
6.57042e+06
3.60897e+06
1.42183e+06
2.78869e+06
5.80053e+06
7.89547e+06
9.16712e+06
1.1396e+07
1.00316e+07
5.24212e+06
1.57775e+06
1.72384e+06
3.5655e+06
2.99257e+06
903779
496076
653094
522501
1.47885e+06
2.17876e+06
3.87893e+06
6.05457e+06
6.21038e+06
4.06208e+06
1.45225e+06
1.00933e+06
1.03901e+06
179817
1210
0
0
12
295
7689
91073
582740
1.84442e+06
2.71174e+06
1.53401e+06
239851
10490
266
0
0
0
0
0
0
54
932
14449
90235
203426
81048
0
0
0
0
0
0
0
0
0
0
0
0
0
0
0
0
0
0
0
0
0
0
0
0
0
0
0
0
0
0
0
0
0
0
0
0
0
0
0
0
0
0
0
0
0
0
0
0
0
0
0
0
0
0
0
0
0
0
0
0
0
0
0
0
0
0
0
0
0
0
0
0
0
0
0
0
0
0
0
0
0
0
0
0
0
0
0
0
0
0
0
0
0
0
0
0
0
0
0
0
0
0
0
0
0
0
0
0
0
0
0
0
0
0
0
0
0
0
0
0
0
0
0
0
0
0
0
0
0
0
0
0
0
0
0
0
0
0
0
0
0
0
0
0
0
0
0
0
0
0
0
0
0
0
0
0
0
0
0
0
0
0
0
0
0
0
0
0
0
0
0
0
0
0
0
0
0
0
0
0
0
0
0
0
0
0
0
0
0
0
0
0
0
0
0
0
0
0
0
0
