120832
0
0
0
0
0
0
0
0
0
0
0
0
0
0
0
0
320
29372
201298
303085
149073
36113
5225
654
1976
14479
55749
121048
110909
47018
11242
17804
120893
376229
533587
299606
89637
38932
126326
256670
213693
96332
105456
292158
509102
374945
158511
96575
156857
165303
163154
426014
917113
922798
449898
175947
142682
147813
279434
601150
761197
511141
438586
538273
429775
409820
539406
469752
433714
582058
686678
1.06754e+06
1.54212e+06
1.07952e+06
421904
181138
404801
872818
970703
616071
453335
555597
919569
1.10109e+06
907965
942756
1.12045e+06
1.56227e+06
1.526e+06
1.05496e+06
875312
955041
1.18319e+06
987735
873596
913095
1.11711e+06
983086
712964
946517
1.65012e+06
1.85011e+06
1.43026e+06
1.48518e+06
2.09906e+06
2.34053e+06
1.88128e+06
1.3888e+06
940045
617475
596927
1.22562e+06
2.03312e+06
1.70053e+06
1.29758e+06
1.76804e+06
2.06583e+06
1.82149e+06
1.3503e+06
1.44487e+06
1.55495e+06
1.73316e+06
2.26775e+06
2.07335e+06
1.5008e+06
1.3519e+06
1.42014e+06
1.14001e+06
708588
687154
918008
1.1553e+06
1.61491e+06
1.85111e+06
1.9433e+06
2.01798e+06
1.33257e+06
915909
1.16793e+06
1.34524e+06
1.2323e+06
1.14825e+06
830573
678103
867891
1.00911e+06
563849
220357
430926
887815
1.26382e+06
1.37871e+06
1.7641e+06
1.56144e+06
819309
243824
265843
540551
476212
138256
75986
101831
83582
223281
338575
598147
937662
952343
647467
219786
154760
161195
29544
206
0
0
3
66
1337
14690
89615
279025
423875
240411
36713
1721
32
0
0
0
0
0
0
7
230
2283
13762
30175
13959
0
0
0
0
0
0
0
0
0
0
0
0
0
0
0
0
0
0
0
0
0
0
0
0
0
0
0
0
0
0
0
0
0
0
0
0
0
0
0
0
0
0
0
0
0
0
0
0
0
0
0
0
0
0
0
0
0
0
0
0
0
0
0
0
0
0
0
0
0
0
0
0
0
0
0
0
0
0
0
0
0
0
0
0
0
0
0
0
0
0
0
0
0
0
0
0
0
0
0
0
0
0
0
0
0
0
0
0
0
0
0
0
0
0
0
0
0
0
0
0
0
0
0
0
0
0
0
0
0
0
0
0
0
0
0
0
0
0
0
0
0
0
0
0
0
0
0
0
0
0
0
0
0
0
0
0
0
0
0
0
0
0
0
0
0
0
0
0
0
0
0
0
0
0
0
0
0
0
0
0
0
0
0
0
0
0
0
0
0
0
0
0
0
0
0
0
0
0
0
0
