923648
0
0
0
0
0
0
0
0
0
0
0
0
0
0
0
0
1943
219038
1.56584e+06
2.27886e+06
1.15847e+06
278795
36358
3575
14194
110081
447451
901005
840528
369774
85174
128585
923532
2.94064e+06
3.97856e+06
2.3547e+06
673710
286661
983993
1.92635e+06
1.64439e+06
753717
815708
2.2919e+06
3.73018e+06
2.92396e+06
1.23625e+06
749025
1.19418e+06
1.2438e+06
1.2428e+06
3.33414e+06
6.94541e+06
7.01163e+06
3.52876e+06
1.33769e+06
1.04062e+06
1.13502e+06
2.1816e+06
4.6454e+06
5.63126e+06
4.02358e+06
3.41919e+06
3.95274e+06
3.35345e+06
3.2096e+06
4.00363e+06
3.64656e+06
3.39119e+06
4.28609e+06
5.31798e+06
8.38397e+06
1.13876e+07
8.42868e+06
3.27848e+06
1.35418e+06
3.16674e+06
6.6256e+06
7.28591e+06
4.84295e+06
3.40237e+06
4.33751e+06
7.03445e+06
8.24712e+06
7.1348e+06
7.03884e+06
8.77803e+06
1.17975e+07
1.15878e+07
8.21228e+06
6.57721e+06
7.48927e+06
8.77367e+06
7.73698e+06
6.58574e+06
7.10455e+06
8.41532e+06
7.49816e+06
5.49731e+06
7.33725e+06
1.2549e+07
1.39835e+07
1.10764e+07
1.14391e+07
1.60131e+07
1.77411e+07
1.45157e+07
1.05616e+07
7.19167e+06
4.66536e+06
4.60819e+06
9.61117e+06
1.50489e+07
1.31997e+07
1.00569e+07
1.36511e+07
1.54516e+07
1.40917e+07
1.03471e+07
1.08559e+07
1.20153e+07
1.33259e+07
1.74325e+07
1.55445e+07
1.15752e+07
1.0462e+07
1.06557e+07
8.80929e+06
5.46384e+06
5.20257e+06
7.08343e+06
8.87564e+06
1.21104e+07
1.42133e+07
1.5043e+07
1.52422e+07
1.01728e+07
7.15134e+06
8.80161e+06
1.02945e+07
9.5664e+06
8.63394e+06
6.41196e+06
5.16053e+06
6.61381e+06
7.77375e+06
4.27144e+06
1.68836e+06
3.30664e+06
6.86491e+06
9.33384e+06
1.0866e+07
1.34836e+07
1.18685e+07
6.20048e+06
1.87444e+06
2.04726e+06
4.22104e+06
3.53336e+06
1.0711e+06
588555
772767
621851
1.75396e+06
2.57964e+06
4.59201e+06
7.16023e+06
7.35289e+06
4.80077e+06
1.72348e+06
1.19831e+06
1.22785e+06
210946
1377
0
0
12
346
9095
109019
695062
2.18799e+06
3.2025e+06
1.81116e+06
284742
12601
305
0
0
0
0
0
0
57
1145
17258
107646
241045
94673
0
0
0
0
0
0
0
0
0
0
0
0
0
0
0
0
0
0
0
0
0
0
0
0
0
0
0
0
0
0
0
0
0
0
0
0
0
0
0
0
0
0
0
0
0
0
0
0
0
0
0
0
0
0
0
0
0
0
0
0
0
0
0
0
0
0
0
0
0
0
0
0
0
0
0
0
0
0
0
0
0
0
0
0
0
0
0
0
0
0
0
0
0
0
0
0
0
0
0
0
0
0
0
0
0
0
0
0
0
0
0
0
0
0
0
0
0
0
0
0
0
0
0
0
0
0
0
0
0
0
0
0
0
0
0
0
0
0
0
0
0
0
0
0
0
0
0
0
0
0
0
0
0
0
0
0
0
0
0
0
0
0
0
0
0
0
0
0
0
0
0
0
0
0
0
0
0
0
0
0
0
0
0
0
0
0
0
0
0
0
0
0
0
0
0
0
0
0
0
0
