690176
0
0
0
0
0
0
0
0
0
0
0
0
0
0
0
0
1437
164401
1.16734e+06
1.70567e+06
865133
208232
26898
2737
10350
82050
333927
674666
628355
275361
63830
96226
690704
2.19261e+06
2.97847e+06
1.75795e+06
503366
214304
734137
1.44094e+06
1.22826e+06
562514
607250
1.70885e+06
2.79958e+06
2.18388e+06
919990
558066
892042
931996
927071
2.4834e+06
5.19592e+06
5.24944e+06
2.63018e+06
996752
779152
848221
1.6242e+06
3.47248e+06
4.21917e+06
2.9984e+06
2.55161e+06
2.96169e+06
2.50182e+06
2.39413e+06
2.99971e+06
2.72211e+06
2.5281e+06
3.21136e+06
3.96846e+06
6.25668e+06
8.52836e+06
6.29587e+06
2.44188e+06
1.00793e+06
2.35998e+06
4.95895e+06
5.4565e+06
3.61215e+06
2.53883e+06
3.23316e+06
5.26153e+06
6.17225e+06
5.32231e+06
5.26061e+06
6.5507e+06
8.82669e+06
8.6693e+06
6.12491e+06
4.91615e+06
5.58757e+06
6.56688e+06
5.77317e+06
4.92806e+06
5.29958e+06
6.29634e+06
5.60764e+06
4.09741e+06
5.47281e+06
9.3932e+06
1.04599e+07
8.26316e+06
8.53042e+06
1.19765e+07
1.32728e+07
1.08404e+07
7.89327e+06
5.37228e+06
3.48447e+06
3.43248e+06
7.16712e+06
1.12815e+07
9.8596e+06
7.49513e+06
1.01932e+07
1.15658e+07
1.0527e+07
7.72935e+06
8.11807e+06
8.97384e+06
9.94334e+06
1.30297e+07
1.16335e+07
8.64247e+06
7.81078e+06
7.97515e+06
6.57769e+06
4.0765e+06
3.88257e+06
5.29e+06
6.62942e+06
9.0598e+06
1.06274e+07
1.1226e+07
1.14095e+07
7.5997e+06
5.3297e+06
6.58322e+06
7.69802e+06
7.13712e+06
6.45682e+06
4.79004e+06
3.85577e+06
4.94114e+06
5.81053e+06
3.1939e+06
1.25483e+06
2.46532e+06
5.13222e+06
6.99117e+06
8.10128e+06
1.00795e+07
8.87773e+06
4.63782e+06
1.39273e+06
1.52329e+06
3.15274e+06
2.65031e+06
798543
438314
577494
461537
1.30556e+06
1.92743e+06
3.4297e+06
5.35953e+06
5.49324e+06
3.59558e+06
1.28234e+06
891029
920249
159477
1099
0
0
12
263
6606
79726
512986
1.62979e+06
2.40299e+06
1.35878e+06
211104
9104
227
0
0
0
0
0
0
37
773
12584
78996
180207
72491
0
0
0
0
0
0
0
0
0
0
0
0
0
0
0
0
0
0
0
0
0
0
0
0
0
0
0
0
0
0
0
0
0
0
0
0
0
0
0
0
0
0
0
0
0
0
0
0
0
0
0
0
0
0
0
0
0
0
0
0
0
0
0
0
0
0
0
0
0
0
0
0
0
0
0
0
0
0
0
0
0
0
0
0
0
0
0
0
0
0
0
0
0
0
0
0
0
0
0
0
0
0
0
0
0
0
0
0
0
0
0
0
0
0
0
0
0
0
0
0
0
0
0
0
0
0
0
0
0
0
0
0
0
0
0
0
0
0
0
0
0
0
0
0
0
0
0
0
0
0
0
0
0
0
0
0
0
0
0
0
0
0
0
0
0
0
0
0
0
0
0
0
0
0
0
0
0
0
0
0
0
0
0
0
0
0
0
0
0
0
0
0
0
0
0
0
0
0
0
0
