1.0199e+06
0
0
0
0
0
0
0
0
0
0
0
0
0
0
0
0
2127
241812
1.72912e+06
2.51577e+06
1.28003e+06
307847
39944
3884
15745
121134
494288
994702
928930
408093
93762
141431
1.01977e+06
3.24766e+06
4.39258e+06
2.60223e+06
743382
315222
1.08656e+06
2.12623e+06
1.81716e+06
832710
898732
2.53197e+06
4.11836e+06
3.23093e+06
1.36411e+06
826679
1.31883e+06
1.37185e+06
1.37159e+06
3.68074e+06
7.67033e+06
7.74614e+06
3.89871e+06
1.47424e+06
1.14709e+06
1.2525e+06
2.40794e+06
5.12978e+06
6.22014e+06
4.44472e+06
3.77525e+06
4.36235e+06
3.70622e+06
3.5427e+06
4.41863e+06
4.0279e+06
3.74457e+06
4.72872e+06
5.87114e+06
9.26138e+06
1.25767e+07
9.31324e+06
3.61723e+06
1.48882e+06
3.49639e+06
7.31857e+06
8.04419e+06
5.35029e+06
3.75238e+06
4.79032e+06
7.76845e+06
9.10704e+06
7.88328e+06
7.7631e+06
9.69758e+06
1.3029e+07
1.27952e+07
9.07089e+06
7.25484e+06
8.2718e+06
9.68962e+06
8.5476e+06
7.26499e+06
7.84718e+06
9.29263e+06
8.28138e+06
6.0677e+06
8.10005e+06
1.38539e+07
1.54451e+07
1.22342e+07
1.26293e+07
1.76789e+07
1.95911e+07
1.60358e+07
1.16619e+07
7.93752e+06
5.14778e+06
5.08425e+06
1.0614e+07
1.66191e+07
1.45832e+07
1.11012e+07
1.50714e+07
1.70623e+07
1.55612e+07
1.14238e+07
1.19875e+07
1.32658e+07
1.4715e+07
1.92514e+07
1.71612e+07
1.27863e+07
1.15544e+07
1.17622e+07
9.72791e+06
6.03279e+06
5.7393e+06
7.82067e+06
9.80242e+06
1.33711e+07
1.56964e+07
1.66172e+07
1.68307e+07
1.12309e+07
7.89348e+06
9.71947e+06
1.13686e+07
1.0563e+07
9.53143e+06
7.08228e+06
5.69603e+06
7.30254e+06
8.59004e+06
4.71553e+06
1.8619e+06
3.64948e+06
7.58058e+06
1.0303e+07
1.20005e+07
1.48899e+07
1.31093e+07
6.84776e+06
2.06557e+06
2.2601e+06
4.66364e+06
3.90129e+06
1.18252e+06
648907
853757
686203
1.93741e+06
2.84763e+06
5.06974e+06
7.90794e+06
8.12239e+06
5.29862e+06
1.90172e+06
1.32434e+06
1.3559e+06
232752
1500
0
0
12
359
9957
119711
767286
2.41676e+06
3.53744e+06
1.99951e+06
313871
13905
330
0
0
0
0
0
0
57
1273
19051
118699
266445
104427
0
0
0
0
0
0
0
0
0
0
0
0
0
0
0
0
0
0
0
0
0
0
0
0
0
0
0
0
0
0
0
0
0
0
0
0
0
0
0
0
0
0
0
0
0
0
0
0
0
0
0
0
0
0
0
0
0
0
0
0
0
0
0
0
0
0
0
0
0
0
0
0
0
0
0
0
0
0
0
0
0
0
0
0
0
0
0
0
0
0
0
0
0
0
0
0
0
0
0
0
0
0
0
0
0
0
0
0
0
0
0
0
0
0
0
0
0
0
0
0
0
0
0
0
0
0
0
0
0
0
0
0
0
0
0
0
0
0
0
0
0
0
0
0
0
0
0
0
0
0
0
0
0
0
0
0
0
0
0
0
0
0
0
0
0
0
0
0
0
0
0
0
0
0
0
0
0
0
0
0
0
0
0
0
0
0
0
0
0
0
0
0
0
0
0
0
0
0
0
0
