692224
0
0
0
0
0
0
0
0
0
0
0
0
0
0
0
0
1443
164913
1.17078e+06
1.71073e+06
867709
208847
26979
2742
10384
82300
334932
676634
630211
276209
64003
96506
692760
2.19916e+06
2.98727e+06
1.76319e+06
504833
214945
736309
1.4452e+06
1.23195e+06
564128
609153
1.71392e+06
2.80778e+06
2.19041e+06
922703
559743
894684
934730
929814
2.49086e+06
5.21139e+06
5.26484e+06
2.63802e+06
999745
781461
850744
1.62903e+06
3.48286e+06
4.23148e+06
3.00744e+06
2.55918e+06
2.97049e+06
2.50918e+06
2.40132e+06
3.00856e+06
2.73019e+06
2.53566e+06
3.22087e+06
3.98018e+06
6.27536e+06
8.55352e+06
6.31456e+06
2.4492e+06
1.01099e+06
2.36692e+06
4.9736e+06
5.47262e+06
3.62292e+06
2.54644e+06
3.2428e+06
5.27708e+06
6.19055e+06
5.33802e+06
5.27626e+06
6.57032e+06
8.8526e+06
8.69507e+06
6.14313e+06
4.93072e+06
5.60415e+06
6.5864e+06
5.79033e+06
4.94264e+06
5.31547e+06
6.31478e+06
5.62433e+06
4.10974e+06
5.48908e+06
9.42087e+06
1.04909e+07
8.28767e+06
8.55585e+06
1.20121e+07
1.33121e+07
1.08725e+07
7.91674e+06
5.38817e+06
3.49488e+06
3.44255e+06
7.18855e+06
1.13149e+07
9.88865e+06
7.51761e+06
1.02233e+07
1.16003e+07
1.05582e+07
7.7524e+06
8.14211e+06
9.00039e+06
9.97297e+06
1.30682e+07
1.16679e+07
8.6683e+06
7.83379e+06
7.99874e+06
6.59739e+06
4.08858e+06
3.89427e+06
5.30561e+06
6.64914e+06
9.0864e+06
1.06589e+07
1.12595e+07
1.14433e+07
7.62236e+06
5.34532e+06
6.60286e+06
7.72096e+06
7.15828e+06
6.47589e+06
4.8043e+06
3.86718e+06
4.9558e+06
5.8278e+06
3.20323e+06
1.25863e+06
2.47269e+06
5.14741e+06
7.01189e+06
8.12549e+06
1.01094e+07
8.90393e+06
4.65159e+06
1.39696e+06
1.52782e+06
3.16212e+06
2.65813e+06
800916
439645
579187
462898
1.30949e+06
1.93303e+06
3.4399e+06
5.37544e+06
5.5095e+06
3.60622e+06
1.28619e+06
893734
922977
159907
1102
0
0
12
263
6629
80003
514498
1.63466e+06
2.41008e+06
1.36274e+06
211775
9127
228
0
0
0
0
0
0
37
777
12623
79236
180761
72678
0
0
0
0
0
0
0
0
0
0
0
0
0
0
0
0
0
0
0
0
0
0
0
0
0
0
0
0
0
0
0
0
0
0
0
0
0
0
0
0
0
0
0
0
0
0
0
0
0
0
0
0
0
0
0
0
0
0
0
0
0
0
0
0
0
0
0
0
0
0
0
0
0
0
0
0
0
0
0
0
0
0
0
0
0
0
0
0
0
0
0
0
0
0
0
0
0
0
0
0
0
0
0
0
0
0
0
0
0
0
0
0
0
0
0
0
0
0
0
0
0
0
0
0
0
0
0
0
0
0
0
0
0
0
0
0
0
0
0
0
0
0
0
0
0
0
0
0
0
0
0
0
0
0
0
0
0
0
0
0
0
0
0
0
0
0
0
0
0
0
0
0
0
0
0
0
0
0
0
0
0
0
0
0
0
0
0
0
0
0
0
0
0
0
0
0
0
0
0
0
