284672
0
0
0
0
0
0
0
0
0
0
0
0
0
0
0
0
649
68159
479412
706549
354902
86175
11335
1160
4230
34032
135624
280268
260463
112974
25813
40719
286590
898522
1.23337e+06
720205
209825
89344
300601
598413
505638
230677
248796
698150
1.1711e+06
896864
377177
228458
367402
385976
383864
1.01873e+06
2.14774e+06
2.16623e+06
1.07822e+06
412084
326250
349338
665225
1.42796e+06
1.75946e+06
1.2251e+06
1.04476e+06
1.23633e+06
1.02747e+06
979485
1.24772e+06
1.11721e+06
1.03641e+06
1.34037e+06
1.62998e+06
2.56302e+06
3.55195e+06
2.5792e+06
1.00195e+06
417920
967052
2.05377e+06
2.265e+06
1.47479e+06
1.04951e+06
1.3254e+06
2.17154e+06
2.56226e+06
2.17604e+06
2.1831e+06
2.68066e+06
3.65941e+06
3.58333e+06
2.5133e+06
2.04121e+06
2.28353e+06
2.72896e+06
2.36238e+06
2.04387e+06
2.18003e+06
2.60517e+06
2.31285e+06
1.68609e+06
2.24677e+06
3.88161e+06
4.33276e+06
3.3915e+06
3.50228e+06
4.94861e+06
5.49793e+06
4.45713e+06
3.25588e+06
2.21536e+06
1.44181e+06
1.40911e+06
2.93742e+06
4.69904e+06
4.04381e+06
3.07582e+06
4.19927e+06
4.79682e+06
4.32968e+06
3.18567e+06
3.36527e+06
3.68703e+06
4.09167e+06
5.37336e+06
4.82747e+06
3.55216e+06
3.20855e+06
3.30666e+06
2.70445e+06
1.67683e+06
1.60758e+06
2.17668e+06
2.73191e+06
3.7564e+06
4.37346e+06
4.61589e+06
4.72644e+06
3.13889e+06
2.1792e+06
2.72192e+06
3.17836e+06
2.93092e+06
2.67843e+06
1.97061e+06
1.58997e+06
2.04032e+06
2.39031e+06
1.32089e+06
515695
1.01403e+06
2.11276e+06
2.91768e+06
3.30722e+06
4.15749e+06
3.66699e+06
1.92126e+06
573135
627040
1.2924e+06
1.10339e+06
326305
180242
239137
192469
534662
792949
1.41195e+06
2.21104e+06
2.26118e+06
1.49798e+06
524149
365291
381108
66703
461
0
0
3
125
2940
33089
211682
666919
993998
562404
86968
3832
88
0
0
0
0
0
0
9
364
5310
32359
73258
31036
0
0
0
0
0
0
0
0
0
0
0
0
0
0
0
0
0
0
0
0
0
0
0
0
0
0
0
0
0
0
0
0
0
0
0
0
0
0
0
0
0
0
0
0
0
0
0
0
0
0
0
0
0
0
0
0
0
0
0
0
0
0
0
0
0
0
0
0
0
0
0
0
0
0
0
0
0
0
0
0
0
0
0
0
0
0
0
0
0
0
0
0
0
0
0
0
0
0
0
0
0
0
0
0
0
0
0
0
0
0
0
0
0
0
0
0
0
0
0
0
0
0
0
0
0
0
0
0
0
0
0
0
0
0
0
0
0
0
0
0
0
0
0
0
0
0
0
0
0
0
0
0
0
0
0
0
0
0
0
0
0
0
0
0
0
0
0
0
0
0
0
0
0
0
0
0
0
0
0
0
0
0
0
0
0
0
0
0
0
0
0
0
0
0
0
0
0
0
0
0
