880640
0
0
0
0
0
0
0
0
0
0
0
0
0
0
0
0
1835
209020
1.49218e+06
2.17371e+06
1.10444e+06
265559
34625
3419
13405
104781
426372
859865
801715
352028
81196
122353
879888
2.80318e+06
3.79616e+06
2.2442e+06
642062
272974
937745
1.83688e+06
1.56809e+06
718387
776205
2.18516e+06
3.56062e+06
2.7868e+06
1.17726e+06
713630
1.13952e+06
1.1859e+06
1.18403e+06
3.17636e+06
6.62505e+06
6.68805e+06
3.36239e+06
1.27437e+06
992428
1.08173e+06
2.07828e+06
4.4296e+06
5.37356e+06
3.83314e+06
3.2598e+06
3.77075e+06
3.19529e+06
3.0596e+06
3.81865e+06
3.47662e+06
3.23188e+06
4.08776e+06
5.06836e+06
7.9917e+06
1.08649e+07
8.03567e+06
3.12247e+06
1.2894e+06
3.01689e+06
6.3219e+06
6.94932e+06
4.61437e+06
3.24364e+06
4.13403e+06
6.70752e+06
7.8656e+06
6.80055e+06
6.70967e+06
8.36787e+06
1.12521e+07
1.10497e+07
7.82795e+06
6.27146e+06
7.13802e+06
8.3678e+06
7.37539e+06
6.27964e+06
6.77323e+06
8.0262e+06
7.14849e+06
5.23806e+06
6.99206e+06
1.19673e+07
1.33405e+07
1.05557e+07
1.09012e+07
1.52701e+07
1.692e+07
1.38388e+07
1.007e+07
6.85567e+06
4.44742e+06
4.38918e+06
9.1625e+06
1.4356e+07
1.25838e+07
9.5838e+06
1.30152e+07
1.47357e+07
1.3436e+07
9.86423e+06
1.03499e+07
1.14554e+07
1.27012e+07
1.66251e+07
1.48228e+07
1.10356e+07
9.97279e+06
1.01633e+07
8.39771e+06
5.20831e+06
4.95857e+06
6.75286e+06
8.46058e+06
1.15496e+07
1.35561e+07
1.43385e+07
1.45349e+07
9.69967e+06
6.81439e+06
8.39208e+06
9.81705e+06
9.11825e+06
8.23388e+06
6.1139e+06
4.91939e+06
6.30532e+06
7.41227e+06
4.07438e+06
1.60799e+06
3.1513e+06
6.5458e+06
8.90112e+06
1.03576e+07
1.28562e+07
1.13189e+07
5.91176e+06
1.78602e+06
1.9495e+06
4.02423e+06
3.37184e+06
1.02064e+06
560959
736798
591694
1.67158e+06
2.46004e+06
4.37774e+06
6.8285e+06
7.01156e+06
4.57755e+06
1.64251e+06
1.14213e+06
1.17071e+06
201476
1307
0
0
12
328
8686
103669
661423
2.0849e+06
3.05516e+06
1.72812e+06
271238
11936
288
0
0
0
0
0
0
57
1083
16410
102478
229823
90469
0
0
0
0
0
0
0
0
0
0
0
0
0
0
0
0
0
0
0
0
0
0
0
0
0
0
0
0
0
0
0
0
0
0
0
0
0
0
0
0
0
0
0
0
0
0
0
0
0
0
0
0
0
0
0
0
0
0
0
0
0
0
0
0
0
0
0
0
0
0
0
0
0
0
0
0
0
0
0
0
0
0
0
0
0
0
0
0
0
0
0
0
0
0
0
0
0
0
0
0
0
0
0
0
0
0
0
0
0
0
0
0
0
0
0
0
0
0
0
0
0
0
0
0
0
0
0
0
0
0
0
0
0
0
0
0
0
0
0
0
0
0
0
0
0
0
0
0
0
0
0
0
0
0
0
0
0
0
0
0
0
0
0
0
0
0
0
0
0
0
0
0
0
0
0
0
0
0
0
0
0
0
0
0
0
0
0
0
0
0
0
0
0
0
0
0
0
0
0
0
