856064
0
0
0
0
0
0
0
0
0
0
0
0
0
0
0
0
1801
203269
1.44994e+06
2.11378e+06
1.07347e+06
258008
33730
3317
12988
101831
414497
836043
779087
342305
78946
119027
855847
2.72342e+06
3.6911e+06
2.1817e+06
624180
265281
911243
1.78628e+06
1.52396e+06
698279
754284
2.12416e+06
3.46207e+06
2.70895e+06
1.144e+06
693586
1.10764e+06
1.15333e+06
1.15078e+06
3.08698e+06
6.44058e+06
6.50176e+06
3.26855e+06
1.23872e+06
965138
1.0512e+06
2.01914e+06
4.30699e+06
5.22414e+06
3.72554e+06
3.16841e+06
3.66669e+06
3.10589e+06
2.97336e+06
3.71242e+06
3.37907e+06
3.14196e+06
3.97492e+06
4.92566e+06
7.76818e+06
1.05638e+07
7.81155e+06
3.03397e+06
1.25242e+06
2.93212e+06
6.14725e+06
6.7567e+06
4.48452e+06
3.15289e+06
4.01808e+06
6.52035e+06
7.64677e+06
6.60956e+06
6.52323e+06
8.13201e+06
1.09412e+07
1.07421e+07
7.6083e+06
6.09649e+06
6.93814e+06
8.13581e+06
7.16777e+06
6.10462e+06
6.58458e+06
7.80327e+06
6.94898e+06
5.08883e+06
6.79625e+06
1.16363e+07
1.29708e+07
1.02588e+07
1.05942e+07
1.48455e+07
1.64508e+07
1.3452e+07
9.78788e+06
6.66432e+06
4.3226e+06
4.26515e+06
8.90843e+06
1.39576e+07
1.22301e+07
9.31461e+06
1.26527e+07
1.43248e+07
1.30611e+07
9.58957e+06
1.0063e+07
1.1135e+07
1.23447e+07
1.61613e+07
1.44112e+07
1.07269e+07
9.69535e+06
9.87952e+06
8.1613e+06
5.06328e+06
4.82037e+06
6.56362e+06
8.22592e+06
1.12264e+07
1.31784e+07
1.39382e+07
1.41317e+07
9.42771e+06
6.62341e+06
8.15836e+06
9.54238e+06
8.86478e+06
8.0049e+06
5.942e+06
4.78208e+06
6.12939e+06
7.20593e+06
3.95944e+06
1.56262e+06
3.06273e+06
6.36419e+06
8.65515e+06
1.00657e+07
1.24994e+07
1.10027e+07
5.74736e+06
1.73532e+06
1.89494e+06
3.91181e+06
3.27772e+06
992481
545054
716473
574915
1.62388e+06
2.39104e+06
4.25525e+06
6.63915e+06
6.81626e+06
4.45134e+06
1.59573e+06
1.10939e+06
1.13839e+06
196010
1276
0
0
12
303
8400
100524
641928
2.02586e+06
2.9717e+06
1.68041e+06
263641
11524
273
0
0
0
0
0
0
54
1038
15901
99488
223444
88107
0
0
0
0
0
0
0
0
0
0
0
0
0
0
0
0
0
0
0
0
0
0
0
0
0
0
0
0
0
0
0
0
0
0
0
0
0
0
0
0
0
0
0
0
0
0
0
0
0
0
0
0
0
0
0
0
0
0
0
0
0
0
0
0
0
0
0
0
0
0
0
0
0
0
0
0
0
0
0
0
0
0
0
0
0
0
0
0
0
0
0
0
0
0
0
0
0
0
0
0
0
0
0
0
0
0
0
0
0
0
0
0
0
0
0
0
0
0
0
0
0
0
0
0
0
0
0
0
0
0
0
0
0
0
0
0
0
0
0
0
0
0
0
0
0
0
0
0
0
0
0
0
0
0
0
0
0
0
0
0
0
0
0
0
0
0
0
0
0
0
0
0
0
0
0
0
0
0
0
0
0
0
0
0
0
0
0
0
0
0
0
0
0
0
0
0
0
0
0
0
