999424
0
0
0
0
0
0
0
0
0
0
0
0
0
0
0
0
2090
237005
1.6943e+06
2.46551e+06
1.25418e+06
301520
39195
3825
15412
118836
484152
974878
910081
399957
91988
138664
999180
3.18235e+06
4.30476e+06
2.54927e+06
728770
309066
1.0647e+06
2.08372e+06
1.78052e+06
815725
881148
2.48112e+06
4.03564e+06
3.16548e+06
1.33702e+06
810131
1.29211e+06
1.34492e+06
1.34408e+06
3.6067e+06
7.51656e+06
7.58976e+06
3.81995e+06
1.44505e+06
1.12456e+06
1.22744e+06
2.36001e+06
5.02639e+06
6.09457e+06
4.35549e+06
3.6993e+06
4.2753e+06
3.63146e+06
3.47193e+06
4.33008e+06
3.94658e+06
3.66947e+06
4.63447e+06
5.75368e+06
9.07489e+06
1.23233e+07
9.12514e+06
3.54508e+06
1.4601e+06
3.42586e+06
7.17181e+06
7.88304e+06
5.24184e+06
3.67782e+06
4.69399e+06
7.61244e+06
8.9244e+06
7.72375e+06
7.60869e+06
9.50208e+06
1.27674e+07
1.25389e+07
8.88753e+06
7.11108e+06
8.10414e+06
9.4953e+06
8.37492e+06
7.12082e+06
7.68858e+06
9.1066e+06
8.1146e+06
5.94608e+06
7.93697e+06
1.35767e+07
1.5136e+07
1.19865e+07
1.23757e+07
1.73244e+07
1.91982e+07
1.57118e+07
1.14284e+07
7.77879e+06
5.04498e+06
4.98308e+06
1.03998e+07
1.62858e+07
1.42884e+07
1.08777e+07
1.47701e+07
1.67208e+07
1.52484e+07
1.11938e+07
1.17481e+07
1.29992e+07
1.4419e+07
1.88647e+07
1.68175e+07
1.2528e+07
1.1322e+07
1.15272e+07
9.53182e+06
5.91179e+06
5.62515e+06
7.66305e+06
9.60547e+06
1.31035e+07
1.53806e+07
1.62821e+07
1.64938e+07
1.10058e+07
7.73458e+06
9.52425e+06
1.11409e+07
1.03506e+07
9.34019e+06
6.9398e+06
5.58205e+06
7.15579e+06
8.41634e+06
4.62067e+06
1.82493e+06
3.57576e+06
7.42911e+06
1.00985e+07
1.17585e+07
1.45907e+07
1.28449e+07
6.71028e+06
2.02457e+06
2.21502e+06
4.56967e+06
3.82269e+06
1.15874e+06
636416
836350
672307
1.89777e+06
2.79008e+06
4.96856e+06
7.7497e+06
7.95809e+06
5.19376e+06
1.86329e+06
1.29746e+06
1.32871e+06
228102
1476
0
0
12
359
9770
117245
751106
2.36829e+06
3.46708e+06
1.95951e+06
307533
13586
328
0
0
0
0
0
0
57
1231
18626
116285
260987
102526
0
0
0
0
0
0
0
0
0
0
0
0
0
0
0
0
0
0
0
0
0
0
0
0
0
0
0
0
0
0
0
0
0
0
0
0
0
0
0
0
0
0
0
0
0
0
0
0
0
0
0
0
0
0
0
0
0
0
0
0
0
0
0
0
0
0
0
0
0
0
0
0
0
0
0
0
0
0
0
0
0
0
0
0
0
0
0
0
0
0
0
0
0
0
0
0
0
0
0
0
0
0
0
0
0
0
0
0
0
0
0
0
0
0
0
0
0
0
0
0
0
0
0
0
0
0
0
0
0
0
0
0
0
0
0
0
0
0
0
0
0
0
0
0
0
0
0
0
0
0
0
0
0
0
0
0
0
0
0
0
0
0
0
0
0
0
0
0
0
0
0
0
0
0
0
0
0
0
0
0
0
0
0
0
0
0
0
0
0
0
0
0
0
0
0
0
0
0
0
0
