651264
0
0
0
0
0
0
0
0
0
0
0
0
0
0
0
0
1341
155193
1.10176e+06
1.60927e+06
816153
196494
25506
2609
9747
77461
315449
636008
593015
259893
60331
91217
652408
2.06832e+06
2.80986e+06
1.65791e+06
475766
203053
692584
1.35947e+06
1.15854e+06
531260
573466
1.61183e+06
2.6424e+06
2.05982e+06
868141
527127
841924
879547
875062
2.3451e+06
4.90082e+06
4.9516e+06
2.48213e+06
941611
736228
800170
1.53331e+06
3.27528e+06
3.98244e+06
2.8281e+06
2.40812e+06
2.79468e+06
2.36078e+06
2.25894e+06
2.83118e+06
2.56898e+06
2.38405e+06
3.0322e+06
3.74628e+06
5.90286e+06
8.04597e+06
5.93782e+06
2.30549e+06
954103
2.22651e+06
4.67949e+06
5.14852e+06
3.40671e+06
2.39779e+06
3.05054e+06
4.96335e+06
5.82613e+06
5.02044e+06
4.96852e+06
6.17791e+06
8.32801e+06
8.18128e+06
5.77858e+06
4.64121e+06
5.27059e+06
6.199e+06
5.44561e+06
4.65166e+06
4.99813e+06
5.94321e+06
5.29181e+06
3.86739e+06
5.16484e+06
8.8634e+06
9.86814e+06
7.79788e+06
8.05167e+06
1.13002e+07
1.25216e+07
1.02282e+07
7.44871e+06
5.07057e+06
3.28862e+06
3.23987e+06
6.76336e+06
1.06483e+07
9.29998e+06
7.07274e+06
9.61918e+06
1.09157e+07
9.92873e+06
7.29571e+06
7.66153e+06
8.46746e+06
9.38345e+06
1.22945e+07
1.09779e+07
8.1538e+06
7.36934e+06
7.52706e+06
6.20679e+06
3.8464e+06
3.6642e+06
4.99076e+06
6.25602e+06
8.55223e+06
1.00263e+07
1.05905e+07
1.07681e+07
7.17044e+06
5.02938e+06
6.21414e+06
7.26317e+06
6.73238e+06
6.09447e+06
4.51967e+06
3.63843e+06
4.66383e+06
5.48034e+06
3.01501e+06
1.18502e+06
2.32559e+06
4.84134e+06
6.60048e+06
7.64115e+06
9.51226e+06
8.37672e+06
4.3766e+06
1.31486e+06
1.4374e+06
2.97462e+06
2.50104e+06
753203
413548
545057
435955
1.23241e+06
1.8192e+06
3.23616e+06
5.05752e+06
5.18186e+06
3.39346e+06
1.21035e+06
840555
868112
150661
1030
0
0
12
263
6320
75566
484483
1.53769e+06
2.26721e+06
1.28184e+06
199123
8653
213
0
0
0
0
0
0
37
745
11913
74476
169887
68574
0
0
0
0
0
0
0
0
0
0
0
0
0
0
0
0
0
0
0
0
0
0
0
0
0
0
0
0
0
0
0
0
0
0
0
0
0
0
0
0
0
0
0
0
0
0
0
0
0
0
0
0
0
0
0
0
0
0
0
0
0
0
0
0
0
0
0
0
0
0
0
0
0
0
0
0
0
0
0
0
0
0
0
0
0
0
0
0
0
0
0
0
0
0
0
0
0
0
0
0
0
0
0
0
0
0
0
0
0
0
0
0
0
0
0
0
0
0
0
0
0
0
0
0
0
0
0
0
0
0
0
0
0
0
0
0
0
0
0
0
0
0
0
0
0
0
0
0
0
0
0
0
0
0
0
0
0
0
0
0
0
0
0
0
0
0
0
0
0
0
0
0
0
0
0
0
0
0
0
0
0
0
0
0
0
0
0
0
0
0
0
0
0
0
0
0
0
0
0
0
