632832
0
0
0
0
0
0
0
0
0
0
0
0
0
0
0
0
1309
150702
1.07035e+06
1.56437e+06
792966
190787
24677
2553
9432
75369
306385
618065
576254
252575
58645
88704
633508
2.00962e+06
2.73126e+06
1.61083e+06
462040
197163
672752
1.3216e+06
1.12554e+06
516351
556707
1.5664e+06
2.56813e+06
2.00128e+06
843557
511811
818432
855045
849685
2.27774e+06
4.76271e+06
4.81312e+06
2.41105e+06
914595
715672
777527
1.4888e+06
3.18335e+06
3.87046e+06
2.748e+06
2.33919e+06
2.71646e+06
2.29317e+06
2.19482e+06
2.75163e+06
2.49648e+06
2.31525e+06
2.94773e+06
3.64011e+06
5.73484e+06
7.81986e+06
5.76914e+06
2.24015e+06
926925
2.16247e+06
4.54811e+06
5.00335e+06
3.30938e+06
2.33055e+06
2.96311e+06
4.82296e+06
5.66261e+06
4.87761e+06
4.82899e+06
6.00072e+06
8.09336e+06
7.95093e+06
5.6147e+06
4.50942e+06
5.12049e+06
6.02504e+06
5.29096e+06
4.52009e+06
4.85557e+06
5.77634e+06
5.14224e+06
3.75724e+06
5.01742e+06
8.61417e+06
9.59024e+06
7.57623e+06
7.82134e+06
1.09811e+07
1.21679e+07
9.93915e+06
7.23877e+06
4.92613e+06
3.19566e+06
3.14777e+06
6.57095e+06
1.03497e+07
9.0353e+06
6.87166e+06
9.34705e+06
1.06073e+07
9.64689e+06
7.08868e+06
7.44729e+06
8.22783e+06
9.11619e+06
1.19454e+07
1.06704e+07
7.92209e+06
7.1595e+06
7.31479e+06
6.03152e+06
3.73642e+06
3.56039e+06
4.85055e+06
6.07804e+06
8.31097e+06
9.74212e+06
1.02894e+07
1.04657e+07
6.96885e+06
4.88404e+06
6.03802e+06
7.05895e+06
6.54118e+06
5.92402e+06
4.39019e+06
3.53513e+06
4.53184e+06
5.32518e+06
2.93013e+06
1.15138e+06
2.25873e+06
4.70438e+06
6.41598e+06
7.42229e+06
9.24211e+06
8.14139e+06
4.25428e+06
1.27684e+06
1.39546e+06
2.89036e+06
2.43196e+06
731140
401918
529454
423759
1.19724e+06
1.76775e+06
3.14411e+06
4.91383e+06
5.03531e+06
3.29913e+06
1.17554e+06
816437
843474
146749
1004
0
0
12
262
6164
73293
470459
1.49397e+06
2.2037e+06
1.24554e+06
193473
8399
213
0
0
0
0
0
0
37
732
11573
72229
165199
66646
0
0
0
0
0
0
0
0
0
0
0
0
0
0
0
0
0
0
0
0
0
0
0
0
0
0
0
0
0
0
0
0
0
0
0
0
0
0
0
0
0
0
0
0
0
0
0
0
0
0
0
0
0
0
0
0
0
0
0
0
0
0
0
0
0
0
0
0
0
0
0
0
0
0
0
0
0
0
0
0
0
0
0
0
0
0
0
0
0
0
0
0
0
0
0
0
0
0
0
0
0
0
0
0
0
0
0
0
0
0
0
0
0
0
0
0
0
0
0
0
0
0
0
0
0
0
0
0
0
0
0
0
0
0
0
0
0
0
0
0
0
0
0
0
0
0
0
0
0
0
0
0
0
0
0
0
0
0
0
0
0
0
0
0
0
0
0
0
0
0
0
0
0
0
0
0
0
0
0
0
0
0
0
0
0
0
0
0
0
0
0
0
0
0
0
0
0
0
0
0
