716800
0
0
0
0
0
0
0
0
0
0
0
0
0
0
0
0
1484
170666
1.21281e+06
1.77096e+06
898805
216194
27861
2846
10771
85265
346639
700633
652772
286138
66094
99664
716886
2.27835e+06
3.09316e+06
1.82655e+06
521876
222403
762317
1.4964e+06
1.27605e+06
584364
630387
1.77553e+06
2.90645e+06
2.26829e+06
955609
579502
927189
967402
962227
2.57977e+06
5.39693e+06
5.45156e+06
2.73214e+06
1.03454e+06
809298
880421
1.6864e+06
3.60765e+06
4.38188e+06
3.11402e+06
2.65008e+06
3.07584e+06
2.59821e+06
2.4871e+06
3.11467e+06
2.82705e+06
2.62593e+06
3.33467e+06
4.12117e+06
6.49797e+06
8.85868e+06
6.53964e+06
2.53562e+06
1.04593e+06
2.45007e+06
5.15166e+06
5.6667e+06
3.7513e+06
2.63673e+06
3.35843e+06
5.46488e+06
6.40961e+06
5.52722e+06
5.46365e+06
6.80324e+06
9.16733e+06
9.00412e+06
6.36058e+06
5.10542e+06
5.80375e+06
6.81989e+06
5.99737e+06
5.11704e+06
5.50477e+06
6.53823e+06
5.82482e+06
4.25469e+06
5.68312e+06
9.75525e+06
1.0865e+07
8.58108e+06
8.85983e+06
1.24393e+07
1.37843e+07
1.12592e+07
8.1976e+06
5.57984e+06
3.61753e+06
3.56329e+06
7.44689e+06
1.17153e+07
1.02401e+07
7.78314e+06
1.05888e+07
1.20107e+07
1.09338e+07
8.02669e+06
8.42957e+06
9.32094e+06
1.03272e+07
1.35345e+07
1.20799e+07
8.97753e+06
8.11245e+06
8.28061e+06
6.8337e+06
4.23156e+06
4.03264e+06
5.49437e+06
6.88524e+06
9.40908e+06
1.10376e+07
1.16598e+07
1.18484e+07
7.89296e+06
5.53541e+06
6.83639e+06
7.99562e+06
7.41267e+06
6.70582e+06
4.97536e+06
4.00288e+06
5.13221e+06
6.03656e+06
3.31638e+06
1.30298e+06
2.56064e+06
5.32994e+06
7.25974e+06
8.41398e+06
1.04689e+07
9.21991e+06
4.81795e+06
1.4461e+06
1.58109e+06
3.27541e+06
2.75291e+06
829008
455458
599448
479259
1.35598e+06
2.00136e+06
3.56231e+06
5.56506e+06
5.70605e+06
3.73449e+06
1.33172e+06
925227
956332
165428
1135
0
0
12
268
6918
82732
532730
1.69301e+06
2.4951e+06
1.41098e+06
219792
9430
231
0
0
0
0
0
0
42
804
13094
82258
187241
74961
0
0
0
0
0
0
0
0
0
0
0
0
0
0
0
0
0
0
0
0
0
0
0
0
0
0
0
0
0
0
0
0
0
0
0
0
0
0
0
0
0
0
0
0
0
0
0
0
0
0
0
0
0
0
0
0
0
0
0
0
0
0
0
0
0
0
0
0
0
0
0
0
0
0
0
0
0
0
0
0
0
0
0
0
0
0
0
0
0
0
0
0
0
0
0
0
0
0
0
0
0
0
0
0
0
0
0
0
0
0
0
0
0
0
0
0
0
0
0
0
0
0
0
0
0
0
0
0
0
0
0
0
0
0
0
0
0
0
0
0
0
0
0
0
0
0
0
0
0
0
0
0
0
0
0
0
0
0
0
0
0
0
0
0
0
0
0
0
0
0
0
0
0
0
0
0
0
0
0
0
0
0
0
0
0
0
0
0
0
0
0
0
0
0
0
0
0
0
0
0
