847872
0
0
0
0
0
0
0
0
0
0
0
0
0
0
0
0
1786
201312
1.43603e+06
2.09372e+06
1.06308e+06
255541
33398
3293
12873
100886
410487
827897
771828
339011
78154
117914
847652
2.69706e+06
3.65605e+06
2.16097e+06
618138
262710
902656
1.76915e+06
1.50918e+06
691739
746993
2.10357e+06
3.42948e+06
2.68279e+06
1.13306e+06
686795
1.09727e+06
1.1422e+06
1.13994e+06
3.05687e+06
6.37924e+06
6.43968e+06
3.23745e+06
1.22666e+06
956029
1.04102e+06
1.99959e+06
4.26576e+06
5.17468e+06
3.68957e+06
3.13777e+06
3.63206e+06
3.07612e+06
2.94494e+06
3.67692e+06
3.34648e+06
3.11159e+06
3.93747e+06
4.87832e+06
7.69355e+06
1.04634e+07
7.73628e+06
3.00496e+06
1.24032e+06
2.90375e+06
6.0894e+06
6.6917e+06
4.44158e+06
3.12274e+06
3.97946e+06
6.45813e+06
7.57374e+06
6.54588e+06
6.46097e+06
8.05384e+06
1.08375e+07
1.0639e+07
7.53545e+06
6.03839e+06
6.87125e+06
8.05761e+06
7.09912e+06
6.04673e+06
6.5216e+06
7.72865e+06
6.88274e+06
5.03933e+06
6.73141e+06
1.15256e+07
1.28466e+07
1.01604e+07
1.04923e+07
1.47028e+07
1.6295e+07
1.3323e+07
9.69405e+06
6.60062e+06
4.28101e+06
4.2243e+06
8.82283e+06
1.38247e+07
1.21129e+07
9.22488e+06
1.25312e+07
1.41881e+07
1.29366e+07
9.49774e+06
9.96697e+06
1.10283e+07
1.22253e+07
1.60069e+07
1.42748e+07
1.06233e+07
9.60272e+06
9.78515e+06
8.08297e+06
5.01461e+06
4.77448e+06
6.50061e+06
8.1477e+06
1.11187e+07
1.30514e+07
1.38056e+07
1.39968e+07
9.33798e+06
6.5591e+06
8.08064e+06
9.4509e+06
8.77987e+06
7.92857e+06
5.88512e+06
4.73602e+06
6.0709e+06
7.13718e+06
3.92137e+06
1.54728e+06
3.03335e+06
6.30323e+06
8.57354e+06
9.96871e+06
1.23792e+07
1.08979e+07
5.69295e+06
1.71822e+06
1.87665e+06
3.87433e+06
3.24664e+06
983013
539783
709595
569247
1.60794e+06
2.36805e+06
4.2146e+06
6.5756e+06
6.7514e+06
4.40933e+06
1.58012e+06
1.09852e+06
1.12762e+06
194241
1264
0
0
12
301
8287
99464
635355
2.00619e+06
2.94385e+06
1.66467e+06
261028
11412
273
0
0
0
0
0
0
54
1023
15730
98469
221294
87366
0
0
0
0
0
0
0
0
0
0
0
0
0
0
0
0
0
0
0
0
0
0
0
0
0
0
0
0
0
0
0
0
0
0
0
0
0
0
0
0
0
0
0
0
0
0
0
0
0
0
0
0
0
0
0
0
0
0
0
0
0
0
0
0
0
0
0
0
0
0
0
0
0
0
0
0
0
0
0
0
0
0
0
0
0
0
0
0
0
0
0
0
0
0
0
0
0
0
0
0
0
0
0
0
0
0
0
0
0
0
0
0
0
0
0
0
0
0
0
0
0
0
0
0
0
0
0
0
0
0
0
0
0
0
0
0
0
0
0
0
0
0
0
0
0
0
0
0
0
0
0
0
0
0
0
0
0
0
0
0
0
0
0
0
0
0
0
0
0
0
0
0
0
0
0
0
0
0
0
0
0
0
0
0
0
0
0
0
0
0
0
0
0
0
0
0
0
0
0
0
