798720
0
0
0
0
0
0
0
0
0
0
0
0
0
0
0
0
1659
189904
1.35264e+06
1.97182e+06
1.00185e+06
241004
31207
3133
12155
95196
386353
779964
727003
319553
73654
111226
798922
2.53995e+06
3.44372e+06
2.03627e+06
582233
247878
850261
1.66596e+06
1.42163e+06
651906
704544
1.98084e+06
3.23049e+06
2.52729e+06
1.06773e+06
646696
1.03382e+06
1.07585e+06
1.07487e+06
2.87905e+06
6.00793e+06
6.06761e+06
3.04968e+06
1.15585e+06
900423
980995
1.88412e+06
4.01751e+06
4.87468e+06
3.47483e+06
2.95632e+06
3.42173e+06
2.89735e+06
2.77406e+06
3.46566e+06
3.15189e+06
2.93078e+06
3.71034e+06
4.59581e+06
7.24647e+06
9.85678e+06
7.28583e+06
2.8316e+06
1.16992e+06
2.73496e+06
5.73537e+06
6.30474e+06
4.18327e+06
2.94258e+06
3.74728e+06
6.0848e+06
7.13597e+06
6.16459e+06
6.08852e+06
7.58673e+06
1.02083e+07
1.00233e+07
7.09633e+06
5.68851e+06
6.47212e+06
7.59287e+06
6.6863e+06
5.69871e+06
6.14098e+06
7.28081e+06
6.48377e+06
4.74734e+06
6.3418e+06
1.08583e+07
1.21007e+07
9.57125e+06
9.8837e+06
1.38515e+07
1.53484e+07
1.25502e+07
9.13355e+06
6.21983e+06
4.03166e+06
3.97835e+06
8.30787e+06
1.30295e+07
1.14122e+07
8.68709e+06
1.18015e+07
1.33706e+07
1.21845e+07
8.9453e+06
9.39378e+06
1.03887e+07
1.1515e+07
1.5077e+07
1.34484e+07
1.00076e+07
9.04496e+06
9.21982e+06
7.61502e+06
4.72312e+06
4.49653e+06
6.12313e+06
7.67353e+06
1.04767e+07
1.22968e+07
1.30009e+07
1.3189e+07
8.79653e+06
6.17509e+06
7.61514e+06
8.90664e+06
8.26605e+06
7.4692e+06
5.54413e+06
4.46072e+06
5.71997e+06
6.72378e+06
3.69444e+06
1.45707e+06
2.85564e+06
5.93708e+06
8.08065e+06
9.38709e+06
1.16625e+07
1.02668e+07
5.36526e+06
1.61673e+06
1.76587e+06
3.64952e+06
3.06125e+06
925954
508252
668255
535606
1.51411e+06
2.22993e+06
3.97044e+06
6.1977e+06
6.35711e+06
4.15626e+06
1.48744e+06
1.03357e+06
1.06318e+06
183643
1230
0
0
12
296
7903
93514
597180
1.88854e+06
2.77459e+06
1.56985e+06
245617
10708
266
0
0
0
0
0
0
54
960
14821
92617
208158
82750
0
0
0
0
0
0
0
0
0
0
0
0
0
0
0
0
0
0
0
0
0
0
0
0
0
0
0
0
0
0
0
0
0
0
0
0
0
0
0
0
0
0
0
0
0
0
0
0
0
0
0
0
0
0
0
0
0
0
0
0
0
0
0
0
0
0
0
0
0
0
0
0
0
0
0
0
0
0
0
0
0
0
0
0
0
0
0
0
0
0
0
0
0
0
0
0
0
0
0
0
0
0
0
0
0
0
0
0
0
0
0
0
0
0
0
0
0
0
0
0
0
0
0
0
0
0
0
0
0
0
0
0
0
0
0
0
0
0
0
0
0
0
0
0
0
0
0
0
0
0
0
0
0
0
0
0
0
0
0
0
0
0
0
0
0
0
0
0
0
0
0
0
0
0
0
0
0
0
0
0
0
0
0
0
0
0
0
0
0
0
0
0
0
0
0
0
0
0
0
0
