722944
0
0
0
0
0
0
0
0
0
0
0
0
0
0
0
0
1499
172051
1.22336e+06
1.78596e+06
906689
218017
28067
2867
10871
86046
349512
706679
658335
288634
66661
100475
723072
2.29772e+06
3.11982e+06
1.84244e+06
526164
224250
768897
1.50913e+06
1.28705e+06
589517
635556
1.791e+06
2.9311e+06
2.2878e+06
963832
584496
935228
975423
970523
2.60195e+06
5.44318e+06
5.49837e+06
2.75567e+06
1.04345e+06
816090
887849
1.70078e+06
3.63878e+06
4.41958e+06
3.14056e+06
2.67266e+06
3.10221e+06
2.62067e+06
2.50842e+06
3.14106e+06
2.85139e+06
2.64871e+06
3.36285e+06
4.1564e+06
6.55405e+06
8.93469e+06
6.5957e+06
2.55728e+06
1.05497e+06
2.47104e+06
5.19566e+06
5.71504e+06
3.78357e+06
2.65947e+06
3.3874e+06
5.51152e+06
6.46454e+06
5.57451e+06
5.51043e+06
6.8617e+06
9.24611e+06
9.08109e+06
6.41512e+06
5.1486e+06
5.85382e+06
6.87858e+06
6.04922e+06
5.16043e+06
5.55224e+06
6.59386e+06
5.87516e+06
4.2908e+06
5.73173e+06
9.8392e+06
1.09576e+07
8.65496e+06
8.93602e+06
1.25455e+07
1.39029e+07
1.13553e+07
8.26785e+06
5.62813e+06
3.64811e+06
3.59367e+06
7.51112e+06
1.18158e+07
1.03281e+07
7.84938e+06
1.06807e+07
1.21122e+07
1.1028e+07
8.09519e+06
8.50196e+06
9.40087e+06
1.04156e+07
1.36513e+07
1.21826e+07
9.05475e+06
8.18204e+06
8.35164e+06
6.89217e+06
4.26792e+06
4.06721e+06
5.54135e+06
6.94386e+06
9.48999e+06
1.11328e+07
1.17601e+07
1.19493e+07
7.96039e+06
5.5828e+06
6.89514e+06
8.0642e+06
7.47596e+06
6.76352e+06
5.01824e+06
4.03683e+06
5.17609e+06
6.0888e+06
3.34481e+06
1.31401e+06
2.58251e+06
5.3756e+06
7.32177e+06
8.48609e+06
1.0559e+07
9.29897e+06
4.85894e+06
1.45863e+06
1.59434e+06
3.30395e+06
2.77638e+06
836067
459289
604639
483264
1.36776e+06
2.01851e+06
3.59284e+06
5.61284e+06
5.75494e+06
3.76627e+06
1.34331e+06
933139
964522
166886
1139
0
0
12
268
6979
83438
537298
1.70759e+06
2.51637e+06
1.42311e+06
221696
9510
231
0
0
0
0
0
0
42
810
13233
82997
188812
75578
0
0
0
0
0
0
0
0
0
0
0
0
0
0
0
0
0
0
0
0
0
0
0
0
0
0
0
0
0
0
0
0
0
0
0
0
0
0
0
0
0
0
0
0
0
0
0
0
0
0
0
0
0
0
0
0
0
0
0
0
0
0
0
0
0
0
0
0
0
0
0
0
0
0
0
0
0
0
0
0
0
0
0
0
0
0
0
0
0
0
0
0
0
0
0
0
0
0
0
0
0
0
0
0
0
0
0
0
0
0
0
0
0
0
0
0
0
0
0
0
0
0
0
0
0
0
0
0
0
0
0
0
0
0
0
0
0
0
0
0
0
0
0
0
0
0
0
0
0
0
0
0
0
0
0
0
0
0
0
0
0
0
0
0
0
0
0
0
0
0
0
0
0
0
0
0
0
0
0
0
0
0
0
0
0
0
0
0
0
0
0
0
0
0
0
0
0
0
0
0
