862208
0
0
0
0
0
0
0
0
0
0
0
0
0
0
0
0
1806
204676
1.46056e+06
2.12878e+06
1.08119e+06
259870
33965
3336
13084
102549
417501
842036
784686
344773
79489
119851
861889
2.7432e+06
3.71751e+06
2.19738e+06
628634
267121
917860
1.79905e+06
1.53493e+06
703241
759737
2.13952e+06
3.48662e+06
2.72862e+06
1.15222e+06
698533
1.1156e+06
1.16148e+06
1.15905e+06
3.10925e+06
6.48677e+06
6.54867e+06
3.29175e+06
1.24765e+06
971899
1.05881e+06
2.03402e+06
4.3376e+06
5.26145e+06
3.75247e+06
3.19125e+06
3.69292e+06
3.12798e+06
2.99487e+06
3.73898e+06
3.4037e+06
3.16452e+06
4.00289e+06
4.96111e+06
7.82422e+06
1.06395e+07
7.86783e+06
3.05563e+06
1.26152e+06
2.95313e+06
6.19112e+06
6.80522e+06
4.51677e+06
3.17538e+06
4.04688e+06
6.56748e+06
7.70153e+06
6.65721e+06
6.56971e+06
8.19112e+06
1.10189e+07
1.08194e+07
7.66315e+06
6.13976e+06
6.98831e+06
8.19408e+06
7.21977e+06
6.14787e+06
6.63185e+06
7.85926e+06
6.99874e+06
5.126e+06
6.84478e+06
1.17195e+07
1.30636e+07
1.03326e+07
1.06707e+07
1.49522e+07
1.65679e+07
1.35487e+07
9.8584e+06
6.71191e+06
4.35386e+06
4.2958e+06
8.97224e+06
1.40573e+07
1.23187e+07
9.38132e+06
1.27437e+07
1.44275e+07
1.31548e+07
9.65839e+06
1.01345e+07
1.12153e+07
1.24336e+07
1.62776e+07
1.45138e+07
1.08043e+07
9.76455e+06
9.95041e+06
8.2205e+06
5.09936e+06
4.85508e+06
6.61047e+06
8.2848e+06
1.13071e+07
1.32733e+07
1.40381e+07
1.42328e+07
9.49533e+06
6.6713e+06
8.21655e+06
9.61123e+06
8.92806e+06
8.06232e+06
5.98504e+06
4.81608e+06
6.17335e+06
7.25754e+06
3.98832e+06
1.57388e+06
3.08478e+06
6.40971e+06
8.71649e+06
1.01383e+07
1.25892e+07
1.1082e+07
5.78823e+06
1.74792e+06
1.90855e+06
3.94006e+06
3.30115e+06
999511
548992
721595
579143
1.63579e+06
2.40822e+06
4.28584e+06
6.68676e+06
6.865e+06
4.48287e+06
1.60742e+06
1.11754e+06
1.1465e+06
197361
1283
0
0
12
312
8482
101279
646848
2.04048e+06
2.9928e+06
1.69226e+06
265504
11632
275
0
0
0
0
0
0
56
1047
16031
100223
225042
88705
0
0
0
0
0
0
0
0
0
0
0
0
0
0
0
0
0
0
0
0
0
0
0
0
0
0
0
0
0
0
0
0
0
0
0
0
0
0
0
0
0
0
0
0
0
0
0
0
0
0
0
0
0
0
0
0
0
0
0
0
0
0
0
0
0
0
0
0
0
0
0
0
0
0
0
0
0
0
0
0
0
0
0
0
0
0
0
0
0
0
0
0
0
0
0
0
0
0
0
0
0
0
0
0
0
0
0
0
0
0
0
0
0
0
0
0
0
0
0
0
0
0
0
0
0
0
0
0
0
0
0
0
0
0
0
0
0
0
0
0
0
0
0
0
0
0
0
0
0
0
0
0
0
0
0
0
0
0
0
0
0
0
0
0
0
0
0
0
0
0
0
0
0
0
0
0
0
0
0
0
0
0
0
0
0
0
0
0
0
0
0
0
0
0
0
0
0
0
0
0
