919552
0
0
0
0
0
0
0
0
0
0
0
0
0
0
0
0
1933
218119
1.5589e+06
2.26864e+06
1.15332e+06
277587
36230
3565
14134
109618
445431
896971
836862
368072
84840
128053
919610
2.9274e+06
3.96095e+06
2.34397e+06
670918
285510
979572
1.91773e+06
1.63706e+06
750450
812153
2.28168e+06
3.71374e+06
2.91079e+06
1.23081e+06
745768
1.18894e+06
1.23825e+06
1.2375e+06
3.31931e+06
6.91448e+06
6.98017e+06
3.51316e+06
1.33195e+06
1.03615e+06
1.12999e+06
2.172e+06
4.62468e+06
5.60631e+06
4.00555e+06
3.40416e+06
3.93528e+06
3.33847e+06
3.1954e+06
3.98585e+06
3.63034e+06
3.37625e+06
4.26725e+06
5.29445e+06
8.34672e+06
1.13366e+07
8.39106e+06
3.26427e+06
1.34863e+06
3.15266e+06
6.59615e+06
7.25336e+06
4.82136e+06
3.38787e+06
4.31845e+06
7.00266e+06
8.21026e+06
7.10351e+06
7.00788e+06
8.73898e+06
1.17451e+07
1.15358e+07
8.17596e+06
6.54834e+06
7.45611e+06
8.73468e+06
7.70263e+06
6.55686e+06
7.0728e+06
8.37806e+06
7.46486e+06
5.47315e+06
7.30514e+06
1.2493e+07
1.3921e+07
1.10274e+07
1.13887e+07
1.59419e+07
1.76622e+07
1.4451e+07
1.0515e+07
7.15982e+06
4.64515e+06
4.58781e+06
9.5685e+06
1.49822e+07
1.31407e+07
1.0013e+07
1.35905e+07
1.53824e+07
1.40294e+07
1.03015e+07
1.08075e+07
1.19622e+07
1.32666e+07
1.73553e+07
1.54757e+07
1.15237e+07
1.04153e+07
1.06087e+07
8.77016e+06
5.43983e+06
5.1796e+06
7.05224e+06
8.83621e+06
1.20566e+07
1.41505e+07
1.49758e+07
1.51741e+07
1.01283e+07
7.11966e+06
8.76276e+06
1.02484e+07
9.52399e+06
8.59572e+06
6.38368e+06
5.13783e+06
6.58445e+06
7.73866e+06
4.25285e+06
1.68112e+06
3.29218e+06
6.83413e+06
9.29237e+06
1.0818e+07
1.34238e+07
1.18155e+07
6.17285e+06
1.86662e+06
2.03824e+06
4.20211e+06
3.51764e+06
1.06635e+06
586073
769310
619198
1.74624e+06
2.56836e+06
4.57155e+06
7.12845e+06
7.31984e+06
4.77945e+06
1.71614e+06
1.19311e+06
1.22218e+06
210060
1371
0
0
12
344
9070
108554
692177
2.17828e+06
3.18808e+06
1.80303e+06
283550
12562
305
0
0
0
0
0
0
57
1143
17206
107164
239975
94231
0
0
0
0
0
0
0
0
0
0
0
0
0
0
0
0
0
0
0
0
0
0
0
0
0
0
0
0
0
0
0
0
0
0
0
0
0
0
0
0
0
0
0
0
0
0
0
0
0
0
0
0
0
0
0
0
0
0
0
0
0
0
0
0
0
0
0
0
0
0
0
0
0
0
0
0
0
0
0
0
0
0
0
0
0
0
0
0
0
0
0
0
0
0
0
0
0
0
0
0
0
0
0
0
0
0
0
0
0
0
0
0
0
0
0
0
0
0
0
0
0
0
0
0
0
0
0
0
0
0
0
0
0
0
0
0
0
0
0
0
0
0
0
0
0
0
0
0
0
0
0
0
0
0
0
0
0
0
0
0
0
0
0
0
0
0
0
0
0
0
0
0
0
0
0
0
0
0
0
0
0
0
0
0
0
0
0
0
0
0
0
0
0
0
0
0
0
0
0
0
