139264
0
0
0
0
0
0
0
0
0
0
0
0
0
0
0
0
373
33816
232542
348221
172410
41830
5853
705
2222
16680
64882
138667
127869
54445
12900
20515
139640
434219
612950
346694
103299
44675
146063
294471
247095
111277
121751
338211
582703
433661
183261
111826
180249
189915
188607
493067
1.05484e+06
1.06211e+06
520848
202929
163479
170459
323242
693361
873437
591917
506520
616338
497062
474745
618384
542825
502160
667165
793274
1.23568e+06
1.767e+06
1.2472e+06
488314
208951
468848
1.0045e+06
1.11454e+06
713170
521362
642934
1.05918e+06
1.26566e+06
1.05136e+06
1.08167e+06
1.29761e+06
1.79708e+06
1.75609e+06
1.22056e+06
1.00472e+06
1.10474e+06
1.35752e+06
1.1431e+06
1.00666e+06
1.05487e+06
1.28289e+06
1.13193e+06
822966
1.09522e+06
1.89982e+06
2.12904e+06
1.65135e+06
1.71468e+06
2.41738e+06
2.69338e+06
2.17145e+06
1.59959e+06
1.0835e+06
709792
691160
1.41866e+06
2.33042e+06
1.96336e+06
1.49985e+06
2.04166e+06
2.37177e+06
2.10305e+06
1.55769e+06
1.66178e+06
1.79676e+06
2.00115e+06
2.61281e+06
2.38034e+06
1.73271e+06
1.56111e+06
1.6336e+06
1.31542e+06
818473
791125
1.05904e+06
1.33147e+06
1.85607e+06
2.13542e+06
2.24441e+06
2.32212e+06
1.53468e+06
1.05831e+06
1.34291e+06
1.55214e+06
1.42363e+06
1.32029e+06
957740
781978
999133
1.1635e+06
649332
253412
497371
1.02459e+06
1.45148e+06
1.59614e+06
2.03303e+06
1.79758e+06
943189
280739
306656
624786
546756
159392
87698
117370
95758
258444
389458
689890
1.08076e+06
1.09962e+06
743793
253459
178520
185807
33697
245
0
0
3
66
1479
16680
103239
323267
487605
276818
42272
1906
41
0
0
0
0
0
0
7
233
2534
15911
35140
15807
0
0
0
0
0
0
0
0
0
0
0
0
0
0
0
0
0
0
0
0
0
0
0
0
0
0
0
0
0
0
0
0
0
0
0
0
0
0
0
0
0
0
0
0
0
0
0
0
0
0
0
0
0
0
0
0
0
0
0
0
0
0
0
0
0
0
0
0
0
0
0
0
0
0
0
0
0
0
0
0
0
0
0
0
0
0
0
0
0
0
0
0
0
0
0
0
0
0
0
0
0
0
0
0
0
0
0
0
0
0
0
0
0
0
0
0
0
0
0
0
0
0
0
0
0
0
0
0
0
0
0
0
0
0
0
0
0
0
0
0
0
0
0
0
0
0
0
0
0
0
0
0
0
0
0
0
0
0
0
0
0
0
0
0
0
0
0
0
0
0
0
0
0
0
0
0
0
0
0
0
0
0
0
0
0
0
0
0
0
0
0
0
0
0
0
0
0
0
0
0
