98304
0
0
0
0
0
0
0
0
0
0
0
0
0
0
0
0
269
24099
163127
247758
120079
29584
4435
598
1661
11859
45127
98645
90017
38217
9338
14938
98382
304473
436084
241827
73542
32466
102356
209440
172986
78836
86410
236037
415774
303987
128959
78669
127781
135091
133383
345802
745571
751070
364141
143906
117596
120568
226711
487073
622715
413847
355009
442042
348129
331482
441678
380933
351510
477299
557692
862244
1.26339e+06
872204
343777
150168
327592
709695
791166
499031
371835
451016
746237
899016
733775
773056
906521
1.27216e+06
1.24339e+06
854802
717202
771923
968032
798331
713632
740174
911491
800812
579572
767739
1.3424e+06
1.50971e+06
1.15993e+06
1.20617e+06
1.70841e+06
1.90789e+06
1.52606e+06
1.13064e+06
765392
506039
486283
988571
1.6653e+06
1.37726e+06
1.05431e+06
1.43397e+06
1.68854e+06
1.47976e+06
1.098e+06
1.17813e+06
1.26099e+06
1.40968e+06
1.84214e+06
1.69432e+06
1.21838e+06
1.09606e+06
1.16091e+06
923933
577026
561600
745411
939723
1.31936e+06
1.5024e+06
1.57704e+06
1.64391e+06
1.08466e+06
743642
952915
1.09321e+06
999246
937887
675085
552043
707220
817381
459813
181763
351004
718895
1.03622e+06
1.11542e+06
1.4328e+06
1.2694e+06
668457
200499
216800
436148
389700
112524
62147
82786
68959
180592
276277
486913
762211
771113
529949
178578
125905
130940
24318
160
0
0
3
63
1154
12235
73392
225518
345280
195743
29879
1440
29
0
0
0
0
0
0
7
202
1857
11157
24306
11623
0
0
0
0
0
0
0
0
0
0
0
0
0
0
0
0
0
0
0
0
0
0
0
0
0
0
0
0
0
0
0
0
0
0
0
0
0
0
0
0
0
0
0
0
0
0
0
0
0
0
0
0
0
0
0
0
0
0
0
0
0
0
0
0
0
0
0
0
0
0
0
0
0
0
0
0
0
0
0
0
0
0
0
0
0
0
0
0
0
0
0
0
0
0
0
0
0
0
0
0
0
0
0
0
0
0
0
0
0
0
0
0
0
0
0
0
0
0
0
0
0
0
0
0
0
0
0
0
0
0
0
0
0
0
0
0
0
0
0
0
0
0
0
0
0
0
0
0
0
0
0
0
0
0
0
0
0
0
0
0
0
0
0
0
0
0
0
0
0
0
0
0
0
0
0
0
0
0
0
0
0
0
0
0
0
0
0
0
0
0
0
0
0
0
0
0
0
0
0
0
