374784
0
0
0
0
0
0
0
0
0
0
0
0
0
0
0
0
790
89589
631958
929125
467875
113592
14670
1555
5568
45171
180194
366457
341960
149558
34465
53553
377378
1.18539e+06
1.61882e+06
951196
275745
117725
396986
786270
664951
305151
330155
922709
1.52948e+06
1.1822e+06
499686
302037
484184
506932
505778
1.34594e+06
2.82367e+06
2.84747e+06
1.42404e+06
544120
425972
461399
880637
1.88055e+06
2.30313e+06
1.62118e+06
1.38052e+06
1.61619e+06
1.3561e+06
1.295e+06
1.63644e+06
1.47523e+06
1.3681e+06
1.75505e+06
2.15628e+06
3.38288e+06
4.64802e+06
3.40258e+06
1.32621e+06
554283
1.27833e+06
2.69703e+06
2.96776e+06
1.95197e+06
1.38287e+06
1.75235e+06
2.85474e+06
3.36223e+06
2.87868e+06
2.87019e+06
3.5406e+06
4.80356e+06
4.70961e+06
3.31763e+06
2.68229e+06
3.01808e+06
3.58194e+06
3.11975e+06
2.68628e+06
2.87331e+06
3.42196e+06
3.04276e+06
2.22728e+06
2.96875e+06
5.10274e+06
5.68932e+06
4.4792e+06
4.62254e+06
6.50733e+06
7.21858e+06
5.87614e+06
4.28739e+06
2.91837e+06
1.89605e+06
1.865e+06
3.88157e+06
6.15028e+06
5.3351e+06
4.06752e+06
5.52841e+06
6.29442e+06
5.70911e+06
4.19777e+06
4.42307e+06
4.86646e+06
5.39366e+06
7.0681e+06
6.33606e+06
4.6844e+06
4.23398e+06
4.34004e+06
3.56424e+06
2.21576e+06
2.11514e+06
2.86864e+06
3.59878e+06
4.92774e+06
5.76389e+06
6.08604e+06
6.21092e+06
4.13176e+06
2.88219e+06
3.57896e+06
4.18e+06
3.86849e+06
3.51717e+06
2.59525e+06
2.09588e+06
2.687e+06
3.14544e+06
1.73572e+06
682023
1.33528e+06
2.78236e+06
3.82814e+06
4.37874e+06
5.46869e+06
4.81972e+06
2.5253e+06
756890
828189
1.7036e+06
1.4459e+06
431715
237972
314040
253512
705662
1.04356e+06
1.85948e+06
2.91328e+06
2.97932e+06
1.96443e+06
692548
481529
499471
87679
582
0
0
3
139
3842
43275
277786
880291
1.30894e+06
739448
114310
4919
106
0
0
0
0
0
0
15
463
6730
42324
97142
40718
0
0
0
0
0
0
0
0
0
0
0
0
0
0
0
0
0
0
0
0
0
0
0
0
0
0
0
0
0
0
0
0
0
0
0
0
0
0
0
0
0
0
0
0
0
0
0
0
0
0
0
0
0
0
0
0
0
0
0
0
0
0
0
0
0
0
0
0
0
0
0
0
0
0
0
0
0
0
0
0
0
0
0
0
0
0
0
0
0
0
0
0
0
0
0
0
0
0
0
0
0
0
0
0
0
0
0
0
0
0
0
0
0
0
0
0
0
0
0
0
0
0
0
0
0
0
0
0
0
0
0
0
0
0
0
0
0
0
0
0
0
0
0
0
0
0
0
0
0
0
0
0
0
0
0
0
0
0
0
0
0
0
0
0
0
0
0
0
0
0
0
0
0
0
0
0
0
0
0
0
0
0
0
0
0
0
0
0
0
0
0
0
0
0
0
0
0
0
0
0
