114688
0
0
0
0
0
0
0
0
0
0
0
0
0
0
0
0
294
27879
190912
288156
141156
34224
5014
629
1887
13717
52850
115020
105326
44486
10712
16891
114643
356775
507355
283867
85021
37114
119827
243779
202609
91534
100043
276709
484294
355550
150266
91600
148999
157042
154965
403723
870914
876294
426368
166931
135786
140351
264865
570121
724014
484047
415997
512055
407548
388245
512913
445731
410865
553383
651499
1.01137e+06
1.46694e+06
1.02353e+06
399859
172191
383321
828988
922451
583860
430507
527085
872320
1.04641e+06
860154
896614
1.06146e+06
1.48354e+06
1.44949e+06
1.00008e+06
832251
905042
1.12458e+06
935815
829859
866111
1.06133e+06
933386
676174
897003
1.56704e+06
1.7575e+06
1.35644e+06
1.4082e+06
1.99315e+06
2.22338e+06
1.78413e+06
1.3182e+06
892653
586747
565944
1.16103e+06
1.93407e+06
1.6121e+06
1.23074e+06
1.67667e+06
1.96315e+06
1.72897e+06
1.28077e+06
1.37268e+06
1.47384e+06
1.64448e+06
2.15225e+06
1.97073e+06
1.42381e+06
1.28174e+06
1.34944e+06
1.08137e+06
672374
652600
871029
1.09639e+06
1.53452e+06
1.75616e+06
1.84282e+06
1.91707e+06
1.26476e+06
868566
1.1091e+06
1.27684e+06
1.16862e+06
1.0907e+06
788436
643414
824116
957224
535481
209528
409033
841972
1.20159e+06
1.30646e+06
1.67391e+06
1.48232e+06
778224
231800
252174
512543
452531
131290
72135
96633
79369
211648
321825
567642
889879
903021
615221
208708
146859
152965
28187
194
0
0
3
64
1288
13954
85114
264523
402435
228283
34874
1624
30
0
0
0
0
0
0
7
220
2157
13079
28562
13319
0
0
0
0
0
0
0
0
0
0
0
0
0
0
0
0
0
0
0
0
0
0
0
0
0
0
0
0
0
0
0
0
0
0
0
0
0
0
0
0
0
0
0
0
0
0
0
0
0
0
0
0
0
0
0
0
0
0
0
0
0
0
0
0
0
0
0
0
0
0
0
0
0
0
0
0
0
0
0
0
0
0
0
0
0
0
0
0
0
0
0
0
0
0
0
0
0
0
0
0
0
0
0
0
0
0
0
0
0
0
0
0
0
0
0
0
0
0
0
0
0
0
0
0
0
0
0
0
0
0
0
0
0
0
0
0
0
0
0
0
0
0
0
0
0
0
0
0
0
0
0
0
0
0
0
0
0
0
0
0
0
0
0
0
0
0
0
0
0
0
0
0
0
0
0
0
0
0
0
0
0
0
0
0
0
0
0
0
0
0
0
0
0
0
0
0
0
0
0
0
