299008
0
0
0
0
0
0
0
0
0
0
0
0
0
0
0
0
678
71477
503794
741995
372761
90536
11907
1238
4438
35840
142521
294063
273616
118750
27124
42841
300967
944087
1.29474e+06
756908
220331
93984
315662
628427
531128
242275
261307
733894
1.22929e+06
942036
396530
240076
385771
405418
403041
1.07017e+06
2.25622e+06
2.27479e+06
1.13251e+06
433068
342526
367086
698377
1.50067e+06
1.84706e+06
1.28731e+06
1.09784e+06
1.29813e+06
1.07972e+06
1.0288e+06
1.30956e+06
1.1739e+06
1.08898e+06
1.40644e+06
1.71269e+06
2.69402e+06
3.72883e+06
2.70997e+06
1.0519e+06
438601
1.01658e+06
2.15755e+06
2.37785e+06
1.54998e+06
1.10214e+06
1.3929e+06
2.2805e+06
2.69025e+06
2.28655e+06
2.29189e+06
2.81725e+06
3.84267e+06
3.7629e+06
2.64145e+06
2.14293e+06
2.3999e+06
2.86459e+06
2.48339e+06
2.14527e+06
2.29014e+06
2.73707e+06
2.42961e+06
1.77016e+06
2.3611e+06
4.07631e+06
4.54816e+06
3.56383e+06
3.68083e+06
5.19799e+06
5.77285e+06
4.68214e+06
3.4194e+06
2.32733e+06
1.51406e+06
1.48015e+06
3.08734e+06
4.93265e+06
4.24875e+06
3.23156e+06
4.4111e+06
5.03623e+06
4.54891e+06
3.34613e+06
3.53295e+06
3.8747e+06
4.29835e+06
5.64454e+06
5.06772e+06
3.73099e+06
3.37246e+06
3.47133e+06
2.8418e+06
1.7617e+06
1.68874e+06
2.28702e+06
2.86883e+06
3.94417e+06
4.5939e+06
4.84922e+06
4.96329e+06
3.29705e+06
2.29031e+06
2.85836e+06
3.33802e+06
3.08008e+06
2.81264e+06
2.06914e+06
1.67004e+06
2.14337e+06
2.5111e+06
1.38712e+06
541713
1.06498e+06
2.21884e+06
3.06336e+06
3.47567e+06
4.36668e+06
3.8519e+06
2.01722e+06
601931
658357
1.35827e+06
1.15876e+06
342492
189499
251049
202048
561841
833200
1.48279e+06
2.32181e+06
2.37605e+06
1.57302e+06
550307
383924
400049
70000
486
0
0
3
131
3113
34776
222322
700603
1.04396e+06
590767
91326
3976
97
0
0
0
0
0
0
13
386
5548
33969
77108
32480
0
0
0
0
0
0
0
0
0
0
0
0
0
0
0
0
0
0
0
0
0
0
0
0
0
0
0
0
0
0
0
0
0
0
0
0
0
0
0
0
0
0
0
0
0
0
0
0
0
0
0
0
0
0
0
0
0
0
0
0
0
0
0
0
0
0
0
0
0
0
0
0
0
0
0
0
0
0
0
0
0
0
0
0
0
0
0
0
0
0
0
0
0
0
0
0
0
0
0
0
0
0
0
0
0
0
0
0
0
0
0
0
0
0
0
0
0
0
0
0
0
0
0
0
0
0
0
0
0
0
0
0
0
0
0
0
0
0
0
0
0
0
0
0
0
0
0
0
0
0
0
0
0
0
0
0
0
0
0
0
0
0
0
0
0
0
0
0
0
0
0
0
0
0
0
0
0
0
0
0
0
0
0
0
0
0
0
0
0
0
0
0
0
0
0
0
0
0
0
0
