360448
0
0
0
0
0
0
0
0
0
0
0
0
0
0
0
0
771
86237
607820
893628
449406
109500
14252
1519
5336
43556
173056
352717
328641
143909
33191
51766
363207
1.13979e+06
1.55663e+06
913896
265844
113744
381558
756404
639067
293620
317811
887224
1.47107e+06
1.13652e+06
480709
290972
465384
487547
487205
1.29481e+06
2.71486e+06
2.73655e+06
1.36987e+06
524312
410068
444216
847158
1.80766e+06
2.21502e+06
1.55904e+06
1.32788e+06
1.55505e+06
1.3033e+06
1.2462e+06
1.5737e+06
1.4185e+06
1.31596e+06
1.68864e+06
2.07375e+06
3.25293e+06
4.47007e+06
3.27009e+06
1.27659e+06
534651
1.23037e+06
2.59257e+06
2.85407e+06
1.87665e+06
1.33145e+06
1.68538e+06
2.74544e+06
3.23343e+06
2.76706e+06
2.76216e+06
3.40504e+06
4.61932e+06
4.52856e+06
3.19088e+06
2.58203e+06
2.90108e+06
3.4445e+06
2.99946e+06
2.58502e+06
2.764e+06
3.29004e+06
2.92543e+06
2.1438e+06
2.8557e+06
4.90735e+06
5.47075e+06
4.30795e+06
4.44723e+06
6.25719e+06
6.94152e+06
5.64974e+06
4.12359e+06
2.80753e+06
1.82479e+06
1.79675e+06
3.73177e+06
5.91345e+06
5.1288e+06
3.91449e+06
5.31708e+06
6.05308e+06
5.48936e+06
4.03962e+06
4.25436e+06
4.67844e+06
5.19048e+06
6.79527e+06
6.0927e+06
4.50533e+06
4.07193e+06
4.17431e+06
3.42724e+06
2.13235e+06
2.03607e+06
2.75942e+06
3.46043e+06
4.73862e+06
5.54246e+06
5.85344e+06
5.97255e+06
3.97344e+06
2.77262e+06
3.44249e+06
4.01995e+06
3.7206e+06
3.38291e+06
2.49613e+06
2.01599e+06
2.58457e+06
3.02209e+06
1.67013e+06
657126
1.28491e+06
2.67572e+06
3.68349e+06
4.20929e+06
5.25876e+06
4.63398e+06
2.42909e+06
729509
797878
1.63623e+06
1.39056e+06
415208
229231
302166
244460
678544
1.00372e+06
1.78872e+06
2.80064e+06
2.8645e+06
1.88961e+06
666692
463344
479869
84322
569
0
0
3
135
3736
41844
267805
846665
1.25805e+06
710749
110182
4760
106
0
0
0
0
0
0
15
458
6494
40851
93406
39000
0
0
0
0
0
0
0
0
0
0
0
0
0
0
0
0
0
0
0
0
0
0
0
0
0
0
0
0
0
0
0
0
0
0
0
0
0
0
0
0
0
0
0
0
0
0
0
0
0
0
0
0
0
0
0
0
0
0
0
0
0
0
0
0
0
0
0
0
0
0
0
0
0
0
0
0
0
0
0
0
0
0
0
0
0
0
0
0
0
0
0
0
0
0
0
0
0
0
0
0
0
0
0
0
0
0
0
0
0
0
0
0
0
0
0
0
0
0
0
0
0
0
0
0
0
0
0
0
0
0
0
0
0
0
0
0
0
0
0
0
0
0
0
0
0
0
0
0
0
0
0
0
0
0
0
0
0
0
0
0
0
0
0
0
0
0
0
0
0
0
0
0
0
0
0
0
0
0
0
0
0
0
0
0
0
0
0
0
0
0
0
0
0
0
0
0
0
0
0
0
