645120
0
0
0
0
0
0
0
0
0
0
0
0
0
0
0
0
1326
153653
1.0913e+06
1.59436e+06
808487
194540
25209
2597
9652
76690
312491
630138
587288
257503
59730
90372
646137
2.04872e+06
2.78376e+06
1.64218e+06
471135
201070
686092
1.34667e+06
1.1476e+06
526336
567866
1.59655e+06
2.61797e+06
2.04014e+06
859878
521964
834186
871428
866598
2.32267e+06
4.85471e+06
4.90556e+06
2.45832e+06
932658
729419
792593
1.51839e+06
3.24468e+06
3.94511e+06
2.80133e+06
2.38523e+06
2.76869e+06
2.3381e+06
2.23763e+06
2.80467e+06
2.54486e+06
2.36106e+06
3.0039e+06
3.71106e+06
5.84688e+06
7.97071e+06
5.88144e+06
2.28376e+06
944972
2.20499e+06
4.63581e+06
5.1001e+06
3.37437e+06
2.3753e+06
3.02137e+06
4.91657e+06
5.77184e+06
4.97262e+06
4.92239e+06
6.11849e+06
8.24962e+06
8.10472e+06
5.72417e+06
4.59714e+06
5.22031e+06
6.14119e+06
5.39427e+06
4.60753e+06
4.95045e+06
5.88783e+06
5.24188e+06
3.83062e+06
5.11549e+06
8.78068e+06
9.77558e+06
7.72376e+06
7.97486e+06
1.1194e+07
1.2404e+07
1.01315e+07
7.37885e+06
5.02276e+06
3.25731e+06
3.20879e+06
6.69956e+06
1.05491e+07
9.2121e+06
7.00497e+06
9.52859e+06
1.08131e+07
9.83468e+06
7.22677e+06
7.59016e+06
8.38711e+06
9.29437e+06
1.21785e+07
1.08755e+07
8.07649e+06
7.29936e+06
7.45628e+06
6.14837e+06
3.80953e+06
3.62951e+06
4.94386e+06
6.19712e+06
8.47177e+06
9.93166e+06
1.04898e+07
1.06677e+07
7.10347e+06
4.9804e+06
6.15576e+06
7.19461e+06
6.66886e+06
6.03776e+06
4.4766e+06
3.60375e+06
4.61986e+06
5.4289e+06
2.98668e+06
1.17379e+06
2.30331e+06
4.79547e+06
6.53899e+06
7.56827e+06
9.42212e+06
8.29838e+06
4.33591e+06
1.30212e+06
1.42339e+06
2.9466e+06
2.47808e+06
745748
409691
539939
431850
1.22077e+06
1.80197e+06
3.20565e+06
5.00948e+06
5.13291e+06
3.36213e+06
1.19878e+06
832406
859981
149335
1018
0
0
12
263
6275
74837
479795
1.52312e+06
2.24603e+06
1.26975e+06
197226
8565
213
0
0
0
0
0
0
37
741
11813
73722
168320
67927
0
0
0
0
0
0
0
0
0
0
0
0
0
0
0
0
0
0
0
0
0
0
0
0
0
0
0
0
0
0
0
0
0
0
0
0
0
0
0
0
0
0
0
0
0
0
0
0
0
0
0
0
0
0
0
0
0
0
0
0
0
0
0
0
0
0
0
0
0
0
0
0
0
0
0
0
0
0
0
0
0
0
0
0
0
0
0
0
0
0
0
0
0
0
0
0
0
0
0
0
0
0
0
0
0
0
0
0
0
0
0
0
0
0
0
0
0
0
0
0
0
0
0
0
0
0
0
0
0
0
0
0
0
0
0
0
0
0
0
0
0
0
0
0
0
0
0
0
0
0
0
0
0
0
0
0
0
0
0
0
0
0
0
0
0
0
0
0
0
0
0
0
0
0
0
0
0
0
0
0
0
0
0
0
0
0
0
0
0
0
0
0
0
0
0
0
0
0
0
0
