641024
0
0
0
0
0
0
0
0
0
0
0
0
0
0
0
0
1317
152609
1.08434e+06
1.5844e+06
803308
193305
25009
2585
9581
76224
310481
626152
583573
255866
59354
89796
641877
2.03575e+06
2.76635e+06
1.63171e+06
468047
199753
681681
1.33826e+06
1.14028e+06
523014
564153
1.5864e+06
2.60153e+06
2.02718e+06
854342
518570
828950
865980
860862
2.30775e+06
4.82406e+06
4.87486e+06
2.44251e+06
926596
724863
787515
1.50848e+06
3.22428e+06
3.92024e+06
2.78358e+06
2.36991e+06
2.75129e+06
2.32306e+06
2.22338e+06
2.78706e+06
2.5287e+06
2.34575e+06
2.98501e+06
3.68762e+06
5.80953e+06
7.92039e+06
5.8442e+06
2.26914e+06
938821
2.1908e+06
4.60658e+06
5.06785e+06
3.35277e+06
2.36034e+06
3.00198e+06
4.88535e+06
5.73543e+06
4.94091e+06
4.89146e+06
6.07901e+06
8.1976e+06
8.05365e+06
5.68753e+06
4.56803e+06
5.18682e+06
6.10254e+06
5.35989e+06
4.57827e+06
4.91879e+06
5.85069e+06
5.20873e+06
3.80607e+06
5.08264e+06
8.72552e+06
9.71376e+06
7.67446e+06
7.92359e+06
1.11231e+07
1.23253e+07
1.00675e+07
7.33221e+06
4.99048e+06
3.23672e+06
3.18821e+06
6.65682e+06
1.04827e+07
9.15348e+06
6.96016e+06
9.46789e+06
1.07447e+07
9.77221e+06
7.18059e+06
7.54267e+06
8.33357e+06
9.23522e+06
1.21012e+07
1.08071e+07
8.02503e+06
7.25274e+06
7.40899e+06
6.10939e+06
3.78518e+06
3.60647e+06
4.91261e+06
6.15759e+06
8.41804e+06
9.86863e+06
1.04231e+07
1.06004e+07
7.05857e+06
4.94806e+06
6.11655e+06
7.14924e+06
6.6265e+06
5.99987e+06
4.44774e+06
3.58083e+06
4.59064e+06
5.39426e+06
2.96794e+06
1.16633e+06
2.2884e+06
4.76493e+06
6.49793e+06
7.51966e+06
9.36232e+06
8.24596e+06
4.30877e+06
1.29361e+06
1.41407e+06
2.92795e+06
2.46272e+06
740835
407079
536475
429164
1.21293e+06
1.7906e+06
3.1851e+06
4.97745e+06
5.10045e+06
3.34124e+06
1.19098e+06
827091
854478
148468
1015
0
0
12
263
6240
74322
476682
1.51341e+06
2.23189e+06
1.2617e+06
195980
8507
213
0
0
0
0
0
0
37
737
11736
73217
167303
67482
0
0
0
0
0
0
0
0
0
0
0
0
0
0
0
0
0
0
0
0
0
0
0
0
0
0
0
0
0
0
0
0
0
0
0
0
0
0
0
0
0
0
0
0
0
0
0
0
0
0
0
0
0
0
0
0
0
0
0
0
0
0
0
0
0
0
0
0
0
0
0
0
0
0
0
0
0
0
0
0
0
0
0
0
0
0
0
0
0
0
0
0
0
0
0
0
0
0
0
0
0
0
0
0
0
0
0
0
0
0
0
0
0
0
0
0
0
0
0
0
0
0
0
0
0
0
0
0
0
0
0
0
0
0
0
0
0
0
0
0
0
0
0
0
0
0
0
0
0
0
0
0
0
0
0
0
0
0
0
0
0
0
0
0
0
0
0
0
0
0
0
0
0
0
0
0
0
0
0
0
0
0
0
0
0
0
0
0
0
0
0
0
0
0
0
0
0
0
0
0
