145408
0
0
0
0
0
0
0
0
0
0
0
0
0
0
0
0
383
35280
242992
363372
180053
43734
6090
713
2296
17354
67945
144742
133404
56860
13445
21355
145901
453770
639310
362494
107733
46504
152789
307063
258056
116325
127183
353432
607607
453096
191387
116980
188053
198161
196984
515156
1.10112e+06
1.10835e+06
544859
211615
170447
177976
337603
724392
911060
618568
529427
642148
519554
496304
644713
567133
525180
695345
828984
1.29142e+06
1.84228e+06
1.30323e+06
510199
218167
490051
1.04878e+06
1.16242e+06
745235
544155
672248
1.10559e+06
1.32033e+06
1.09921e+06
1.12829e+06
1.35658e+06
1.87512e+06
1.83315e+06
1.27536e+06
1.0481e+06
1.15454e+06
1.41592e+06
1.19473e+06
1.05069e+06
1.10212e+06
1.33852e+06
1.1816e+06
859570
1.1441e+06
1.98384e+06
2.22208e+06
1.72508e+06
1.7905e+06
2.52358e+06
2.81183e+06
2.26782e+06
1.6701e+06
1.13106e+06
740504
722342
1.48263e+06
2.43004e+06
2.05123e+06
1.5669e+06
2.1326e+06
2.4738e+06
2.19722e+06
1.62672e+06
1.73434e+06
1.87702e+06
2.08924e+06
2.72879e+06
2.48312e+06
1.81025e+06
1.63085e+06
1.70428e+06
1.37401e+06
854861
825886
1.1059e+06
1.39049e+06
1.93607e+06
2.23042e+06
2.3448e+06
2.42362e+06
1.60269e+06
1.10523e+06
1.40118e+06
1.62143e+06
1.48719e+06
1.37716e+06
1.00061e+06
816128
1.04341e+06
1.2149e+06
677710
264488
519118
1.0711e+06
1.51356e+06
1.66849e+06
2.1226e+06
1.87642e+06
984474
293009
320187
653116
570243
166492
91507
122600
99786
269887
406387
720703
1.12836e+06
1.14916e+06
775641
264650
186367
194077
35102
257
0
0
3
66
1526
17288
107662
337887
509040
288995
44195
1966
44
0
0
0
0
0
0
7
235
2625
16622
36709
16506
0
0
0
0
0
0
0
0
0
0
0
0
0
0
0
0
0
0
0
0
0
0
0
0
0
0
0
0
0
0
0
0
0
0
0
0
0
0
0
0
0
0
0
0
0
0
0
0
0
0
0
0
0
0
0
0
0
0
0
0
0
0
0
0
0
0
0
0
0
0
0
0
0
0
0
0
0
0
0
0
0
0
0
0
0
0
0
0
0
0
0
0
0
0
0
0
0
0
0
0
0
0
0
0
0
0
0
0
0
0
0
0
0
0
0
0
0
0
0
0
0
0
0
0
0
0
0
0
0
0
0
0
0
0
0
0
0
0
0
0
0
0
0
0
0
0
0
0
0
0
0
0
0
0
0
0
0
0
0
0
0
0
0
0
0
0
0
0
0
0
0
0
0
0
0
0
0
0
0
0
0
0
0
0
0
0
0
0
0
0
0
0
0
0
0
0
0
0
0
0
