337920
0
0
0
0
0
0
0
0
0
0
0
0
0
0
0
0
728
80780
570014
837671
421057
102746
13501
1438
5091
40809
161941
330790
308418
134820
31048
48680
340776
1.06744e+06
1.46031e+06
856155
249401
106865
357462
709144
599559
274965
297442
830748
1.38192e+06
1.06515e+06
450011
272671
436272
457127
457046
1.21314e+06
2.54514e+06
2.56637e+06
1.28326e+06
491187
385562
416408
792911
1.6945e+06
2.07981e+06
1.45918e+06
1.24394e+06
1.46099e+06
1.22158e+06
1.16627e+06
1.47694e+06
1.328e+06
1.2338e+06
1.58458e+06
1.94267e+06
3.04637e+06
4.1976e+06
3.06473e+06
1.19508e+06
500107
1.15202e+06
2.43256e+06
2.67894e+06
1.75654e+06
1.24877e+06
1.57904e+06
2.57454e+06
3.03223e+06
2.59079e+06
2.59085e+06
3.19028e+06
4.33338e+06
4.24733e+06
2.98998e+06
2.42109e+06
2.71725e+06
3.23204e+06
2.81014e+06
2.42404e+06
2.59075e+06
3.08612e+06
2.74372e+06
2.00779e+06
2.67514e+06
4.60171e+06
5.1316e+06
4.03578e+06
4.16716e+06
5.86779e+06
6.51276e+06
5.29326e+06
3.8663e+06
2.63125e+06
1.71166e+06
1.68263e+06
3.49566e+06
5.5511e+06
4.80618e+06
3.66656e+06
4.98382e+06
5.67898e+06
5.14503e+06
3.78535e+06
3.99055e+06
4.38437e+06
4.86448e+06
6.37177e+06
5.71626e+06
4.22116e+06
3.8151e+06
3.91704e+06
3.21222e+06
1.99748e+06
1.90975e+06
2.58637e+06
3.2436e+06
4.44668e+06
5.1941e+06
5.48447e+06
5.60196e+06
3.72559e+06
2.59706e+06
3.2282e+06
3.76936e+06
3.48628e+06
3.17344e+06
2.34002e+06
1.8904e+06
2.42174e+06
2.83308e+06
1.5664e+06
615801
1.20531e+06
2.50785e+06
3.45544e+06
3.94055e+06
4.93185e+06
4.34656e+06
2.27677e+06
684061
748086
1.53294e+06
1.30479e+06
389033
214596
283645
229328
635840
941673
1.67667e+06
2.62404e+06
2.68478e+06
1.77313e+06
624764
434586
450163
79132
538
0
0
3
132
3505
39462
251629
793250
1.17919e+06
666152
103390
4463
106
0
0
0
0
0
0
15
435
6149
38430
87433
36498
0
0
0
0
0
0
0
0
0
0
0
0
0
0
0
0
0
0
0
0
0
0
0
0
0
0
0
0
0
0
0
0
0
0
0
0
0
0
0
0
0
0
0
0
0
0
0
0
0
0
0
0
0
0
0
0
0
0
0
0
0
0
0
0
0
0
0
0
0
0
0
0
0
0
0
0
0
0
0
0
0
0
0
0
0
0
0
0
0
0
0
0
0
0
0
0
0
0
0
0
0
0
0
0
0
0
0
0
0
0
0
0
0
0
0
0
0
0
0
0
0
0
0
0
0
0
0
0
0
0
0
0
0
0
0
0
0
0
0
0
0
0
0
0
0
0
0
0
0
0
0
0
0
0
0
0
0
0
0
0
0
0
0
0
0
0
0
0
0
0
0
0
0
0
0
0
0
0
0
0
0
0
0
0
0
0
0
0
0
0
0
0
0
0
0
0
0
0
0
0
