491520
0
0
0
0
0
0
0
0
0
0
0
0
0
0
0
0
1017
117275
830470
1.2157e+06
615693
148411
19134
1991
7237
58682
237972
479508
448310
196274
45179
69534
493346
1.5579e+06
2.12262e+06
1.24891e+06
360379
153619
522072
1.02798e+06
873695
400015
431983
1.2157e+06
1.99748e+06
1.55503e+06
655086
395846
635932
663915
661855
1.76659e+06
3.7011e+06
3.73792e+06
1.86968e+06
710736
557766
604217
1.15534e+06
2.47084e+06
3.01266e+06
2.13071e+06
1.81372e+06
2.11423e+06
1.7802e+06
1.70194e+06
2.13998e+06
1.93781e+06
1.79509e+06
2.29656e+06
2.82666e+06
4.44616e+06
6.08461e+06
4.47389e+06
1.73853e+06
720936
1.67834e+06
3.53632e+06
3.89036e+06
2.56591e+06
1.80994e+06
2.29899e+06
3.74597e+06
4.40418e+06
3.78052e+06
3.75553e+06
4.65287e+06
6.2943e+06
6.1772e+06
4.35541e+06
3.51172e+06
3.96826e+06
4.68459e+06
4.1015e+06
3.51645e+06
3.76955e+06
4.49025e+06
3.9923e+06
2.91748e+06
3.89461e+06
6.69012e+06
7.45785e+06
5.87697e+06
6.07087e+06
8.53214e+06
9.45829e+06
7.71438e+06
5.62178e+06
3.82448e+06
2.4857e+06
2.44481e+06
5.09659e+06
8.05264e+06
7.00793e+06
5.33422e+06
7.25657e+06
8.24753e+06
7.49037e+06
5.50201e+06
5.79227e+06
6.38507e+06
7.08088e+06
9.27802e+06
8.29392e+06
6.14651e+06
5.5602e+06
5.68448e+06
4.68118e+06
2.90377e+06
2.76956e+06
3.76679e+06
4.71748e+06
6.46004e+06
7.56296e+06
7.98719e+06
8.13743e+06
5.41325e+06
3.78876e+06
4.6914e+06
5.48314e+06
5.0752e+06
4.60806e+06
3.40659e+06
2.7457e+06
3.52279e+06
4.13265e+06
2.27528e+06
895195
1.75246e+06
3.65192e+06
4.99696e+06
5.75716e+06
7.17546e+06
6.32163e+06
3.30739e+06
992324
1.0843e+06
2.24146e+06
1.89179e+06
566958
312338
411104
331020
929401
1.37141e+06
2.43912e+06
3.81969e+06
3.90711e+06
2.56773e+06
911823
633282
655284
114174
801
0
0
8
193
4931
57044
366126
1.15782e+06
1.71161e+06
969286
150012
6490
156
0
0
0
0
0
0
23
575
8927
55839
127763
52633
0
0
0
0
0
0
0
0
0
0
0
0
0
0
0
0
0
0
0
0
0
0
0
0
0
0
0
0
0
0
0
0
0
0
0
0
0
0
0
0
0
0
0
0
0
0
0
0
0
0
0
0
0
0
0
0
0
0
0
0
0
0
0
0
0
0
0
0
0
0
0
0
0
0
0
0
0
0
0
0
0
0
0
0
0
0
0
0
0
0
0
0
0
0
0
0
0
0
0
0
0
0
0
0
0
0
0
0
0
0
0
0
0
0
0
0
0
0
0
0
0
0
0
0
0
0
0
0
0
0
0
0
0
0
0
0
0
0
0
0
0
0
0
0
0
0
0
0
0
0
0
0
0
0
0
0
0
0
0
0
0
0
0
0
0
0
0
0
0
0
0
0
0
0
0
0
0
0
0
0
0
0
0
0
0
0
0
0
0
0
0
0
0
0
0
0
0
0
0
0
