727040
0
0
0
0
0
0
0
0
0
0
0
0
0
0
0
0
1513
172994
1.23032e+06
1.79602e+06
911934
219212
28205
2881
10942
86560
351440
710713
661994
290332
67029
101007
727200
2.31066e+06
3.13768e+06
1.85282e+06
529153
225465
773257
1.51768e+06
1.29444e+06
592807
639089
1.8012e+06
2.94763e+06
2.30069e+06
969392
587826
940662
980754
975925
2.61684e+06
5.47415e+06
5.5294e+06
2.77127e+06
1.04945e+06
820735
892814
1.71045e+06
3.65932e+06
4.44471e+06
3.1583e+06
2.68774e+06
3.11985e+06
2.63554e+06
2.52274e+06
3.1586e+06
2.86773e+06
2.66371e+06
3.38168e+06
4.18009e+06
6.5913e+06
8.98522e+06
6.63303e+06
2.57195e+06
1.06103e+06
2.48509e+06
5.22496e+06
5.7471e+06
3.80505e+06
2.67475e+06
3.40668e+06
5.54258e+06
6.50139e+06
5.60584e+06
5.54167e+06
6.90076e+06
9.29836e+06
9.13248e+06
6.45144e+06
5.17765e+06
5.88714e+06
6.91765e+06
6.0836e+06
5.1895e+06
5.58395e+06
6.63092e+06
5.90831e+06
4.31526e+06
5.7643e+06
9.89484e+06
1.10197e+07
8.70403e+06
8.98703e+06
1.26164e+07
1.39814e+07
1.14196e+07
8.3147e+06
5.66029e+06
3.66857e+06
3.61391e+06
7.55417e+06
1.18826e+07
1.03865e+07
7.89397e+06
1.07413e+07
1.21804e+07
1.10905e+07
8.1412e+06
8.5501e+06
9.4539e+06
1.04748e+07
1.37289e+07
1.22512e+07
9.10628e+06
8.22848e+06
8.39887e+06
6.93133e+06
4.29204e+06
4.09013e+06
5.57272e+06
6.98286e+06
9.54404e+06
1.11964e+07
1.18269e+07
1.20163e+07
8.00527e+06
5.61455e+06
6.93463e+06
8.10978e+06
7.51799e+06
6.8018e+06
5.0471e+06
4.05939e+06
5.2055e+06
6.12339e+06
3.36374e+06
1.32148e+06
2.59714e+06
5.40593e+06
7.36299e+06
8.5345e+06
1.0619e+07
9.35168e+06
4.88604e+06
1.46702e+06
1.60331e+06
3.323e+06
2.79183e+06
840853
461885
608122
485986
1.37554e+06
2.02996e+06
3.61345e+06
5.64423e+06
5.78795e+06
3.78717e+06
1.3511e+06
938500
969887
167864
1141
0
0
12
268
7016
83949
540460
1.7172e+06
2.53051e+06
1.43122e+06
222937
9561
231
0
0
0
0
0
0
42
816
13310
83519
189857
75976
0
0
0
0
0
0
0
0
0
0
0
0
0
0
0
0
0
0
0
0
0
0
0
0
0
0
0
0
0
0
0
0
0
0
0
0
0
0
0
0
0
0
0
0
0
0
0
0
0
0
0
0
0
0
0
0
0
0
0
0
0
0
0
0
0
0
0
0
0
0
0
0
0
0
0
0
0
0
0
0
0
0
0
0
0
0
0
0
0
0
0
0
0
0
0
0
0
0
0
0
0
0
0
0
0
0
0
0
0
0
0
0
0
0
0
0
0
0
0
0
0
0
0
0
0
0
0
0
0
0
0
0
0
0
0
0
0
0
0
0
0
0
0
0
0
0
0
0
0
0
0
0
0
0
0
0
0
0
0
0
0
0
0
0
0
0
0
0
0
0
0
0
0
0
0
0
0
0
0
0
0
0
0
0
0
0
0
0
0
0
0
0
0
0
0
0
0
0
0
0
