262144
0
0
0
0
0
0
0
0
0
0
0
0
0
0
0
0
595
62936
441278
650779
326366
79611
10509
1084
3962
31253
124938
258029
239786
103973
23911
37679
263736
827163
1.13637e+06
662017
193740
82746
276862
551127
465184
212656
229698
641959
1.07862e+06
825431
347488
210695
338415
355679
353691
937791
1.97804e+06
1.99412e+06
991855
380584
300806
321815
613269
1.31364e+06
1.62064e+06
1.1275e+06
961579
1.13996e+06
944993
902390
1.15002e+06
1.02771e+06
954139
1.23726e+06
1.50029e+06
2.35709e+06
3.27432e+06
2.37036e+06
924306
387165
890403
1.89018e+06
2.08539e+06
1.35692e+06
968392
1.22006e+06
1.9994e+06
2.36058e+06
2.00218e+06
2.01354e+06
2.4663e+06
3.36973e+06
3.2991e+06
2.31369e+06
1.88187e+06
2.09979e+06
2.51632e+06
2.17304e+06
1.88525e+06
2.00533e+06
2.3991e+06
2.12883e+06
1.55423e+06
2.07039e+06
3.57266e+06
3.98907e+06
3.1252e+06
3.22512e+06
4.55478e+06
5.06351e+06
4.10177e+06
3.00018e+06
2.04017e+06
1.32854e+06
1.30053e+06
2.70236e+06
4.32844e+06
3.72016e+06
2.83577e+06
3.86468e+06
4.41889e+06
3.9844e+06
2.93543e+06
3.10238e+06
3.39392e+06
3.76867e+06
4.94464e+06
4.44654e+06
3.26967e+06
2.9539e+06
3.04781e+06
2.48893e+06
1.54516e+06
1.48235e+06
2.00339e+06
2.51392e+06
3.46157e+06
4.02655e+06
4.24867e+06
4.35265e+06
2.89037e+06
2.0065e+06
2.50783e+06
2.92718e+06
2.69715e+06
2.46809e+06
1.81425e+06
1.46431e+06
1.879e+06
2.19859e+06
1.21748e+06
475940
934260
1.94501e+06
2.69e+06
3.04262e+06
3.8276e+06
3.37557e+06
1.77002e+06
528864
578423
1.18834e+06
1.01611e+06
300937
166060
220006
177891
491865
729944
1.30082e+06
2.0363e+06
2.08033e+06
1.38099e+06
482392
336635
350404
61481
433
0
0
3
114
2686
30575
195083
613700
915568
517916
80027
3541
83
0
0
0
0
0
0
9
343
4900
29795
67417
28608
0
0
0
0
0
0
0
0
0
0
0
0
0
0
0
0
0
0
0
0
0
0
0
0
0
0
0
0
0
0
0
0
0
0
0
0
0
0
0
0
0
0
0
0
0
0
0
0
0
0
0
0
0
0
0
0
0
0
0
0
0
0
0
0
0
0
0
0
0
0
0
0
0
0
0
0
0
0
0
0
0
0
0
0
0
0
0
0
0
0
0
0
0
0
0
0
0
0
0
0
0
0
0
0
0
0
0
0
0
0
0
0
0
0
0
0
0
0
0
0
0
0
0
0
0
0
0
0
0
0
0
0
0
0
0
0
0
0
0
0
0
0
0
0
0
0
0
0
0
0
0
0
0
0
0
0
0
0
0
0
0
0
0
0
0
0
0
0
0
0
0
0
0
0
0
0
0
0
0
0
0
0
0
0
0
0
0
0
0
0
0
0
0
0
0
0
0
0
0
0
