860160
0
0
0
0
0
0
0
0
0
0
0
0
0
0
0
0
1803
204222
1.45702e+06
2.12376e+06
1.07862e+06
259257
33881
3329
13050
102304
416494
840070
782799
343953
79304
119585
859863
2.73665e+06
3.70866e+06
2.19215e+06
627173
266507
915652
1.79479e+06
1.53126e+06
701586
757938
2.13439e+06
3.47842e+06
2.72208e+06
1.14949e+06
696873
1.11295e+06
1.15876e+06
1.15632e+06
3.10185e+06
6.47134e+06
6.53302e+06
3.28399e+06
1.24471e+06
969628
1.05629e+06
2.02905e+06
4.32746e+06
5.24893e+06
3.74353e+06
3.18363e+06
3.68418e+06
3.12062e+06
2.98773e+06
3.73005e+06
3.39554e+06
3.15696e+06
3.99358e+06
4.94933e+06
7.80557e+06
1.06142e+07
7.84907e+06
3.0484e+06
1.25848e+06
2.94614e+06
6.1765e+06
6.78906e+06
4.506e+06
3.16794e+06
4.03721e+06
6.55176e+06
7.68333e+06
6.64128e+06
6.55423e+06
8.17143e+06
1.09929e+07
1.07937e+07
7.64484e+06
6.12533e+06
6.97164e+06
8.17465e+06
7.20239e+06
6.13352e+06
6.61602e+06
7.84064e+06
6.98215e+06
5.11364e+06
6.82851e+06
1.16918e+07
1.30327e+07
1.03079e+07
1.06452e+07
1.49168e+07
1.65288e+07
1.35165e+07
9.83488e+06
6.69599e+06
4.34343e+06
4.28559e+06
8.95108e+06
1.4024e+07
1.2289e+07
9.35914e+06
1.27134e+07
1.43932e+07
1.31236e+07
9.63544e+06
1.01107e+07
1.11885e+07
1.2404e+07
1.62388e+07
1.44796e+07
1.07785e+07
9.74151e+06
9.92671e+06
8.20077e+06
5.08734e+06
4.8435e+06
6.59487e+06
8.26519e+06
1.12802e+07
1.32417e+07
1.40049e+07
1.41991e+07
9.4728e+06
6.65528e+06
8.1972e+06
9.58826e+06
8.90696e+06
8.04321e+06
5.97074e+06
4.80466e+06
6.15872e+06
7.24034e+06
3.97867e+06
1.57015e+06
3.07745e+06
6.39457e+06
8.69598e+06
1.01141e+07
1.25593e+07
1.10555e+07
5.77455e+06
1.74375e+06
1.90402e+06
3.93066e+06
3.29331e+06
997156
547693
719885
577756
1.6318e+06
2.40252e+06
4.27557e+06
6.67094e+06
6.84871e+06
4.47243e+06
1.60348e+06
1.11481e+06
1.14381e+06
196911
1282
0
0
12
308
8458
101020
645222
2.03558e+06
2.98581e+06
1.68828e+06
264889
11595
274
0
0
0
0
0
0
55
1045
15983
99984
224521
88492
0
0
0
0
0
0
0
0
0
0
0
0
0
0
0
0
0
0
0
0
0
0
0
0
0
0
0
0
0
0
0
0
0
0
0
0
0
0
0
0
0
0
0
0
0
0
0
0
0
0
0
0
0
0
0
0
0
0
0
0
0
0
0
0
0
0
0
0
0
0
0
0
0
0
0
0
0
0
0
0
0
0
0
0
0
0
0
0
0
0
0
0
0
0
0
0
0
0
0
0
0
0
0
0
0
0
0
0
0
0
0
0
0
0
0
0
0
0
0
0
0
0
0
0
0
0
0
0
0
0
0
0
0
0
0
0
0
0
0
0
0
0
0
0
0
0
0
0
0
0
0
0
0
0
0
0
0
0
0
0
0
0
0
0
0
0
0
0
0
0
0
0
0
0
0
0
0
0
0
0
0
0
0
0
0
0
0
0
0
0
0
0
0
0
0
0
0
0
0
0
