237568
0
0
0
0
0
0
0
0
0
0
0
0
0
0
0
0
550
57069
399429
590590
295680
71792
9557
1027
3536
28077
113203
234262
217614
93882
21647
34201
237907
749573
1.03282e+06
598355
175086
74918
250763
500348
421579
191838
207179
581153
981689
746980
314133
190248
306982
323018
319581
847894
1.79523e+06
1.8086e+06
896562
344740
273568
291222
554204
1.19088e+06
1.47294e+06
1.0187e+06
870454
1.03643e+06
854568
816716
1.04357e+06
930578
863592
1.12404e+06
1.35604e+06
2.13457e+06
2.97542e+06
2.14528e+06
836006
350031
806003
1.71491e+06
1.89154e+06
1.22746e+06
878514
1.10382e+06
1.81261e+06
2.14242e+06
1.81105e+06
1.82613e+06
2.23272e+06
3.05617e+06
2.99165e+06
2.09427e+06
1.70513e+06
1.90199e+06
2.28483e+06
1.96529e+06
1.71005e+06
1.81587e+06
2.17719e+06
1.92831e+06
1.4075e+06
1.87366e+06
3.24022e+06
3.61784e+06
2.8295e+06
2.92188e+06
4.12814e+06
4.59086e+06
3.71534e+06
2.72012e+06
1.84804e+06
1.20407e+06
1.17891e+06
2.4453e+06
3.9302e+06
3.36904e+06
2.5665e+06
3.50116e+06
4.00965e+06
3.60774e+06
2.65934e+06
2.81567e+06
3.07485e+06
3.4147e+06
4.47795e+06
4.03373e+06
2.96031e+06
2.6765e+06
2.7668e+06
2.2539e+06
1.39893e+06
1.34369e+06
1.81421e+06
2.27537e+06
3.14191e+06
3.65064e+06
3.84713e+06
3.94755e+06
2.61775e+06
1.81601e+06
2.27555e+06
2.65386e+06
2.44108e+06
2.23887e+06
1.64237e+06
1.32638e+06
1.70317e+06
1.99433e+06
1.1028e+06
429881
845835
1.7625e+06
2.44259e+06
2.75237e+06
3.46942e+06
3.06186e+06
1.60484e+06
477493
522533
1.07669e+06
923425
272353
150026
199570
160805
444438
661632
1.17808e+06
1.84539e+06
1.8869e+06
1.25381e+06
435598
304331
318230
55923
364
0
0
3
109
2426
27580
175719
555484
831031
470527
72006
3165
62
0
0
0
0
0
0
9
326
4384
26874
60991
26200
0
0
0
0
0
0
0
0
0
0
0
0
0
0
0
0
0
0
0
0
0
0
0
0
0
0
0
0
0
0
0
0
0
0
0
0
0
0
0
0
0
0
0
0
0
0
0
0
0
0
0
0
0
0
0
0
0
0
0
0
0
0
0
0
0
0
0
0
0
0
0
0
0
0
0
0
0
0
0
0
0
0
0
0
0
0
0
0
0
0
0
0
0
0
0
0
0
0
0
0
0
0
0
0
0
0
0
0
0
0
0
0
0
0
0
0
0
0
0
0
0
0
0
0
0
0
0
0
0
0
0
0
0
0
0
0
0
0
0
0
0
0
0
0
0
0
0
0
0
0
0
0
0
0
0
0
0
0
0
0
0
0
0
0
0
0
0
0
0
0
0
0
0
0
0
0
0
0
0
0
0
0
0
0
0
0
0
0
0
0
0
0
0
0
0
0
0
0
0
0
