282624
0
0
0
0
0
0
0
0
0
0
0
0
0
0
0
0
644
67656
475945
701535
352290
85575
11255
1149
4202
33781
134630
278295
258579
112155
25628
40423
284484
892017
1.22461e+06
714987
208319
88702
298392
594175
502028
229010
246957
693080
1.16274e+06
890446
374424
226786
364800
383210
381065
1.01129e+06
2.13242e+06
2.15078e+06
1.07029e+06
409133
323943
346801
660452
1.41757e+06
1.74697e+06
1.21616e+06
1.03724e+06
1.22753e+06
1.01993e+06
972400
1.23901e+06
1.10911e+06
1.02878e+06
1.3311e+06
1.61804e+06
2.54436e+06
3.52673e+06
2.56048e+06
994762
415034
959967
2.039e+06
2.24873e+06
1.46409e+06
1.04203e+06
1.31581e+06
2.15595e+06
2.54395e+06
2.16022e+06
2.16767e+06
2.66095e+06
3.63348e+06
3.55752e+06
2.49499e+06
2.02665e+06
2.26689e+06
2.70961e+06
2.34508e+06
2.02956e+06
2.16417e+06
2.58641e+06
2.29616e+06
1.67398e+06
2.23049e+06
3.85377e+06
4.30203e+06
3.36689e+06
3.47683e+06
4.91293e+06
5.4587e+06
4.42486e+06
3.23254e+06
2.19943e+06
1.43148e+06
1.39896e+06
2.91591e+06
4.66573e+06
4.01457e+06
3.05353e+06
4.169e+06
4.76258e+06
4.29832e+06
3.16281e+06
3.3415e+06
3.66022e+06
4.06213e+06
5.33452e+06
4.79311e+06
3.5265e+06
3.18526e+06
3.28322e+06
2.68474e+06
1.66473e+06
1.59608e+06
2.16086e+06
2.71223e+06
3.72978e+06
4.34191e+06
4.58234e+06
4.6928e+06
3.11627e+06
2.16321e+06
2.70253e+06
3.1556e+06
2.90952e+06
2.65936e+06
1.95654e+06
1.5784e+06
2.02575e+06
2.37297e+06
1.31141e+06
511987
1.0067e+06
2.09764e+06
2.89693e+06
3.28317e+06
4.12752e+06
3.64071e+06
1.90744e+06
569007
622541
1.28295e+06
1.09554e+06
323999
178919
237451
191053
530741
787258
1.40186e+06
2.19514e+06
2.24472e+06
1.48744e+06
520310
362681
378338
66247
459
0
0
3
125
2920
32863
210138
662069
986878
558427
86292
3813
88
0
0
0
0
0
0
9
361
5268
32135
72701
30838
0
0
0
0
0
0
0
0
0
0
0
0
0
0
0
0
0
0
0
0
0
0
0
0
0
0
0
0
0
0
0
0
0
0
0
0
0
0
0
0
0
0
0
0
0
0
0
0
0
0
0
0
0
0
0
0
0
0
0
0
0
0
0
0
0
0
0
0
0
0
0
0
0
0
0
0
0
0
0
0
0
0
0
0
0
0
0
0
0
0
0
0
0
0
0
0
0
0
0
0
0
0
0
0
0
0
0
0
0
0
0
0
0
0
0
0
0
0
0
0
0
0
0
0
0
0
0
0
0
0
0
0
0
0
0
0
0
0
0
0
0
0
0
0
0
0
0
0
0
0
0
0
0
0
0
0
0
0
0
0
0
0
0
0
0
0
0
0
0
0
0
0
0
0
0
0
0
0
0
0
0
0
0
0
0
0
0
0
0
0
0
0
0
0
0
0
0
0
0
0
