983040
0
0
0
0
0
0
0
0
0
0
0
0
0
0
0
0
2053
233126
1.66653e+06
2.42518e+06
1.2335e+06
296591
38542
3775
15128
116950
476214
958788
895168
393571
90411
136517
982727
3.13033e+06
4.23365e+06
2.50759e+06
716845
304127
1.04714e+06
2.05011e+06
1.75093e+06
802194
866943
2.44022e+06
3.96979e+06
3.11333e+06
1.31535e+06
796656
1.27084e+06
1.32315e+06
1.32207e+06
3.54809e+06
7.39246e+06
7.4654e+06
3.75671e+06
1.42179e+06
1.10647e+06
1.20742e+06
2.32138e+06
4.94424e+06
5.99421e+06
4.28346e+06
3.639e+06
4.20588e+06
3.57139e+06
3.41521e+06
4.25916e+06
3.88185e+06
3.60884e+06
4.55936e+06
5.65984e+06
8.92549e+06
1.21203e+07
8.97559e+06
3.48679e+06
1.43707e+06
3.37012e+06
7.05355e+06
7.75466e+06
5.15546e+06
3.61762e+06
4.61677e+06
7.48763e+06
8.77835e+06
7.59618e+06
7.48535e+06
9.3445e+06
1.2559e+07
1.23335e+07
8.74167e+06
6.99545e+06
7.97143e+06
9.33844e+06
8.23709e+06
7.00531e+06
7.56238e+06
8.95752e+06
7.98061e+06
5.8493e+06
7.80703e+06
1.33538e+07
1.48883e+07
1.17899e+07
1.21721e+07
1.70413e+07
1.88837e+07
1.54528e+07
1.12409e+07
7.6514e+06
4.96365e+06
4.90192e+06
1.0229e+07
1.60195e+07
1.40513e+07
1.07002e+07
1.4528e+07
1.6447e+07
1.49989e+07
1.10104e+07
1.15556e+07
1.27865e+07
1.41826e+07
1.85542e+07
1.65425e+07
1.23221e+07
1.11359e+07
1.13391e+07
9.37512e+06
5.81518e+06
5.53324e+06
7.53779e+06
9.44839e+06
1.28882e+07
1.51278e+07
1.60152e+07
1.62235e+07
1.08251e+07
7.60864e+06
9.36774e+06
1.09582e+07
1.01813e+07
9.18743e+06
6.82532e+06
5.49146e+06
7.03836e+06
8.27671e+06
4.54508e+06
1.79528e+06
3.51717e+06
7.30747e+06
9.93429e+06
1.15657e+07
1.43503e+07
1.26345e+07
6.60021e+06
1.99175e+06
2.1789e+06
4.49368e+06
3.76056e+06
1.1398e+06
625895
822663
661415
1.86661e+06
2.74389e+06
4.8869e+06
7.62282e+06
7.82809e+06
5.10889e+06
1.83261e+06
1.27575e+06
1.30697e+06
224485
1466
0
0
12
359
9593
115373
738378
2.32915e+06
3.41043e+06
1.92793e+06
302493
13331
310
0
0
0
0
0
0
57
1209
18301
114367
256654
100932
0
0
0
0
0
0
0
0
0
0
0
0
0
0
0
0
0
0
0
0
0
0
0
0
0
0
0
0
0
0
0
0
0
0
0
0
0
0
0
0
0
0
0
0
0
0
0
0
0
0
0
0
0
0
0
0
0
0
0
0
0
0
0
0
0
0
0
0
0
0
0
0
0
0
0
0
0
0
0
0
0
0
0
0
0
0
0
0
0
0
0
0
0
0
0
0
0
0
0
0
0
0
0
0
0
0
0
0
0
0
0
0
0
0
0
0
0
0
0
0
0
0
0
0
0
0
0
0
0
0
0
0
0
0
0
0
0
0
0
0
0
0
0
0
0
0
0
0
0
0
0
0
0
0
0
0
0
0
0
0
0
0
0
0
0
0
0
0
0
0
0
0
0
0
0
0
0
0
0
0
0
0
0
0
0
0
0
0
0
0
0
0
0
0
0
0
0
0
0
0
