729088
0
0
0
0
0
0
0
0
0
0
0
0
0
0
0
0
1517
173482
1.23378e+06
1.80109e+06
914541
219793
28279
2889
10978
86808
352418
712722
663831
291164
67225
101278
729206
2.31725e+06
3.14652e+06
1.85802e+06
530641
226084
775436
1.52195e+06
1.29816e+06
594424
640909
1.8063e+06
2.95585e+06
2.3071e+06
972157
589529
943350
983471
978639
2.62431e+06
5.48959e+06
5.5449e+06
2.77908e+06
1.05241e+06
823075
895324
1.71532e+06
3.66954e+06
4.45724e+06
3.16713e+06
2.69539e+06
3.12865e+06
2.64295e+06
2.52983e+06
3.1675e+06
2.87582e+06
2.67119e+06
3.39115e+06
4.1919e+06
6.60999e+06
9.01042e+06
6.65164e+06
2.57928e+06
1.0641e+06
2.49209e+06
5.23956e+06
5.7632e+06
3.81583e+06
2.68236e+06
3.41635e+06
5.55821e+06
6.5197e+06
5.62156e+06
5.55735e+06
6.92018e+06
9.32464e+06
9.15804e+06
6.46958e+06
5.19219e+06
5.90382e+06
6.93718e+06
6.10086e+06
5.20402e+06
5.59977e+06
6.64949e+06
5.92473e+06
4.32762e+06
5.78053e+06
9.92253e+06
1.10509e+07
8.72851e+06
9.01261e+06
1.26518e+07
1.40207e+07
1.14518e+07
8.33807e+06
5.6764e+06
3.67872e+06
3.6241e+06
7.57578e+06
1.19158e+07
1.04158e+07
7.91632e+06
1.07716e+07
1.22146e+07
1.11216e+07
8.16428e+06
8.57424e+06
9.48045e+06
1.05043e+07
1.37677e+07
1.22856e+07
9.13186e+06
8.25175e+06
8.42244e+06
6.95096e+06
4.30417e+06
4.10159e+06
5.58838e+06
7.00247e+06
9.57104e+06
1.12281e+07
1.18603e+07
1.20498e+07
8.02769e+06
5.63047e+06
6.95429e+06
8.13262e+06
7.53904e+06
6.82089e+06
5.06148e+06
4.07078e+06
5.22024e+06
6.14057e+06
3.37316e+06
1.3253e+06
2.60443e+06
5.42113e+06
7.38354e+06
8.55869e+06
1.0649e+07
9.37813e+06
4.89958e+06
1.4712e+06
1.60783e+06
3.33246e+06
2.79963e+06
843187
463184
609900
487334
1.37948e+06
2.03563e+06
3.6238e+06
5.65993e+06
5.80434e+06
3.79772e+06
1.35497e+06
941173
972579
168348
1141
0
0
12
269
7036
84203
542037
1.72204e+06
2.53751e+06
1.43531e+06
223559
9587
231
0
0
0
0
0
0
43
818
13348
83769
190388
76178
0
0
0
0
0
0
0
0
0
0
0
0
0
0
0
0
0
0
0
0
0
0
0
0
0
0
0
0
0
0
0
0
0
0
0
0
0
0
0
0
0
0
0
0
0
0
0
0
0
0
0
0
0
0
0
0
0
0
0
0
0
0
0
0
0
0
0
0
0
0
0
0
0
0
0
0
0
0
0
0
0
0
0
0
0
0
0
0
0
0
0
0
0
0
0
0
0
0
0
0
0
0
0
0
0
0
0
0
0
0
0
0
0
0
0
0
0
0
0
0
0
0
0
0
0
0
0
0
0
0
0
0
0
0
0
0
0
0
0
0
0
0
0
0
0
0
0
0
0
0
0
0
0
0
0
0
0
0
0
0
0
0
0
0
0
0
0
0
0
0
0
0
0
0
0
0
0
0
0
0
0
0
0
0
0
0
0
0
0
0
0
0
0
0
0
0
0
0
0
0
