387072
0
0
0
0
0
0
0
0
0
0
0
0
0
0
0
0
819
92584
652914
959017
483581
117219
15149
1614
5771
46490
186330
378434
352966
154562
35666
55311
389550
1.22463e+06
1.67142e+06
982887
284610
121361
410314
811653
687139
315095
340531
953425
1.57943e+06
1.22122e+06
516098
311925
499759
523693
521850
1.38966e+06
2.91709e+06
2.94224e+06
1.46998e+06
561153
440256
476315
908909
1.94314e+06
2.37868e+06
1.67419e+06
1.42576e+06
1.66918e+06
1.40094e+06
1.33704e+06
1.68946e+06
1.52435e+06
1.41286e+06
1.81215e+06
2.22613e+06
3.49432e+06
4.80134e+06
3.51614e+06
1.36803e+06
571418
1.31991e+06
2.78593e+06
3.06572e+06
2.01657e+06
1.42737e+06
1.80905e+06
2.94867e+06
3.47292e+06
2.97301e+06
2.9638e+06
3.65644e+06
4.9619e+06
4.86421e+06
3.42666e+06
2.76872e+06
3.11822e+06
3.69916e+06
3.22318e+06
2.7725e+06
2.96778e+06
3.53456e+06
3.14405e+06
2.2987e+06
3.06449e+06
5.27082e+06
5.87769e+06
4.62452e+06
4.7733e+06
6.72213e+06
7.45538e+06
6.07052e+06
4.42791e+06
3.01261e+06
1.95772e+06
1.92416e+06
4.00923e+06
6.3537e+06
5.51213e+06
4.19701e+06
5.71046e+06
6.50245e+06
5.89589e+06
4.33369e+06
4.56812e+06
5.02604e+06
5.56874e+06
7.30291e+06
6.54508e+06
4.83708e+06
4.3727e+06
4.48243e+06
3.68175e+06
2.28669e+06
2.18306e+06
2.96343e+06
3.71675e+06
5.09023e+06
5.95296e+06
6.28526e+06
6.41607e+06
4.26693e+06
2.97528e+06
3.69699e+06
4.31742e+06
3.99386e+06
3.63286e+06
2.68104e+06
2.1637e+06
2.77496e+06
3.25076e+06
1.79222e+06
703521
1.37869e+06
2.87414e+06
3.95216e+06
4.52203e+06
5.64893e+06
4.97963e+06
2.60764e+06
780548
854271
1.76134e+06
1.49334e+06
445730
245511
324292
261419
729064
1.07817e+06
1.92003e+06
3.0096e+06
3.07682e+06
2.02844e+06
715096
497286
516359
90439
602
0
0
3
139
3943
44652
286609
909334
1.35181e+06
764053
117911
5087
106
0
0
0
0
0
0
15
482
6903
43693
100328
42115
0
0
0
0
0
0
0
0
0
0
0
0
0
0
0
0
0
0
0
0
0
0
0
0
0
0
0
0
0
0
0
0
0
0
0
0
0
0
0
0
0
0
0
0
0
0
0
0
0
0
0
0
0
0
0
0
0
0
0
0
0
0
0
0
0
0
0
0
0
0
0
0
0
0
0
0
0
0
0
0
0
0
0
0
0
0
0
0
0
0
0
0
0
0
0
0
0
0
0
0
0
0
0
0
0
0
0
0
0
0
0
0
0
0
0
0
0
0
0
0
0
0
0
0
0
0
0
0
0
0
0
0
0
0
0
0
0
0
0
0
0
0
0
0
0
0
0
0
0
0
0
0
0
0
0
0
0
0
0
0
0
0
0
0
0
0
0
0
0
0
0
0
0
0
0
0
0
0
0
0
0
0
0
0
0
0
0
0
0
0
0
0
0
0
0
0
0
0
0
0
