235520
0
0
0
0
0
0
0
0
0
0
0
0
0
0
0
0
549
56542
395967
585609
293116
71134
9466
1020
3486
27815
112196
232341
215803
93014
21435
33858
235771
743112
1.02425e+06
593081
173509
74186
248529
496244
417949
190064
205176
576172
973708
740502
311305
188465
304378
320278
316672
840304
1.78004e+06
1.79344e+06
888671
341517
271370
288514
549225
1.18076e+06
1.46076e+06
1.00964e+06
862710
1.02792e+06
847072
809461
1.03477e+06
922516
855844
1.11467e+06
1.344e+06
2.11578e+06
2.95098e+06
2.12663e+06
828479
346736
798919
1.70039e+06
1.87555e+06
1.21671e+06
870972
1.09392e+06
1.79709e+06
2.12436e+06
1.79497e+06
1.81066e+06
2.213e+06
3.03032e+06
2.96623e+06
2.07589e+06
1.69024e+06
1.88534e+06
2.26584e+06
1.94806e+06
1.69538e+06
1.79987e+06
2.1588e+06
1.91175e+06
1.39498e+06
1.85715e+06
3.21255e+06
3.5873e+06
2.80475e+06
2.89643e+06
4.09261e+06
4.55178e+06
3.6831e+06
2.69696e+06
1.83174e+06
1.19367e+06
1.16843e+06
2.4239e+06
3.89742e+06
3.33988e+06
2.54366e+06
3.47082e+06
3.97573e+06
3.57644e+06
2.6364e+06
2.79169e+06
3.04818e+06
3.38505e+06
4.43919e+06
3.99947e+06
2.93472e+06
2.6532e+06
2.74345e+06
2.23422e+06
1.38661e+06
1.33204e+06
1.79825e+06
2.2558e+06
3.11521e+06
3.61935e+06
3.81362e+06
3.91401e+06
2.59512e+06
1.79993e+06
2.25612e+06
2.63114e+06
2.41977e+06
2.21969e+06
1.62819e+06
1.31476e+06
1.68849e+06
1.97755e+06
1.09318e+06
425912
838413
1.74726e+06
2.42209e+06
2.72798e+06
3.4398e+06
3.03587e+06
1.59109e+06
473062
517778
1.0674e+06
915871
269896
148643
197932
159312
440510
655889
1.16776e+06
1.82969e+06
1.87068e+06
1.2433e+06
431678
301619
315579
55461
360
0
0
3
106
2402
27302
174034
550603
824113
466576
71347
3132
62
0
0
0
0
0
0
9
324
4337
26630
60452
26008
0
0
0
0
0
0
0
0
0
0
0
0
0
0
0
0
0
0
0
0
0
0
0
0
0
0
0
0
0
0
0
0
0
0
0
0
0
0
0
0
0
0
0
0
0
0
0
0
0
0
0
0
0
0
0
0
0
0
0
0
0
0
0
0
0
0
0
0
0
0
0
0
0
0
0
0
0
0
0
0
0
0
0
0
0
0
0
0
0
0
0
0
0
0
0
0
0
0
0
0
0
0
0
0
0
0
0
0
0
0
0
0
0
0
0
0
0
0
0
0
0
0
0
0
0
0
0
0
0
0
0
0
0
0
0
0
0
0
0
0
0
0
0
0
0
0
0
0
0
0
0
0
0
0
0
0
0
0
0
0
0
0
0
0
0
0
0
0
0
0
0
0
0
0
0
0
0
0
0
0
0
0
0
0
0
0
0
0
0
0
0
0
0
0
0
0
0
0
0
0
