960512
0
0
0
0
0
0
0
0
0
0
0
0
0
0
0
0
2010
227937
1.62817e+06
2.36955e+06
1.20506e+06
289966
37715
3701
14816
114447
465151
936699
874540
384568
88517
133617
960479
3.05818e+06
4.13625e+06
2.4497e+06
700886
297618
1.02316e+06
2.00294e+06
1.71062e+06
783706
847891
2.38366e+06
3.87882e+06
3.04127e+06
1.28584e+06
778788
1.24133e+06
1.29299e+06
1.29205e+06
3.46765e+06
7.22255e+06
7.29178e+06
3.67148e+06
1.38981e+06
1.08151e+06
1.18006e+06
2.26873e+06
4.83043e+06
5.85681e+06
4.18442e+06
3.55612e+06
4.10932e+06
3.48868e+06
3.33816e+06
4.16182e+06
3.79174e+06
3.52686e+06
4.45577e+06
5.53079e+06
8.72045e+06
1.18402e+07
8.76876e+06
3.40803e+06
1.40594e+06
3.29375e+06
6.89048e+06
7.5769e+06
5.03652e+06
3.5364e+06
4.51111e+06
7.31561e+06
8.57649e+06
7.42151e+06
7.31518e+06
9.13012e+06
1.22702e+07
1.205e+07
8.54195e+06
6.83678e+06
7.78902e+06
9.12358e+06
8.04645e+06
6.84677e+06
7.38878e+06
8.75162e+06
7.79777e+06
5.71571e+06
7.62933e+06
1.30494e+07
1.45442e+07
1.15193e+07
1.1894e+07
1.66512e+07
1.84504e+07
1.50971e+07
1.09825e+07
7.47732e+06
4.85099e+06
4.791e+06
9.99599e+06
1.56486e+07
1.37277e+07
1.04568e+07
1.41956e+07
1.60693e+07
1.4655e+07
1.07599e+07
1.12893e+07
1.24945e+07
1.38589e+07
1.81274e+07
1.61636e+07
1.2039e+07
1.08798e+07
1.10799e+07
9.16122e+06
5.68204e+06
5.40806e+06
7.36574e+06
9.23104e+06
1.25909e+07
1.47824e+07
1.56479e+07
1.58501e+07
1.05774e+07
7.4356e+06
9.15263e+06
1.07067e+07
9.94813e+06
8.97829e+06
6.66735e+06
5.36613e+06
6.87709e+06
8.0858e+06
4.44098e+06
1.7546e+06
3.43763e+06
7.13953e+06
9.70769e+06
1.13003e+07
1.40206e+07
1.23444e+07
6.44824e+06
1.94744e+06
2.12889e+06
4.38982e+06
3.67464e+06
1.11381e+06
611871
803670
646419
1.82358e+06
2.68141e+06
4.77528e+06
7.44709e+06
7.64874e+06
4.9918e+06
1.79077e+06
1.24642e+06
1.27703e+06
219407
1410
0
0
12
350
9382
112896
721580
2.27618e+06
3.33135e+06
1.8838e+06
295726
13021
308
0
0
0
0
0
0
57
1168
17879
111866
250694
98592
0
0
0
0
0
0
0
0
0
0
0
0
0
0
0
0
0
0
0
0
0
0
0
0
0
0
0
0
0
0
0
0
0
0
0
0
0
0
0
0
0
0
0
0
0
0
0
0
0
0
0
0
0
0
0
0
0
0
0
0
0
0
0
0
0
0
0
0
0
0
0
0
0
0
0
0
0
0
0
0
0
0
0
0
0
0
0
0
0
0
0
0
0
0
0
0
0
0
0
0
0
0
0
0
0
0
0
0
0
0
0
0
0
0
0
0
0
0
0
0
0
0
0
0
0
0
0
0
0
0
0
0
0
0
0
0
0
0
0
0
0
0
0
0
0
0
0
0
0
0
0
0
0
0
0
0
0
0
0
0
0
0
0
0
0
0
0
0
0
0
0
0
0
0
0
0
0
0
0
0
0
0
0
0
0
0
0
0
0
0
0
0
0
0
0
0
0
0
0
0
