309248
0
0
0
0
0
0
0
0
0
0
0
0
0
0
0
0
692
73900
521137
767403
385414
93704
12300
1293
4590
37171
147603
303626
282979
122999
28070
44342
311544
976158
1.33881e+06
782975
227856
97257
326547
650090
549033
250752
270563
759486
1.26974e+06
974720
410487
248431
399132
418749
417032
1.10741e+06
2.3332e+06
2.3518e+06
1.17191e+06
448289
353693
379819
722913
1.55217e+06
1.90881e+06
1.33236e+06
1.13598e+06
1.34134e+06
1.11726e+06
1.06495e+06
1.35326e+06
1.21407e+06
1.12709e+06
1.45328e+06
1.77235e+06
2.78749e+06
3.85363e+06
2.80374e+06
1.08835e+06
453927
1.05195e+06
2.23092e+06
2.45817e+06
1.60354e+06
1.14005e+06
1.44211e+06
2.35784e+06
2.78058e+06
2.36623e+06
2.37021e+06
2.91552e+06
3.9723e+06
3.89118e+06
2.73271e+06
2.21594e+06
2.4833e+06
2.96123e+06
2.56934e+06
2.21828e+06
2.36949e+06
2.82995e+06
2.51225e+06
1.83159e+06
2.4433e+06
4.2151e+06
4.7018e+06
3.68771e+06
3.80902e+06
5.37415e+06
5.96841e+06
4.84346e+06
3.53682e+06
2.40718e+06
1.56503e+06
1.53252e+06
3.19518e+06
5.09686e+06
4.39523e+06
3.345e+06
4.562e+06
5.206e+06
4.70582e+06
3.46124e+06
3.65312e+06
4.0081e+06
4.44757e+06
5.83695e+06
5.23843e+06
3.85993e+06
3.48917e+06
3.58883e+06
2.93944e+06
1.82287e+06
1.74654e+06
2.36602e+06
2.96747e+06
4.0766e+06
4.75194e+06
5.01601e+06
5.13224e+06
3.40961e+06
2.3704e+06
2.95566e+06
3.45242e+06
3.18634e+06
2.90753e+06
2.14054e+06
1.72755e+06
2.21707e+06
2.59629e+06
1.43428e+06
560931
1.10177e+06
2.29467e+06
3.16642e+06
3.59783e+06
4.51546e+06
3.98294e+06
2.08554e+06
622981
681454
1.40506e+06
1.19747e+06
354460
196047
259565
209158
581216
861873
1.53346e+06
2.40151e+06
2.45766e+06
1.62582e+06
569650
397133
413398
72436
500
0
0
3
132
3205
36047
229847
724967
1.07968e+06
610762
94393
4087
104
0
0
0
0
0
0
15
398
5689
35178
79813
33531
0
0
0
0
0
0
0
0
0
0
0
0
0
0
0
0
0
0
0
0
0
0
0
0
0
0
0
0
0
0
0
0
0
0
0
0
0
0
0
0
0
0
0
0
0
0
0
0
0
0
0
0
0
0
0
0
0
0
0
0
0
0
0
0
0
0
0
0
0
0
0
0
0
0
0
0
0
0
0
0
0
0
0
0
0
0
0
0
0
0
0
0
0
0
0
0
0
0
0
0
0
0
0
0
0
0
0
0
0
0
0
0
0
0
0
0
0
0
0
0
0
0
0
0
0
0
0
0
0
0
0
0
0
0
0
0
0
0
0
0
0
0
0
0
0
0
0
0
0
0
0
0
0
0
0
0
0
0
0
0
0
0
0
0
0
0
0
0
0
0
0
0
0
0
0
0
0
0
0
0
0
0
0
0
0
0
0
0
0
0
0
0
0
0
0
0
0
0
0
0
