544768
0
0
0
0
0
0
0
0
0
0
0
0
0
0
0
0
1137
130083
920174
1.34779e+06
682280
164366
21195
2169
8009
64980
264015
531802
496078
217676
50244
76557
546075
1.72818e+06
2.35273e+06
1.3851e+06
398384
170034
578550
1.13838e+06
969221
443812
478513
1.34756e+06
2.21421e+06
1.72211e+06
725702
439663
705269
735835
732774
1.95768e+06
4.10228e+06
4.14431e+06
2.07273e+06
787150
617553
669783
1.27993e+06
2.73953e+06
3.33689e+06
2.36297e+06
2.01135e+06
2.34124e+06
1.97228e+06
1.88752e+06
2.37343e+06
2.14746e+06
1.98983e+06
2.54307e+06
3.13317e+06
4.93055e+06
6.73914e+06
4.96267e+06
1.92628e+06
798780
1.86052e+06
3.9185e+06
4.3107e+06
2.84431e+06
2.00551e+06
2.54793e+06
4.15368e+06
4.88108e+06
4.1914e+06
4.16011e+06
5.16059e+06
6.97301e+06
6.84728e+06
4.82843e+06
3.88696e+06
4.4026e+06
5.1898e+06
4.54816e+06
3.89707e+06
4.17795e+06
4.97442e+06
4.42543e+06
3.23397e+06
4.3152e+06
7.41595e+06
8.26677e+06
6.51478e+06
6.72765e+06
9.45777e+06
1.04789e+07
8.55287e+06
6.23057e+06
4.24032e+06
2.75329e+06
2.7086e+06
5.65046e+06
8.9201e+06
7.77082e+06
5.91247e+06
8.04548e+06
9.13773e+06
8.30233e+06
6.10002e+06
6.4178e+06
7.08005e+06
7.84406e+06
1.02845e+07
9.19133e+06
6.81273e+06
6.1631e+06
6.30102e+06
5.18903e+06
3.21617e+06
3.06891e+06
4.17429e+06
5.22844e+06
7.15649e+06
8.38787e+06
8.85602e+06
9.01631e+06
5.9971e+06
4.19924e+06
5.19949e+06
6.07834e+06
5.62759e+06
5.10435e+06
3.77636e+06
3.04214e+06
3.90229e+06
4.58395e+06
2.52101e+06
989991
1.94082e+06
4.05175e+06
5.53662e+06
6.38135e+06
7.95432e+06
7.00771e+06
3.66434e+06
1.09881e+06
1.19989e+06
2.48667e+06
2.09618e+06
628763
345818
455632
365832
1.02883e+06
1.51972e+06
2.70558e+06
4.23363e+06
4.3327e+06
2.84404e+06
1.01033e+06
701806
726789
126291
868
0
0
8
212
5346
62516
404057
1.28483e+06
1.89811e+06
1.07416e+06
166343
7165
162
0
0
0
0
0
0
27
619
9833
61789
142010
58106
0
0
0
0
0
0
0
0
0
0
0
0
0
0
0
0
0
0
0
0
0
0
0
0
0
0
0
0
0
0
0
0
0
0
0
0
0
0
0
0
0
0
0
0
0
0
0
0
0
0
0
0
0
0
0
0
0
0
0
0
0
0
0
0
0
0
0
0
0
0
0
0
0
0
0
0
0
0
0
0
0
0
0
0
0
0
0
0
0
0
0
0
0
0
0
0
0
0
0
0
0
0
0
0
0
0
0
0
0
0
0
0
0
0
0
0
0
0
0
0
0
0
0
0
0
0
0
0
0
0
0
0
0
0
0
0
0
0
0
0
0
0
0
0
0
0
0
0
0
0
0
0
0
0
0
0
0
0
0
0
0
0
0
0
0
0
0
0
0
0
0
0
0
0
0
0
0
0
0
0
0
0
0
0
0
0
0
0
0
0
0
0
0
0
0
0
0
0
0
0
