280576
0
0
0
0
0
0
0
0
0
0
0
0
0
0
0
0
640
67147
472469
696528
349680
84976
11181
1138
4173
33533
133627
276329
256684
111334
25455
40128
282398
885494
1.21589e+06
709714
206831
88061
296194
589928
498390
227351
245155
687962
1.15437e+06
884045
371690
225112
362194
380472
378223
1.00383e+06
2.11711e+06
2.13533e+06
1.06242e+06
406175
321601
344280
655657
1.40723e+06
1.73445e+06
1.20723e+06
1.02972e+06
1.21872e+06
1.01236e+06
965361
1.23027e+06
1.10104e+06
1.02112e+06
1.32187e+06
1.60611e+06
2.52565e+06
3.50154e+06
2.54166e+06
987626
412176
952900
2.0242e+06
2.23245e+06
1.45343e+06
1.03452e+06
1.30623e+06
2.14036e+06
2.52559e+06
2.14445e+06
2.15219e+06
2.64126e+06
3.60758e+06
3.53164e+06
2.47675e+06
2.01206e+06
2.2502e+06
2.69031e+06
2.32782e+06
2.01519e+06
2.14826e+06
2.56768e+06
2.2795e+06
1.66186e+06
2.21426e+06
3.82585e+06
4.27116e+06
3.34256e+06
3.45119e+06
4.8774e+06
5.4193e+06
4.39267e+06
3.20917e+06
2.18356e+06
1.42117e+06
1.38884e+06
2.89442e+06
4.63238e+06
3.98525e+06
3.03132e+06
4.1386e+06
4.72847e+06
4.26693e+06
3.13997e+06
3.31772e+06
3.6334e+06
4.0325e+06
5.29584e+06
4.75874e+06
3.50069e+06
3.16205e+06
3.25984e+06
2.665e+06
1.65263e+06
1.58469e+06
2.14496e+06
2.69242e+06
3.70327e+06
4.31026e+06
4.54894e+06
4.65905e+06
3.09365e+06
2.1473e+06
2.68309e+06
3.13286e+06
2.88815e+06
2.64026e+06
1.94239e+06
1.56687e+06
2.01123e+06
2.35561e+06
1.30194e+06
508266
999420
2.08247e+06
2.8763e+06
3.25901e+06
4.09752e+06
3.61439e+06
1.89364e+06
564920
618090
1.27349e+06
1.08766e+06
321706
177589
235746
189694
526754
781575
1.39177e+06
2.17934e+06
2.22818e+06
1.47693e+06
516439
360052
375598
65778
458
0
0
3
124
2904
32631
208611
657165
979796
554456
85615
3791
88
0
0
0
0
0
0
9
358
5223
31917
72145
30636
0
0
0
0
0
0
0
0
0
0
0
0
0
0
0
0
0
0
0
0
0
0
0
0
0
0
0
0
0
0
0
0
0
0
0
0
0
0
0
0
0
0
0
0
0
0
0
0
0
0
0
0
0
0
0
0
0
0
0
0
0
0
0
0
0
0
0
0
0
0
0
0
0
0
0
0
0
0
0
0
0
0
0
0
0
0
0
0
0
0
0
0
0
0
0
0
0
0
0
0
0
0
0
0
0
0
0
0
0
0
0
0
0
0
0
0
0
0
0
0
0
0
0
0
0
0
0
0
0
0
0
0
0
0
0
0
0
0
0
0
0
0
0
0
0
0
0
0
0
0
0
0
0
0
0
0
0
0
0
0
0
0
0
0
0
0
0
0
0
0
0
0
0
0
0
0
0
0
0
0
0
0
0
0
0
0
0
0
0
0
0
0
0
0
0
0
0
0
0
0
