657408
0
0
0
0
0
0
0
0
0
0
0
0
0
0
0
0
1357
156596
1.11225e+06
1.62442e+06
823738
198474
25733
2626
9847
78204
318424
641950
598679
262298
60930
92027
658557
2.08786e+06
2.8365e+06
1.67357e+06
480170
204912
699186
1.37212e+06
1.16959e+06
536260
578831
1.62738e+06
2.66673e+06
2.0796e+06
876453
531992
849821
887693
883239
2.36735e+06
4.94717e+06
4.99834e+06
2.50567e+06
950296
743017
807851
1.54784e+06
3.3062e+06
4.02008e+06
2.85481e+06
2.43075e+06
2.82091e+06
2.38324e+06
2.28035e+06
2.85757e+06
2.59309e+06
2.40719e+06
3.06013e+06
3.78141e+06
5.95904e+06
8.12168e+06
5.99455e+06
2.32685e+06
962686
2.24776e+06
4.72386e+06
5.19685e+06
3.43901e+06
2.42034e+06
3.07931e+06
5.01029e+06
5.88062e+06
5.0685e+06
5.01447e+06
6.23682e+06
8.4067e+06
8.25833e+06
5.8332e+06
4.68486e+06
5.32051e+06
6.25698e+06
5.49694e+06
4.69595e+06
5.04532e+06
5.99915e+06
5.34169e+06
3.90376e+06
5.21366e+06
8.94649e+06
9.96171e+06
7.87146e+06
8.12737e+06
1.14075e+07
1.26396e+07
1.0325e+07
7.51875e+06
5.11821e+06
3.3197e+06
3.27038e+06
6.8273e+06
1.0748e+07
9.38765e+06
7.14016e+06
9.71021e+06
1.10172e+07
1.00241e+07
7.364e+06
7.73314e+06
8.54815e+06
9.47163e+06
1.24108e+07
1.10809e+07
8.23097e+06
7.43911e+06
7.59796e+06
6.2652e+06
3.88305e+06
3.69862e+06
5.03795e+06
6.31496e+06
8.63239e+06
1.01212e+07
1.06915e+07
1.08687e+07
7.2375e+06
5.07752e+06
6.27272e+06
7.33157e+06
6.7965e+06
6.15105e+06
4.56241e+06
3.67319e+06
4.70759e+06
5.53237e+06
3.04328e+06
1.19596e+06
2.34763e+06
4.88733e+06
6.66204e+06
7.71395e+06
9.60226e+06
8.45554e+06
4.41769e+06
1.32696e+06
1.45113e+06
3.00281e+06
2.52453e+06
760307
417506
550138
440000
1.24387e+06
1.83634e+06
3.26669e+06
5.10583e+06
5.23062e+06
3.42534e+06
1.22157e+06
848653
876274
152066
1046
0
0
12
263
6359
76207
488984
1.55236e+06
2.28848e+06
1.29412e+06
200969
8706
213
0
0
0
0
0
0
37
748
12019
75181
171497
69222
0
0
0
0
0
0
0
0
0
0
0
0
0
0
0
0
0
0
0
0
0
0
0
0
0
0
0
0
0
0
0
0
0
0
0
0
0
0
0
0
0
0
0
0
0
0
0
0
0
0
0
0
0
0
0
0
0
0
0
0
0
0
0
0
0
0
0
0
0
0
0
0
0
0
0
0
0
0
0
0
0
0
0
0
0
0
0
0
0
0
0
0
0
0
0
0
0
0
0
0
0
0
0
0
0
0
0
0
0
0
0
0
0
0
0
0
0
0
0
0
0
0
0
0
0
0
0
0
0
0
0
0
0
0
0
0
0
0
0
0
0
0
0
0
0
0
0
0
0
0
0
0
0
0
0
0
0
0
0
0
0
0
0
0
0
0
0
0
0
0
0
0
0
0
0
0
0
0
0
0
0
0
0
0
0
0
0
0
0
0
0
0
0
0
0
0
0
0
0
0
