966656
0
0
0
0
0
0
0
0
0
0
0
0
0
0
0
0
2027
229365
1.63864e+06
2.38474e+06
1.21268e+06
291840
37965
3729
14910
115163
468104
942805
880052
387051
89061
134439
966763
3.07758e+06
4.16269e+06
2.46544e+06
705388
299509
1.02971e+06
2.01562e+06
1.72173e+06
788737
853161
2.39918e+06
3.90331e+06
3.06095e+06
1.29406e+06
783715
1.24927e+06
1.30117e+06
1.30032e+06
3.48981e+06
7.26866e+06
7.33888e+06
3.69481e+06
1.39852e+06
1.0885e+06
1.18762e+06
2.28323e+06
4.86127e+06
5.89408e+06
4.21153e+06
3.57881e+06
4.1357e+06
3.51105e+06
3.35945e+06
4.188e+06
3.81632e+06
3.54935e+06
4.48417e+06
5.56623e+06
8.77635e+06
1.19161e+07
8.82502e+06
3.42975e+06
1.41464e+06
3.31468e+06
6.93479e+06
7.62542e+06
5.06875e+06
3.55878e+06
4.54009e+06
7.3623e+06
8.63136e+06
7.46943e+06
7.36167e+06
9.18832e+06
1.23491e+07
1.21272e+07
8.5964e+06
6.88017e+06
7.839e+06
9.1818e+06
8.09835e+06
6.89042e+06
7.43582e+06
8.80777e+06
7.84744e+06
5.75259e+06
7.67786e+06
1.31322e+07
1.46382e+07
1.15929e+07
1.197e+07
1.67577e+07
1.85681e+07
1.51937e+07
1.10531e+07
7.52485e+06
4.88208e+06
4.82154e+06
1.00594e+07
1.57496e+07
1.38153e+07
1.0524e+07
1.42863e+07
1.61718e+07
1.47486e+07
1.08286e+07
1.13622e+07
1.25742e+07
1.39473e+07
1.82433e+07
1.62672e+07
1.21161e+07
1.09493e+07
1.11508e+07
9.21961e+06
5.71837e+06
5.44241e+06
7.4129e+06
9.29011e+06
1.26716e+07
1.48769e+07
1.57478e+07
1.59521e+07
1.06447e+07
7.48294e+06
9.21136e+06
1.07754e+07
1.00115e+07
9.0355e+06
6.71019e+06
5.40055e+06
6.92124e+06
8.13721e+06
4.46974e+06
1.76566e+06
3.4595e+06
7.18544e+06
9.76949e+06
1.13727e+07
1.41101e+07
1.24237e+07
6.48947e+06
1.95981e+06
2.14252e+06
4.41801e+06
3.69804e+06
1.12097e+06
615708
808870
650580
1.83522e+06
2.69858e+06
4.80574e+06
7.49472e+06
7.6981e+06
5.02346e+06
1.80218e+06
1.25453e+06
1.28503e+06
220835
1429
0
0
12
352
9449
113591
726155
2.29062e+06
3.35293e+06
1.89578e+06
297603
13099
309
0
0
0
0
0
0
57
1183
17998
112581
252232
99277
0
0
0
0
0
0
0
0
0
0
0
0
0
0
0
0
0
0
0
0
0
0
0
0
0
0
0
0
0
0
0
0
0
0
0
0
0
0
0
0
0
0
0
0
0
0
0
0
0
0
0
0
0
0
0
0
0
0
0
0
0
0
0
0
0
0
0
0
0
0
0
0
0
0
0
0
0
0
0
0
0
0
0
0
0
0
0
0
0
0
0
0
0
0
0
0
0
0
0
0
0
0
0
0
0
0
0
0
0
0
0
0
0
0
0
0
0
0
0
0
0
0
0
0
0
0
0
0
0
0
0
0
0
0
0
0
0
0
0
0
0
0
0
0
0
0
0
0
0
0
0
0
0
0
0
0
0
0
0
0
0
0
0
0
0
0
0
0
0
0
0
0
0
0
0
0
0
0
0
0
0
0
0
0
0
0
0
0
0
0
0
0
0
0
0
0
0
0
0
0
