538624
0
0
0
0
0
0
0
0
0
0
0
0
0
0
0
0
1120
128587
909872
1.33249e+06
674664
162516
20935
2142
7900
64235
261044
525662
490699
215238
49607
75723
539786
1.70864e+06
2.32646e+06
1.36932e+06
393975
168100
571950
1.12552e+06
958436
438773
472941
1.33232e+06
2.18935e+06
1.70304e+06
717435
434488
697281
727549
724512
1.93548e+06
4.05616e+06
4.09758e+06
2.04956e+06
778075
610498
662311
1.26555e+06
2.70843e+06
3.29935e+06
2.33618e+06
1.98881e+06
2.31501e+06
1.94983e+06
1.86625e+06
2.34664e+06
2.12335e+06
1.96726e+06
2.51442e+06
3.098e+06
4.87433e+06
6.66384e+06
4.90695e+06
1.90412e+06
789566
1.83977e+06
3.87428e+06
4.26223e+06
2.81203e+06
1.98287e+06
2.51912e+06
4.10678e+06
4.82624e+06
4.14394e+06
4.11339e+06
5.102e+06
6.8948e+06
6.77022e+06
4.77347e+06
3.84359e+06
4.35246e+06
5.13169e+06
4.49694e+06
3.85308e+06
4.13035e+06
4.91867e+06
4.37558e+06
3.19745e+06
4.26641e+06
7.33242e+06
8.17391e+06
6.44089e+06
6.65144e+06
9.3512e+06
1.03613e+07
8.45581e+06
6.16053e+06
4.19268e+06
2.72189e+06
2.67798e+06
5.58619e+06
8.82073e+06
7.6831e+06
5.84511e+06
7.95464e+06
9.03555e+06
8.20865e+06
6.03046e+06
6.3454e+06
6.99994e+06
7.75557e+06
1.0169e+07
9.0878e+06
6.7361e+06
6.09314e+06
6.23042e+06
5.1305e+06
3.17962e+06
3.03388e+06
4.12721e+06
5.16965e+06
7.0764e+06
8.29294e+06
8.75591e+06
8.91502e+06
5.92911e+06
4.15205e+06
5.1407e+06
6.00966e+06
5.56384e+06
5.04707e+06
3.73367e+06
3.00816e+06
3.85806e+06
4.53267e+06
2.49256e+06
978927
1.91911e+06
4.00547e+06
5.47373e+06
6.30957e+06
7.86496e+06
6.92827e+06
3.62357e+06
1.08629e+06
1.18632e+06
2.45861e+06
2.07277e+06
621530
341898
450473
361661
1.01753e+06
1.50246e+06
2.67529e+06
4.18581e+06
4.28304e+06
2.81241e+06
998957
693923
718651
124877
859
0
0
8
212
5306
61850
399813
1.26994e+06
1.87671e+06
1.06201e+06
164498
7105
162
0
0
0
0
0
0
27
616
9731
61083
140377
57478
0
0
0
0
0
0
0
0
0
0
0
0
0
0
0
0
0
0
0
0
0
0
0
0
0
0
0
0
0
0
0
0
0
0
0
0
0
0
0
0
0
0
0
0
0
0
0
0
0
0
0
0
0
0
0
0
0
0
0
0
0
0
0
0
0
0
0
0
0
0
0
0
0
0
0
0
0
0
0
0
0
0
0
0
0
0
0
0
0
0
0
0
0
0
0
0
0
0
0
0
0
0
0
0
0
0
0
0
0
0
0
0
0
0
0
0
0
0
0
0
0
0
0
0
0
0
0
0
0
0
0
0
0
0
0
0
0
0
0
0
0
0
0
0
0
0
0
0
0
0
0
0
0
0
0
0
0
0
0
0
0
0
0
0
0
0
0
0
0
0
0
0
0
0
0
0
0
0
0
0
0
0
0
0
0
0
0
0
0
0
0
0
0
0
0
0
0
0
0
0
