925696
0
0
0
0
0
0
0
0
0
0
0
0
0
0
0
0
1946
219552
1.56924e+06
2.28398e+06
1.16104e+06
279395
36429
3581
14233
110304
448438
903032
842390
370600
85348
128864
925511
2.94722e+06
3.98744e+06
2.36e+06
675106
287229
986213
1.93059e+06
1.64812e+06
755338
817487
2.297e+06
3.73841e+06
2.93055e+06
1.23898e+06
750659
1.19678e+06
1.24656e+06
1.24549e+06
3.34159e+06
6.96082e+06
7.0273e+06
3.53667e+06
1.34053e+06
1.04285e+06
1.13751e+06
2.18645e+06
4.65567e+06
5.64376e+06
4.03259e+06
3.42669e+06
3.96148e+06
3.36093e+06
3.21672e+06
4.01254e+06
3.6547e+06
3.39865e+06
4.29546e+06
5.32974e+06
8.40272e+06
1.14129e+07
8.44765e+06
3.28551e+06
1.35695e+06
3.17389e+06
6.64018e+06
7.30218e+06
4.85384e+06
3.40965e+06
4.34704e+06
7.05032e+06
8.26549e+06
7.15043e+06
7.05431e+06
8.79761e+06
1.18238e+07
1.16135e+07
8.23063e+06
6.59152e+06
7.50588e+06
8.79314e+06
7.75421e+06
6.60014e+06
7.12048e+06
8.43396e+06
7.51478e+06
5.50934e+06
7.35338e+06
1.25771e+07
1.40147e+07
1.11008e+07
1.14643e+07
1.60485e+07
1.77806e+07
1.45482e+07
1.05849e+07
7.20748e+06
4.67549e+06
4.61834e+06
9.63254e+06
1.50823e+07
1.32291e+07
1.00789e+07
1.36813e+07
1.54864e+07
1.41229e+07
1.037e+07
1.088e+07
1.20418e+07
1.33556e+07
1.74711e+07
1.5579e+07
1.16008e+07
1.04854e+07
1.06792e+07
8.82885e+06
5.47579e+06
5.21405e+06
7.09908e+06
8.89534e+06
1.21372e+07
1.4245e+07
1.50764e+07
1.52762e+07
1.01952e+07
7.16709e+06
8.82113e+06
1.03174e+07
9.58757e+06
8.65314e+06
6.42604e+06
5.17197e+06
6.62848e+06
7.7912e+06
4.28077e+06
1.69198e+06
3.31388e+06
6.88021e+06
9.35467e+06
1.089e+07
1.35135e+07
1.18951e+07
6.21424e+06
1.87841e+06
2.0517e+06
4.23061e+06
3.54117e+06
1.07346e+06
589841
774494
623153
1.75778e+06
2.58532e+06
4.60219e+06
7.17622e+06
7.3694e+06
4.8114e+06
1.72712e+06
1.20096e+06
1.23065e+06
211404
1380
0
0
12
346
9104
109241
696481
2.19287e+06
3.2097e+06
1.81526e+06
285336
12621
305
0
0
0
0
0
0
57
1146
17283
107889
241574
94899
0
0
0
0
0
0
0
0
0
0
0
0
0
0
0
0
0
0
0
0
0
0
0
0
0
0
0
0
0
0
0
0
0
0
0
0
0
0
0
0
0
0
0
0
0
0
0
0
0
0
0
0
0
0
0
0
0
0
0
0
0
0
0
0
0
0
0
0
0
0
0
0
0
0
0
0
0
0
0
0
0
0
0
0
0
0
0
0
0
0
0
0
0
0
0
0
0
0
0
0
0
0
0
0
0
0
0
0
0
0
0
0
0
0
0
0
0
0
0
0
0
0
0
0
0
0
0
0
0
0
0
0
0
0
0
0
0
0
0
0
0
0
0
0
0
0
0
0
0
0
0
0
0
0
0
0
0
0
0
0
0
0
0
0
0
0
0
0
0
0
0
0
0
0
0
0
0
0
0
0
0
0
0
0
0
0
0
0
0
0
0
0
0
0
0
0
0
0
0
0
