1.12845e+06
0
0
0
0
0
0
0
0
0
0
0
0
0
0
0
0
2325
267507
1.9136e+06
2.78302e+06
1.41632e+06
340860
43918
4355
17389
133445
548018
1.10005e+06
1.028e+06
451307
103791
155416
1.12878e+06
3.59429e+06
4.85898e+06
2.8814e+06
821452
347808
1.20291e+06
2.35171e+06
2.01124e+06
921024
993127
2.80304e+06
4.55597e+06
3.57632e+06
1.50932e+06
913028
1.45914e+06
1.51877e+06
1.51455e+06
4.07214e+06
8.48838e+06
8.57586e+06
4.31325e+06
1.62868e+06
1.26759e+06
1.38442e+06
2.66245e+06
5.68004e+06
6.88261e+06
4.91674e+06
4.17706e+06
4.82737e+06
4.10009e+06
3.91963e+06
4.88789e+06
4.45649e+06
4.14516e+06
5.22828e+06
6.49093e+06
1.02524e+07
1.39202e+07
1.03109e+07
3.99558e+06
1.64236e+06
3.86687e+06
8.10054e+06
8.9022e+06
5.91984e+06
4.14975e+06
5.29732e+06
8.60008e+06
1.00745e+07
8.72344e+06
8.58504e+06
1.07328e+07
1.44159e+07
1.41576e+07
1.00378e+07
8.02132e+06
9.15529e+06
1.07222e+07
9.45904e+06
8.03464e+06
8.67993e+06
1.02867e+07
9.16409e+06
6.7092e+06
8.95726e+06
1.53308e+07
1.70912e+07
1.35392e+07
1.39688e+07
1.95608e+07
2.16811e+07
1.7746e+07
1.28969e+07
8.78558e+06
5.69056e+06
5.617e+06
1.17471e+07
1.83932e+07
1.61422e+07
1.22755e+07
1.66756e+07
1.88782e+07
1.72205e+07
1.26366e+07
1.32557e+07
1.46809e+07
1.62789e+07
2.13053e+07
1.89916e+07
1.41456e+07
1.27859e+07
1.30086e+07
1.07674e+07
6.67098e+06
6.34681e+06
8.65303e+06
1.08457e+07
1.47979e+07
1.73688e+07
1.83889e+07
1.86214e+07
1.2419e+07
8.73537e+06
1.07532e+07
1.25803e+07
1.16884e+07
1.05451e+07
7.83627e+06
6.30003e+06
8.07925e+06
9.51093e+06
5.2156e+06
2.0582e+06
4.03675e+06
8.38806e+06
1.13901e+07
1.32801e+07
1.64806e+07
1.45121e+07
7.57298e+06
2.28161e+06
2.4966e+06
5.16505e+06
4.31811e+06
1.30671e+06
716986
945280
757195
2.14347e+06
3.15129e+06
5.61107e+06
8.74743e+06
8.9914e+06
5.85958e+06
2.10413e+06
1.46348e+06
1.50306e+06
257329
1668
2
0
12
379
10768
131537
847812
2.67586e+06
3.91497e+06
2.21129e+06
347723
15319
360
0
0
0
0
0
0
61
1398
20908
131175
294965
115717
0
0
0
0
0
0
0
0
0
0
0
0
0
0
0
0
0
0
0
0
0
0
0
0
0
0
0
0
0
0
0
0
0
0
0
0
0
0
0
0
0
0
0
0
0
0
0
0
0
0
0
0
0
0
0
0
0
0
0
0
0
0
0
0
0
0
0
0
0
0
0
0
0
0
0
0
0
0
0
0
0
0
0
0
0
0
0
0
0
0
0
0
0
0
0
0
0
0
0
0
0
0
0
0
0
0
0
0
0
0
0
0
0
0
0
0
0
0
0
0
0
0
0
0
0
0
0
0
0
0
0
0
0
0
0
0
0
0
0
0
0
0
0
0
0
0
0
0
0
0
0
0
0
0
0
0
0
0
0
0
0
0
0
0
0
0
0
0
0
0
0
0
0
0
0
0
0
0
0
0
0
0
0
0
0
0
0
0
0
0
0
0
0
0
0
0
0
0
0
0
