196608
0
0
0
0
0
0
0
0
0
0
0
0
0
0
0
0
480
47345
329868
489550
244358
59522
7891
885
2932
23198
93094
194718
180439
77023
18021
28366
196778
618625
858011
493756
144686
62258
207070
414637
349019
158163
171398
480335
815709
615780
259923
157452
254176
267580
264731
700411
1.48628e+06
1.49762e+06
740988
284947
228082
240482
457124
984367
1.22333e+06
841089
718638
860944
705985
674441
865578
769117
713809
933545
1.12164e+06
1.76019e+06
2.4712e+06
1.77184e+06
690305
291234
665369
1.4201e+06
1.56733e+06
1.01292e+06
729418
911984
1.49805e+06
1.77761e+06
1.49492e+06
1.51573e+06
1.8442e+06
2.52982e+06
2.47814e+06
1.73027e+06
1.41195e+06
1.57007e+06
1.89968e+06
1.62081e+06
1.41766e+06
1.4989e+06
1.80523e+06
1.597e+06
1.16206e+06
1.54999e+06
2.68154e+06
2.99888e+06
2.33864e+06
2.42004e+06
3.41346e+06
3.79891e+06
3.07244e+06
2.25454e+06
1.52891e+06
997196
976794
2.01808e+06
3.26288e+06
2.78278e+06
2.12303e+06
2.89344e+06
3.32624e+06
2.98053e+06
2.2019e+06
2.33526e+06
2.54372e+06
2.82604e+06
3.69712e+06
3.34477e+06
2.44971e+06
2.21215e+06
2.29279e+06
1.86376e+06
1.15758e+06
1.11322e+06
1.50025e+06
1.88314e+06
2.60268e+06
3.01911e+06
3.18139e+06
3.27087e+06
2.16652e+06
1.50023e+06
1.88563e+06
2.19536e+06
2.01855e+06
1.85584e+06
1.35657e+06
1.09888e+06
1.41056e+06
1.64671e+06
913450
356457
700220
1.45586e+06
2.03142e+06
2.27135e+06
2.86864e+06
2.53522e+06
1.32991e+06
395461
432576
887974
766262
225910
123870
165227
134102
366411
547503
973825
1.52716e+06
1.56052e+06
1.04112e+06
359710
252112
262543
46551
322
0
0
3
74
2042
22917
144903
458568
688308
390529
59526
2547
55
0
0
0
0
0
0
9
301
3539
22242
50238
21975
0
0
0
0
0
0
0
0
0
0
0
0
0
0
0
0
0
0
0
0
0
0
0
0
0
0
0
0
0
0
0
0
0
0
0
0
0
0
0
0
0
0
0
0
0
0
0
0
0
0
0
0
0
0
0
0
0
0
0
0
0
0
0
0
0
0
0
0
0
0
0
0
0
0
0
0
0
0
0
0
0
0
0
0
0
0
0
0
0
0
0
0
0
0
0
0
0
0
0
0
0
0
0
0
0
0
0
0
0
0
0
0
0
0
0
0
0
0
0
0
0
0
0
0
0
0
0
0
0
0
0
0
0
0
0
0
0
0
0
0
0
0
0
0
0
0
0
0
0
0
0
0
0
0
0
0
0
0
0
0
0
0
0
0
0
0
0
0
0
0
0
0
0
0
0
0
0
0
0
0
0
0
0
0
0
0
0
0
0
0
0
0
0
0
0
0
0
0
0
0
