311296
0
0
0
0
0
0
0
0
0
0
0
0
0
0
0
0
693
74393
524608
772468
387950
94339
12381
1302
4627
37430
148610
305595
284781
123855
28280
44627
313640
982648
1.34756e+06
788202
229368
97909
328758
654381
552599
252459
272486
764563
1.27774e+06
981293
413254
250159
401808
421433
419808
1.11492e+06
2.34848e+06
2.3673e+06
1.17967e+06
451376
355944
382364
727910
1.56238e+06
1.92113e+06
1.34147e+06
1.14355e+06
1.3499e+06
1.1248e+06
1.07221e+06
1.36204e+06
1.22213e+06
1.13473e+06
1.46266e+06
1.78426e+06
2.80611e+06
3.87853e+06
2.82244e+06
1.09576e+06
457129
1.05894e+06
2.24547e+06
2.47424e+06
1.61429e+06
1.1477e+06
1.45197e+06
2.37324e+06
2.79867e+06
2.38213e+06
2.38595e+06
2.93514e+06
3.99825e+06
3.91686e+06
2.75078e+06
2.23068e+06
2.49987e+06
2.98068e+06
2.58642e+06
2.233e+06
2.38535e+06
2.84834e+06
2.52882e+06
1.84393e+06
2.45984e+06
4.24284e+06
4.73251e+06
3.71244e+06
3.83475e+06
5.40938e+06
6.00729e+06
4.87585e+06
3.56028e+06
2.42314e+06
1.57519e+06
1.54317e+06
3.21654e+06
5.12978e+06
4.42455e+06
3.36782e+06
4.59202e+06
5.24004e+06
4.73714e+06
3.48432e+06
3.67714e+06
4.03497e+06
4.47724e+06
5.87527e+06
5.27274e+06
3.88561e+06
3.51255e+06
3.61236e+06
2.95887e+06
1.83523e+06
1.75806e+06
2.38181e+06
2.98736e+06
4.103e+06
4.78354e+06
5.04936e+06
5.16591e+06
3.43217e+06
2.38653e+06
2.97517e+06
3.47512e+06
3.2077e+06
2.9265e+06
2.15474e+06
1.73917e+06
2.23171e+06
2.61327e+06
1.44374e+06
564737
1.10933e+06
2.30973e+06
3.18695e+06
3.62239e+06
4.54529e+06
4.00887e+06
2.09932e+06
627252
686099
1.41432e+06
1.20515e+06
356920
197363
261278
210581
585103
867598
1.54363e+06
2.41737e+06
2.47401e+06
1.63631e+06
573604
399768
416074
72903
504
0
0
3
132
3221
36297
231354
729825
1.08684e+06
614750
95028
4112
105
0
0
0
0
0
0
15
401
5722
35407
80364
33739
0
0
0
0
0
0
0
0
0
0
0
0
0
0
0
0
0
0
0
0
0
0
0
0
0
0
0
0
0
0
0
0
0
0
0
0
0
0
0
0
0
0
0
0
0
0
0
0
0
0
0
0
0
0
0
0
0
0
0
0
0
0
0
0
0
0
0
0
0
0
0
0
0
0
0
0
0
0
0
0
0
0
0
0
0
0
0
0
0
0
0
0
0
0
0
0
0
0
0
0
0
0
0
0
0
0
0
0
0
0
0
0
0
0
0
0
0
0
0
0
0
0
0
0
0
0
0
0
0
0
0
0
0
0
0
0
0
0
0
0
0
0
0
0
0
0
0
0
0
0
0
0
0
0
0
0
0
0
0
0
0
0
0
0
0
0
0
0
0
0
0
0
0
0
0
0
0
0
0
0
0
0
0
0
0
0
0
0
0
0
0
0
0
0
0
0
0
0
0
0
