1.71827e+06
0
0
0
0
0
0
0
0
0
0
0
0
0
0
0
2
3484
406550
2.91456e+06
4.23631e+06
2.1601e+06
517967
65966
6405
25866
202077
835276
1.67678e+06
1.56623e+06
687576
156212
234498
1.71605e+06
5.4791e+06
7.39678e+06
4.39509e+06
1.24648e+06
525365
1.83122e+06
3.58142e+06
3.06694e+06
1.40005e+06
1.50386e+06
4.27048e+06
6.94127e+06
5.4596e+06
2.28898e+06
1.38432e+06
2.22409e+06
2.31296e+06
2.29598e+06
6.19118e+06
1.29421e+07
1.30827e+07
6.56207e+06
2.46956e+06
1.92303e+06
2.10127e+06
4.04584e+06
8.66693e+06
1.04885e+07
7.48228e+06
6.35524e+06
7.34996e+06
6.24148e+06
5.9674e+06
7.44754e+06
6.78399e+06
6.30769e+06
7.9549e+06
9.88358e+06
1.56254e+07
2.11972e+07
1.57233e+07
6.06434e+06
2.47719e+06
5.88761e+06
1.23556e+07
1.35617e+07
9.00663e+06
6.30437e+06
8.05916e+06
1.31143e+07
1.53425e+07
1.32935e+07
1.30441e+07
1.63468e+07
2.19593e+07
2.15721e+07
1.52885e+07
1.21894e+07
1.39468e+07
1.63203e+07
1.44221e+07
1.22158e+07
1.32216e+07
1.56686e+07
1.39586e+07
1.02048e+07
1.36245e+07
2.33591e+07
2.60235e+07
2.0619e+07
2.12644e+07
2.98008e+07
3.30057e+07
2.70415e+07
1.96332e+07
1.33736e+07
8.63933e+06
8.53426e+06
1.792e+07
2.79952e+07
2.45986e+07
1.8682e+07
2.53974e+07
2.87376e+07
2.62235e+07
1.92463e+07
2.01704e+07
2.23624e+07
2.47776e+07
3.24677e+07
2.89118e+07
2.15332e+07
1.94806e+07
1.97922e+07
1.63979e+07
1.01511e+07
9.65748e+06
1.3191e+07
1.6511e+07
2.25181e+07
2.6448e+07
2.80154e+07
2.83635e+07
1.89009e+07
1.32961e+07
1.63722e+07
1.91681e+07
1.78078e+07
1.60442e+07
1.19306e+07
9.59382e+06
1.22955e+07
1.45018e+07
7.92891e+06
3.12453e+06
6.14888e+06
1.27792e+07
1.73235e+07
2.02347e+07
2.51083e+07
2.21109e+07
1.15195e+07
3.46122e+06
3.79967e+06
7.87741e+06
6.57251e+06
1.98464e+06
1.09071e+06
1.44061e+06
1.14692e+06
3.26193e+06
4.79338e+06
8.55004e+06
1.33353e+07
1.37034e+07
8.90768e+06
3.19834e+06
2.2295e+06
2.28865e+06
390392
2504
2
0
12
527
15561
197082
1.28748e+06
4.0744e+06
5.96983e+06
3.36829e+06
528691
22123
444
3
0
0
0
0
0
71
1956
30644
198704
451155
176606
0
0
0
0
0
0
0
0
0
0
0
0
0
0
0
0
0
0
0
0
0
0
0
0
0
0
0
0
0
0
0
0
0
0
0
0
0
0
0
0
0
0
0
0
0
0
0
0
0
0
0
0
0
0
0
0
0
0
0
0
0
0
0
0
0
0
0
0
0
0
0
0
0
0
0
0
0
0
0
0
0
0
0
0
0
0
0
0
0
0
0
0
0
0
0
0
0
0
0
0
0
0
0
0
0
0
0
0
0
0
0
0
0
0
0
0
0
0
0
0
0
0
0
0
0
0
0
0
0
0
0
0
0
0
0
0
0
0
0
0
0
0
0
0
0
0
0
0
0
0
0
0
0
0
0
0
0
0
0
0
0
0
0
0
0
0
0
0
0
0
0
0
0
0
0
0
0
0
0
0
0
0
0
0
0
0
0
0
0
0
0
0
0
0
0
0
0
0
0
0
