126976
0
0
0
0
0
0
0
0
0
0
0
0
0
0
0
0
343
30852
211770
318043
156869
38054
5409
672
2054
15258
58745
126870
116634
49475
11810
18700
127172
395655
559804
315418
94217
40759
132865
269391
224864
101223
110871
307721
533377
394651
166713
101660
164724
173421
171527
448445
963015
969329
473452
185015
149545
155393
294270
631656
798514
538282
461070
564346
452236
431293
565909
493969
456693
610481
722005
1.12377e+06
1.61716e+06
1.13514e+06
444157
190283
426382
916535
1.01862e+06
648612
476057
584498
966259
1.15597e+06
955759
989096
1.17932e+06
1.64064e+06
1.60277e+06
1.11012e+06
918320
1.00476e+06
1.2416e+06
1.03946e+06
918091
959992
1.17252e+06
1.03285e+06
749590
996178
1.73326e+06
1.94294e+06
1.50389e+06
1.56198e+06
2.20525e+06
2.45756e+06
1.97857e+06
1.45868e+06
988150
648079
628352
1.29013e+06
2.1321e+06
1.78814e+06
1.36511e+06
1.85912e+06
2.1682e+06
1.91474e+06
1.41972e+06
1.51694e+06
1.63591e+06
1.82264e+06
2.38274e+06
2.17514e+06
1.57831e+06
1.42182e+06
1.49115e+06
1.1986e+06
744997
721963
964949
1.21384e+06
1.69545e+06
1.94602e+06
2.0436e+06
2.11939e+06
1.3998e+06
963486
1.22642e+06
1.41392e+06
1.29632e+06
1.20559e+06
872716
712973
911435
1.06082e+06
592189
231374
453051
933153
1.32662e+06
1.45115e+06
1.85389e+06
1.64024e+06
860590
255989
279387
568652
499788
145244
79877
106963
87727
235208
355296
628545
985571
1.0014e+06
679629
230991
162715
169328
30947
219
0
0
3
66
1387
15382
94265
293492
445322
252472
38560
1803
32
0
0
0
0
0
0
7
231
2383
14470
31842
14555
0
0
0
0
0
0
0
0
0
0
0
0
0
0
0
0
0
0
0
0
0
0
0
0
0
0
0
0
0
0
0
0
0
0
0
0
0
0
0
0
0
0
0
0
0
0
0
0
0
0
0
0
0
0
0
0
0
0
0
0
0
0
0
0
0
0
0
0
0
0
0
0
0
0
0
0
0
0
0
0
0
0
0
0
0
0
0
0
0
0
0
0
0
0
0
0
0
0
0
0
0
0
0
0
0
0
0
0
0
0
0
0
0
0
0
0
0
0
0
0
0
0
0
0
0
0
0
0
0
0
0
0
0
0
0
0
0
0
0
0
0
0
0
0
0
0
0
0
0
0
0
0
0
0
0
0
0
0
0
0
0
0
0
0
0
0
0
0
0
0
0
0
0
0
0
0
0
0
0
0
0
0
0
0
0
0
0
0
0
0
0
0
0
0
0
0
0
0
0
0
