659456
0
0
0
0
0
0
0
0
0
0
0
0
0
0
0
0
1360
157033
1.11577e+06
1.62951e+06
826280
199097
25805
2629
9876
78440
319412
643985
600536
263114
61115
92270
660580
2.09434e+06
2.84551e+06
1.67881e+06
481595
205472
701400
1.37638e+06
1.17332e+06
537869
580583
1.6325e+06
2.67502e+06
2.08615e+06
879192
533593
852446
890470
885869
2.37469e+06
4.96273e+06
5.01408e+06
2.51347e+06
953117
745301
810364
1.55258e+06
3.3166e+06
4.03268e+06
2.86375e+06
2.43819e+06
2.8297e+06
2.3907e+06
2.28747e+06
2.86642e+06
2.60119e+06
2.41479e+06
3.06946e+06
3.79308e+06
5.9778e+06
8.14722e+06
6.0134e+06
2.33385e+06
965395
2.25474e+06
4.73881e+06
5.21309e+06
3.44967e+06
2.42774e+06
3.08888e+06
5.0261e+06
5.89878e+06
5.08442e+06
5.02986e+06
6.25623e+06
8.43308e+06
8.28416e+06
5.85137e+06
4.69937e+06
5.33708e+06
6.27639e+06
5.51413e+06
4.71049e+06
5.06108e+06
6.01801e+06
5.35829e+06
3.91571e+06
5.22982e+06
8.9743e+06
9.99316e+06
7.89589e+06
8.15249e+06
1.14431e+07
1.26791e+07
1.03573e+07
7.54216e+06
5.13403e+06
3.32997e+06
3.28043e+06
6.84851e+06
1.07816e+07
9.41698e+06
7.1622e+06
9.74063e+06
1.10513e+07
1.00556e+07
7.38689e+06
7.75691e+06
8.57509e+06
9.5009e+06
1.24495e+07
1.11156e+07
8.25667e+06
7.46226e+06
7.62158e+06
6.28479e+06
3.89511e+06
3.71e+06
5.05362e+06
6.33461e+06
8.65923e+06
1.01529e+07
1.07251e+07
1.09023e+07
7.26004e+06
5.09319e+06
6.29232e+06
7.35437e+06
6.81782e+06
6.17016e+06
4.57645e+06
3.68474e+06
4.72223e+06
5.54978e+06
3.05272e+06
1.19955e+06
2.35494e+06
4.90261e+06
6.68263e+06
7.73819e+06
9.63216e+06
8.48196e+06
4.43148e+06
1.33094e+06
1.45553e+06
3.01239e+06
2.53237e+06
762626
418855
551814
441311
1.24768e+06
1.84207e+06
3.27688e+06
5.12184e+06
5.24698e+06
3.43603e+06
1.22528e+06
851290
879044
152531
1050
0
0
12
263
6367
76396
490459
1.55726e+06
2.29563e+06
1.2982e+06
201572
8724
213
0
0
0
0
0
0
37
749
12051
75426
172020
69445
0
0
0
0
0
0
0
0
0
0
0
0
0
0
0
0
0
0
0
0
0
0
0
0
0
0
0
0
0
0
0
0
0
0
0
0
0
0
0
0
0
0
0
0
0
0
0
0
0
0
0
0
0
0
0
0
0
0
0
0
0
0
0
0
0
0
0
0
0
0
0
0
0
0
0
0
0
0
0
0
0
0
0
0
0
0
0
0
0
0
0
0
0
0
0
0
0
0
0
0
0
0
0
0
0
0
0
0
0
0
0
0
0
0
0
0
0
0
0
0
0
0
0
0
0
0
0
0
0
0
0
0
0
0
0
0
0
0
0
0
0
0
0
0
0
0
0
0
0
0
0
0
0
0
0
0
0
0
0
0
0
0
0
0
0
0
0
0
0
0
0
0
0
0
0
0
0
0
0
0
0
0
0
0
0
0
0
0
0
0
0
0
0
0
0
0
0
0
0
0
