1.41722e+06
0
0
0
0
0
0
0
0
0
0
0
0
0
0
0
0
2928
335536
2.40301e+06
3.49566e+06
1.78087e+06
427062
54330
5397
21265
166200
687596
1.38566e+06
1.29248e+06
565548
128899
193139
1.41358e+06
4.51741e+06
6.10805e+06
3.6234e+06
1.02649e+06
432385
1.51005e+06
2.95552e+06
2.53042e+06
1.15262e+06
1.23765e+06
3.51866e+06
5.73778e+06
4.50228e+06
1.88391e+06
1.13978e+06
1.83587e+06
1.90844e+06
1.89185e+06
5.10164e+06
1.068e+07
1.07964e+07
5.40882e+06
2.03171e+06
1.58833e+06
1.73458e+06
3.33314e+06
7.14598e+06
8.66092e+06
6.16577e+06
5.2395e+06
6.07033e+06
5.14752e+06
4.91488e+06
6.14649e+06
5.59431e+06
5.20139e+06
6.56421e+06
8.13849e+06
1.28797e+07
1.75126e+07
1.29751e+07
4.98973e+06
2.03575e+06
4.84834e+06
1.0196e+07
1.11997e+07
7.4259e+06
5.19419e+06
6.64028e+06
1.08194e+07
1.26632e+07
1.09537e+07
1.07597e+07
1.34768e+07
1.81225e+07
1.78024e+07
1.26007e+07
1.00521e+07
1.14971e+07
1.34754e+07
1.18897e+07
1.00699e+07
1.0901e+07
1.2935e+07
1.152e+07
8.40266e+06
1.1221e+07
1.92786e+07
2.149e+07
1.69841e+07
1.75181e+07
2.45907e+07
2.72541e+07
2.22964e+07
1.61876e+07
1.10332e+07
7.12669e+06
7.01145e+06
1.47646e+07
2.31385e+07
2.02938e+07
1.53668e+07
2.09509e+07
2.37267e+07
2.16314e+07
1.5858e+07
1.66344e+07
1.84342e+07
2.04189e+07
2.6799e+07
2.38723e+07
1.77563e+07
1.6056e+07
1.63375e+07
1.35221e+07
8.35986e+06
7.95416e+06
1.08729e+07
1.36189e+07
1.85994e+07
2.18221e+07
2.30891e+07
2.34058e+07
1.55945e+07
1.09518e+07
1.35043e+07
1.58125e+07
1.46724e+07
1.32413e+07
9.84548e+06
7.90068e+06
1.0146e+07
1.19789e+07
6.54086e+06
2.56729e+06
5.06363e+06
1.05453e+07
1.42942e+07
1.66651e+07
2.07168e+07
1.82521e+07
9.50892e+06
2.84653e+06
3.1213e+06
6.50322e+06
5.43251e+06
1.63391e+06
896898
1.1896e+06
942276
2.68822e+06
3.95618e+06
7.05018e+06
1.09936e+07
1.13054e+07
7.35572e+06
2.63585e+06
1.8352e+06
1.89306e+06
322958
2070
2
0
12
434
12863
161930
1.05812e+06
3.36057e+06
4.92506e+06
2.7823e+06
434676
18574
399
0
0
0
0
0
0
61
1634
25422
163740
371860
145891
0
0
0
0
0
0
0
0
0
0
0
0
0
0
0
0
0
0
0
0
0
0
0
0
0
0
0
0
0
0
0
0
0
0
0
0
0
0
0
0
0
0
0
0
0
0
0
0
0
0
0
0
0
0
0
0
0
0
0
0
0
0
0
0
0
0
0
0
0
0
0
0
0
0
0
0
0
0
0
0
0
0
0
0
0
0
0
0
0
0
0
0
0
0
0
0
0
0
0
0
0
0
0
0
0
0
0
0
0
0
0
0
0
0
0
0
0
0
0
0
0
0
0
0
0
0
0
0
0
0
0
0
0
0
0
0
0
0
0
0
0
0
0
0
0
0
0
0
0
0
0
0
0
0
0
0
0
0
0
0
0
0
0
0
0
0
0
0
0
0
0
0
0
0
0
0
0
0
0
0
0
0
0
0
0
0
0
0
0
0
0
0
0
0
0
0
0
0
0
0
