1.47251e+06
0
0
0
0
0
0
0
0
0
0
0
0
0
0
0
0
3009
348612
2.4971e+06
3.63149e+06
1.85035e+06
444046
56420
5584
22113
172938
714801
1.43875e+06
1.3425e+06
588411
133826
200794
1.46981e+06
4.69283e+06
6.34509e+06
3.76494e+06
1.06718e+06
449103
1.57001e+06
3.07027e+06
2.6281e+06
1.19844e+06
1.2876e+06
3.6565e+06
5.95816e+06
4.67748e+06
1.95849e+06
1.18507e+06
1.90722e+06
1.9831e+06
1.96649e+06
5.30079e+06
1.10964e+07
1.12151e+07
5.62101e+06
2.11306e+06
1.64912e+06
1.80172e+06
3.4658e+06
7.42432e+06
8.99334e+06
6.41008e+06
5.4455e+06
6.30442e+06
5.34793e+06
5.10881e+06
6.38519e+06
5.81355e+06
5.40546e+06
6.81753e+06
8.45968e+06
1.33863e+07
1.81864e+07
1.34794e+07
5.18807e+06
2.11765e+06
5.04e+06
1.0592e+07
1.16329e+07
7.71539e+06
5.39842e+06
6.90178e+06
1.12404e+07
1.31551e+07
1.13842e+07
1.11794e+07
1.40061e+07
1.88259e+07
1.84913e+07
1.30966e+07
1.04455e+07
1.1945e+07
1.39982e+07
1.23561e+07
1.04651e+07
1.13267e+07
1.34353e+07
1.19685e+07
8.73512e+06
1.16628e+07
2.00257e+07
2.23223e+07
1.76544e+07
1.82065e+07
2.55467e+07
2.83077e+07
2.31689e+07
1.68221e+07
1.14632e+07
7.40394e+06
7.29216e+06
1.53421e+07
2.40292e+07
2.1088e+07
1.5976e+07
2.17666e+07
2.46476e+07
2.24737e+07
1.648e+07
1.72848e+07
1.91584e+07
2.12186e+07
2.78388e+07
2.47975e+07
1.84496e+07
1.66846e+07
1.69719e+07
1.40519e+07
8.68916e+06
8.26734e+06
1.12975e+07
1.41485e+07
1.93205e+07
2.26721e+07
2.39945e+07
2.43152e+07
1.62029e+07
1.13798e+07
1.40336e+07
1.64308e+07
1.5246e+07
1.37546e+07
1.02288e+07
8.21298e+06
1.05407e+07
1.24419e+07
6.79688e+06
2.66882e+06
5.26478e+06
1.09544e+07
1.48509e+07
1.73181e+07
2.15241e+07
1.89626e+07
9.8773e+06
2.95953e+06
3.24597e+06
6.75581e+06
5.64153e+06
1.69892e+06
932138
1.2357e+06
979719
2.79345e+06
4.11089e+06
7.32685e+06
1.1423e+07
1.17446e+07
7.64036e+06
2.74003e+06
1.90758e+06
1.96573e+06
335057
2158
2
0
12
442
13411
168543
1.10036e+06
3.49243e+06
5.11652e+06
2.88941e+06
451798
19276
404
0
0
0
0
0
0
61
1683
26355
170306
386464
151387
0
0
0
0
0
0
0
0
0
0
0
0
0
0
0
0
0
0
0
0
0
0
0
0
0
0
0
0
0
0
0
0
0
0
0
0
0
0
0
0
0
0
0
0
0
0
0
0
0
0
0
0
0
0
0
0
0
0
0
0
0
0
0
0
0
0
0
0
0
0
0
0
0
0
0
0
0
0
0
0
0
0
0
0
0
0
0
0
0
0
0
0
0
0
0
0
0
0
0
0
0
0
0
0
0
0
0
0
0
0
0
0
0
0
0
0
0
0
0
0
0
0
0
0
0
0
0
0
0
0
0
0
0
0
0
0
0
0
0
0
0
0
0
0
0
0
0
0
0
0
0
0
0
0
0
0
0
0
0
0
0
0
0
0
0
0
0
0
0
0
0
0
0
0
0
0
0
0
0
0
0
0
0
0
0
0
0
0
0
0
0
0
0
0
0
0
0
0
0
0
