1.18989e+06
0
0
0
0
0
0
0
0
0
0
0
0
0
0
0
0
2443
282201
2.01723e+06
2.93513e+06
1.49384e+06
358999
46235
4499
18225
140354
577617
1.16091e+06
1.08452e+06
475570
109041
163377
1.18968e+06
3.79015e+06
5.12462e+06
3.03983e+06
864954
366101
1.26765e+06
2.47974e+06
2.12238e+06
970406
1.04558e+06
2.95491e+06
4.8064e+06
3.77409e+06
1.58955e+06
960832
1.53965e+06
1.60149e+06
1.59515e+06
4.29139e+06
8.95386e+06
9.04736e+06
4.54739e+06
1.71475e+06
1.33548e+06
1.45939e+06
2.80568e+06
5.99115e+06
7.2601e+06
5.18388e+06
4.40263e+06
5.0907e+06
4.32331e+06
4.13278e+06
5.15518e+06
4.69758e+06
4.37073e+06
5.51159e+06
6.84155e+06
1.08132e+07
1.46831e+07
1.08772e+07
4.20762e+06
1.72813e+06
4.0763e+06
8.54369e+06
9.38887e+06
6.24238e+06
4.37287e+06
5.58461e+06
9.07153e+06
1.06226e+07
9.19811e+06
9.04932e+06
1.13183e+07
1.52027e+07
1.49322e+07
1.05819e+07
8.45529e+06
9.65462e+06
1.13054e+07
9.97822e+06
8.4679e+06
9.15235e+06
1.08489e+07
9.66432e+06
7.07097e+06
9.44402e+06
1.61685e+07
1.80208e+07
1.42753e+07
1.47283e+07
2.0628e+07
2.28636e+07
1.87133e+07
1.35973e+07
9.26576e+06
5.99675e+06
5.91758e+06
1.23906e+07
1.93958e+07
1.70246e+07
1.29411e+07
1.75856e+07
1.99039e+07
1.81573e+07
1.33254e+07
1.39754e+07
1.54812e+07
1.7163e+07
2.24675e+07
2.00275e+07
1.49148e+07
1.34851e+07
1.3714e+07
1.13547e+07
7.03171e+06
6.69168e+06
9.12428e+06
1.14362e+07
1.56046e+07
1.83164e+07
1.93904e+07
1.96352e+07
1.30919e+07
9.21114e+06
1.1339e+07
1.32681e+07
1.23242e+07
1.11177e+07
8.26209e+06
6.64303e+06
8.52058e+06
1.00322e+07
5.497e+06
2.16919e+06
4.25724e+06
8.84631e+06
1.20036e+07
1.40023e+07
1.73834e+07
1.53061e+07
7.983e+06
2.40319e+06
2.63239e+06
5.44987e+06
4.5519e+06
1.37704e+06
755315
997682
796902
2.2612e+06
3.3231e+06
5.91694e+06
9.22241e+06
9.48369e+06
6.17631e+06
2.21882e+06
1.54337e+06
1.5857e+06
271072
1744
2
0
12
395
11239
138387
894309
2.82224e+06
4.12706e+06
2.33251e+06
366386
16094
366
0
0
0
0
0
0
61
1449
21985
138404
311136
121909
0
0
0
0
0
0
0
0
0
0
0
0
0
0
0
0
0
0
0
0
0
0
0
0
0
0
0
0
0
0
0
0
0
0
0
0
0
0
0
0
0
0
0
0
0
0
0
0
0
0
0
0
0
0
0
0
0
0
0
0
0
0
0
0
0
0
0
0
0
0
0
0
0
0
0
0
0
0
0
0
0
0
0
0
0
0
0
0
0
0
0
0
0
0
0
0
0
0
0
0
0
0
0
0
0
0
0
0
0
0
0
0
0
0
0
0
0
0
0
0
0
0
0
0
0
0
0
0
0
0
0
0
0
0
0
0
0
0
0
0
0
0
0
0
0
0
0
0
0
0
0
0
0
0
0
0
0
0
0
0
0
0
0
0
0
0
0
0
0
0
0
0
0
0
0
0
0
0
0
0
0
0
0
0
0
0
0
0
0
0
0
0
0
0
0
0
0
0
0
0
