1.00352e+06
0
0
0
0
0
0
0
0
0
0
0
0
0
0
0
0
2095
237934
1.70129e+06
2.4756e+06
1.25936e+06
302735
39352
3842
15478
119301
486215
978790
913849
401590
92357
139179
1.00328e+06
3.19545e+06
4.32222e+06
2.55996e+06
731709
310254
1.0691e+06
2.09226e+06
1.78779e+06
819115
884701
2.49138e+06
4.05211e+06
3.17847e+06
1.34254e+06
813442
1.29751e+06
1.35022e+06
1.34958e+06
3.62152e+06
7.54746e+06
7.621e+06
3.83559e+06
1.45094e+06
1.12904e+06
1.23234e+06
2.36974e+06
5.04699e+06
6.11972e+06
4.37338e+06
3.71442e+06
4.29271e+06
3.64637e+06
3.48622e+06
4.3477e+06
3.96281e+06
3.68454e+06
4.65344e+06
5.77682e+06
9.11269e+06
1.23736e+07
9.16288e+06
3.55959e+06
1.46584e+06
3.43993e+06
7.20112e+06
7.91511e+06
5.26383e+06
3.69262e+06
4.7132e+06
7.64372e+06
8.96088e+06
7.75578e+06
7.63935e+06
9.54128e+06
1.282e+07
1.25899e+07
8.92416e+06
7.13973e+06
8.13782e+06
9.53421e+06
8.40947e+06
7.14957e+06
7.72045e+06
9.14371e+06
8.14807e+06
5.97012e+06
7.96963e+06
1.36324e+07
1.51978e+07
1.20357e+07
1.24265e+07
1.73953e+07
1.92769e+07
1.57765e+07
1.14752e+07
7.8105e+06
5.06562e+06
5.00321e+06
1.04428e+07
1.63522e+07
1.43477e+07
1.09223e+07
1.48302e+07
1.67892e+07
1.53108e+07
1.124e+07
1.17961e+07
1.30522e+07
1.44781e+07
1.89423e+07
1.68865e+07
1.25795e+07
1.13683e+07
1.15744e+07
9.57108e+06
5.9359e+06
5.648e+06
7.69425e+06
9.64511e+06
1.3157e+07
1.54441e+07
1.63489e+07
1.65613e+07
1.10506e+07
7.76645e+06
9.56334e+06
1.11862e+07
1.03932e+07
9.37822e+06
6.96848e+06
5.60456e+06
7.1853e+06
8.4512e+06
4.6396e+06
1.83242e+06
3.59025e+06
7.45957e+06
1.01395e+07
1.18065e+07
1.46509e+07
1.28976e+07
6.73788e+06
2.03264e+06
2.22411e+06
4.58858e+06
3.83831e+06
1.16348e+06
638999
839804
675064
1.90552e+06
2.80172e+06
4.98874e+06
7.78142e+06
7.99078e+06
5.21494e+06
1.87093e+06
1.30288e+06
1.33413e+06
229054
1477
0
0
12
359
9807
117717
754332
2.37799e+06
3.48119e+06
1.96753e+06
308759
13652
330
0
0
0
0
0
0
57
1238
18720
116786
262041
102918
0
0
0
0
0
0
0
0
0
0
0
0
0
0
0
0
0
0
0
0
0
0
0
0
0
0
0
0
0
0
0
0
0
0
0
0
0
0
0
0
0
0
0
0
0
0
0
0
0
0
0
0
0
0
0
0
0
0
0
0
0
0
0
0
0
0
0
0
0
0
0
0
0
0
0
0
0
0
0
0
0
0
0
0
0
0
0
0
0
0
0
0
0
0
0
0
0
0
0
0
0
0
0
0
0
0
0
0
0
0
0
0
0
0
0
0
0
0
0
0
0
0
0
0
0
0
0
0
0
0
0
0
0
0
0
0
0
0
0
0
0
0
0
0
0
0
0
0
0
0
0
0
0
0
0
0
0
0
0
0
0
0
0
0
0
0
0
0
0
0
0
0
0
0
0
0
0
0
0
0
0
0
0
0
0
0
0
0
0
0
0
0
0
0
0
0
0
0
0
0
