899072
0
0
0
0
0
0
0
0
0
0
0
0
0
0
0
0
1884
213232
1.52387e+06
2.21884e+06
1.1275e+06
271198
35377
3505
13743
107172
435232
877446
818513
359589
82848
125084
898564
2.86252e+06
3.87397e+06
2.29105e+06
655970
278937
957698
1.87504e+06
1.60094e+06
733512
793244
2.23134e+06
3.63219e+06
2.8456e+06
1.20292e+06
728865
1.16311e+06
1.21049e+06
1.20964e+06
3.24449e+06
6.76136e+06
6.82619e+06
3.43401e+06
1.3019e+06
1.01298e+06
1.10492e+06
2.12295e+06
4.52157e+06
5.48326e+06
3.91565e+06
3.32816e+06
3.84792e+06
3.26363e+06
3.12397e+06
3.89752e+06
3.54946e+06
3.30025e+06
4.17297e+06
5.17614e+06
8.15993e+06
1.10868e+07
8.20393e+06
3.19025e+06
1.31798e+06
3.08152e+06
6.45095e+06
7.09312e+06
4.7128e+06
3.31244e+06
4.22203e+06
6.84564e+06
8.02936e+06
6.94404e+06
6.85129e+06
8.5439e+06
1.14848e+07
1.12788e+07
7.99419e+06
6.40283e+06
7.28905e+06
8.54102e+06
7.53066e+06
6.41103e+06
6.91486e+06
8.19275e+06
7.29838e+06
5.35054e+06
7.14051e+06
1.22153e+07
1.36143e+07
1.07798e+07
1.11337e+07
1.5587e+07
1.72713e+07
1.4128e+07
1.0282e+07
6.99944e+06
4.54134e+06
4.48401e+06
9.35487e+06
1.46513e+07
1.28482e+07
9.78792e+06
1.32874e+07
1.50418e+07
1.37168e+07
1.00711e+07
1.05665e+07
1.1696e+07
1.29697e+07
1.69704e+07
1.51318e+07
1.12675e+07
1.01814e+07
1.03744e+07
8.57458e+06
5.31784e+06
5.06341e+06
6.89467e+06
8.63891e+06
1.17893e+07
1.38378e+07
1.46399e+07
1.48368e+07
9.90347e+06
6.96018e+06
8.56639e+06
1.00212e+07
9.31093e+06
8.4053e+06
6.24172e+06
5.02311e+06
6.43773e+06
7.56595e+06
4.15946e+06
1.64321e+06
3.21792e+06
6.68135e+06
9.08659e+06
1.05765e+07
1.31248e+07
1.15536e+07
6.03519e+06
1.82476e+06
1.99191e+06
4.108e+06
3.44096e+06
1.04226e+06
572874
752315
604824
1.70718e+06
2.51155e+06
4.46874e+06
6.97139e+06
7.15678e+06
4.67342e+06
1.67741e+06
1.16644e+06
1.19502e+06
205409
1338
0
0
12
341
8916
106108
676185
2.12916e+06
3.11762e+06
1.76366e+06
277082
12276
297
0
0
0
0
0
0
57
1113
16874
104701
234568
92223
0
0
0
0
0
0
0
0
0
0
0
0
0
0
0
0
0
0
0
0
0
0
0
0
0
0
0
0
0
0
0
0
0
0
0
0
0
0
0
0
0
0
0
0
0
0
0
0
0
0
0
0
0
0
0
0
0
0
0
0
0
0
0
0
0
0
0
0
0
0
0
0
0
0
0
0
0
0
0
0
0
0
0
0
0
0
0
0
0
0
0
0
0
0
0
0
0
0
0
0
0
0
0
0
0
0
0
0
0
0
0
0
0
0
0
0
0
0
0
0
0
0
0
0
0
0
0
0
0
0
0
0
0
0
0
0
0
0
0
0
0
0
0
0
0
0
0
0
0
0
0
0
0
0
0
0
0
0
0
0
0
0
0
0
0
0
0
0
0
0
0
0
0
0
0
0
0
0
0
0
0
0
0
0
0
0
0
0
0
0
0
0
0
0
0
0
0
0
0
0
