315392
0
0
0
0
0
0
0
0
0
0
0
0
0
0
0
0
695
75329
531702
782461
393038
95651
12520
1320
4709
37943
150638
309474
288439
125546
28710
45198
317886
995702
1.36491e+06
798678
232409
99239
333148
662947
559724
255953
276234
774751
1.29375e+06
994388
418849
253629
407119
426814
425470
1.13001e+06
2.37897e+06
2.39809e+06
1.19541e+06
457348
360566
387517
737872
1.58274e+06
1.9458e+06
1.35945e+06
1.15887e+06
1.36704e+06
1.13978e+06
1.08673e+06
1.37964e+06
1.23835e+06
1.15003e+06
1.48133e+06
1.80832e+06
2.84326e+06
3.92816e+06
2.8598e+06
1.1107e+06
463565
1.07299e+06
2.2746e+06
2.50603e+06
1.6359e+06
1.16325e+06
1.47165e+06
2.40395e+06
2.8348e+06
2.41388e+06
2.41759e+06
2.97436e+06
4.05008e+06
3.96798e+06
2.7873e+06
2.25984e+06
2.53316e+06
3.01955e+06
2.62089e+06
2.26221e+06
2.4171e+06
2.88503e+06
2.56197e+06
1.86879e+06
2.49277e+06
4.29836e+06
4.794e+06
3.76201e+06
3.8859e+06
5.48013e+06
6.08484e+06
4.94059e+06
3.60724e+06
2.45504e+06
1.59569e+06
1.56462e+06
3.25919e+06
5.19544e+06
4.48336e+06
3.41334e+06
4.65207e+06
5.30822e+06
4.79968e+06
3.53047e+06
3.72518e+06
4.08859e+06
4.53702e+06
5.9518e+06
5.34103e+06
3.93728e+06
3.55926e+06
3.65922e+06
2.99774e+06
1.85994e+06
1.78111e+06
2.41347e+06
3.02706e+06
4.15581e+06
4.84672e+06
5.11623e+06
5.23278e+06
3.47758e+06
2.41888e+06
3.01426e+06
3.52034e+06
3.2506e+06
2.96446e+06
2.18311e+06
1.76237e+06
2.26113e+06
2.64712e+06
1.46259e+06
572523
1.1242e+06
2.34001e+06
3.22829e+06
3.67132e+06
4.60474e+06
4.06096e+06
2.1267e+06
635924
695368
1.4329e+06
1.22035e+06
361907
199985
264689
213460
592969
878943
1.564e+06
2.44922e+06
2.50651e+06
1.65735e+06
581461
405044
421423
73874
510
0
0
3
132
3261
36806
234465
739520
1.10105e+06
622669
96345
4172
106
0
0
0
0
0
0
15
410
5776
35877
81478
34140
0
0
0
0
0
0
0
0
0
0
0
0
0
0
0
0
0
0
0
0
0
0
0
0
0
0
0
0
0
0
0
0
0
0
0
0
0
0
0
0
0
0
0
0
0
0
0
0
0
0
0
0
0
0
0
0
0
0
0
0
0
0
0
0
0
0
0
0
0
0
0
0
0
0
0
0
0
0
0
0
0
0
0
0
0
0
0
0
0
0
0
0
0
0
0
0
0
0
0
0
0
0
0
0
0
0
0
0
0
0
0
0
0
0
0
0
0
0
0
0
0
0
0
0
0
0
0
0
0
0
0
0
0
0
0
0
0
0
0
0
0
0
0
0
0
0
0
0
0
0
0
0
0
0
0
0
0
0
0
0
0
0
0
0
0
0
0
0
0
0
0
0
0
0
0
0
0
0
0
0
0
0
0
0
0
0
0
0
0
0
0
0
0
0
0
0
0
0
0
0
