1.62816e+06
0
0
0
0
0
0
0
0
0
0
0
0
0
0
0
2
3308
385312
2.76158e+06
4.01425e+06
2.04658e+06
490914
62566
6097
24531
191493
791228
1.58948e+06
1.48355e+06
651332
148358
222556
1.6263e+06
5.19024e+06
7.00963e+06
4.16415e+06
1.18121e+06
498294
1.73535e+06
3.39309e+06
2.90619e+06
1.32667e+06
1.42535e+06
4.04434e+06
6.5805e+06
5.17322e+06
2.16786e+06
1.31186e+06
2.10728e+06
2.19173e+06
2.17712e+06
5.86457e+06
1.22624e+07
1.2398e+07
6.21651e+06
2.34034e+06
1.823e+06
1.99147e+06
3.83402e+06
8.20962e+06
9.94076e+06
7.08902e+06
6.02077e+06
6.96844e+06
5.91512e+06
5.65189e+06
7.05569e+06
6.42807e+06
5.97778e+06
7.5384e+06
9.36299e+06
1.48029e+07
2.00908e+07
1.4901e+07
5.74406e+06
2.34665e+06
5.57655e+06
1.17084e+07
1.2854e+07
8.53449e+06
5.97304e+06
7.635e+06
1.24252e+07
1.45402e+07
1.25935e+07
1.23607e+07
1.54906e+07
2.08077e+07
2.04403e+07
1.44885e+07
1.15503e+07
1.32117e+07
1.54676e+07
1.36657e+07
1.15726e+07
1.25287e+07
1.48501e+07
1.32279e+07
9.66825e+06
1.29053e+07
2.21325e+07
2.46657e+07
1.95353e+07
2.01437e+07
2.82397e+07
3.12813e+07
2.56213e+07
1.86049e+07
1.26726e+07
8.18624e+06
8.08011e+06
1.69767e+07
2.65376e+07
2.3312e+07
1.76923e+07
2.40675e+07
2.72334e+07
2.48468e+07
1.82356e+07
1.91121e+07
2.11892e+07
2.34736e+07
3.0766e+07
2.7401e+07
2.04045e+07
1.84573e+07
1.87587e+07
1.55362e+07
9.61468e+06
9.15097e+06
1.24972e+07
1.56429e+07
2.1344e+07
2.50619e+07
2.65435e+07
2.68769e+07
1.79136e+07
1.2594e+07
1.55137e+07
1.8167e+07
1.68678e+07
1.52048e+07
1.13033e+07
9.0883e+06
1.16547e+07
1.37457e+07
7.51188e+06
2.95879e+06
5.82492e+06
1.21096e+07
1.64179e+07
1.9164e+07
2.37933e+07
2.09571e+07
1.09162e+07
3.27782e+06
3.59722e+06
7.46636e+06
6.2312e+06
1.87974e+06
1.03329e+06
1.36476e+06
1.08608e+06
3.09085e+06
4.54318e+06
8.1022e+06
1.26307e+07
1.29854e+07
8.443e+06
3.03069e+06
2.11195e+06
2.17026e+06
370157
2415
2
0
12
496
14777
186741
1.21974e+06
3.86227e+06
5.65485e+06
3.1921e+06
500842
21176
434
3
0
0
0
0
0
63
1874
29158
188236
427526
167223
0
0
0
0
0
0
0
0
0
0
0
0
0
0
0
0
0
0
0
0
0
0
0
0
0
0
0
0
0
0
0
0
0
0
0
0
0
0
0
0
0
0
0
0
0
0
0
0
0
0
0
0
0
0
0
0
0
0
0
0
0
0
0
0
0
0
0
0
0
0
0
0
0
0
0
0
0
0
0
0
0
0
0
0
0
0
0
0
0
0
0
0
0
0
0
0
0
0
0
0
0
0
0
0
0
0
0
0
0
0
0
0
0
0
0
0
0
0
0
0
0
0
0
0
0
0
0
0
0
0
0
0
0
0
0
0
0
0
0
0
0
0
0
0
0
0
0
0
0
0
0
0
0
0
0
0
0
0
0
0
0
0
0
0
0
0
0
0
0
0
0
0
0
0
0
0
0
0
0
0
0
0
0
0
0
0
0
0
0
0
0
0
0
0
0
0
0
0
0
0
