1.57491e+06
0
0
0
0
0
0
0
0
0
0
0
0
0
0
0
2
3206
372767
2.67116e+06
3.88324e+06
1.97926e+06
474908
60592
5963
23700
185146
765225
1.53794e+06
1.43498e+06
629658
143637
215315
1.57262e+06
5.01999e+06
6.78217e+06
4.0274e+06
1.14236e+06
481610
1.67925e+06
3.28232e+06
2.81094e+06
1.28278e+06
1.37862e+06
3.91142e+06
6.36759e+06
5.00305e+06
2.09591e+06
1.26893e+06
2.03931e+06
2.1206e+06
2.10515e+06
5.67126e+06
1.18638e+07
1.19934e+07
6.01111e+06
2.26351e+06
1.76397e+06
1.92693e+06
3.70802e+06
7.94125e+06
9.6158e+06
6.85584e+06
5.8252e+06
6.74072e+06
5.72004e+06
5.46728e+06
6.82739e+06
6.21738e+06
5.78205e+06
7.29176e+06
9.05344e+06
1.43188e+07
1.94392e+07
1.44125e+07
5.55511e+06
2.26918e+06
5.39233e+06
1.13277e+07
1.24354e+07
8.25353e+06
5.77649e+06
7.3845e+06
1.20211e+07
1.40659e+07
1.21786e+07
1.19586e+07
1.49826e+07
2.01274e+07
1.97743e+07
1.40124e+07
1.11723e+07
1.27807e+07
1.49634e+07
1.32158e+07
1.11951e+07
1.21168e+07
1.43663e+07
1.27973e+07
9.34917e+06
1.24801e+07
2.14117e+07
2.38644e+07
1.88926e+07
1.94805e+07
2.73179e+07
3.02642e+07
2.4781e+07
1.79949e+07
1.22592e+07
7.92008e+06
7.80994e+06
1.64177e+07
2.56815e+07
2.25488e+07
1.71035e+07
2.32799e+07
2.63522e+07
2.40339e+07
1.76338e+07
1.84901e+07
2.04919e+07
2.27032e+07
2.97648e+07
2.6509e+07
1.97359e+07
1.78517e+07
1.81468e+07
1.50286e+07
9.2986e+06
8.84928e+06
1.20855e+07
1.5131e+07
2.06542e+07
2.42434e+07
2.56725e+07
2.60001e+07
1.73259e+07
1.21786e+07
1.50101e+07
1.75724e+07
1.63124e+07
1.4709e+07
1.0935e+07
8.78846e+06
1.1275e+07
1.32991e+07
7.26592e+06
2.85972e+06
5.63286e+06
1.1716e+07
1.58841e+07
1.85296e+07
2.3017e+07
2.02764e+07
1.05599e+07
3.16794e+06
3.4774e+06
7.2234e+06
6.0297e+06
1.8178e+06
998246
1.32118e+06
1.04942e+06
2.9885e+06
4.39586e+06
7.83687e+06
1.22175e+07
1.25609e+07
8.1694e+06
2.93052e+06
2.04158e+06
2.1003e+06
358504
2340
2
0
12
466
14267
180516
1.17859e+06
3.73624e+06
5.47058e+06
3.08859e+06
483952
20555
426
2
0
0
0
0
0
63
1801
28148
181861
413683
161900
0
0
0
0
0
0
0
0
0
0
0
0
0
0
0
0
0
0
0
0
0
0
0
0
0
0
0
0
0
0
0
0
0
0
0
0
0
0
0
0
0
0
0
0
0
0
0
0
0
0
0
0
0
0
0
0
0
0
0
0
0
0
0
0
0
0
0
0
0
0
0
0
0
0
0
0
0
0
0
0
0
0
0
0
0
0
0
0
0
0
0
0
0
0
0
0
0
0
0
0
0
0
0
0
0
0
0
0
0
0
0
0
0
0
0
0
0
0
0
0
0
0
0
0
0
0
0
0
0
0
0
0
0
0
0
0
0
0
0
0
0
0
0
0
0
0
0
0
0
0
0
0
0
0
0
0
0
0
0
0
0
0
0
0
0
0
0
0
0
0
0
0
0
0
0
0
0
0
0
0
0
0
0
0
0
0
0
0
0
0
0
0
0
0
0
0
0
0
0
0
