2.03162e+06
0
0
0
0
0
0
0
0
0
0
0
0
0
0
0
2
4088
480584
3.4463e+06
5.00873e+06
2.55428e+06
611996
78063
7763
30894
238486
986865
1.98343e+06
1.85195e+06
812710
184611
278223
2.02988e+06
6.47731e+06
8.74325e+06
5.19718e+06
1.47415e+06
622573
2.16554e+06
4.23241e+06
3.62667e+06
1.65693e+06
1.77964e+06
5.04853e+06
8.20155e+06
6.45836e+06
2.70623e+06
1.63745e+06
2.6281e+06
2.73648e+06
2.71687e+06
7.32582e+06
1.52921e+07
1.54659e+07
7.7626e+06
2.9216e+06
2.27206e+06
2.48563e+06
4.7853e+06
1.02451e+07
1.23969e+07
8.85457e+06
7.51546e+06
8.67978e+06
7.38603e+06
7.05272e+06
8.80384e+06
8.02755e+06
7.46134e+06
9.39902e+06
1.16937e+07
1.84773e+07
2.50419e+07
1.85963e+07
7.17371e+06
2.93302e+06
6.9644e+06
1.46044e+07
1.60298e+07
1.06546e+07
7.45484e+06
9.52681e+06
1.55041e+07
1.81382e+07
1.57277e+07
1.54219e+07
1.93329e+07
2.59504e+07
2.55022e+07
1.80829e+07
1.44165e+07
1.65011e+07
1.92744e+07
1.7054e+07
1.44472e+07
1.56372e+07
1.8519e+07
1.64982e+07
1.20791e+07
1.6116e+07
2.76126e+07
3.07628e+07
2.43867e+07
2.51523e+07
3.52262e+07
3.9006e+07
3.19808e+07
2.32042e+07
1.58199e+07
1.02236e+07
1.01086e+07
2.11952e+07
3.30547e+07
2.90812e+07
2.21179e+07
3.00321e+07
3.39603e+07
3.10105e+07
2.27728e+07
2.3844e+07
2.64435e+07
2.93059e+07
3.83764e+07
3.41629e+07
2.54678e+07
2.30385e+07
2.33895e+07
1.93993e+07
1.20147e+07
1.14206e+07
1.55981e+07
1.95191e+07
2.66128e+07
3.12673e+07
3.31369e+07
3.35139e+07
2.23454e+07
1.57457e+07
1.93608e+07
2.26516e+07
2.10632e+07
1.89587e+07
1.41078e+07
1.13533e+07
1.45342e+07
1.71319e+07
9.37374e+06
3.70249e+06
7.27424e+06
1.51119e+07
2.0481e+07
2.39431e+07
2.96847e+07
2.61201e+07
1.36119e+07
4.10337e+06
4.506e+06
9.31293e+06
7.75164e+06
2.35091e+06
1.29101e+06
1.70321e+06
1.35835e+06
3.8595e+06
5.66644e+06
1.01114e+07
1.57767e+07
1.61993e+07
1.05142e+07
3.78901e+06
2.6374e+06
2.7025e+06
461263
3019
2
0
13
648
18167
233396
1.5254e+06
4.82017e+06
7.05259e+06
3.98153e+06
625793
26297
537
3
0
0
0
0
0
88
2337
36046
235463
533340
208534
0
0
0
0
0
0
0
0
0
0
0
0
0
0
0
0
0
0
0
0
0
0
0
0
0
0
0
0
0
0
0
0
0
0
0
0
0
0
0
0
0
0
0
0
0
0
0
0
0
0
0
0
0
0
0
0
0
0
0
0
0
0
0
0
0
0
0
0
0
0
0
0
0
0
0
0
0
0
0
0
0
0
0
0
0
0
0
0
0
0
0
0
0
0
0
0
0
0
0
0
0
0
0
0
0
0
0
0
0
0
0
0
0
0
0
0
0
0
0
0
0
0
0
0
0
0
0
0
0
0
0
0
0
0
0
0
0
0
0
0
0
0
0
0
0
0
0
0
0
0
0
0
0
0
0
0
0
0
0
0
0
0
0
0
0
0
0
0
0
0
0
0
0
0
0
0
0
0
0
0
0
0
0
0
0
0
0
0
0
0
0
0
0
0
0
0
0
0
0
0
