1.72646e+06
0
0
0
0
0
0
0
0
0
0
0
0
0
0
0
2
3501
408526
2.9286e+06
4.25613e+06
2.17057e+06
520452
66270
6449
25963
203055
839331
1.68462e+06
1.57382e+06
690891
156884
235653
1.72438e+06
5.50506e+06
7.43184e+06
4.41608e+06
1.25257e+06
527922
1.84002e+06
3.59836e+06
3.0813e+06
1.40703e+06
1.51111e+06
4.29101e+06
6.97373e+06
5.48598e+06
2.29996e+06
1.39087e+06
2.23465e+06
2.32396e+06
2.30704e+06
6.22095e+06
1.30036e+07
1.31446e+07
6.59361e+06
2.48132e+06
1.93238e+06
2.11118e+06
4.06552e+06
8.70784e+06
1.05381e+07
7.51855e+06
6.38558e+06
7.38454e+06
6.27144e+06
5.99599e+06
7.48248e+06
6.81688e+06
6.3379e+06
7.9922e+06
9.93163e+06
1.56999e+07
2.12974e+07
1.57983e+07
6.09372e+06
2.48896e+06
5.91565e+06
1.24145e+07
1.36264e+07
9.04982e+06
6.3341e+06
8.09768e+06
1.31766e+07
1.5416e+07
1.3357e+07
1.31062e+07
1.64245e+07
2.20638e+07
2.1675e+07
1.53616e+07
1.22473e+07
1.40135e+07
1.63981e+07
1.44904e+07
1.22742e+07
1.32847e+07
1.5743e+07
1.40257e+07
1.02536e+07
1.36893e+07
2.34708e+07
2.61467e+07
2.07179e+07
2.13666e+07
2.9942e+07
3.31624e+07
2.71715e+07
1.97264e+07
1.34374e+07
8.68034e+06
8.5754e+06
1.80056e+07
2.81276e+07
2.47158e+07
1.87721e+07
2.55183e+07
2.88743e+07
2.63491e+07
1.9338e+07
2.02662e+07
2.24686e+07
2.4896e+07
3.26231e+07
2.90486e+07
2.16367e+07
1.95737e+07
1.98856e+07
1.64767e+07
1.02e+07
9.70288e+06
1.32542e+07
1.659e+07
2.26248e+07
2.65742e+07
2.81493e+07
2.8498e+07
1.89909e+07
1.336e+07
1.64505e+07
1.92591e+07
1.78934e+07
1.612e+07
1.19875e+07
9.6402e+06
1.23537e+07
1.45707e+07
7.96678e+06
3.13987e+06
6.17818e+06
1.28403e+07
1.74051e+07
2.03321e+07
2.52287e+07
2.22148e+07
1.15744e+07
3.47816e+06
3.81788e+06
7.91552e+06
6.60302e+06
1.99422e+06
1.09591e+06
1.44759e+06
1.15236e+06
3.27781e+06
4.81635e+06
8.59056e+06
1.33988e+07
1.37692e+07
8.94938e+06
3.21375e+06
2.24033e+06
2.29951e+06
392128
2515
2
0
12
532
15649
198081
1.2938e+06
4.09396e+06
5.99808e+06
3.38408e+06
531319
22212
453
3
0
0
0
0
0
71
1969
30784
199668
453352
177388
0
0
0
0
0
0
0
0
0
0
0
0
0
0
0
0
0
0
0
0
0
0
0
0
0
0
0
0
0
0
0
0
0
0
0
0
0
0
0
0
0
0
0
0
0
0
0
0
0
0
0
0
0
0
0
0
0
0
0
0
0
0
0
0
0
0
0
0
0
0
0
0
0
0
0
0
0
0
0
0
0
0
0
0
0
0
0
0
0
0
0
0
0
0
0
0
0
0
0
0
0
0
0
0
0
0
0
0
0
0
0
0
0
0
0
0
0
0
0
0
0
0
0
0
0
0
0
0
0
0
0
0
0
0
0
0
0
0
0
0
0
0
0
0
0
0
0
0
0
0
0
0
0
0
0
0
0
0
0
0
0
0
0
0
0
0
0
0
0
0
0
0
0
0
0
0
0
0
0
0
0
0
0
0
0
0
0
0
0
0
0
0
0
0
0
0
0
0
0
0
