927744
0
0
0
0
0
0
0
0
0
0
0
0
0
0
0
0
1950
220049
1.57266e+06
2.28909e+06
1.1636e+06
280002
36504
3589
14267
110541
449420
905052
844267
371408
85525
129138
927532
2.9538e+06
3.99629e+06
2.36528e+06
676551
287801
988387
1.93486e+06
1.65184e+06
756986
819247
2.30208e+06
3.74672e+06
2.93708e+06
1.24173e+06
752262
1.19942e+06
1.2493e+06
1.2482e+06
3.34903e+06
6.97616e+06
7.04298e+06
3.54466e+06
1.34334e+06
1.0451e+06
1.14e+06
2.1913e+06
4.66591e+06
5.65633e+06
4.04159e+06
3.4342e+06
3.97021e+06
3.36841e+06
3.22389e+06
4.02139e+06
3.66283e+06
3.4061e+06
4.30487e+06
5.34147e+06
8.42149e+06
1.14382e+07
8.46659e+06
3.29255e+06
1.35969e+06
3.18108e+06
6.65476e+06
7.31845e+06
4.86468e+06
3.41693e+06
4.35658e+06
7.06612e+06
8.28393e+06
7.16611e+06
7.06975e+06
8.81718e+06
1.18502e+07
1.16392e+07
8.24899e+06
6.60578e+06
7.52258e+06
8.81261e+06
7.77136e+06
6.61456e+06
7.13635e+06
8.45264e+06
7.53146e+06
5.52121e+06
7.36965e+06
1.2605e+07
1.4046e+07
1.11252e+07
1.14896e+07
1.6084e+07
1.78201e+07
1.45806e+07
1.06082e+07
7.22323e+06
4.6858e+06
4.62831e+06
9.65404e+06
1.51156e+07
1.32586e+07
1.01008e+07
1.37114e+07
1.55211e+07
1.41541e+07
1.03927e+07
1.09041e+07
1.20683e+07
1.33853e+07
1.75095e+07
1.56136e+07
1.16266e+07
1.05087e+07
1.07027e+07
8.84843e+06
5.48779e+06
5.22554e+06
7.11474e+06
8.91505e+06
1.21639e+07
1.42768e+07
1.51098e+07
1.531e+07
1.02177e+07
7.18288e+06
8.84056e+06
1.03404e+07
9.60878e+06
8.67227e+06
6.44019e+06
5.1834e+06
6.64307e+06
7.80857e+06
4.29018e+06
1.6956e+06
3.32119e+06
6.89541e+06
9.37542e+06
1.09141e+07
1.35435e+07
1.19216e+07
6.22801e+06
1.88239e+06
2.05609e+06
4.24021e+06
3.54897e+06
1.07581e+06
591189
776154
624484
1.76162e+06
2.59099e+06
4.61237e+06
7.19215e+06
7.38595e+06
4.822e+06
1.73076e+06
1.20361e+06
1.23347e+06
211861
1382
0
0
12
346
9118
109457
697885
2.19778e+06
3.21684e+06
1.81939e+06
285925
12641
305
0
0
0
0
0
0
57
1146
17311
108138
242110
95110
0
0
0
0
0
0
0
0
0
0
0
0
0
0
0
0
0
0
0
0
0
0
0
0
0
0
0
0
0
0
0
0
0
0
0
0
0
0
0
0
0
0
0
0
0
0
0
0
0
0
0
0
0
0
0
0
0
0
0
0
0
0
0
0
0
0
0
0
0
0
0
0
0
0
0
0
0
0
0
0
0
0
0
0
0
0
0
0
0
0
0
0
0
0
0
0
0
0
0
0
0
0
0
0
0
0
0
0
0
0
0
0
0
0
0
0
0
0
0
0
0
0
0
0
0
0
0
0
0
0
0
0
0
0
0
0
0
0
0
0
0
0
0
0
0
0
0
0
0
0
0
0
0
0
0
0
0
0
0
0
0
0
0
0
0
0
0
0
0
0
0
0
0
0
0
0
0
0
0
0
0
0
0
0
0
0
0
0
0
0
0
0
0
0
0
0
0
0
0
0
