1.28e+06
0
0
0
0
0
0
0
0
0
0
0
0
0
0
0
0
2651
303292
2.17024e+06
3.15768e+06
1.60715e+06
385753
49695
4896
19413
150614
621994
1.24932e+06
1.1663e+06
511735
116870
175299
1.27874e+06
4.07881e+06
5.5136e+06
3.27073e+06
929180
392587
1.36391e+06
2.66902e+06
2.28344e+06
1.04217e+06
1.12314e+06
3.1787e+06
5.17315e+06
4.06332e+06
1.70614e+06
1.03211e+06
1.65728e+06
1.7226e+06
1.714e+06
4.61453e+06
9.6376e+06
9.7368e+06
4.88877e+06
1.84236e+06
1.43543e+06
1.56907e+06
3.01631e+06
6.44772e+06
7.81302e+06
5.57529e+06
4.73458e+06
5.4774e+06
4.65037e+06
4.44351e+06
5.54741e+06
5.053e+06
4.70071e+06
5.9294e+06
7.35638e+06
1.16345e+07
1.58006e+07
1.17043e+07
4.52138e+06
1.85332e+06
4.38371e+06
9.19462e+06
1.01048e+07
6.7123e+06
4.70191e+06
6.00504e+06
9.76137e+06
1.14293e+07
9.89504e+06
9.7292e+06
1.2175e+07
1.6358e+07
1.60686e+07
1.13806e+07
9.09036e+06
1.03874e+07
1.21633e+07
1.07356e+07
9.10408e+06
9.84689e+06
1.16729e+07
1.03991e+07
7.60044e+06
1.01524e+07
1.74016e+07
1.93891e+07
1.53505e+07
1.58414e+07
2.21979e+07
2.45949e+07
2.01329e+07
1.46256e+07
9.96758e+06
6.44481e+06
6.35689e+06
1.33329e+07
2.08736e+07
1.83179e+07
1.39114e+07
1.89174e+07
2.1416e+07
1.95337e+07
1.43328e+07
1.50253e+07
1.66541e+07
1.84582e+07
2.41819e+07
2.15483e+07
1.60399e+07
1.45057e+07
1.47529e+07
1.22121e+07
7.56147e+06
7.19534e+06
9.81762e+06
1.23014e+07
1.67913e+07
1.97066e+07
2.08533e+07
2.11272e+07
1.40844e+07
9.90391e+06
1.21976e+07
1.42744e+07
1.32575e+07
1.19585e+07
8.89074e+06
7.14187e+06
9.16407e+06
1.08018e+07
5.91108e+06
2.32813e+06
4.57878e+06
9.51897e+06
1.29119e+07
1.50587e+07
1.87029e+07
1.64725e+07
8.58644e+06
2.58169e+06
2.82732e+06
5.86662e+06
4.8992e+06
1.47942e+06
811395
1.07419e+06
855215
2.43091e+06
3.57397e+06
6.36495e+06
9.92448e+06
1.02048e+07
6.64362e+06
2.38564e+06
1.65891e+06
1.70698e+06
291632
1874
2
0
12
416
11977
147699
959851
3.03593e+06
4.44231e+06
2.51075e+06
393501
17168
381
0
0
0
0
0
0
61
1513
23356
148488
335375
131207
0
0
0
0
0
0
0
0
0
0
0
0
0
0
0
0
0
0
0
0
0
0
0
0
0
0
0
0
0
0
0
0
0
0
0
0
0
0
0
0
0
0
0
0
0
0
0
0
0
0
0
0
0
0
0
0
0
0
0
0
0
0
0
0
0
0
0
0
0
0
0
0
0
0
0
0
0
0
0
0
0
0
0
0
0
0
0
0
0
0
0
0
0
0
0
0
0
0
0
0
0
0
0
0
0
0
0
0
0
0
0
0
0
0
0
0
0
0
0
0
0
0
0
0
0
0
0
0
0
0
0
0
0
0
0
0
0
0
0
0
0
0
0
0
0
0
0
0
0
0
0
0
0
0
0
0
0
0
0
0
0
0
0
0
0
0
0
0
0
0
0
0
0
0
0
0
0
0
0
0
0
0
0
0
0
0
0
0
0
0
0
0
0
0
0
0
0
0
0
0
