1.8391e+06
0
0
0
0
0
0
0
0
0
0
0
0
0
0
0
2
3700
435221
3.11971e+06
4.53373e+06
2.31229e+06
554298
70675
6838
27777
216108
893852
1.79461e+06
1.67698e+06
735708
167082
251401
1.83729e+06
5.86302e+06
7.91608e+06
4.70615e+06
1.33335e+06
562762
1.95936e+06
3.83348e+06
3.28244e+06
1.49922e+06
1.61027e+06
4.57072e+06
7.42546e+06
5.84651e+06
2.45024e+06
1.48192e+06
2.37909e+06
2.47574e+06
2.45857e+06
6.62917e+06
1.38467e+07
1.40039e+07
7.02604e+06
2.64278e+06
2.05688e+06
2.24969e+06
4.3316e+06
9.27305e+06
1.12247e+07
8.01378e+06
6.80303e+06
7.86075e+06
6.68373e+06
6.38712e+06
7.96859e+06
7.26463e+06
6.7517e+06
8.5115e+06
1.05833e+07
1.67242e+07
2.26781e+07
1.68344e+07
6.49289e+06
2.65098e+06
6.30227e+06
1.32207e+07
1.45166e+07
9.64349e+06
6.74583e+06
8.6257e+06
1.40333e+07
1.64234e+07
1.42333e+07
1.39586e+07
1.74958e+07
2.34981e+07
2.30924e+07
1.63662e+07
1.30488e+07
1.49314e+07
1.74568e+07
1.54382e+07
1.30757e+07
1.41532e+07
1.67665e+07
1.49403e+07
1.09271e+07
1.45822e+07
2.49987e+07
2.78556e+07
2.2072e+07
2.27584e+07
3.18968e+07
3.53215e+07
2.89467e+07
2.10084e+07
1.43173e+07
9.24985e+06
9.14145e+06
1.91808e+07
2.99443e+07
2.63305e+07
2.0007e+07
2.7181e+07
3.07518e+07
2.80732e+07
2.06056e+07
2.15847e+07
2.39353e+07
2.65215e+07
3.47492e+07
3.09403e+07
2.30517e+07
2.08517e+07
2.11767e+07
1.75554e+07
1.08692e+07
1.03363e+07
1.41205e+07
1.76733e+07
2.40959e+07
2.83079e+07
2.99882e+07
3.03489e+07
2.02314e+07
1.42407e+07
1.75243e+07
2.05086e+07
1.90655e+07
1.71668e+07
1.27717e+07
1.02737e+07
1.3158e+07
1.55165e+07
8.48467e+06
3.34884e+06
6.58407e+06
1.36767e+07
1.85395e+07
2.16691e+07
2.68692e+07
2.36548e+07
1.23287e+07
3.70966e+06
4.07361e+06
8.43095e+06
7.02548e+06
2.12628e+06
1.16831e+06
1.54178e+06
1.22894e+06
3.49321e+06
5.12928e+06
9.15206e+06
1.42757e+07
1.4665e+07
9.52716e+06
3.42716e+06
2.38805e+06
2.44724e+06
417490
2701
2
0
13
578
16616
211184
1.37966e+06
4.36209e+06
6.38553e+06
3.60568e+06
566272
23831
481
3
0
0
0
0
0
72
2094
32770
213179
482653
188784
0
0
0
0
0
0
0
0
0
0
0
0
0
0
0
0
0
0
0
0
0
0
0
0
0
0
0
0
0
0
0
0
0
0
0
0
0
0
0
0
0
0
0
0
0
0
0
0
0
0
0
0
0
0
0
0
0
0
0
0
0
0
0
0
0
0
0
0
0
0
0
0
0
0
0
0
0
0
0
0
0
0
0
0
0
0
0
0
0
0
0
0
0
0
0
0
0
0
0
0
0
0
0
0
0
0
0
0
0
0
0
0
0
0
0
0
0
0
0
0
0
0
0
0
0
0
0
0
0
0
0
0
0
0
0
0
0
0
0
0
0
0
0
0
0
0
0
0
0
0
0
0
0
0
0
0
0
0
0
0
0
0
0
0
0
0
0
0
0
0
0
0
0
0
0
0
0
0
0
0
0
0
0
0
0
0
0
0
0
0
0
0
0
0
0
0
0
0
0
0
