665600
0
0
0
0
0
0
0
0
0
0
0
0
0
0
0
0
1368
158405
1.1261e+06
1.64494e+06
834048
200837
26011
2645
9948
79158
322291
650294
606013
265552
61626
93006
666539
2.11405e+06
2.87225e+06
1.69464e+06
485907
207130
707897
1.38927e+06
1.18463e+06
542602
585734
1.64796e+06
2.69998e+06
2.10577e+06
887372
538307
860425
898745
893954
2.39631e+06
5.00972e+06
5.06143e+06
2.53683e+06
961460
752140
817790
1.56661e+06
3.34802e+06
4.07055e+06
2.89038e+06
2.46066e+06
2.85608e+06
2.4131e+06
2.30862e+06
2.89318e+06
2.6255e+06
2.43727e+06
3.0976e+06
3.828e+06
6.03401e+06
8.22382e+06
6.07035e+06
2.35478e+06
973410
2.27548e+06
4.78358e+06
5.2622e+06
3.48175e+06
2.44985e+06
3.11729e+06
5.07344e+06
5.95396e+06
5.13157e+06
5.07616e+06
6.31445e+06
8.51252e+06
8.36174e+06
5.9057e+06
4.74279e+06
5.38673e+06
6.33464e+06
5.56582e+06
4.75394e+06
5.10855e+06
6.07433e+06
5.40837e+06
3.95131e+06
5.27806e+06
9.05835e+06
1.00875e+07
7.96877e+06
8.22746e+06
1.15502e+07
1.27987e+07
1.04537e+07
7.61218e+06
5.18177e+06
3.3605e+06
3.31044e+06
6.91225e+06
1.08824e+07
9.50515e+06
7.2283e+06
9.83134e+06
1.1154e+07
1.01506e+07
7.45518e+06
7.82878e+06
8.6552e+06
9.58875e+06
1.2566e+07
1.12194e+07
8.33376e+06
7.53211e+06
7.69237e+06
6.34358e+06
3.93076e+06
3.74405e+06
5.10098e+06
6.3935e+06
8.73958e+06
1.02483e+07
1.08253e+07
1.1004e+07
7.32778e+06
5.1403e+06
6.35062e+06
7.42289e+06
6.88166e+06
6.2277e+06
4.61886e+06
3.71908e+06
4.7662e+06
5.60197e+06
3.08111e+06
1.21022e+06
2.37689e+06
4.94863e+06
6.74423e+06
7.81082e+06
9.72203e+06
8.56099e+06
4.47314e+06
1.34287e+06
1.4686e+06
3.04099e+06
2.55611e+06
769590
422746
556960
445130
1.25924e+06
1.85914e+06
3.30738e+06
5.16976e+06
5.29636e+06
3.46804e+06
1.23644e+06
859159
887404
153896
1066
0
0
12
263
6398
76933
494907
1.57184e+06
2.31713e+06
1.3105e+06
203415
8787
216
0
0
0
0
0
0
37
752
12154
76121
173616
70120
0
0
0
0
0
0
0
0
0
0
0
0
0
0
0
0
0
0
0
0
0
0
0
0
0
0
0
0
0
0
0
0
0
0
0
0
0
0
0
0
0
0
0
0
0
0
0
0
0
0
0
0
0
0
0
0
0
0
0
0
0
0
0
0
0
0
0
0
0
0
0
0
0
0
0
0
0
0
0
0
0
0
0
0
0
0
0
0
0
0
0
0
0
0
0
0
0
0
0
0
0
0
0
0
0
0
0
0
0
0
0
0
0
0
0
0
0
0
0
0
0
0
0
0
0
0
0
0
0
0
0
0
0
0
0
0
0
0
0
0
0
0
0
0
0
0
0
0
0
0
0
0
0
0
0
0
0
0
0
0
0
0
0
0
0
0
0
0
0
0
0
0
0
0
0
0
0
0
0
0
0
0
0
0
0
0
0
0
0
0
0
0
0
0
0
0
0
0
0
0
