565248
0
0
0
0
0
0
0
0
0
0
0
0
0
0
0
0
1183
134861
955199
1.39821e+06
707836
170557
21980
2282
8377
67316
273926
551971
514696
225613
52295
79247
566423
1.79362e+06
2.44124e+06
1.43738e+06
413036
176197
600489
1.1812e+06
1.00569e+06
460560
496507
1.39808e+06
2.29731e+06
1.78662e+06
753375
456177
731655
763884
759543
2.03159e+06
4.25686e+06
4.29989e+06
2.15105e+06
816378
640918
694900
1.32755e+06
2.84311e+06
3.46214e+06
2.45216e+06
2.08702e+06
2.42894e+06
2.04637e+06
1.95891e+06
2.4619e+06
2.22874e+06
2.06455e+06
2.63801e+06
3.25049e+06
5.1173e+06
6.99232e+06
5.14935e+06
1.99869e+06
828914
1.93001e+06
4.06552e+06
4.47261e+06
2.95207e+06
2.0807e+06
2.64399e+06
4.30988e+06
5.06278e+06
4.35067e+06
4.31602e+06
5.35511e+06
7.23444e+06
7.10452e+06
5.01076e+06
4.03278e+06
4.56888e+06
5.38363e+06
4.71953e+06
4.04251e+06
4.3367e+06
5.16112e+06
4.5915e+06
3.3552e+06
4.47819e+06
7.69542e+06
8.57617e+06
6.76042e+06
6.98021e+06
9.81283e+06
1.08726e+07
8.87514e+06
6.46454e+06
4.4006e+06
2.8562e+06
2.81028e+06
5.86571e+06
9.25101e+06
8.06399e+06
6.13479e+06
8.34954e+06
9.47928e+06
8.61504e+06
6.33046e+06
6.65833e+06
7.3473e+06
8.13842e+06
1.06703e+07
9.53608e+06
7.07037e+06
6.39531e+06
6.53574e+06
5.38521e+06
3.33714e+06
3.18463e+06
4.33208e+06
5.4247e+06
7.42414e+06
8.7042e+06
9.18836e+06
9.3548e+06
6.22303e+06
4.35759e+06
5.39465e+06
6.30671e+06
5.84064e+06
5.29507e+06
3.91856e+06
3.15641e+06
4.04939e+06
4.75563e+06
2.61522e+06
1.02718e+06
2.01437e+06
4.20441e+06
5.74372e+06
6.62271e+06
8.25287e+06
7.27118e+06
3.80151e+06
1.14012e+06
1.24519e+06
2.58112e+06
2.17396e+06
652564
358773
472757
379080
1.0678e+06
1.57639e+06
2.80725e+06
4.39276e+06
4.49734e+06
2.95016e+06
1.04815e+06
728016
754013
131181
900
0
0
8
213
5499
64667
418594
1.33345e+06
1.97017e+06
1.11473e+06
172332
7380
184
0
0
0
0
0
0
30
632
10136
64175
147519
60132
0
0
0
0
0
0
0
0
0
0
0
0
0
0
0
0
0
0
0
0
0
0
0
0
0
0
0
0
0
0
0
0
0
0
0
0
0
0
0
0
0
0
0
0
0
0
0
0
0
0
0
0
0
0
0
0
0
0
0
0
0
0
0
0
0
0
0
0
0
0
0
0
0
0
0
0
0
0
0
0
0
0
0
0
0
0
0
0
0
0
0
0
0
0
0
0
0
0
0
0
0
0
0
0
0
0
0
0
0
0
0
0
0
0
0
0
0
0
0
0
0
0
0
0
0
0
0
0
0
0
0
0
0
0
0
0
0
0
0
0
0
0
0
0
0
0
0
0
0
0
0
0
0
0
0
0
0
0
0
0
0
0
0
0
0
0
0
0
0
0
0
0
0
0
0
0
0
0
0
0
0
0
0
0
0
0
0
0
0
0
0
0
0
0
0
0
0
0
0
0
