942080
0
0
0
0
0
0
0
0
0
0
0
0
0
0
0
0
1976
223509
1.59644e+06
2.32508e+06
1.18172e+06
284101
37025
3646
14489
112194
456214
919013
857699
377125
86754
130998
941734
2.99958e+06
4.058e+06
2.40222e+06
686968
291951
1.00341e+06
1.96477e+06
1.67795e+06
768498
831535
2.33762e+06
3.80494e+06
2.98294e+06
1.2607e+06
763627
1.21793e+06
1.2687e+06
1.26686e+06
3.40044e+06
7.0847e+06
7.1523e+06
3.59998e+06
1.36346e+06
1.0609e+06
1.15728e+06
2.22494e+06
4.73808e+06
5.74476e+06
4.10399e+06
3.48693e+06
4.03123e+06
3.42097e+06
3.27364e+06
4.08343e+06
3.71941e+06
3.45856e+06
4.37049e+06
5.42402e+06
8.55258e+06
1.16148e+07
8.59969e+06
3.34198e+06
1.37919e+06
3.23053e+06
6.7582e+06
7.43211e+06
4.93944e+06
3.46884e+06
4.42371e+06
7.17594e+06
8.41262e+06
7.27662e+06
7.17738e+06
8.95398e+06
1.20345e+07
1.18193e+07
8.37743e+06
6.70599e+06
7.63869e+06
8.94984e+06
7.8914e+06
6.71555e+06
7.24699e+06
8.58381e+06
7.6481e+06
5.60539e+06
7.4827e+06
1.28003e+07
1.42646e+07
1.12969e+07
1.16662e+07
1.63324e+07
1.80964e+07
1.48074e+07
1.07717e+07
7.33408e+06
4.75773e+06
4.6983e+06
9.80416e+06
1.53499e+07
1.34636e+07
1.0255e+07
1.3923e+07
1.57631e+07
1.43734e+07
1.05525e+07
1.10721e+07
1.2255e+07
1.3592e+07
1.778e+07
1.58552e+07
1.18066e+07
1.06717e+07
1.08675e+07
8.98553e+06
5.57209e+06
5.30512e+06
7.2243e+06
9.05284e+06
1.23516e+07
1.44989e+07
1.53448e+07
1.55467e+07
1.03749e+07
7.2927e+06
8.97748e+06
1.05007e+07
9.75728e+06
8.80608e+06
6.5397e+06
5.26266e+06
6.74583e+06
7.93123e+06
4.35527e+06
1.72079e+06
3.37167e+06
7.0028e+06
9.52113e+06
1.1082e+07
1.37524e+07
1.21078e+07
6.3244e+06
1.91047e+06
2.087e+06
4.30628e+06
3.60451e+06
1.0922e+06
600064
788240
633908
1.78837e+06
2.63028e+06
4.68412e+06
7.30381e+06
7.5012e+06
4.89628e+06
1.75694e+06
1.2219e+06
1.25304e+06
215130
1385
0
0
12
348
9240
110897
707932
2.23189e+06
3.26728e+06
1.84796e+06
290071
12787
305
0
0
0
0
0
0
57
1151
17554
109831
245795
96652
0
0
0
0
0
0
0
0
0
0
0
0
0
0
0
0
0
0
0
0
0
0
0
0
0
0
0
0
0
0
0
0
0
0
0
0
0
0
0
0
0
0
0
0
0
0
0
0
0
0
0
0
0
0
0
0
0
0
0
0
0
0
0
0
0
0
0
0
0
0
0
0
0
0
0
0
0
0
0
0
0
0
0
0
0
0
0
0
0
0
0
0
0
0
0
0
0
0
0
0
0
0
0
0
0
0
0
0
0
0
0
0
0
0
0
0
0
0
0
0
0
0
0
0
0
0
0
0
0
0
0
0
0
0
0
0
0
0
0
0
0
0
0
0
0
0
0
0
0
0
0
0
0
0
0
0
0
0
0
0
0
0
0
0
0
0
0
0
0
0
0
0
0
0
0
0
0
0
0
0
0
0
0
0
0
0
0
0
0
0
0
0
0
0
0
0
0
0
0
0
