1.71008e+06
0
0
0
0
0
0
0
0
0
0
0
0
0
0
0
2
3474
404616
2.90061e+06
4.21624e+06
2.14971e+06
515523
65652
6370
25761
201157
831242
1.66886e+06
1.55861e+06
684285
155559
233448
1.70798e+06
5.45275e+06
7.3612e+06
4.37438e+06
1.2406e+06
522975
1.82242e+06
3.56426e+06
3.05236e+06
1.39345e+06
1.49713e+06
4.24942e+06
6.90837e+06
5.43336e+06
2.27817e+06
1.37778e+06
2.21358e+06
2.3019e+06
2.28549e+06
6.16192e+06
1.28791e+07
1.30207e+07
6.53071e+06
2.45795e+06
1.91399e+06
2.09146e+06
4.02658e+06
8.62504e+06
1.04389e+07
7.44639e+06
6.32532e+06
7.31483e+06
6.21157e+06
5.93906e+06
7.4119e+06
6.75148e+06
6.27798e+06
7.917e+06
9.83653e+06
1.55505e+07
2.10962e+07
1.5648e+07
6.03566e+06
2.46615e+06
5.85974e+06
1.22961e+07
1.34967e+07
8.96361e+06
6.27518e+06
8.02096e+06
1.30511e+07
1.52692e+07
1.32303e+07
1.29822e+07
1.62689e+07
2.18545e+07
2.14684e+07
1.52157e+07
1.21317e+07
1.38808e+07
1.62422e+07
1.4353e+07
1.21581e+07
1.31585e+07
1.55939e+07
1.38917e+07
1.01566e+07
1.35605e+07
2.32463e+07
2.58995e+07
2.05211e+07
2.1163e+07
2.96589e+07
3.28479e+07
2.69124e+07
1.95395e+07
1.33101e+07
8.59841e+06
8.49422e+06
1.78346e+07
2.78612e+07
2.44812e+07
1.85936e+07
2.52762e+07
2.85997e+07
2.60984e+07
1.91546e+07
2.00748e+07
2.22563e+07
2.46595e+07
3.23118e+07
2.8774e+07
2.14303e+07
1.93882e+07
1.96977e+07
1.63193e+07
1.01032e+07
9.61225e+06
1.31277e+07
1.64322e+07
2.24108e+07
2.63213e+07
2.78818e+07
2.8228e+07
1.88115e+07
1.32329e+07
1.62937e+07
1.90767e+07
1.77229e+07
1.59681e+07
1.18733e+07
9.54796e+06
1.22371e+07
1.44324e+07
7.89128e+06
3.10968e+06
6.11949e+06
1.27174e+07
1.7242e+07
2.01385e+07
2.49878e+07
2.20051e+07
1.14651e+07
3.44493e+06
3.78163e+06
7.83928e+06
6.54146e+06
1.97527e+06
1.08552e+06
1.4337e+06
1.14171e+06
3.24612e+06
4.77055e+06
8.50936e+06
1.32712e+07
1.3638e+07
8.86581e+06
3.18308e+06
2.21868e+06
2.27774e+06
388561
2499
2
0
12
527
15480
196138
1.28137e+06
4.05497e+06
5.94113e+06
3.35256e+06
526065
22027
443
3
0
0
0
0
0
71
1946
30507
197747
449068
175701
0
0
0
0
0
0
0
0
0
0
0
0
0
0
0
0
0
0
0
0
0
0
0
0
0
0
0
0
0
0
0
0
0
0
0
0
0
0
0
0
0
0
0
0
0
0
0
0
0
0
0
0
0
0
0
0
0
0
0
0
0
0
0
0
0
0
0
0
0
0
0
0
0
0
0
0
0
0
0
0
0
0
0
0
0
0
0
0
0
0
0
0
0
0
0
0
0
0
0
0
0
0
0
0
0
0
0
0
0
0
0
0
0
0
0
0
0
0
0
0
0
0
0
0
0
0
0
0
0
0
0
0
0
0
0
0
0
0
0
0
0
0
0
0
0
0
0
0
0
0
0
0
0
0
0
0
0
0
0
0
0
0
0
0
0
0
0
0
0
0
0
0
0
0
0
0
0
0
0
0
0
0
0
0
0
0
0
0
0
0
0
0
0
0
0
0
0
0
0
0
