1.54419e+06
0
0
0
0
0
0
0
0
0
0
0
0
0
0
0
2
3147
365388
2.61903e+06
3.80791e+06
1.94058e+06
465484
59367
5837
23198
181346
750156
1.50842e+06
1.40731e+06
617246
140532
210835
1.5416e+06
4.92219e+06
6.6512e+06
3.94876e+06
1.1197e+06
471495
1.64636e+06
3.2191e+06
2.75631e+06
1.25687e+06
1.3507e+06
3.83532e+06
6.24569e+06
4.90585e+06
2.05402e+06
1.24341e+06
1.99971e+06
2.07975e+06
2.06298e+06
5.55896e+06
1.1635e+07
1.17609e+07
5.8939e+06
2.21737e+06
1.73005e+06
1.88829e+06
3.63563e+06
7.78661e+06
9.4297e+06
6.72133e+06
5.71104e+06
6.6113e+06
5.60783e+06
5.35896e+06
6.69496e+06
6.09688e+06
5.6684e+06
7.14929e+06
8.87393e+06
1.40403e+07
1.90642e+07
1.41343e+07
5.44394e+06
2.22192e+06
5.28563e+06
1.11079e+07
1.21966e+07
8.09232e+06
5.66169e+06
7.23756e+06
1.17882e+07
1.37955e+07
1.19386e+07
1.17239e+07
1.46882e+07
1.97392e+07
1.93906e+07
1.37366e+07
1.09547e+07
1.25301e+07
1.46734e+07
1.29575e+07
1.09766e+07
1.18782e+07
1.40881e+07
1.25492e+07
9.16465e+06
1.22325e+07
2.09975e+07
2.34046e+07
1.85199e+07
1.90956e+07
2.67867e+07
2.96801e+07
2.42989e+07
1.76415e+07
1.20202e+07
7.76455e+06
7.65276e+06
1.60953e+07
2.51875e+07
2.21116e+07
1.67622e+07
2.28243e+07
2.58445e+07
2.35654e+07
1.72881e+07
1.81274e+07
2.00921e+07
2.22596e+07
2.91852e+07
2.59964e+07
1.93497e+07
1.7502e+07
1.77952e+07
1.47349e+07
9.11455e+06
8.67509e+06
1.18484e+07
1.48358e+07
2.02559e+07
2.3771e+07
2.51687e+07
2.54966e+07
1.69891e+07
1.19374e+07
1.47167e+07
1.72306e+07
1.59934e+07
1.44226e+07
1.07225e+07
8.61522e+06
1.10541e+07
1.3044e+07
7.12508e+06
2.80068e+06
5.52152e+06
1.14887e+07
1.55751e+07
1.81654e+07
2.25685e+07
1.98844e+07
1.03562e+07
3.10331e+06
3.40668e+06
7.08415e+06
5.9142e+06
1.78178e+06
978131
1.29541e+06
1.0288e+06
2.92935e+06
4.30953e+06
7.68289e+06
1.19808e+07
1.2317e+07
8.0115e+06
2.87198e+06
2.00099e+06
2.06062e+06
351403
2264
2
0
12
461
14035
176853
1.1546e+06
3.66246e+06
5.36501e+06
3.02987e+06
473912
20100
418
0
0
0
0
0
0
63
1783
27590
178250
405595
158815
0
0
0
0
0
0
0
0
0
0
0
0
0
0
0
0
0
0
0
0
0
0
0
0
0
0
0
0
0
0
0
0
0
0
0
0
0
0
0
0
0
0
0
0
0
0
0
0
0
0
0
0
0
0
0
0
0
0
0
0
0
0
0
0
0
0
0
0
0
0
0
0
0
0
0
0
0
0
0
0
0
0
0
0
0
0
0
0
0
0
0
0
0
0
0
0
0
0
0
0
0
0
0
0
0
0
0
0
0
0
0
0
0
0
0
0
0
0
0
0
0
0
0
0
0
0
0
0
0
0
0
0
0
0
0
0
0
0
0
0
0
0
0
0
0
0
0
0
0
0
0
0
0
0
0
0
0
0
0
0
0
0
0
0
0
0
0
0
0
0
0
0
0
0
0
0
0
0
0
0
0
0
0
0
0
0
0
0
0
0
0
0
0
0
0
0
0
0
0
0
