1.2759e+06
0
0
0
0
0
0
0
0
0
0
0
0
0
0
0
0
2643
302326
2.16333e+06
3.14749e+06
1.6021e+06
384487
49527
4870
19372
150186
619935
1.24522e+06
1.16261e+06
510153
116500
174738
1.27475e+06
4.06555e+06
5.496e+06
3.26026e+06
926275
391375
1.35951e+06
2.66035e+06
2.27615e+06
1.03894e+06
1.11962e+06
3.16848e+06
5.15635e+06
4.05043e+06
1.70085e+06
1.02877e+06
1.65196e+06
1.71704e+06
1.70858e+06
4.59974e+06
9.60682e+06
9.70542e+06
4.87319e+06
1.83663e+06
1.43075e+06
1.5641e+06
3.00665e+06
6.42706e+06
7.78792e+06
5.5576e+06
4.71922e+06
5.4601e+06
4.63556e+06
4.42938e+06
5.52932e+06
5.03704e+06
4.6854e+06
5.91051e+06
7.33298e+06
1.1597e+07
1.57504e+07
1.16666e+07
4.50683e+06
1.84754e+06
4.36955e+06
9.1655e+06
1.00724e+07
6.69076e+06
4.68697e+06
5.98579e+06
9.72987e+06
1.13926e+07
9.86363e+06
9.69826e+06
1.21357e+07
1.63058e+07
1.6017e+07
1.13444e+07
9.06112e+06
1.03544e+07
1.21244e+07
1.0701e+07
9.07496e+06
9.81522e+06
1.16359e+07
1.03658e+07
7.57588e+06
1.01205e+07
1.73453e+07
1.93277e+07
1.53009e+07
1.57909e+07
2.21266e+07
2.45162e+07
2.00685e+07
1.45788e+07
9.9357e+06
6.42439e+06
6.33669e+06
1.32902e+07
2.08066e+07
1.82592e+07
1.38668e+07
1.88571e+07
2.13475e+07
1.9471e+07
1.42868e+07
1.49775e+07
1.66011e+07
1.83988e+07
2.41046e+07
2.14793e+07
1.59881e+07
1.44595e+07
1.47056e+07
1.21734e+07
7.5371e+06
7.17239e+06
9.78596e+06
1.22619e+07
1.67374e+07
1.96439e+07
2.07866e+07
2.106e+07
1.40388e+07
9.87221e+06
1.21586e+07
1.4229e+07
1.3215e+07
1.19202e+07
8.8621e+06
7.11905e+06
9.1348e+06
1.07671e+07
5.89226e+06
2.32063e+06
4.56391e+06
9.48872e+06
1.28705e+07
1.50104e+07
1.86437e+07
1.64195e+07
8.55897e+06
2.57322e+06
2.81821e+06
5.84808e+06
4.88341e+06
1.47467e+06
808873
1.07066e+06
852432
2.42319e+06
3.56239e+06
6.34447e+06
9.8929e+06
1.01723e+07
6.62265e+06
2.37775e+06
1.65354e+06
1.70159e+06
290659
1869
2
0
12
412
11940
147207
956632
3.02611e+06
4.42836e+06
2.50277e+06
392199
17118
379
0
0
0
0
0
0
61
1511
23268
147995
334319
130798
0
0
0
0
0
0
0
0
0
0
0
0
0
0
0
0
0
0
0
0
0
0
0
0
0
0
0
0
0
0
0
0
0
0
0
0
0
0
0
0
0
0
0
0
0
0
0
0
0
0
0
0
0
0
0
0
0
0
0
0
0
0
0
0
0
0
0
0
0
0
0
0
0
0
0
0
0
0
0
0
0
0
0
0
0
0
0
0
0
0
0
0
0
0
0
0
0
0
0
0
0
0
0
0
0
0
0
0
0
0
0
0
0
0
0
0
0
0
0
0
0
0
0
0
0
0
0
0
0
0
0
0
0
0
0
0
0
0
0
0
0
0
0
0
0
0
0
0
0
0
0
0
0
0
0
0
0
0
0
0
0
0
0
0
0
0
0
0
0
0
0
0
0
0
0
0
0
0
0
0
0
0
0
0
0
0
0
0
0
0
0
0
0
0
0
0
0
0
0
0
