1.36806e+06
0
0
0
0
0
0
0
0
0
0
0
0
0
0
0
0
2836
324076
2.31938e+06
3.37481e+06
1.71863e+06
412205
52692
5189
20649
160665
664015
1.33663e+06
1.24745e+06
546345
124581
186359
1.36577e+06
4.36084e+06
5.89426e+06
3.49717e+06
991661
418108
1.45744e+06
2.85341e+06
2.44199e+06
1.1127e+06
1.19704e+06
3.39686e+06
5.53504e+06
4.34485e+06
1.82077e+06
1.10118e+06
1.77163e+06
1.84189e+06
1.82806e+06
4.92866e+06
1.03055e+07
1.04162e+07
5.22294e+06
1.96396e+06
1.53343e+06
1.67566e+06
3.21957e+06
6.89552e+06
8.35681e+06
5.9547e+06
5.05884e+06
5.85812e+06
4.96827e+06
4.7466e+06
5.93284e+06
5.4e+06
5.02203e+06
6.33622e+06
7.85863e+06
1.24354e+07
1.68971e+07
1.25201e+07
4.82216e+06
1.97044e+06
4.68292e+06
9.8369e+06
1.08062e+07
7.1713e+06
5.01737e+06
6.41267e+06
1.04415e+07
1.22203e+07
1.05745e+07
1.03912e+07
1.30105e+07
1.74894e+07
1.71823e+07
1.21628e+07
9.70774e+06
1.1101e+07
1.30035e+07
1.14757e+07
9.72524e+06
1.05238e+07
1.24806e+07
1.11205e+07
8.11566e+06
1.08376e+07
1.86078e+07
2.07365e+07
1.63969e+07
1.69171e+07
2.37367e+07
2.63002e+07
2.15213e+07
1.56273e+07
1.06517e+07
6.88339e+06
6.77772e+06
1.42514e+07
2.23265e+07
1.95852e+07
1.48452e+07
2.02239e+07
2.28988e+07
2.08808e+07
1.53104e+07
1.60565e+07
1.77967e+07
1.97188e+07
2.58604e+07
2.30391e+07
1.71434e+07
1.55003e+07
1.57682e+07
1.30525e+07
8.07447e+06
7.68316e+06
1.04968e+07
1.31475e+07
1.79509e+07
2.10626e+07
2.229e+07
2.25871e+07
1.50547e+07
1.05773e+07
1.30345e+07
1.52616e+07
1.41661e+07
1.27819e+07
9.50449e+06
7.62967e+06
9.79349e+06
1.15549e+07
6.31668e+06
2.48352e+06
4.89064e+06
1.01765e+07
1.37962e+07
1.60926e+07
1.99958e+07
1.76117e+07
9.17865e+06
2.75364e+06
3.01677e+06
6.27349e+06
5.24114e+06
1.57891e+06
866390
1.14842e+06
911531
2.59634e+06
3.8208e+06
6.80384e+06
1.06089e+07
1.09115e+07
7.0997e+06
2.54706e+06
1.77333e+06
1.82517e+06
311615
2016
2
0
12
427
12576
157419
1.02408e+06
3.2437e+06
4.75102e+06
2.68443e+06
420376
18146
396
0
0
0
0
0
0
61
1592
24778
158491
358751
140359
0
0
0
0
0
0
0
0
0
0
0
0
0
0
0
0
0
0
0
0
0
0
0
0
0
0
0
0
0
0
0
0
0
0
0
0
0
0
0
0
0
0
0
0
0
0
0
0
0
0
0
0
0
0
0
0
0
0
0
0
0
0
0
0
0
0
0
0
0
0
0
0
0
0
0
0
0
0
0
0
0
0
0
0
0
0
0
0
0
0
0
0
0
0
0
0
0
0
0
0
0
0
0
0
0
0
0
0
0
0
0
0
0
0
0
0
0
0
0
0
0
0
0
0
0
0
0
0
0
0
0
0
0
0
0
0
0
0
0
0
0
0
0
0
0
0
0
0
0
0
0
0
0
0
0
0
0
0
0
0
0
0
0
0
0
0
0
0
0
0
0
0
0
0
0
0
0
0
0
0
0
0
0
0
0
0
0
0
0
0
0
0
0
0
0
0
0
0
0
0
