460800
0
0
0
0
0
0
0
0
0
0
0
0
0
0
0
0
962
110071
778088
1.13998e+06
577253
139231
17876
1871
6822
55064
222788
449649
420436
184148
42262
65363
462839
1.45941e+06
1.99e+06
1.17127e+06
337977
143691
489431
964467
818992
374700
404975
1.1385e+06
1.87449e+06
1.45749e+06
614424
370847
595434
622771
620262
1.65582e+06
3.47111e+06
3.50449e+06
1.75177e+06
666306
523454
566010
1.08263e+06
2.31624e+06
2.82662e+06
1.99622e+06
1.69918e+06
1.98387e+06
1.66859e+06
1.59469e+06
2.00714e+06
1.8163e+06
1.68211e+06
2.15406e+06
2.64916e+06
4.16695e+06
5.70943e+06
4.19209e+06
1.6285e+06
675787
1.57187e+06
3.3179e+06
3.64864e+06
2.40393e+06
1.69588e+06
2.15496e+06
3.51172e+06
4.13135e+06
3.54222e+06
3.52172e+06
4.35918e+06
5.90428e+06
5.7923e+06
4.0811e+06
3.2936e+06
3.71833e+06
4.39362e+06
3.84341e+06
3.29769e+06
3.53302e+06
4.2104e+06
3.74386e+06
2.73281e+06
3.64927e+06
6.2745e+06
6.99546e+06
5.50668e+06
5.68695e+06
8.00224e+06
8.87114e+06
7.23023e+06
5.26965e+06
3.58624e+06
2.3295e+06
2.29026e+06
4.77764e+06
7.55362e+06
6.56771e+06
4.99608e+06
6.80356e+06
7.73622e+06
7.02178e+06
5.15736e+06
5.43215e+06
5.98421e+06
6.63565e+06
8.69929e+06
7.78097e+06
5.76017e+06
5.21006e+06
5.33089e+06
4.38738e+06
2.72205e+06
2.59714e+06
3.53008e+06
4.42326e+06
6.05754e+06
7.09007e+06
7.4863e+06
7.63118e+06
5.07807e+06
3.54922e+06
4.39776e+06
5.14028e+06
4.75647e+06
4.3222e+06
3.19404e+06
2.57376e+06
3.30198e+06
3.87344e+06
2.13294e+06
838151
1.64162e+06
3.4244e+06
4.69177e+06
5.39342e+06
6.72597e+06
5.92713e+06
3.10243e+06
929221
1.01605e+06
2.09962e+06
1.77559e+06
531372
292253
385729
310302
869436
1.28445e+06
2.28717e+06
3.5823e+06
3.66442e+06
2.40864e+06
853409
592682
614834
107307
758
0
0
7
170
4523
52889
341654
1.08453e+06
1.60788e+06
909185
140227
5999
129
0
0
0
0
0
0
15
529
8137
52226
119873
49620
0
0
0
0
0
0
0
0
0
0
0
0
0
0
0
0
0
0
0
0
0
0
0
0
0
0
0
0
0
0
0
0
0
0
0
0
0
0
0
0
0
0
0
0
0
0
0
0
0
0
0
0
0
0
0
0
0
0
0
0
0
0
0
0
0
0
0
0
0
0
0
0
0
0
0
0
0
0
0
0
0
0
0
0
0
0
0
0
0
0
0
0
0
0
0
0
0
0
0
0
0
0
0
0
0
0
0
0
0
0
0
0
0
0
0
0
0
0
0
0
0
0
0
0
0
0
0
0
0
0
0
0
0
0
0
0
0
0
0
0
0
0
0
0
0
0
0
0
0
0
0
0
0
0
0
0
0
0
0
0
0
0
0
0
0
0
0
0
0
0
0
0
0
0
0
0
0
0
0
0
0
0
0
0
0
0
0
0
0
0
0
0
0
0
0
0
0
0
0
0
