1.8944e+06
0
0
0
0
0
0
0
0
0
0
0
0
0
0
0
2
3803
448204
3.21351e+06
4.67004e+06
2.3819e+06
570993
72782
7099
28697
222600
920427
1.84901e+06
1.72717e+06
757620
172192
259452
1.89202e+06
6.03962e+06
8.15337e+06
4.84741e+06
1.37418e+06
579859
2.01853e+06
3.94823e+06
3.38097e+06
1.54511e+06
1.65865e+06
4.70841e+06
7.6482e+06
6.02093e+06
2.52397e+06
1.52706e+06
2.45068e+06
2.5514e+06
2.53256e+06
6.82881e+06
1.42619e+07
1.44243e+07
7.23688e+06
2.72315e+06
2.11919e+06
2.31775e+06
4.46132e+06
9.55236e+06
1.15607e+07
8.25503e+06
7.00856e+06
8.09536e+06
6.88438e+06
6.57857e+06
8.20973e+06
7.48465e+06
6.95513e+06
8.76808e+06
1.09012e+07
1.72279e+07
2.33554e+07
1.73378e+07
6.68998e+06
2.73506e+06
6.49312e+06
1.36165e+07
1.49491e+07
9.93316e+06
6.95228e+06
8.8843e+06
1.44564e+07
1.69167e+07
1.46626e+07
1.43798e+07
1.80245e+07
2.42004e+07
2.37801e+07
1.68596e+07
1.34439e+07
1.53824e+07
1.79813e+07
1.59001e+07
1.34704e+07
1.458e+07
1.72685e+07
1.53848e+07
1.12607e+07
1.50259e+07
2.57503e+07
2.86864e+07
2.27396e+07
2.34483e+07
3.28505e+07
3.63743e+07
2.98187e+07
2.16399e+07
1.47503e+07
9.53008e+06
9.42274e+06
1.97621e+07
3.0834e+07
2.7116e+07
2.0618e+07
2.80006e+07
3.16721e+07
2.89141e+07
2.123e+07
2.22362e+07
2.46591e+07
2.73225e+07
3.57851e+07
3.18613e+07
2.37466e+07
2.14837e+07
2.18101e+07
1.80843e+07
1.12027e+07
1.06491e+07
1.45439e+07
1.82025e+07
2.48182e+07
2.91563e+07
3.08945e+07
3.12558e+07
2.08371e+07
1.46769e+07
1.80512e+07
2.11241e+07
1.96402e+07
1.7679e+07
1.31561e+07
1.05857e+07
1.35527e+07
1.59763e+07
8.7406e+06
3.45239e+06
6.78284e+06
1.4088e+07
1.91002e+07
2.23233e+07
2.76755e+07
2.43598e+07
1.26968e+07
3.82569e+06
4.19929e+06
8.68186e+06
7.23258e+06
2.19194e+06
1.20405e+06
1.58837e+06
1.26626e+06
3.5977e+06
5.28501e+06
9.42744e+06
1.47062e+07
1.51053e+07
9.80987e+06
3.53216e+06
2.4596e+06
2.52015e+06
430069
2824
2
0
13
604
17058
217477
1.42204e+06
4.49344e+06
6.57698e+06
3.71327e+06
583557
24648
499
3
0
0
0
0
0
72
2173
33692
219589
497413
194261
0
0
0
0
0
0
0
0
0
0
0
0
0
0
0
0
0
0
0
0
0
0
0
0
0
0
0
0
0
0
0
0
0
0
0
0
0
0
0
0
0
0
0
0
0
0
0
0
0
0
0
0
0
0
0
0
0
0
0
0
0
0
0
0
0
0
0
0
0
0
0
0
0
0
0
0
0
0
0
0
0
0
0
0
0
0
0
0
0
0
0
0
0
0
0
0
0
0
0
0
0
0
0
0
0
0
0
0
0
0
0
0
0
0
0
0
0
0
0
0
0
0
0
0
0
0
0
0
0
0
0
0
0
0
0
0
0
0
0
0
0
0
0
0
0
0
0
0
0
0
0
0
0
0
0
0
0
0
0
0
0
0
0
0
0
0
0
0
0
0
0
0
0
0
0
0
0
0
0
0
0
0
0
0
0
0
0
0
0
0
0
0
0
0
0
0
0
0
0
0
