1.49709e+06
0
0
0
0
0
0
0
0
0
0
0
0
0
0
0
2
3062
354255
2.5392e+06
3.69164e+06
1.88135e+06
451562
57342
5676
22498
175723
726979
1.46264e+06
1.36471e+06
598386
136098
204138
1.49438e+06
4.77165e+06
6.4501e+06
3.82765e+06
1.08531e+06
456863
1.5962e+06
3.1213e+06
2.67208e+06
1.21836e+06
1.30926e+06
3.71801e+06
6.05673e+06
4.75565e+06
1.99112e+06
1.20517e+06
1.9388e+06
2.01648e+06
1.9993e+06
5.38936e+06
1.12817e+07
1.14014e+07
5.71454e+06
2.14893e+06
1.67718e+06
1.83132e+06
3.52395e+06
7.54952e+06
9.14184e+06
6.51639e+06
5.53725e+06
6.40996e+06
5.43622e+06
5.1945e+06
6.49191e+06
5.91067e+06
5.49545e+06
6.93153e+06
8.6017e+06
1.36123e+07
1.84853e+07
1.37038e+07
5.27546e+06
2.15428e+06
5.12412e+06
1.07702e+07
1.18246e+07
7.84406e+06
5.48896e+06
7.01725e+06
1.14291e+07
1.33744e+07
1.15736e+07
1.13657e+07
1.42405e+07
1.91396e+07
1.87983e+07
1.33163e+07
1.06208e+07
1.21465e+07
1.42282e+07
1.25622e+07
1.06397e+07
1.15176e+07
1.36594e+07
1.21664e+07
8.88256e+06
1.18583e+07
2.03598e+07
2.26919e+07
1.79516e+07
1.85111e+07
2.59713e+07
2.87799e+07
2.35546e+07
1.71028e+07
1.16555e+07
7.52757e+06
7.41534e+06
1.56019e+07
2.44256e+07
2.14377e+07
1.6246e+07
2.21294e+07
2.50592e+07
2.28466e+07
1.67576e+07
1.75722e+07
1.94796e+07
2.15755e+07
2.83003e+07
2.52082e+07
1.87584e+07
1.69641e+07
1.7255e+07
1.42856e+07
8.83548e+06
8.40721e+06
1.14864e+07
1.4385e+07
1.96417e+07
2.30467e+07
2.43984e+07
2.47196e+07
1.64714e+07
1.15729e+07
1.42676e+07
1.67033e+07
1.55038e+07
1.39837e+07
1.03975e+07
8.35156e+06
1.07162e+07
1.2648e+07
6.90889e+06
2.71521e+06
5.35255e+06
1.11378e+07
1.50997e+07
1.76088e+07
2.18811e+07
1.92787e+07
1.0041e+07
3.00943e+06
3.30141e+06
6.86852e+06
5.73422e+06
1.72758e+06
947973
1.25627e+06
996602
2.84003e+06
4.17874e+06
7.44935e+06
1.16136e+07
1.19414e+07
7.76698e+06
2.78548e+06
1.93965e+06
1.9982e+06
340659
2194
2
0
12
455
13627
171460
1.11894e+06
3.55042e+06
5.20213e+06
2.93761e+06
459172
19550
410
0
0
0
0
0
0
63
1726
26779
173024
392998
153954
0
0
0
0
0
0
0
0
0
0
0
0
0
0
0
0
0
0
0
0
0
0
0
0
0
0
0
0
0
0
0
0
0
0
0
0
0
0
0
0
0
0
0
0
0
0
0
0
0
0
0
0
0
0
0
0
0
0
0
0
0
0
0
0
0
0
0
0
0
0
0
0
0
0
0
0
0
0
0
0
0
0
0
0
0
0
0
0
0
0
0
0
0
0
0
0
0
0
0
0
0
0
0
0
0
0
0
0
0
0
0
0
0
0
0
0
0
0
0
0
0
0
0
0
0
0
0
0
0
0
0
0
0
0
0
0
0
0
0
0
0
0
0
0
0
0
0
0
0
0
0
0
0
0
0
0
0
0
0
0
0
0
0
0
0
0
0
0
0
0
0
0
0
0
0
0
0
0
0
0
0
0
0
0
0
0
0
0
0
0
0
0
0
0
0
0
0
0
0
0
