784384
0
0
0
0
0
0
0
0
0
0
0
0
0
0
0
0
1626
186432
1.32813e+06
1.93706e+06
983660
236610
30597
3078
11890
93459
379273
766430
713834
313643
72358
109119
784437
2.49427e+06
3.38279e+06
1.99957e+06
571392
243107
835059
1.63682e+06
1.39577e+06
640075
691588
1.94506e+06
3.17333e+06
2.48222e+06
1.04794e+06
634817
1.01537e+06
1.05706e+06
1.05463e+06
2.82675e+06
5.90157e+06
5.96027e+06
2.99372e+06
1.13449e+06
884354
963286
1.84946e+06
3.94606e+06
4.78807e+06
3.41209e+06
2.90273e+06
3.36074e+06
2.84478e+06
2.72391e+06
3.40494e+06
3.0951e+06
2.87709e+06
3.64463e+06
4.51296e+06
7.1152e+06
9.68206e+06
7.15562e+06
2.77956e+06
1.14837e+06
2.68534e+06
5.63237e+06
6.19324e+06
4.10772e+06
2.88905e+06
3.67877e+06
5.97678e+06
7.00894e+06
6.05372e+06
5.97853e+06
7.4498e+06
1.00265e+07
9.84467e+06
6.96713e+06
5.58583e+06
6.35554e+06
7.45863e+06
6.56615e+06
5.59635e+06
6.02907e+06
7.15012e+06
6.36976e+06
4.66066e+06
6.22602e+06
1.06655e+07
1.18849e+07
9.39832e+06
9.70476e+06
1.36033e+07
1.50748e+07
1.23252e+07
8.96894e+06
6.10856e+06
3.95875e+06
3.90494e+06
8.15679e+06
1.28012e+07
1.12074e+07
8.5278e+06
1.15888e+07
1.31337e+07
1.19655e+07
8.78461e+06
9.22502e+06
1.02021e+07
1.13062e+07
1.48075e+07
1.32086e+07
9.82793e+06
8.88156e+06
9.05582e+06
7.47844e+06
4.63667e+06
4.41467e+06
6.01224e+06
7.53491e+06
1.02918e+07
1.20775e+07
1.27658e+07
1.29542e+07
8.63844e+06
6.0627e+06
7.47848e+06
8.74746e+06
8.11686e+06
7.33554e+06
5.44461e+06
4.38006e+06
5.61731e+06
6.60477e+06
3.62783e+06
1.42967e+06
2.80334e+06
5.83103e+06
7.93663e+06
9.21588e+06
1.1455e+07
1.00843e+07
5.2696e+06
1.58619e+06
1.73312e+06
3.58422e+06
3.00799e+06
908615
498768
656469
525353
1.48685e+06
2.18989e+06
3.89938e+06
6.08624e+06
6.24292e+06
4.08326e+06
1.46007e+06
1.01467e+06
1.0444e+06
180689
1217
0
0
12
295
7752
91655
585889
1.85404e+06
2.72591e+06
1.54196e+06
241139
10541
266
0
0
0
0
0
0
54
943
14548
90705
204479
81463
0
0
0
0
0
0
0
0
0
0
0
0
0
0
0
0
0
0
0
0
0
0
0
0
0
0
0
0
0
0
0
0
0
0
0
0
0
0
0
0
0
0
0
0
0
0
0
0
0
0
0
0
0
0
0
0
0
0
0
0
0
0
0
0
0
0
0
0
0
0
0
0
0
0
0
0
0
0
0
0
0
0
0
0
0
0
0
0
0
0
0
0
0
0
0
0
0
0
0
0
0
0
0
0
0
0
0
0
0
0
0
0
0
0
0
0
0
0
0
0
0
0
0
0
0
0
0
0
0
0
0
0
0
0
0
0
0
0
0
0
0
0
0
0
0
0
0
0
0
0
0
0
0
0
0
0
0
0
0
0
0
0
0
0
0
0
0
0
0
0
0
0
0
0
0
0
0
0
0
0
0
0
0
0
0
0
0
0
0
0
0
0
0
0
0
0
0
0
0
0
