962560
0
0
0
0
0
0
0
0
0
0
0
0
0
0
0
0
2017
228415
1.63167e+06
2.37458e+06
1.20759e+06
290613
37801
3711
14852
114685
466140
938720
876381
385387
88704
133912
962591
3.06465e+06
4.145e+06
2.45494e+06
702422
298264
1.02535e+06
2.00717e+06
1.71429e+06
785384
849699
2.3888e+06
3.88696e+06
3.04782e+06
1.2886e+06
780451
1.24395e+06
1.29571e+06
1.29485e+06
3.47504e+06
7.23792e+06
7.30738e+06
3.67934e+06
1.39267e+06
1.08386e+06
1.1826e+06
2.27355e+06
4.84072e+06
5.86919e+06
4.19349e+06
3.56371e+06
4.11809e+06
3.49613e+06
3.34526e+06
4.17059e+06
3.79988e+06
3.53438e+06
4.46518e+06
5.54272e+06
8.73906e+06
1.18653e+07
8.78762e+06
3.41531e+06
1.40889e+06
3.30072e+06
6.90525e+06
7.59305e+06
5.04723e+06
3.54391e+06
4.52083e+06
7.33108e+06
8.59479e+06
7.43751e+06
7.33065e+06
9.14952e+06
1.22966e+07
1.20757e+07
8.56007e+06
6.85123e+06
7.80579e+06
9.14284e+06
8.06376e+06
6.86135e+06
7.40451e+06
8.77028e+06
7.81432e+06
5.72798e+06
7.64563e+06
1.30769e+07
1.45754e+07
1.15439e+07
1.19193e+07
1.66868e+07
1.84894e+07
1.51293e+07
1.10061e+07
7.49318e+06
4.86144e+06
4.80115e+06
1.00172e+07
1.56822e+07
1.37569e+07
1.04792e+07
1.42259e+07
1.61034e+07
1.46862e+07
1.07829e+07
1.13136e+07
1.25211e+07
1.38884e+07
1.8166e+07
1.61981e+07
1.20648e+07
1.09029e+07
1.11036e+07
9.18066e+06
5.69418e+06
5.41961e+06
7.3814e+06
9.25074e+06
1.26178e+07
1.48139e+07
1.56813e+07
1.5884e+07
1.05999e+07
7.45139e+06
9.17225e+06
1.07296e+07
9.9693e+06
8.99731e+06
6.68164e+06
5.37763e+06
6.89183e+06
8.10285e+06
4.45056e+06
1.75831e+06
3.44498e+06
7.1548e+06
9.72829e+06
1.13245e+07
1.40504e+07
1.23707e+07
6.46201e+06
1.95156e+06
2.13351e+06
4.39913e+06
3.68244e+06
1.11621e+06
613135
805431
647819
1.82746e+06
2.68707e+06
4.78547e+06
7.463e+06
7.66512e+06
5.00244e+06
1.79453e+06
1.24912e+06
1.2797e+06
219882
1416
0
0
12
350
9406
113127
723127
2.28102e+06
3.33846e+06
1.88781e+06
296373
13045
309
0
0
0
0
0
0
57
1174
17917
112115
251197
98820
0
0
0
0
0
0
0
0
0
0
0
0
0
0
0
0
0
0
0
0
0
0
0
0
0
0
0
0
0
0
0
0
0
0
0
0
0
0
0
0
0
0
0
0
0
0
0
0
0
0
0
0
0
0
0
0
0
0
0
0
0
0
0
0
0
0
0
0
0
0
0
0
0
0
0
0
0
0
0
0
0
0
0
0
0
0
0
0
0
0
0
0
0
0
0
0
0
0
0
0
0
0
0
0
0
0
0
0
0
0
0
0
0
0
0
0
0
0
0
0
0
0
0
0
0
0
0
0
0
0
0
0
0
0
0
0
0
0
0
0
0
0
0
0
0
0
0
0
0
0
0
0
0
0
0
0
0
0
0
0
0
0
0
0
0
0
0
0
0
0
0
0
0
0
0
0
0
0
0
0
0
0
0
0
0
0
0
0
0
0
0
0
0
0
0
0
0
0
0
0
