1.90669e+06
0
0
0
0
0
0
0
0
0
0
0
0
0
0
0
2
3821
451231
3.23439e+06
4.7001e+06
2.39731e+06
574801
73268
7161
28917
224121
926325
1.86105e+06
1.73807e+06
762644
173405
261298
1.90491e+06
6.07845e+06
8.20508e+06
4.87919e+06
1.38338e+06
583794
2.03187e+06
3.97352e+06
3.40282e+06
1.55534e+06
1.66982e+06
4.73928e+06
7.69624e+06
6.05993e+06
2.54071e+06
1.53753e+06
2.46647e+06
2.56777e+06
2.54971e+06
6.87388e+06
1.43532e+07
1.45164e+07
7.28445e+06
2.74126e+06
2.13324e+06
2.33297e+06
4.49078e+06
9.61401e+06
1.16349e+07
8.30852e+06
7.05488e+06
8.147e+06
6.92949e+06
6.62087e+06
8.26334e+06
7.53358e+06
6.99999e+06
8.82496e+06
1.09728e+07
1.73396e+07
2.35044e+07
1.74495e+07
6.73477e+06
2.75438e+06
6.53593e+06
1.37037e+07
1.50445e+07
9.99804e+06
6.9979e+06
8.9423e+06
1.45506e+07
1.7025e+07
1.47587e+07
1.44735e+07
1.8142e+07
2.43558e+07
2.39338e+07
1.69692e+07
1.35323e+07
1.54827e+07
1.80959e+07
1.60032e+07
1.35586e+07
1.4676e+07
1.73788e+07
1.54834e+07
1.13357e+07
1.5125e+07
2.59159e+07
2.88719e+07
2.28879e+07
2.36023e+07
3.30621e+07
3.6607e+07
3.00133e+07
2.17795e+07
1.48465e+07
9.59307e+06
9.48664e+06
1.9891e+07
3.10294e+07
2.72902e+07
2.07564e+07
2.81829e+07
3.18751e+07
2.91004e+07
2.13698e+07
2.23813e+07
2.48192e+07
2.75013e+07
3.6015e+07
3.2065e+07
2.39026e+07
2.16231e+07
2.19507e+07
1.82019e+07
1.12769e+07
1.07195e+07
1.46383e+07
1.83207e+07
2.49764e+07
2.93465e+07
3.10952e+07
3.14567e+07
2.0972e+07
1.47746e+07
1.81681e+07
2.12609e+07
1.97674e+07
1.77935e+07
1.32407e+07
1.06551e+07
1.36415e+07
1.60772e+07
8.79789e+06
3.47562e+06
6.82762e+06
1.4179e+07
1.92244e+07
2.24691e+07
2.78545e+07
2.45158e+07
1.27788e+07
3.85178e+06
4.22739e+06
8.73765e+06
7.27836e+06
2.20649e+06
1.2121e+06
1.59858e+06
1.2748e+06
3.62136e+06
5.31924e+06
9.48845e+06
1.48019e+07
1.52032e+07
9.87275e+06
3.55542e+06
2.47555e+06
2.53607e+06
432902
2842
2
0
13
604
17186
219007
1.43161e+06
4.52265e+06
6.61877e+06
3.73764e+06
587390
24799
514
3
0
0
0
0
0
72
2191
33909
221023
500612
195537
0
0
0
0
0
0
0
0
0
0
0
0
0
0
0
0
0
0
0
0
0
0
0
0
0
0
0
0
0
0
0
0
0
0
0
0
0
0
0
0
0
0
0
0
0
0
0
0
0
0
0
0
0
0
0
0
0
0
0
0
0
0
0
0
0
0
0
0
0
0
0
0
0
0
0
0
0
0
0
0
0
0
0
0
0
0
0
0
0
0
0
0
0
0
0
0
0
0
0
0
0
0
0
0
0
0
0
0
0
0
0
0
0
0
0
0
0
0
0
0
0
0
0
0
0
0
0
0
0
0
0
0
0
0
0
0
0
0
0
0
0
0
0
0
0
0
0
0
0
0
0
0
0
0
0
0
0
0
0
0
0
0
0
0
0
0
0
0
0
0
0
0
0
0
0
0
0
0
0
0
0
0
0
0
0
0
0
0
0
0
0
0
0
0
0
0
0
0
0
0
