1.60154e+06
0
0
0
0
0
0
0
0
0
0
0
0
0
0
0
2
3252
379141
2.7164e+06
3.94845e+06
2.01303e+06
482969
61584
6030
24128
188410
778221
1.56341e+06
1.4593e+06
640585
146073
219076
1.59964e+06
5.10487e+06
6.89542e+06
4.09609e+06
1.16184e+06
489957
1.70747e+06
3.33753e+06
2.85842e+06
1.30508e+06
1.40216e+06
3.97782e+06
6.47328e+06
5.088e+06
2.13264e+06
1.29032e+06
2.07314e+06
2.15623e+06
2.1411e+06
5.76862e+06
1.20626e+07
1.21947e+07
6.11466e+06
2.30174e+06
1.79362e+06
1.95951e+06
3.77113e+06
8.07552e+06
9.7774e+06
6.97281e+06
5.92277e+06
6.85475e+06
5.81785e+06
5.55993e+06
6.94085e+06
6.32227e+06
5.88106e+06
7.41491e+06
9.20853e+06
1.45612e+07
1.97632e+07
1.46566e+07
5.65e+06
2.3086e+06
5.4849e+06
1.15181e+07
1.26431e+07
8.3947e+06
5.87498e+06
7.51033e+06
1.22234e+07
1.4302e+07
1.23864e+07
1.21593e+07
1.52379e+07
2.04666e+07
2.01068e+07
1.42502e+07
1.13622e+07
1.2996e+07
1.52157e+07
1.344e+07
1.13844e+07
1.23229e+07
1.46083e+07
1.30117e+07
9.51003e+06
1.26946e+07
2.17701e+07
2.42628e+07
1.9215e+07
1.98149e+07
2.77776e+07
3.07705e+07
2.52018e+07
1.83001e+07
1.24657e+07
8.05349e+06
7.94646e+06
1.66975e+07
2.61087e+07
2.29288e+07
1.73998e+07
2.3675e+07
2.67913e+07
2.44393e+07
1.79354e+07
1.88007e+07
2.08403e+07
2.30892e+07
3.02665e+07
2.69542e+07
2.00683e+07
1.81557e+07
1.8452e+07
1.52823e+07
9.4577e+06
9.00067e+06
1.22914e+07
1.53872e+07
2.09982e+07
2.46531e+07
2.61076e+07
2.64382e+07
1.76193e+07
1.23868e+07
1.52625e+07
1.7869e+07
1.65904e+07
1.49571e+07
1.11187e+07
8.93885e+06
1.14645e+07
1.35222e+07
7.38905e+06
2.90959e+06
5.72954e+06
1.19125e+07
1.61502e+07
1.88474e+07
2.34051e+07
2.06169e+07
1.07366e+07
3.22383e+06
3.5377e+06
7.3448e+06
6.12969e+06
1.84895e+06
1.01616e+06
1.34272e+06
1.06786e+06
3.03985e+06
4.47062e+06
7.96893e+06
1.24236e+07
1.27729e+07
8.30601e+06
2.98064e+06
2.07708e+06
2.13506e+06
364279
2378
2
0
12
488
14507
183713
1.19966e+06
3.79913e+06
5.56254e+06
3.13998e+06
492504
20860
429
3
0
0
0
0
0
63
1829
28701
185074
420593
164508
0
0
0
0
0
0
0
0
0
0
0
0
0
0
0
0
0
0
0
0
0
0
0
0
0
0
0
0
0
0
0
0
0
0
0
0
0
0
0
0
0
0
0
0
0
0
0
0
0
0
0
0
0
0
0
0
0
0
0
0
0
0
0
0
0
0
0
0
0
0
0
0
0
0
0
0
0
0
0
0
0
0
0
0
0
0
0
0
0
0
0
0
0
0
0
0
0
0
0
0
0
0
0
0
0
0
0
0
0
0
0
0
0
0
0
0
0
0
0
0
0
0
0
0
0
0
0
0
0
0
0
0
0
0
0
0
0
0
0
0
0
0
0
0
0
0
0
0
0
0
0
0
0
0
0
0
0
0
0
0
0
0
0
0
0
0
0
0
0
0
0
0
0
0
0
0
0
0
0
0
0
0
0
0
0
0
0
0
0
0
0
0
0
0
0
0
0
0
0
0
