1.73466e+06
0
0
0
0
0
0
0
0
0
0
0
0
0
0
0
2
3515
410506
2.94255e+06
4.2763e+06
2.1807e+06
523005
66613
6471
26077
204024
843241
1.69269e+06
1.58131e+06
694196
157581
236803
1.7326e+06
5.53114e+06
7.46695e+06
4.43713e+06
1.25851e+06
530510
1.84875e+06
3.61534e+06
3.09586e+06
1.41381e+06
1.51853e+06
4.31114e+06
7.00648e+06
5.51242e+06
2.31086e+06
1.39733e+06
2.24553e+06
2.33471e+06
2.31805e+06
6.25041e+06
1.30655e+07
1.32067e+07
6.62535e+06
2.4928e+06
1.94145e+06
2.12129e+06
4.08481e+06
8.74889e+06
1.05883e+07
7.5545e+06
6.41602e+06
7.41895e+06
6.30156e+06
6.02467e+06
7.51731e+06
6.84956e+06
6.36813e+06
8.02976e+06
9.97929e+06
1.57746e+07
2.13973e+07
1.58742e+07
6.12267e+06
2.50043e+06
5.94376e+06
1.2473e+07
1.36916e+07
9.09291e+06
6.36392e+06
8.13612e+06
1.32391e+07
1.54891e+07
1.34212e+07
1.3167e+07
1.65031e+07
2.21685e+07
2.17776e+07
1.5435e+07
1.23057e+07
1.40799e+07
1.64753e+07
1.45592e+07
1.23322e+07
1.3348e+07
1.58179e+07
1.4092e+07
1.03024e+07
1.3754e+07
2.35823e+07
2.62707e+07
2.08161e+07
2.14688e+07
3.00838e+07
3.33191e+07
2.73009e+07
1.98197e+07
1.35012e+07
8.72134e+06
8.61656e+06
1.80911e+07
2.82603e+07
2.48328e+07
1.88621e+07
2.56389e+07
2.90114e+07
2.6475e+07
1.94294e+07
2.03617e+07
2.25747e+07
2.50147e+07
3.27784e+07
2.91857e+07
2.17399e+07
1.96672e+07
1.99786e+07
1.65554e+07
1.02491e+07
9.74825e+06
1.33175e+07
1.66688e+07
2.27315e+07
2.67006e+07
2.82831e+07
2.86328e+07
1.90806e+07
1.34241e+07
1.65289e+07
1.93494e+07
1.79793e+07
1.61955e+07
1.20448e+07
9.68606e+06
1.24122e+07
1.46399e+07
8.00435e+06
3.15516e+06
6.20751e+06
1.29013e+07
1.74865e+07
2.043e+07
2.5348e+07
2.23198e+07
1.16294e+07
3.49468e+06
3.83651e+06
7.95303e+06
6.6337e+06
2.00404e+06
1.101e+06
1.45446e+06
1.1579e+06
3.29371e+06
4.83905e+06
8.63139e+06
1.34623e+07
1.38347e+07
8.99138e+06
3.22918e+06
2.25112e+06
2.31035e+06
393845
2528
2
0
12
538
15728
199081
1.30009e+06
4.11348e+06
6.02617e+06
3.40013e+06
533895
22321
463
3
0
0
0
0
0
71
1985
30931
200617
455542
178182
0
0
0
0
0
0
0
0
0
0
0
0
0
0
0
0
0
0
0
0
0
0
0
0
0
0
0
0
0
0
0
0
0
0
0
0
0
0
0
0
0
0
0
0
0
0
0
0
0
0
0
0
0
0
0
0
0
0
0
0
0
0
0
0
0
0
0
0
0
0
0
0
0
0
0
0
0
0
0
0
0
0
0
0
0
0
0
0
0
0
0
0
0
0
0
0
0
0
0
0
0
0
0
0
0
0
0
0
0
0
0
0
0
0
0
0
0
0
0
0
0
0
0
0
0
0
0
0
0
0
0
0
0
0
0
0
0
0
0
0
0
0
0
0
0
0
0
0
0
0
0
0
0
0
0
0
0
0
0
0
0
0
0
0
0
0
0
0
0
0
0
0
0
0
0
0
0
0
0
0
0
0
0
0
0
0
0
0
0
0
0
0
0
0
0
0
0
0
0
0
