77824
0
0
0
0
0
0
0
0
0
0
0
0
0
0
0
0
242
19226
128538
197213
94043
23620
3620
556
1404
9439
35185
78688
71160
30093
7537
12143
77676
239278
348325
189389
58344
26312
80552
166438
136834
62322
68544
184809
332483
239185
101717
62393
101110
108135
105924
270267
592784
595594
285556
114305
94670
96123
178006
383220
497917
324709
279168
354655
274072
259584
353598
300690
275555
383650
439561
673437
1.01213e+06
685340
271733
120854
256610
561975
629823
391565
297639
353866
589694
717672
574553
619394
710698
1.00935e+06
985729
673038
571746
604800
776516
625712
566997
582206
725772
634905
457280
604043
1.06332e+06
1.20196e+06
913993
951242
1.35348e+06
1.51645e+06
1.20396e+06
895137
606157
403382
383144
772849
1.33615e+06
1.08455e+06
828375
1.13131e+06
1.348e+06
1.1665e+06
866986
938443
995212
1.11154e+06
1.45654e+06
1.3527e+06
960328
862874
926907
727113
455534
446316
589144
742864
1.05239e+06
1.18544e+06
1.2418e+06
1.30743e+06
860490
583583
758093
865608
785813
747769
532737
437262
560097
645891
364736
145238
277705
565974
829169
874716
1.13314e+06
1.00531e+06
532392
159324
170938
340851
313287
88565
49344
65356
55343
141879
218949
385319
603660
606393
424604
140560
98942
103907
19714
127
0
0
0
45
971
9944
58136
176346
274323
155816
23631
1177
27
0
0
0
0
0
0
7
165
1500
8794
18811
9635
0
0
0
0
0
0
0
0
0
0
0
0
0
0
0
0
0
0
0
0
0
0
0
0
0
0
0
0
0
0
0
0
0
0
0
0
0
0
0
0
0
0
0
0
0
0
0
0
0
0
0
0
0
0
0
0
0
0
0
0
0
0
0
0
0
0
0
0
0
0
0
0
0
0
0
0
0
0
0
0
0
0
0
0
0
0
0
0
0
0
0
0
0
0
0
0
0
0
0
0
0
0
0
0
0
0
0
0
0
0
0
0
0
0
0
0
0
0
0
0
0
0
0
0
0
0
0
0
0
0
0
0
0
0
0
0
0
0
0
0
0
0
0
0
0
0
0
0
0
0
0
0
0
0
0
0
0
0
0
0
0
0
0
0
0
0
0
0
0
0
0
0
0
0
0
0
0
0
0
0
0
0
0
0
0
0
0
0
0
0
0
0
0
0
0
0
0
0
0
0
