1.20627e+06
0
0
0
0
0
0
0
0
0
0
0
0
0
0
0
0
2480
285987
2.04494e+06
2.97591e+06
1.51434e+06
363781
46896
4579
18415
142295
585708
1.17688e+06
1.09934e+06
482206
110508
165471
1.20574e+06
3.84337e+06
5.19473e+06
3.08168e+06
876753
371112
1.28515e+06
2.51392e+06
2.15181e+06
983279
1.06005e+06
2.99537e+06
4.8729e+06
3.82683e+06
1.61073e+06
973955
1.5611e+06
1.62301e+06
1.61719e+06
4.35008e+06
9.07784e+06
9.17298e+06
4.60908e+06
1.73839e+06
1.35353e+06
1.47957e+06
2.84394e+06
6.07432e+06
7.36028e+06
5.25512e+06
4.46283e+06
5.1613e+06
4.38273e+06
4.18976e+06
5.22625e+06
4.7617e+06
4.43067e+06
5.58738e+06
6.93541e+06
1.09628e+07
1.48864e+07
1.10277e+07
4.2642e+06
1.75107e+06
4.13215e+06
8.66227e+06
9.5192e+06
6.3273e+06
4.43278e+06
5.6613e+06
9.19804e+06
1.07683e+07
9.32427e+06
9.17349e+06
1.1474e+07
1.5412e+07
1.51395e+07
1.07269e+07
8.57082e+06
9.78814e+06
1.14614e+07
1.01159e+07
8.58326e+06
9.27884e+06
1.0999e+07
9.79767e+06
7.16693e+06
9.5728e+06
1.63931e+07
1.82694e+07
1.44708e+07
1.49319e+07
2.09127e+07
2.31773e+07
1.89714e+07
1.37846e+07
9.39373e+06
6.07811e+06
5.99794e+06
1.25618e+07
1.96639e+07
1.72601e+07
1.31171e+07
1.78293e+07
2.01778e+07
1.8407e+07
1.35088e+07
1.41664e+07
1.5695e+07
1.73988e+07
2.27777e+07
2.03051e+07
1.51192e+07
1.36705e+07
1.39033e+07
1.15102e+07
7.1281e+06
6.78351e+06
9.25098e+06
1.15938e+07
1.58189e+07
1.85691e+07
1.96565e+07
1.99076e+07
1.32712e+07
9.33716e+06
1.14954e+07
1.34509e+07
1.24938e+07
1.12714e+07
8.37564e+06
6.73402e+06
8.63709e+06
1.0172e+07
5.57252e+06
2.19801e+06
4.31603e+06
8.96792e+06
1.21683e+07
1.41963e+07
1.7622e+07
1.55183e+07
8.09279e+06
2.43552e+06
2.66835e+06
5.52568e+06
4.61459e+06
1.39566e+06
765709
1.01145e+06
807670
2.2923e+06
3.36822e+06
5.99825e+06
9.35013e+06
9.61491e+06
6.26118e+06
2.24907e+06
1.56456e+06
1.60777e+06
274790
1762
2
0
12
399
11364
140090
906252
2.86119e+06
4.18411e+06
2.36494e+06
371433
16292
371
0
0
0
0
0
0
61
1465
22206
140287
315537
123580
0
0
0
0
0
0
0
0
0
0
0
0
0
0
0
0
0
0
0
0
0
0
0
0
0
0
0
0
0
0
0
0
0
0
0
0
0
0
0
0
0
0
0
0
0
0
0
0
0
0
0
0
0
0
0
0
0
0
0
0
0
0
0
0
0
0
0
0
0
0
0
0
0
0
0
0
0
0
0
0
0
0
0
0
0
0
0
0
0
0
0
0
0
0
0
0
0
0
0
0
0
0
0
0
0
0
0
0
0
0
0
0
0
0
0
0
0
0
0
0
0
0
0
0
0
0
0
0
0
0
0
0
0
0
0
0
0
0
0
0
0
0
0
0
0
0
0
0
0
0
0
0
0
0
0
0
0
0
0
0
0
0
0
0
0
0
0
0
0
0
0
0
0
0
0
0
0
0
0
0
0
0
0
0
0
0
0
0
0
0
0
0
0
0
0
0
0
0
0
0
