972800
0
0
0
0
0
0
0
0
0
0
0
0
0
0
0
0
2034
230753
1.64907e+06
2.4e+06
1.22039e+06
293682
38159
3755
14995
115799
471176
948876
885625
389522
89578
135220
972796
3.09731e+06
4.18922e+06
2.48128e+06
709684
301254
1.03627e+06
2.02855e+06
1.73266e+06
793782
858353
2.41455e+06
3.92821e+06
3.08058e+06
1.30215e+06
788522
1.25737e+06
1.30937e+06
1.30847e+06
3.51182e+06
7.31496e+06
7.38623e+06
3.71801e+06
1.4073e+06
1.09526e+06
1.19507e+06
2.29755e+06
4.89241e+06
5.93156e+06
4.23866e+06
3.60123e+06
4.162e+06
3.5337e+06
3.38053e+06
4.21426e+06
3.84118e+06
3.57161e+06
4.51227e+06
5.60139e+06
8.83248e+06
1.19925e+07
8.88146e+06
3.45113e+06
1.42307e+06
3.33536e+06
6.9794e+06
7.67385e+06
5.10151e+06
3.58061e+06
4.56883e+06
7.40938e+06
8.68652e+06
7.51706e+06
7.40793e+06
9.24688e+06
1.24278e+07
1.22045e+07
8.65084e+06
6.92349e+06
7.88866e+06
9.24077e+06
8.15009e+06
6.93364e+06
7.48324e+06
8.86385e+06
7.89722e+06
5.78905e+06
7.72622e+06
1.32154e+07
1.4732e+07
1.16665e+07
1.20459e+07
1.68642e+07
1.86866e+07
1.52905e+07
1.11235e+07
7.57242e+06
4.91268e+06
4.85164e+06
1.01231e+07
1.58511e+07
1.39036e+07
1.05901e+07
1.4377e+07
1.62748e+07
1.48424e+07
1.08969e+07
1.1435e+07
1.26535e+07
1.40357e+07
1.83597e+07
1.63707e+07
1.21934e+07
1.10192e+07
1.12213e+07
9.27799e+06
5.75476e+06
5.47631e+06
7.45974e+06
9.34949e+06
1.27528e+07
1.49715e+07
1.58475e+07
1.60543e+07
1.07122e+07
7.52987e+06
9.27014e+06
1.08439e+07
1.00751e+07
9.09268e+06
6.75326e+06
5.43466e+06
6.96527e+06
8.18939e+06
4.49795e+06
1.7768e+06
3.48114e+06
7.2314e+06
9.831e+06
1.14453e+07
1.41998e+07
1.25029e+07
6.53103e+06
1.97171e+06
2.15611e+06
4.44639e+06
3.72152e+06
1.128e+06
619570
814036
654609
1.847e+06
2.71568e+06
4.8358e+06
7.54295e+06
7.74712e+06
5.05528e+06
1.81365e+06
1.26252e+06
1.29314e+06
222269
1448
0
0
12
356
9498
114285
730657
2.30501e+06
3.37462e+06
1.90781e+06
299464
13171
310
0
0
0
0
0
0
57
1193
18131
113240
253857
99922
0
0
0
0
0
0
0
0
0
0
0
0
0
0
0
0
0
0
0
0
0
0
0
0
0
0
0
0
0
0
0
0
0
0
0
0
0
0
0
0
0
0
0
0
0
0
0
0
0
0
0
0
0
0
0
0
0
0
0
0
0
0
0
0
0
0
0
0
0
0
0
0
0
0
0
0
0
0
0
0
0
0
0
0
0
0
0
0
0
0
0
0
0
0
0
0
0
0
0
0
0
0
0
0
0
0
0
0
0
0
0
0
0
0
0
0
0
0
0
0
0
0
0
0
0
0
0
0
0
0
0
0
0
0
0
0
0
0
0
0
0
0
0
0
0
0
0
0
0
0
0
0
0
0
0
0
0
0
0
0
0
0
0
0
0
0
0
0
0
0
0
0
0
0
0
0
0
0
0
0
0
0
0
0
0
0
0
0
0
0
0
0
0
0
0
0
0
0
0
0
