208896
0
0
0
0
0
0
0
0
0
0
0
0
0
0
0
0
500
50308
350773
519817
259822
63158
8325
938
3090
24611
99075
206666
191798
82086
18999
30060
208855
657984
911082
524909
153619
66060
220042
440335
371079
168020
181491
510556
866588
655667
275805
166867
269790
284568
280861
744248
1.57896e+06
1.59203e+06
787494
302317
241907
255476
485709
1.04731e+06
1.29825e+06
894015
763928
914481
750746
716306
919292
817366
758297
990885
1.19172e+06
1.87103e+06
2.62516e+06
1.88437e+06
733324
307586
707496
1.5095e+06
1.66516e+06
1.07694e+06
773563
969317
1.59279e+06
1.88714e+06
1.58952e+06
1.60847e+06
1.96028e+06
2.6892e+06
2.63242e+06
1.83886e+06
1.49982e+06
1.66924e+06
2.01647e+06
1.72366e+06
1.50517e+06
1.59341e+06
1.91738e+06
1.69674e+06
1.23506e+06
1.64651e+06
2.84915e+06
3.18626e+06
2.48482e+06
2.56929e+06
3.62909e+06
4.03761e+06
3.2649e+06
2.39497e+06
1.62324e+06
1.05956e+06
1.03669e+06
2.14596e+06
3.46393e+06
2.95945e+06
2.25451e+06
3.07571e+06
3.53174e+06
3.16931e+06
2.33875e+06
2.47962e+06
2.70282e+06
3.00172e+06
3.93243e+06
3.55222e+06
2.60224e+06
2.35149e+06
2.43533e+06
1.98076e+06
1.22944e+06
1.18219e+06
1.59321e+06
2.00111e+06
2.76602e+06
3.2081e+06
3.38053e+06
3.47491e+06
2.30218e+06
1.59403e+06
2.00235e+06
2.33371e+06
2.14477e+06
1.9705e+06
1.44266e+06
1.16668e+06
1.49841e+06
1.75204e+06
969867
377586
743891
1.54878e+06
2.15468e+06
2.41508e+06
3.0489e+06
2.69366e+06
1.41294e+06
419333
458917
945251
813861
239577
131727
175482
141795
390084
581181
1.03528e+06
1.62277e+06
1.65853e+06
1.10542e+06
382268
267581
279430
49399
329
0
0
3
79
2150
24157
153934
487425
731433
414955
63153
2718
57
0
0
0
0
0
0
9
311
3766
23601
53469
23292
0
0
0
0
0
0
0
0
0
0
0
0
0
0
0
0
0
0
0
0
0
0
0
0
0
0
0
0
0
0
0
0
0
0
0
0
0
0
0
0
0
0
0
0
0
0
0
0
0
0
0
0
0
0
0
0
0
0
0
0
0
0
0
0
0
0
0
0
0
0
0
0
0
0
0
0
0
0
0
0
0
0
0
0
0
0
0
0
0
0
0
0
0
0
0
0
0
0
0
0
0
0
0
0
0
0
0
0
0
0
0
0
0
0
0
0
0
0
0
0
0
0
0
0
0
0
0
0
0
0
0
0
0
0
0
0
0
0
0
0
0
0
0
0
0
0
0
0
0
0
0
0
0
0
0
0
0
0
0
0
0
0
0
0
0
0
0
0
0
0
0
0
0
0
0
0
0
0
0
0
0
0
0
0
0
0
0
0
0
0
0
0
0
0
0
0
0
0
0
0
