51200
0
0
0
0
0
0
0
0
0
0
0
0
0
0
0
0
188
12703
83172
132718
59772
15674
2600
463
990
6126
22403
53110
46507
19303
5211
8319
50706
154054
235583
121102
38217
18491
51591
111286
89914
40284
44981
117475
226279
154933
65432
40821
67134
72490
70255
172008
393379
396496
182278
75173
64757
63624
113291
250557
338046
206568
179410
243649
176379
165871
239795
195013
176318
260588
284077
430703
691158
443923
173542
79125
163557
374238
422094
250576
198982
227051
387666
481995
366314
416146
456052
673856
654547
432432
381376
387050
526926
402374
377053
375105
487119
419925
295536
387013
706358
801811
591134
618255
896090
1.00929e+06
783984
591459
398170
267320
244179
492503
915866
705098
527616
740871
906040
761003
565391
626323
647419
720870
960011
910958
623854
558830
623341
473834
293029
293928
384410
485130
709780
776582
803881
875264
566717
371897
505550
570667
507215
500127
348562
285503
370186
427052
241704
93497
180458
368155
560993
556104
746784
669526
354958
101964
107769
221339
215368
56425
31062
43748
36747
90426
144966
253058
397493
394731
288261
90187
62441
70222
13977
83
0
0
0
28
693
6772
37269
112394
183273
104404
15155
790
22
0
0
0
0
0
0
7
126
1014
5663
11907
6883
0
0
0
0
0
0
0
0
0
0
0
0
0
0
0
0
0
0
0
0
0
0
0
0
0
0
0
0
0
0
0
0
0
0
0
0
0
0
0
0
0
0
0
0
0
0
0
0
0
0
0
0
0
0
0
0
0
0
0
0
0
0
0
0
0
0
0
0
0
0
0
0
0
0
0
0
0
0
0
0
0
0
0
0
0
0
0
0
0
0
0
0
0
0
0
0
0
0
0
0
0
0
0
0
0
0
0
0
0
0
0
0
0
0
0
0
0
0
0
0
0
0
0
0
0
0
0
0
0
0
0
0
0
0
0
0
0
0
0
0
0
0
0
0
0
0
0
0
0
0
0
0
0
0
0
0
0
0
0
0
0
0
0
0
0
0
0
0
0
0
0
0
0
0
0
0
0
0
0
0
0
0
0
0
0
0
0
0
0
0
0
0
0
0
0
0
0
0
0
0
