1.33939e+06
0
0
0
0
0
0
0
0
0
0
0
0
0
0
0
0
2773
317294
2.27107e+06
3.30371e+06
1.68238e+06
403725
51695
5104
20211
157441
650128
1.30848e+06
1.22103e+06
535060
121976
182805
1.33766e+06
4.26944e+06
5.76917e+06
3.42369e+06
971458
409909
1.42694e+06
2.79342e+06
2.39038e+06
1.0895e+06
1.17318e+06
3.32571e+06
5.41745e+06
4.25313e+06
1.78335e+06
1.07891e+06
1.73436e+06
1.80256e+06
1.79132e+06
4.82699e+06
1.00873e+07
1.01943e+07
5.11483e+06
1.92456e+06
1.50129e+06
1.64098e+06
3.15378e+06
6.74957e+06
8.17957e+06
5.83094e+06
4.9542e+06
5.73299e+06
4.8652e+06
4.64888e+06
5.80672e+06
5.28646e+06
4.91764e+06
6.20357e+06
7.69578e+06
1.21758e+07
1.65371e+07
1.22551e+07
4.72526e+06
1.93188e+06
4.58632e+06
9.62772e+06
1.0577e+07
7.02219e+06
4.91473e+06
6.28127e+06
1.02184e+07
1.19622e+07
1.03541e+07
1.01759e+07
1.27387e+07
1.71205e+07
1.68184e+07
1.19097e+07
9.50731e+06
1.08681e+07
1.27279e+07
1.12365e+07
9.52336e+06
1.03043e+07
1.22157e+07
1.08861e+07
7.94821e+06
1.06168e+07
1.82134e+07
2.02957e+07
1.60579e+07
1.65689e+07
2.32344e+07
2.57427e+07
2.10698e+07
1.53009e+07
1.04297e+07
6.74088e+06
6.64241e+06
1.39513e+07
2.18518e+07
1.91729e+07
1.45443e+07
1.97978e+07
2.24145e+07
2.04422e+07
1.49921e+07
1.57213e+07
1.74244e+07
1.93109e+07
2.5312e+07
2.25515e+07
1.67855e+07
1.51768e+07
1.54369e+07
1.27793e+07
7.90843e+06
7.52471e+06
1.02759e+07
1.28726e+07
1.7572e+07
2.06211e+07
2.18237e+07
2.21086e+07
1.47397e+07
1.03596e+07
1.27611e+07
1.49389e+07
1.38722e+07
1.25123e+07
9.30482e+06
7.47203e+06
9.58874e+06
1.13081e+07
6.18509e+06
2.43442e+06
4.78953e+06
9.9615e+06
1.35076e+07
1.57571e+07
1.95752e+07
1.7238e+07
8.98578e+06
2.69898e+06
2.95653e+06
6.13974e+06
5.12954e+06
1.54631e+06
848709
1.12424e+06
893585
2.54285e+06
3.74156e+06
6.66087e+06
1.03849e+07
1.06802e+07
6.95128e+06
2.49496e+06
1.73641e+06
1.78636e+06
305080
1976
2
0
12
424
12385
154491
1.00373e+06
3.17644e+06
4.64931e+06
2.62764e+06
411874
17835
390
0
0
0
0
0
0
61
1569
24297
155356
350987
137426
0
0
0
0
0
0
0
0
0
0
0
0
0
0
0
0
0
0
0
0
0
0
0
0
0
0
0
0
0
0
0
0
0
0
0
0
0
0
0
0
0
0
0
0
0
0
0
0
0
0
0
0
0
0
0
0
0
0
0
0
0
0
0
0
0
0
0
0
0
0
0
0
0
0
0
0
0
0
0
0
0
0
0
0
0
0
0
0
0
0
0
0
0
0
0
0
0
0
0
0
0
0
0
0
0
0
0
0
0
0
0
0
0
0
0
0
0
0
0
0
0
0
0
0
0
0
0
0
0
0
0
0
0
0
0
0
0
0
0
0
0
0
0
0
0
0
0
0
0
0
0
0
0
0
0
0
0
0
0
0
0
0
0
0
0
0
0
0
0
0
0
0
0
0
0
0
0
0
0
0
0
0
0
0
0
0
0
0
0
0
0
0
0
0
0
0
0
0
0
0
