1.06906e+06
0
0
0
0
0
0
0
0
0
0
0
0
0
0
0
0
2204
253548
1.81273e+06
2.63651e+06
1.34169e+06
323054
41696
4068
16454
126788
518678
1.04223e+06
973767
427766
98324
147898
1.0694e+06
3.40417e+06
4.60334e+06
2.72892e+06
779057
330072
1.13932e+06
2.22766e+06
1.90515e+06
873059
941430
2.65418e+06
4.3171e+06
3.38734e+06
1.42998e+06
865823
1.38198e+06
1.43833e+06
1.43716e+06
3.85847e+06
8.0392e+06
8.12113e+06
4.0875e+06
1.54421e+06
1.20186e+06
1.31227e+06
2.52335e+06
5.37807e+06
6.52073e+06
4.65843e+06
3.95733e+06
4.57323e+06
3.88434e+06
3.71334e+06
4.63111e+06
4.22139e+06
3.92629e+06
4.95486e+06
6.1522e+06
9.70972e+06
1.31847e+07
9.76582e+06
3.78841e+06
1.55864e+06
3.66366e+06
7.67266e+06
8.43304e+06
5.60813e+06
3.93247e+06
5.01992e+06
8.14532e+06
9.54361e+06
8.26441e+06
8.13519e+06
1.0167e+07
1.36572e+07
1.34108e+07
9.50959e+06
7.60297e+06
8.67103e+06
1.01566e+07
8.96037e+06
7.6138e+06
8.22419e+06
9.74343e+06
8.68033e+06
6.35944e+06
8.48821e+06
1.45224e+07
1.61882e+07
1.28259e+07
1.32375e+07
1.85322e+07
2.05365e+07
1.68081e+07
1.22209e+07
8.32306e+06
5.39354e+06
5.327e+06
1.1127e+07
1.74209e+07
1.52885e+07
1.16345e+07
1.57979e+07
1.7884e+07
1.63133e+07
1.19726e+07
1.256e+07
1.39073e+07
1.54242e+07
2.01824e+07
1.7987e+07
1.34039e+07
1.21114e+07
1.23272e+07
1.01969e+07
6.32357e+06
6.01514e+06
8.19872e+06
1.02759e+07
1.40146e+07
1.64517e+07
1.74204e+07
1.76415e+07
1.17697e+07
8.27552e+06
1.01863e+07
1.19173e+07
1.10731e+07
9.99178e+06
7.42214e+06
5.97009e+06
7.65575e+06
9.00436e+06
4.94206e+06
1.9514e+06
3.82533e+06
7.94603e+06
1.07958e+07
1.25825e+07
1.56086e+07
1.37428e+07
7.17622e+06
2.16399e+06
2.3678e+06
4.8905e+06
4.08825e+06
1.2395e+06
680231
894931
718893
2.03042e+06
2.98422e+06
5.31612e+06
8.28682e+06
8.51658e+06
5.55241e+06
1.99386e+06
1.38728e+06
1.42199e+06
243938
1591
2
0
12
365
10383
124982
803681
2.53374e+06
3.70935e+06
2.09525e+06
328843
14546
352
0
0
0
0
0
0
59
1349
19885
124403
279192
109640
0
0
0
0
0
0
0
0
0
0
0
0
0
0
0
0
0
0
0
0
0
0
0
0
0
0
0
0
0
0
0
0
0
0
0
0
0
0
0
0
0
0
0
0
0
0
0
0
0
0
0
0
0
0
0
0
0
0
0
0
0
0
0
0
0
0
0
0
0
0
0
0
0
0
0
0
0
0
0
0
0
0
0
0
0
0
0
0
0
0
0
0
0
0
0
0
0
0
0
0
0
0
0
0
0
0
0
0
0
0
0
0
0
0
0
0
0
0
0
0
0
0
0
0
0
0
0
0
0
0
0
0
0
0
0
0
0
0
0
0
0
0
0
0
0
0
0
0
0
0
0
0
0
0
0
0
0
0
0
0
0
0
0
0
0
0
0
0
0
0
0
0
0
0
0
0
0
0
0
0
0
0
0
0
0
0
0
0
0
0
0
0
0
0
0
0
0
0
0
0
