991232
0
0
0
0
0
0
0
0
0
0
0
0
0
0
0
0
2063
235147
1.68032e+06
2.44531e+06
1.24392e+06
299046
38868
3790
15269
117908
480083
966965
902526
396821
91194
137588
990881
3.15642e+06
4.26929e+06
2.5284e+06
722777
306654
1.05582e+06
2.0669e+06
1.76574e+06
809010
874046
2.46064e+06
4.00282e+06
3.13935e+06
1.32613e+06
803390
1.28146e+06
1.33407e+06
1.33314e+06
3.57719e+06
7.45462e+06
7.52765e+06
3.78824e+06
1.43348e+06
1.11552e+06
1.21743e+06
2.34069e+06
4.98534e+06
6.04415e+06
4.31963e+06
3.66916e+06
4.24067e+06
3.60147e+06
3.44348e+06
4.29459e+06
3.9142e+06
3.63935e+06
4.59664e+06
5.70698e+06
8.99994e+06
1.22221e+07
9.05035e+06
3.51573e+06
1.44858e+06
3.398e+06
7.11281e+06
7.81888e+06
5.19841e+06
3.64786e+06
4.65538e+06
7.55018e+06
8.85111e+06
7.6602e+06
7.54701e+06
9.4232e+06
1.26633e+07
1.24361e+07
8.8148e+06
7.05327e+06
8.03736e+06
9.41701e+06
8.30621e+06
7.063e+06
7.6254e+06
9.03214e+06
8.04765e+06
5.8977e+06
7.8719e+06
1.3465e+07
1.50123e+07
1.18882e+07
1.22739e+07
1.71827e+07
1.9041e+07
1.55825e+07
1.13345e+07
7.71522e+06
5.00415e+06
4.94268e+06
1.03139e+07
1.61531e+07
1.41696e+07
1.07891e+07
1.46488e+07
1.65845e+07
1.51236e+07
1.11014e+07
1.16524e+07
1.28928e+07
1.43009e+07
1.87093e+07
1.668e+07
1.24249e+07
1.12292e+07
1.14334e+07
9.4531e+06
5.86355e+06
5.57925e+06
7.60068e+06
9.5267e+06
1.29959e+07
1.52542e+07
1.61488e+07
1.63585e+07
1.09154e+07
7.67169e+06
9.44595e+06
1.10497e+07
1.02656e+07
9.26382e+06
6.88258e+06
5.53688e+06
7.09699e+06
8.34652e+06
4.58281e+06
1.81012e+06
3.54656e+06
7.36835e+06
1.00164e+07
1.16619e+07
1.44706e+07
1.27398e+07
6.65505e+06
2.00825e+06
2.19701e+06
4.53153e+06
3.79181e+06
1.14921e+06
631117
829494
666890
1.88227e+06
2.76674e+06
4.92794e+06
7.68608e+06
7.89324e+06
5.15128e+06
1.84802e+06
1.28662e+06
1.31779e+06
226297
1470
0
0
12
359
9678
116297
744779
2.3486e+06
3.43885e+06
1.94365e+06
305084
13467
315
0
0
0
0
0
0
57
1219
18460
115301
258851
101728
0
0
0
0
0
0
0
0
0
0
0
0
0
0
0
0
0
0
0
0
0
0
0
0
0
0
0
0
0
0
0
0
0
0
0
0
0
0
0
0
0
0
0
0
0
0
0
0
0
0
0
0
0
0
0
0
0
0
0
0
0
0
0
0
0
0
0
0
0
0
0
0
0
0
0
0
0
0
0
0
0
0
0
0
0
0
0
0
0
0
0
0
0
0
0
0
0
0
0
0
0
0
0
0
0
0
0
0
0
0
0
0
0
0
0
0
0
0
0
0
0
0
0
0
0
0
0
0
0
0
0
0
0
0
0
0
0
0
0
0
0
0
0
0
0
0
0
0
0
0
0
0
0
0
0
0
0
0
0
0
0
0
0
0
0
0
0
0
0
0
0
0
0
0
0
0
0
0
0
0
0
0
0
0
0
0
0
0
0
0
0
0
0
0
0
0
0
0
0
0
