1.29434e+06
0
0
0
0
0
0
0
0
0
0
0
0
0
0
0
0
2687
306710
2.19468e+06
3.19266e+06
1.62521e+06
390245
50224
4963
19574
152384
628709
1.26366e+06
1.17945e+06
517172
118265
177338
1.29309e+06
4.12496e+06
5.57435e+06
3.30737e+06
940038
396969
1.37927e+06
2.69889e+06
2.30899e+06
1.05377e+06
1.13557e+06
3.21465e+06
5.23136e+06
4.10825e+06
1.72505e+06
1.04387e+06
1.67595e+06
1.74185e+06
1.73345e+06
4.66626e+06
9.74499e+06
9.84586e+06
4.94403e+06
1.86298e+06
1.45118e+06
1.58642e+06
3.05065e+06
6.52022e+06
7.89984e+06
5.63741e+06
4.78842e+06
5.53849e+06
4.70219e+06
4.49342e+06
5.6098e+06
5.10929e+06
4.7537e+06
5.99538e+06
7.43921e+06
1.17659e+07
1.59748e+07
1.18367e+07
4.57234e+06
1.87355e+06
4.43373e+06
9.29749e+06
1.02178e+07
6.78692e+06
4.75463e+06
6.07235e+06
9.87144e+06
1.15569e+07
1.00057e+07
9.83846e+06
1.23119e+07
1.65403e+07
1.62481e+07
1.15087e+07
9.19227e+06
1.05031e+07
1.22991e+07
1.08566e+07
9.20637e+06
9.95767e+06
1.18022e+07
1.05159e+07
7.6868e+06
1.02659e+07
1.75964e+07
1.96052e+07
1.55225e+07
1.60199e+07
2.24462e+07
2.48698e+07
2.03588e+07
1.47891e+07
1.00791e+07
6.51718e+06
6.42783e+06
1.34836e+07
2.11059e+07
1.85236e+07
1.40679e+07
1.91297e+07
2.16552e+07
1.97522e+07
1.44937e+07
1.51926e+07
1.68404e+07
1.86662e+07
2.44528e+07
2.17879e+07
1.62215e+07
1.46679e+07
1.49169e+07
1.23485e+07
7.64691e+06
7.276e+06
9.9291e+06
1.24389e+07
1.69792e+07
1.99261e+07
2.10882e+07
2.13624e+07
1.42423e+07
1.00164e+07
1.2333e+07
1.44331e+07
1.34073e+07
1.20925e+07
8.99016e+06
7.22259e+06
9.26673e+06
1.09222e+07
5.97716e+06
2.35518e+06
4.63058e+06
9.62543e+06
1.30551e+07
1.52285e+07
1.89116e+07
1.66564e+07
8.68252e+06
2.61155e+06
2.85958e+06
5.93128e+06
4.95417e+06
1.49597e+06
820607
1.08621e+06
864952
2.4586e+06
3.61456e+06
6.43619e+06
1.00353e+07
1.03183e+07
6.71712e+06
2.41326e+06
1.67789e+06
1.72564e+06
294880
1908
2
0
12
420
12107
149636
971039
3.06982e+06
4.49162e+06
2.53857e+06
398062
17356
381
0
0
0
0
0
0
61
1525
23665
150245
339031
132641
0
0
0
0
0
0
0
0
0
0
0
0
0
0
0
0
0
0
0
0
0
0
0
0
0
0
0
0
0
0
0
0
0
0
0
0
0
0
0
0
0
0
0
0
0
0
0
0
0
0
0
0
0
0
0
0
0
0
0
0
0
0
0
0
0
0
0
0
0
0
0
0
0
0
0
0
0
0
0
0
0
0
0
0
0
0
0
0
0
0
0
0
0
0
0
0
0
0
0
0
0
0
0
0
0
0
0
0
0
0
0
0
0
0
0
0
0
0
0
0
0
0
0
0
0
0
0
0
0
0
0
0
0
0
0
0
0
0
0
0
0
0
0
0
0
0
0
0
0
0
0
0
0
0
0
0
0
0
0
0
0
0
0
0
0
0
0
0
0
0
0
0
0
0
0
0
0
0
0
0
0
0
0
0
0
0
0
0
0
0
0
0
0
0
0
0
0
0
0
0
