1.90054e+06
0
0
0
0
0
0
0
0
0
0
0
0
0
0
0
2
3811
449694
3.22393e+06
4.68513e+06
2.38963e+06
572880
73016
7125
28819
223357
923373
1.85509e+06
1.73253e+06
760155
172799
260381
1.89843e+06
6.05901e+06
8.17924e+06
4.86331e+06
1.3788e+06
581795
2.02524e+06
3.96081e+06
3.39198e+06
1.5502e+06
1.66413e+06
4.7239e+06
7.67217e+06
6.04067e+06
2.5322e+06
1.53224e+06
2.4587e+06
2.55952e+06
2.54107e+06
6.85127e+06
1.43076e+07
1.44705e+07
7.26055e+06
2.7322e+06
2.12618e+06
2.32533e+06
4.47604e+06
9.58333e+06
1.15977e+07
8.28168e+06
7.03175e+06
8.12128e+06
6.90685e+06
6.59963e+06
8.23667e+06
7.50913e+06
6.97745e+06
8.79653e+06
1.0937e+07
1.72837e+07
2.343e+07
1.73939e+07
6.7122e+06
2.74475e+06
6.51445e+06
1.36602e+07
1.49967e+07
9.96551e+06
6.97527e+06
8.91311e+06
1.45037e+07
1.69708e+07
1.47106e+07
1.44267e+07
1.80831e+07
2.42782e+07
2.3857e+07
1.69145e+07
1.34878e+07
1.54326e+07
1.80385e+07
1.59518e+07
1.35143e+07
1.46279e+07
1.73237e+07
1.54343e+07
1.12981e+07
1.50751e+07
2.58336e+07
2.87793e+07
2.28138e+07
2.35252e+07
3.2956e+07
3.64909e+07
2.9916e+07
2.17097e+07
1.47984e+07
9.56146e+06
9.4544e+06
1.98268e+07
3.0932e+07
2.72029e+07
2.06869e+07
2.80918e+07
3.17738e+07
2.90075e+07
2.12997e+07
2.23085e+07
2.47395e+07
2.74117e+07
3.58998e+07
3.19636e+07
2.38246e+07
2.15532e+07
2.18805e+07
1.81431e+07
1.12396e+07
1.06843e+07
1.45912e+07
1.82614e+07
2.48975e+07
2.92513e+07
3.0995e+07
3.13564e+07
2.09043e+07
1.47258e+07
1.81097e+07
2.11925e+07
1.97039e+07
1.77361e+07
1.31984e+07
1.06203e+07
1.35973e+07
1.60269e+07
8.76923e+06
3.4639e+06
6.80526e+06
1.41335e+07
1.91625e+07
2.23961e+07
2.7765e+07
2.4438e+07
1.27378e+07
3.8387e+06
4.21337e+06
8.70962e+06
7.25557e+06
2.19919e+06
1.20809e+06
1.59347e+06
1.2705e+06
3.60953e+06
5.30209e+06
9.45813e+06
1.47539e+07
1.51543e+07
9.84132e+06
3.54383e+06
2.46754e+06
2.52811e+06
431502
2839
2
0
13
604
17115
218253
1.42684e+06
4.50799e+06
6.59789e+06
3.72549e+06
585470
24729
506
3
0
0
0
0
0
72
2182
33807
220317
499002
194892
0
0
0
0
0
0
0
0
0
0
0
0
0
0
0
0
0
0
0
0
0
0
0
0
0
0
0
0
0
0
0
0
0
0
0
0
0
0
0
0
0
0
0
0
0
0
0
0
0
0
0
0
0
0
0
0
0
0
0
0
0
0
0
0
0
0
0
0
0
0
0
0
0
0
0
0
0
0
0
0
0
0
0
0
0
0
0
0
0
0
0
0
0
0
0
0
0
0
0
0
0
0
0
0
0
0
0
0
0
0
0
0
0
0
0
0
0
0
0
0
0
0
0
0
0
0
0
0
0
0
0
0
0
0
0
0
0
0
0
0
0
0
0
0
0
0
0
0
0
0
0
0
0
0
0
0
0
0
0
0
0
0
0
0
0
0
0
0
0
0
0
0
0
0
0
0
0
0
0
0
0
0
0
0
0
0
0
0
0
0
0
0
0
0
0
0
0
0
0
0
