1.24518e+06
0
0
0
0
0
0
0
0
0
0
0
0
0
0
0
0
2576
295162
2.11118e+06
3.07176e+06
1.56325e+06
375326
48434
4744
18976
146824
604603
1.21483e+06
1.13503e+06
497875
113787
170816
1.24436e+06
3.96685e+06
5.36332e+06
3.18187e+06
904367
382520
1.32661e+06
2.5954e+06
2.22148e+06
1.0147e+06
1.09297e+06
3.09146e+06
5.03177e+06
3.95243e+06
1.66112e+06
1.0043e+06
1.61159e+06
1.67586e+06
1.66826e+06
4.48974e+06
9.37291e+06
9.47069e+06
4.75676e+06
1.79325e+06
1.39672e+06
1.52702e+06
2.93405e+06
6.27163e+06
7.60024e+06
5.42382e+06
4.60574e+06
5.32874e+06
4.52406e+06
4.3237e+06
5.39526e+06
4.91544e+06
4.5723e+06
5.76891e+06
7.15691e+06
1.13165e+07
1.53711e+07
1.13855e+07
4.39854e+06
1.80427e+06
4.26376e+06
8.945e+06
9.82951e+06
6.52963e+06
4.57437e+06
5.84232e+06
9.49562e+06
1.11178e+07
9.6252e+06
9.4662e+06
1.18433e+07
1.59129e+07
1.56292e+07
1.10722e+07
8.84471e+06
1.01048e+07
1.18317e+07
1.04436e+07
8.85701e+06
9.57774e+06
1.1357e+07
1.01149e+07
7.39484e+06
9.87824e+06
1.69252e+07
1.8862e+07
1.49341e+07
1.54098e+07
2.1594e+07
2.39254e+07
1.95842e+07
1.42285e+07
9.69631e+06
6.27156e+06
6.18613e+06
1.29684e+07
2.03039e+07
1.78193e+07
1.35344e+07
1.84028e+07
2.08341e+07
1.9001e+07
1.39425e+07
1.462e+07
1.62015e+07
1.79575e+07
2.35198e+07
2.09626e+07
1.56031e+07
1.41107e+07
1.43529e+07
1.18808e+07
7.3565e+06
6.99987e+06
9.55105e+06
1.19658e+07
1.63337e+07
1.91687e+07
2.0288e+07
2.05524e+07
1.37011e+07
9.63468e+06
1.18661e+07
1.38858e+07
1.28969e+07
1.16351e+07
8.6473e+06
6.94793e+06
8.91492e+06
1.05056e+07
5.75074e+06
2.26609e+06
4.45426e+06
9.25939e+06
1.25616e+07
1.46506e+07
1.81934e+07
1.60217e+07
8.35424e+06
2.51143e+06
2.75167e+06
5.70602e+06
4.76483e+06
1.43978e+06
789792
1.04491e+06
832237
2.36516e+06
3.4765e+06
6.19196e+06
9.65406e+06
9.92659e+06
6.4634e+06
2.32074e+06
1.61418e+06
1.66023e+06
283487
1831
2
0
12
405
11635
143865
934143
2.95278e+06
4.32184e+06
2.44202e+06
382815
16757
373
0
0
0
0
0
0
61
1489
22789
144507
326002
127744
0
0
0
0
0
0
0
0
0
0
0
0
0
0
0
0
0
0
0
0
0
0
0
0
0
0
0
0
0
0
0
0
0
0
0
0
0
0
0
0
0
0
0
0
0
0
0
0
0
0
0
0
0
0
0
0
0
0
0
0
0
0
0
0
0
0
0
0
0
0
0
0
0
0
0
0
0
0
0
0
0
0
0
0
0
0
0
0
0
0
0
0
0
0
0
0
0
0
0
0
0
0
0
0
0
0
0
0
0
0
0
0
0
0
0
0
0
0
0
0
0
0
0
0
0
0
0
0
0
0
0
0
0
0
0
0
0
0
0
0
0
0
0
0
0
0
0
0
0
0
0
0
0
0
0
0
0
0
0
0
0
0
0
0
0
0
0
0
0
0
0
0
0
0
0
0
0
0
0
0
0
0
0
0
0
0
0
0
0
0
0
0
0
0
0
0
0
0
0
0
