1.16326e+06
0
0
0
0
0
0
0
0
0
0
0
0
0
0
0
0
2387
275861
1.97239e+06
2.86902e+06
1.46017e+06
351306
45251
4433
17927
137388
564625
1.13454e+06
1.05996e+06
465264
106778
160004
1.16347e+06
3.7048e+06
5.00909e+06
2.97162e+06
846322
358182
1.23962e+06
2.42407e+06
2.0739e+06
949530
1.02279e+06
2.8891e+06
4.6976e+06
3.68849e+06
1.55515e+06
939846
1.5046e+06
1.5659e+06
1.56045e+06
4.19671e+06
8.75103e+06
8.84263e+06
4.44663e+06
1.67753e+06
1.30632e+06
1.42692e+06
2.74397e+06
5.85583e+06
7.09616e+06
5.06843e+06
4.30478e+06
4.97643e+06
4.22707e+06
4.04047e+06
5.03863e+06
4.59341e+06
4.27357e+06
5.38875e+06
6.6898e+06
1.05702e+07
1.43511e+07
1.06318e+07
4.11635e+06
1.69145e+06
3.98596e+06
8.35067e+06
9.17786e+06
6.10338e+06
4.27584e+06
5.46062e+06
8.86703e+06
1.03851e+07
8.99151e+06
8.84895e+06
1.10654e+07
1.48602e+07
1.45963e+07
1.0347e+07
8.26777e+06
9.43836e+06
1.10513e+07
9.75294e+06
8.28124e+06
8.94749e+06
1.06045e+07
9.44854e+06
6.91542e+06
9.2336e+06
1.58042e+07
1.76146e+07
1.39594e+07
1.44004e+07
2.01642e+07
2.23504e+07
1.82936e+07
1.32941e+07
9.05802e+06
5.8646e+06
5.78875e+06
1.21108e+07
1.89595e+07
1.66436e+07
1.26545e+07
1.71906e+07
1.94581e+07
1.77504e+07
1.30286e+07
1.36636e+07
1.51338e+07
1.6781e+07
2.19629e+07
1.95777e+07
1.45827e+07
1.31817e+07
1.34081e+07
1.10995e+07
6.87692e+06
6.54268e+06
8.91982e+06
1.11799e+07
1.52549e+07
1.79054e+07
1.89568e+07
1.91947e+07
1.28002e+07
9.00665e+06
1.10844e+07
1.29694e+07
1.20504e+07
1.08676e+07
8.07844e+06
6.49503e+06
8.32953e+06
9.80526e+06
5.37494e+06
2.12245e+06
4.16155e+06
8.64749e+06
1.17363e+07
1.36907e+07
1.69915e+07
1.49621e+07
7.80474e+06
2.35133e+06
2.57422e+06
5.32604e+06
4.44987e+06
1.3469e+06
738651
974896
779791
2.21079e+06
3.24912e+06
5.78468e+06
9.01564e+06
9.27021e+06
6.03825e+06
2.16979e+06
1.509e+06
1.54945e+06
265187
1708
2
0
12
394
11074
135563
874649
2.75923e+06
4.03414e+06
2.27952e+06
358637
15796
363
0
0
0
0
0
0
61
1426
21633
135362
303898
119252
0
0
0
0
0
0
0
0
0
0
0
0
0
0
0
0
0
0
0
0
0
0
0
0
0
0
0
0
0
0
0
0
0
0
0
0
0
0
0
0
0
0
0
0
0
0
0
0
0
0
0
0
0
0
0
0
0
0
0
0
0
0
0
0
0
0
0
0
0
0
0
0
0
0
0
0
0
0
0
0
0
0
0
0
0
0
0
0
0
0
0
0
0
0
0
0
0
0
0
0
0
0
0
0
0
0
0
0
0
0
0
0
0
0
0
0
0
0
0
0
0
0
0
0
0
0
0
0
0
0
0
0
0
0
0
0
0
0
0
0
0
0
0
0
0
0
0
0
0
0
0
0
0
0
0
0
0
0
0
0
0
0
0
0
0
0
0
0
0
0
0
0
0
0
0
0
0
0
0
0
0
0
0
0
0
0
0
0
0
0
0
0
0
0
0
0
0
0
0
0
