1.69779e+06
0
0
0
0
0
0
0
0
0
0
0
0
0
0
0
2
3454
401849
2.87993e+06
4.18534e+06
2.13421e+06
512103
65222
6330
25607
199858
825247
1.65667e+06
1.54726e+06
679382
154630
232093
1.69621e+06
5.41312e+06
7.30709e+06
4.34295e+06
1.23228e+06
519572
1.8098e+06
3.53796e+06
3.0301e+06
1.38376e+06
1.48726e+06
4.21847e+06
6.8577e+06
5.3945e+06
2.26213e+06
1.36832e+06
2.19735e+06
2.28502e+06
2.2704e+06
6.11864e+06
1.27844e+07
1.29255e+07
6.48463e+06
2.44118e+06
1.90003e+06
2.07711e+06
3.99882e+06
8.56151e+06
1.03629e+07
7.39338e+06
6.2805e+06
7.26168e+06
6.1678e+06
5.89617e+06
7.35779e+06
6.70313e+06
6.23395e+06
7.85986e+06
9.76658e+06
1.54386e+07
2.0942e+07
1.55347e+07
5.99414e+06
2.45001e+06
5.81812e+06
1.22064e+07
1.3398e+07
8.90046e+06
6.23109e+06
7.96402e+06
1.29558e+07
1.51589e+07
1.31357e+07
1.28895e+07
1.61534e+07
2.16955e+07
2.13123e+07
1.51075e+07
1.20457e+07
1.37812e+07
1.61242e+07
1.42502e+07
1.20712e+07
1.30647e+07
1.5481e+07
1.37911e+07
1.00853e+07
1.34645e+07
2.30781e+07
2.57103e+07
2.03754e+07
2.10131e+07
2.94438e+07
3.26108e+07
2.67187e+07
1.93992e+07
1.32147e+07
8.5376e+06
8.4351e+06
1.77072e+07
2.76575e+07
2.43043e+07
1.84633e+07
2.50949e+07
2.83924e+07
2.59106e+07
1.90173e+07
1.99312e+07
2.2097e+07
2.44839e+07
3.20774e+07
2.85652e+07
2.12776e+07
1.92488e+07
1.95561e+07
1.62022e+07
1.00319e+07
9.54392e+06
1.30336e+07
1.6314e+07
2.2249e+07
2.61312e+07
2.76816e+07
2.80241e+07
1.86767e+07
1.314e+07
1.61751e+07
1.89396e+07
1.75965e+07
1.58527e+07
1.17878e+07
9.48e+06
1.21493e+07
1.43275e+07
7.83468e+06
3.08811e+06
6.07574e+06
1.26255e+07
1.7119e+07
1.99943e+07
2.4807e+07
2.1846e+07
1.13827e+07
3.42108e+06
3.755e+06
7.78264e+06
6.49381e+06
1.96133e+06
1.07782e+06
1.42324e+06
1.13417e+06
3.22269e+06
4.73625e+06
8.44818e+06
1.31751e+07
1.35398e+07
8.80199e+06
3.16079e+06
2.20265e+06
2.2613e+06
385723
2491
2
0
12
517
15382
194768
1.27256e+06
4.0259e+06
5.89769e+06
3.32874e+06
522238
21873
440
3
0
0
0
0
0
69
1937
30304
196368
445871
174347
0
0
0
0
0
0
0
0
0
0
0
0
0
0
0
0
0
0
0
0
0
0
0
0
0
0
0
0
0
0
0
0
0
0
0
0
0
0
0
0
0
0
0
0
0
0
0
0
0
0
0
0
0
0
0
0
0
0
0
0
0
0
0
0
0
0
0
0
0
0
0
0
0
0
0
0
0
0
0
0
0
0
0
0
0
0
0
0
0
0
0
0
0
0
0
0
0
0
0
0
0
0
0
0
0
0
0
0
0
0
0
0
0
0
0
0
0
0
0
0
0
0
0
0
0
0
0
0
0
0
0
0
0
0
0
0
0
0
0
0
0
0
0
0
0
0
0
0
0
0
0
0
0
0
0
0
0
0
0
0
0
0
0
0
0
0
0
0
0
0
0
0
0
0
0
0
0
0
0
0
0
0
0
0
0
0
0
0
0
0
0
0
0
0
0
0
0
0
0
0
