1.21651e+06
0
0
0
0
0
0
0
0
0
0
0
0
0
0
0
0
2505
288385
2.06247e+06
3.00107e+06
1.52714e+06
366848
47319
4623
18531
143498
590676
1.18699e+06
1.1086e+06
486370
111368
166872
1.2161e+06
3.87585e+06
5.23873e+06
3.10817e+06
883968
374271
1.29602e+06
2.53545e+06
2.16992e+06
991594
1.06867e+06
3.02079e+06
4.91477e+06
3.85997e+06
1.62385e+06
981954
1.57426e+06
1.63691e+06
1.63094e+06
4.38687e+06
9.15514e+06
9.25128e+06
4.64801e+06
1.75281e+06
1.36499e+06
1.49205e+06
2.86773e+06
6.12604e+06
7.4238e+06
5.29907e+06
4.50096e+06
5.20521e+06
4.4199e+06
4.22505e+06
5.27028e+06
4.80233e+06
4.46818e+06
5.63507e+06
6.99371e+06
1.10556e+07
1.50142e+07
1.11218e+07
4.2992e+06
1.76506e+06
4.16722e+06
8.73681e+06
9.60049e+06
6.38041e+06
4.47035e+06
5.70878e+06
9.27675e+06
1.086e+07
9.40329e+06
9.25052e+06
1.15711e+07
1.55442e+07
1.5268e+07
1.08181e+07
8.64253e+06
9.87201e+06
1.15587e+07
1.02024e+07
8.65466e+06
9.35806e+06
1.10929e+07
9.88097e+06
7.22719e+06
9.65304e+06
1.65335e+07
1.8425e+07
1.45927e+07
1.50576e+07
2.10919e+07
2.33739e+07
1.91333e+07
1.39011e+07
9.47343e+06
6.12909e+06
6.04749e+06
1.26696e+07
1.98318e+07
1.74068e+07
1.32269e+07
1.79811e+07
2.035e+07
1.85629e+07
1.36234e+07
1.42859e+07
1.58277e+07
1.75462e+07
2.29723e+07
2.04786e+07
1.52464e+07
1.37867e+07
1.40214e+07
1.16076e+07
7.18849e+06
6.8405e+06
9.32967e+06
1.16921e+07
1.59549e+07
1.8726e+07
1.98221e+07
2.00782e+07
1.3384e+07
9.41564e+06
1.1593e+07
1.35652e+07
1.26e+07
1.13668e+07
8.44733e+06
6.79032e+06
8.71013e+06
1.02596e+07
5.61963e+06
2.21606e+06
4.35228e+06
9.04442e+06
1.22721e+07
1.4316e+07
1.77718e+07
1.56509e+07
8.16149e+06
2.45564e+06
2.69043e+06
5.57313e+06
4.65387e+06
1.40738e+06
771990
1.02031e+06
814406
2.31152e+06
3.39668e+06
6.04858e+06
9.43024e+06
9.69702e+06
6.31441e+06
2.26809e+06
1.57754e+06
1.62166e+06
277017
1780
2
0
12
400
11444
141106
913703
2.88542e+06
4.21995e+06
2.38527e+06
374520
16407
373
0
0
0
0
0
0
61
1475
22372
141399
318245
124704
0
0
0
0
0
0
0
0
0
0
0
0
0
0
0
0
0
0
0
0
0
0
0
0
0
0
0
0
0
0
0
0
0
0
0
0
0
0
0
0
0
0
0
0
0
0
0
0
0
0
0
0
0
0
0
0
0
0
0
0
0
0
0
0
0
0
0
0
0
0
0
0
0
0
0
0
0
0
0
0
0
0
0
0
0
0
0
0
0
0
0
0
0
0
0
0
0
0
0
0
0
0
0
0
0
0
0
0
0
0
0
0
0
0
0
0
0
0
0
0
0
0
0
0
0
0
0
0
0
0
0
0
0
0
0
0
0
0
0
0
0
0
0
0
0
0
0
0
0
0
0
0
0
0
0
0
0
0
0
0
0
0
0
0
0
0
0
0
0
0
0
0
0
0
0
0
0
0
0
0
0
0
0
0
0
0
0
0
0
0
0
0
0
0
0
0
0
0
0
0
