1.04243e+06
0
0
0
0
0
0
0
0
0
0
0
0
0
0
0
0
2157
247240
1.76714e+06
2.57159e+06
1.3082e+06
314647
40767
3982
16065
123809
505373
1.01642e+06
949563
417184
95771
144396
1.04248e+06
3.31937e+06
4.48928e+06
2.66052e+06
759447
322134
1.11051e+06
2.17324e+06
1.85725e+06
851093
918411
2.58738e+06
4.2097e+06
3.30315e+06
1.39406e+06
844508
1.34783e+06
1.40236e+06
1.40182e+06
3.76245e+06
7.83866e+06
7.9181e+06
3.98532e+06
1.50637e+06
1.1724e+06
1.27974e+06
2.46091e+06
5.2436e+06
6.3576e+06
4.54311e+06
3.85852e+06
4.45842e+06
3.78867e+06
3.62112e+06
4.51522e+06
4.11684e+06
3.82826e+06
4.83186e+06
6.00024e+06
9.46683e+06
1.28551e+07
9.52048e+06
3.69616e+06
1.52087e+06
3.57332e+06
7.47978e+06
8.22317e+06
5.46855e+06
3.83512e+06
4.89598e+06
7.93964e+06
9.30717e+06
8.0587e+06
7.93384e+06
9.91281e+06
1.33162e+07
1.30779e+07
9.27182e+06
7.41478e+06
8.45408e+06
9.90352e+06
8.73705e+06
7.42509e+06
8.01982e+06
9.4991e+06
8.46421e+06
6.20196e+06
8.27846e+06
1.416e+07
1.57845e+07
1.25056e+07
1.29095e+07
1.80694e+07
2.00231e+07
1.63909e+07
1.19171e+07
8.11509e+06
5.2605e+06
5.19566e+06
1.08503e+07
1.69849e+07
1.49065e+07
1.13476e+07
1.54043e+07
1.7437e+07
1.59056e+07
1.16759e+07
1.22498e+07
1.35604e+07
1.50412e+07
1.96765e+07
1.75391e+07
1.30701e+07
1.181e+07
1.20202e+07
9.9428e+06
6.1671e+06
5.86556e+06
7.99434e+06
1.00195e+07
1.3665e+07
1.60426e+07
1.69861e+07
1.7201e+07
1.14779e+07
8.06963e+06
9.93332e+06
1.16192e+07
1.07975e+07
9.74225e+06
7.23812e+06
5.82189e+06
7.46459e+06
8.77956e+06
4.81941e+06
1.90338e+06
3.73049e+06
7.7473e+06
1.05279e+07
1.2268e+07
1.52192e+07
1.33998e+07
6.99776e+06
2.11121e+06
2.30997e+06
4.76713e+06
3.98663e+06
1.20901e+06
663197
872628
701035
1.98062e+06
2.91061e+06
5.18279e+06
8.08098e+06
8.30245e+06
5.41504e+06
1.9442e+06
1.35336e+06
1.38602e+06
237797
1558
0
0
12
365
10184
122349
784028
2.47048e+06
3.61562e+06
2.04342e+06
320902
14187
339
0
0
0
0
0
0
59
1320
19453
121255
272522
106607
0
0
0
0
0
0
0
0
0
0
0
0
0
0
0
0
0
0
0
0
0
0
0
0
0
0
0
0
0
0
0
0
0
0
0
0
0
0
0
0
0
0
0
0
0
0
0
0
0
0
0
0
0
0
0
0
0
0
0
0
0
0
0
0
0
0
0
0
0
0
0
0
0
0
0
0
0
0
0
0
0
0
0
0
0
0
0
0
0
0
0
0
0
0
0
0
0
0
0
0
0
0
0
0
0
0
0
0
0
0
0
0
0
0
0
0
0
0
0
0
0
0
0
0
0
0
0
0
0
0
0
0
0
0
0
0
0
0
0
0
0
0
0
0
0
0
0
0
0
0
0
0
0
0
0
0
0
0
0
0
0
0
0
0
0
0
0
0
0
0
0
0
0
0
0
0
0
0
0
0
0
0
0
0
0
0
0
0
0
0
0
0
0
0
0
0
0
0
0
0
