1.92307e+06
0
0
0
0
0
0
0
0
0
0
0
0
0
0
0
2
3862
454948
3.26249e+06
4.74032e+06
2.41796e+06
579674
73930
7253
29176
225969
934200
1.87706e+06
1.75322e+06
769208
174780
263542
1.92134e+06
6.13095e+06
8.27507e+06
4.92134e+06
1.3952e+06
588727
2.04944e+06
4.00768e+06
3.43219e+06
1.56857e+06
1.68434e+06
4.7795e+06
7.76237e+06
6.11241e+06
2.56258e+06
1.55057e+06
2.48769e+06
2.58971e+06
2.57176e+06
6.93319e+06
1.44766e+07
1.46405e+07
7.34721e+06
2.76514e+06
2.15127e+06
2.35317e+06
4.52957e+06
9.69636e+06
1.17344e+07
8.3808e+06
7.11555e+06
8.21646e+06
6.98921e+06
6.67752e+06
8.33425e+06
7.59856e+06
7.06059e+06
8.90019e+06
1.10676e+07
1.74902e+07
2.37039e+07
1.75991e+07
6.79332e+06
2.77808e+06
6.59228e+06
1.38218e+07
1.51733e+07
1.0084e+07
7.05804e+06
9.01915e+06
1.4676e+07
1.71706e+07
1.48861e+07
1.45979e+07
1.82987e+07
2.45639e+07
2.4139e+07
1.71151e+07
1.36498e+07
1.56159e+07
1.82497e+07
1.61407e+07
1.36754e+07
1.48037e+07
1.75275e+07
1.56144e+07
1.14344e+07
1.52563e+07
2.61382e+07
2.91188e+07
2.3085e+07
2.38055e+07
3.33465e+07
3.69196e+07
3.02729e+07
2.1966e+07
1.4974e+07
9.67562e+06
9.56939e+06
2.0062e+07
3.12927e+07
2.75258e+07
2.09357e+07
2.84263e+07
3.21468e+07
2.93516e+07
2.15538e+07
2.25748e+07
2.50312e+07
2.77384e+07
3.63248e+07
3.23387e+07
2.41077e+07
2.18091e+07
2.21394e+07
1.83595e+07
1.13738e+07
1.08116e+07
1.47643e+07
1.84776e+07
2.51903e+07
2.95985e+07
3.13633e+07
3.17267e+07
2.11516e+07
1.4902e+07
1.83247e+07
2.14431e+07
1.99378e+07
1.79465e+07
1.33546e+07
1.07462e+07
1.37592e+07
1.62145e+07
8.87332e+06
3.5057e+06
6.88622e+06
1.43017e+07
1.93896e+07
2.26622e+07
2.80947e+07
2.47256e+07
1.2888e+07
3.88492e+06
4.26409e+06
8.8129e+06
7.34016e+06
2.2256e+06
1.22258e+06
1.61227e+06
1.28588e+06
3.65222e+06
5.36473e+06
9.56995e+06
1.49298e+07
1.53352e+07
9.95628e+06
3.58572e+06
2.49712e+06
2.55751e+06
436593
2860
2
0
13
609
17276
220837
1.44357e+06
4.56203e+06
6.67572e+06
3.76986e+06
592235
24978
515
3
0
0
0
0
0
72
2205
34137
222849
505026
197247
0
0
0
0
0
0
0
0
0
0
0
0
0
0
0
0
0
0
0
0
0
0
0
0
0
0
0
0
0
0
0
0
0
0
0
0
0
0
0
0
0
0
0
0
0
0
0
0
0
0
0
0
0
0
0
0
0
0
0
0
0
0
0
0
0
0
0
0
0
0
0
0
0
0
0
0
0
0
0
0
0
0
0
0
0
0
0
0
0
0
0
0
0
0
0
0
0
0
0
0
0
0
0
0
0
0
0
0
0
0
0
0
0
0
0
0
0
0
0
0
0
0
0
0
0
0
0
0
0
0
0
0
0
0
0
0
0
0
0
0
0
0
0
0
0
0
0
0
0
0
0
0
0
0
0
0
0
0
0
0
0
0
0
0
0
0
0
0
0
0
0
0
0
0
0
0
0
0
0
0
0
0
0
0
0
0
0
0
0
0
0
0
0
0
0
0
0
0
0
0
