1.37216e+06
0
0
0
0
0
0
0
0
0
0
0
0
0
0
0
0
2839
325017
2.32631e+06
3.38499e+06
1.72375e+06
413409
52864
5207
20704
161155
665903
1.34081e+06
1.2511e+06
547985
124963
186918
1.36976e+06
4.3738e+06
5.91224e+06
3.50754e+06
994595
419350
1.46181e+06
2.86191e+06
2.44936e+06
1.11597e+06
1.2006e+06
3.40691e+06
5.55191e+06
4.35798e+06
1.82598e+06
1.10443e+06
1.77698e+06
1.84751e+06
1.83337e+06
4.94309e+06
1.03368e+07
1.04476e+07
5.2385e+06
1.9697e+06
1.53793e+06
1.68074e+06
3.2288e+06
6.91653e+06
8.38222e+06
5.97205e+06
5.07415e+06
5.87569e+06
4.98319e+06
4.76048e+06
5.95075e+06
5.41629e+06
5.03698e+06
6.35534e+06
7.882e+06
1.24721e+07
1.69487e+07
1.25578e+07
4.83615e+06
1.97607e+06
4.69659e+06
9.86659e+06
1.08392e+07
7.19255e+06
5.03215e+06
6.43146e+06
1.04735e+07
1.22568e+07
1.06061e+07
1.0422e+07
1.30491e+07
1.75422e+07
1.72345e+07
1.2199e+07
9.73637e+06
1.11345e+07
1.30427e+07
1.15099e+07
9.7541e+06
1.05553e+07
1.25183e+07
1.11541e+07
8.1394e+06
1.08693e+07
1.86638e+07
2.07996e+07
1.64456e+07
1.6967e+07
2.3808e+07
2.63801e+07
2.15858e+07
1.56738e+07
1.06835e+07
6.90371e+06
6.79717e+06
1.4294e+07
2.23945e+07
1.9644e+07
1.48883e+07
2.02849e+07
2.29681e+07
2.09431e+07
1.53557e+07
1.61049e+07
1.78496e+07
1.9777e+07
2.59391e+07
2.31085e+07
1.71943e+07
1.55467e+07
1.5816e+07
1.30913e+07
8.09814e+06
7.70588e+06
1.05282e+07
1.3187e+07
1.80051e+07
2.11257e+07
2.23561e+07
2.26559e+07
1.50994e+07
1.06086e+07
1.30739e+07
1.53072e+07
1.42083e+07
1.28203e+07
9.53294e+06
7.65224e+06
9.82285e+06
1.15903e+07
6.33521e+06
2.49075e+06
4.90509e+06
1.02071e+07
1.38375e+07
1.61404e+07
2.00561e+07
1.76648e+07
9.20612e+06
2.76162e+06
3.02554e+06
6.29253e+06
5.25703e+06
1.58353e+06
869028
1.15178e+06
914056
2.6041e+06
3.8321e+06
6.82429e+06
1.06406e+07
1.09448e+07
7.12082e+06
2.55445e+06
1.77855e+06
1.83086e+06
312525
2020
2
0
12
427
12606
157810
1.02689e+06
3.2534e+06
4.7655e+06
2.6926e+06
421620
18183
397
0
0
0
0
0
0
61
1597
24839
158934
359831
140818
0
0
0
0
0
0
0
0
0
0
0
0
0
0
0
0
0
0
0
0
0
0
0
0
0
0
0
0
0
0
0
0
0
0
0
0
0
0
0
0
0
0
0
0
0
0
0
0
0
0
0
0
0
0
0
0
0
0
0
0
0
0
0
0
0
0
0
0
0
0
0
0
0
0
0
0
0
0
0
0
0
0
0
0
0
0
0
0
0
0
0
0
0
0
0
0
0
0
0
0
0
0
0
0
0
0
0
0
0
0
0
0
0
0
0
0
0
0
0
0
0
0
0
0
0
0
0
0
0
0
0
0
0
0
0
0
0
0
0
0
0
0
0
0
0
0
0
0
0
0
0
0
0
0
0
0
0
0
0
0
0
0
0
0
0
0
0
0
0
0
0
0
0
0
0
0
0
0
0
0
0
0
0
0
0
0
0
0
0
0
0
0
0
0
0
0
0
0
0
0
