1.06701e+06
0
0
0
0
0
0
0
0
0
0
0
0
0
0
0
0
2199
253053
1.80929e+06
2.63141e+06
1.33912e+06
322439
41626
4060
16420
126553
517700
1.04023e+06
971837
426991
98130
147635
1.06742e+06
3.39758e+06
4.59438e+06
2.72375e+06
777590
329507
1.13711e+06
2.2234e+06
1.90146e+06
871423
939692
2.64908e+06
4.30872e+06
3.38077e+06
1.42734e+06
864251
1.3793e+06
1.43557e+06
1.43448e+06
3.85121e+06
8.02359e+06
8.10537e+06
4.07968e+06
1.54145e+06
1.19954e+06
1.30979e+06
2.51871e+06
5.36751e+06
6.50823e+06
4.64944e+06
3.9499e+06
4.56429e+06
3.8769e+06
3.7064e+06
4.62214e+06
4.21332e+06
3.91881e+06
4.94538e+06
6.14065e+06
9.691e+06
1.3159e+07
9.74697e+06
3.78144e+06
1.55584e+06
3.65681e+06
7.65775e+06
8.41666e+06
5.59742e+06
3.9251e+06
5.01055e+06
8.12952e+06
9.52506e+06
8.24882e+06
8.11973e+06
1.01476e+07
1.36306e+07
1.33851e+07
9.49136e+06
7.58867e+06
8.65438e+06
1.0137e+07
8.94321e+06
7.59937e+06
8.20865e+06
9.72435e+06
8.6636e+06
6.34756e+06
8.47234e+06
1.44944e+07
1.61566e+07
1.28015e+07
1.32125e+07
1.84964e+07
2.04967e+07
1.67761e+07
1.21975e+07
8.30715e+06
5.38342e+06
5.31715e+06
1.11059e+07
1.73868e+07
1.52591e+07
1.16129e+07
1.57675e+07
1.78494e+07
1.6282e+07
1.19498e+07
1.25361e+07
1.38807e+07
1.53951e+07
2.01432e+07
1.79521e+07
1.33786e+07
1.20882e+07
1.23033e+07
1.01774e+07
6.31168e+06
6.00371e+06
8.18307e+06
1.02563e+07
1.39875e+07
1.64199e+07
1.73873e+07
1.76073e+07
1.17473e+07
8.25994e+06
1.01669e+07
1.18942e+07
1.1052e+07
9.97264e+06
7.4078e+06
5.95894e+06
7.64099e+06
8.98691e+06
4.93262e+06
1.94786e+06
3.81817e+06
7.9306e+06
1.07751e+07
1.25586e+07
1.55786e+07
1.37162e+07
7.16245e+06
2.16008e+06
2.36349e+06
4.88093e+06
4.08025e+06
1.23719e+06
678976
893211
717601
2.02656e+06
2.97856e+06
5.30595e+06
8.27082e+06
8.50013e+06
5.54176e+06
1.99012e+06
1.38473e+06
1.41913e+06
243478
1587
2
0
12
365
10374
124786
802222
2.52888e+06
3.70215e+06
2.09117e+06
328245
14518
349
0
0
0
0
0
0
59
1346
19844
124190
278662
109403
0
0
0
0
0
0
0
0
0
0
0
0
0
0
0
0
0
0
0
0
0
0
0
0
0
0
0
0
0
0
0
0
0
0
0
0
0
0
0
0
0
0
0
0
0
0
0
0
0
0
0
0
0
0
0
0
0
0
0
0
0
0
0
0
0
0
0
0
0
0
0
0
0
0
0
0
0
0
0
0
0
0
0
0
0
0
0
0
0
0
0
0
0
0
0
0
0
0
0
0
0
0
0
0
0
0
0
0
0
0
0
0
0
0
0
0
0
0
0
0
0
0
0
0
0
0
0
0
0
0
0
0
0
0
0
0
0
0
0
0
0
0
0
0
0
0
0
0
0
0
0
0
0
0
0
0
0
0
0
0
0
0
0
0
0
0
0
0
0
0
0
0
0
0
0
0
0
0
0
0
0
0
0
0
0
0
0
0
0
0
0
0
0
0
0
0
0
0
0
0
