630784
0
0
0
0
0
0
0
0
0
0
0
0
0
0
0
0
1307
150216
1.06687e+06
1.5593e+06
790446
190164
24576
2545
9401
75145
305390
616034
574418
251740
58461
88454
631452
2.00303e+06
2.7225e+06
1.6056e+06
460554
196496
670562
1.3174e+06
1.12184e+06
514689
554856
1.56139e+06
2.55984e+06
1.99474e+06
840892
510094
815846
852274
846936
2.27022e+06
4.74731e+06
4.79779e+06
2.40306e+06
911611
713424
775009
1.48391e+06
3.17306e+06
3.85813e+06
2.73891e+06
2.33159e+06
2.70786e+06
2.28557e+06
2.18773e+06
2.74279e+06
2.48837e+06
2.30767e+06
2.93848e+06
3.62816e+06
5.71614e+06
7.79477e+06
5.7504e+06
2.23282e+06
923983
2.15541e+06
4.53346e+06
4.98731e+06
3.29846e+06
2.32308e+06
2.95334e+06
4.80756e+06
5.64431e+06
4.86172e+06
4.81331e+06
5.98136e+06
8.06719e+06
7.92522e+06
5.59639e+06
4.49496e+06
5.10374e+06
6.00582e+06
5.2736e+06
4.50558e+06
4.8398e+06
5.75777e+06
5.12551e+06
3.74508e+06
5.00108e+06
8.58618e+06
9.55974e+06
7.55147e+06
7.79576e+06
1.09456e+07
1.21288e+07
9.90695e+06
7.21532e+06
4.9101e+06
3.18546e+06
3.13756e+06
6.54962e+06
1.03164e+07
9.00582e+06
6.84944e+06
9.3169e+06
1.05731e+07
9.61557e+06
7.0656e+06
7.42353e+06
8.20134e+06
9.0864e+06
1.19065e+07
1.06362e+07
7.89631e+06
7.13628e+06
7.29125e+06
6.01204e+06
3.72426e+06
3.54889e+06
4.83506e+06
6.05808e+06
8.28431e+06
9.71045e+06
1.02559e+07
1.04321e+07
6.94639e+06
4.86791e+06
6.01859e+06
7.03629e+06
6.51973e+06
5.90512e+06
4.37592e+06
3.52364e+06
4.51711e+06
5.308e+06
2.9206e+06
1.14759e+06
2.25137e+06
4.68926e+06
6.39557e+06
7.39791e+06
9.21204e+06
8.11528e+06
4.24058e+06
1.27268e+06
1.3908e+06
2.88099e+06
2.42429e+06
728692
400592
527743
422370
1.19332e+06
1.762e+06
3.13407e+06
4.89779e+06
5.01898e+06
3.28859e+06
1.17174e+06
813743
840748
146295
1002
0
0
12
261
6150
73032
468911
1.48914e+06
2.1966e+06
1.2415e+06
192866
8372
212
0
0
0
0
0
0
37
730
11525
72009
164642
66449
0
0
0
0
0
0
0
0
0
0
0
0
0
0
0
0
0
0
0
0
0
0
0
0
0
0
0
0
0
0
0
0
0
0
0
0
0
0
0
0
0
0
0
0
0
0
0
0
0
0
0
0
0
0
0
0
0
0
0
0
0
0
0
0
0
0
0
0
0
0
0
0
0
0
0
0
0
0
0
0
0
0
0
0
0
0
0
0
0
0
0
0
0
0
0
0
0
0
0
0
0
0
0
0
0
0
0
0
0
0
0
0
0
0
0
0
0
0
0
0
0
0
0
0
0
0
0
0
0
0
0
0
0
0
0
0
0
0
0
0
0
0
0
0
0
0
0
0
0
0
0
0
0
0
0
0
0
0
0
0
0
0
0
0
0
0
0
0
0
0
0
0
0
0
0
0
0
0
0
0
0
0
0
0
0
0
0
0
0
0
0
0
0
0
0
0
0
0
0
0
