1.56672e+06
0
0
0
0
0
0
0
0
0
0
0
0
0
0
0
2
3202
370743
2.65742e+06
3.86304e+06
1.96891e+06
472456
60230
5934
23573
184131
761204
1.53005e+06
1.42759e+06
626363
142834
214168
1.56424e+06
4.99416e+06
6.74684e+06
4.00667e+06
1.13629e+06
478952
1.67037e+06
3.26544e+06
2.79645e+06
1.27593e+06
1.3711e+06
3.8913e+06
6.33486e+06
4.97718e+06
2.08472e+06
1.26226e+06
2.02864e+06
2.10973e+06
2.09408e+06
5.64134e+06
1.18022e+07
1.19317e+07
5.97975e+06
2.25133e+06
1.75493e+06
1.91668e+06
3.68892e+06
7.89962e+06
9.56637e+06
6.8198e+06
5.79485e+06
6.70614e+06
5.69028e+06
5.43846e+06
6.79174e+06
6.18543e+06
5.75164e+06
7.25416e+06
9.00535e+06
1.42447e+07
1.93391e+07
1.43378e+07
5.52588e+06
2.2569e+06
5.36362e+06
1.1269e+07
1.23722e+07
8.21021e+06
5.74587e+06
7.34538e+06
1.19589e+07
1.39935e+07
1.21151e+07
1.1896e+07
1.49042e+07
2.00237e+07
1.96714e+07
1.39393e+07
1.11147e+07
1.27134e+07
1.48862e+07
1.31467e+07
1.11371e+07
1.20528e+07
1.42922e+07
1.27313e+07
9.29987e+06
1.24141e+07
2.13008e+07
2.37425e+07
1.87935e+07
1.93772e+07
2.71766e+07
3.0108e+07
2.46526e+07
1.79003e+07
1.21958e+07
7.87895e+06
7.76762e+06
1.63317e+07
2.55497e+07
2.2433e+07
1.70115e+07
2.31586e+07
2.62172e+07
2.3909e+07
1.7541e+07
1.83945e+07
2.03847e+07
2.2585e+07
2.96099e+07
2.6372e+07
1.96335e+07
1.77582e+07
1.8053e+07
1.49503e+07
9.24964e+06
8.80264e+06
1.20226e+07
1.50519e+07
2.05484e+07
2.41172e+07
2.55379e+07
2.58663e+07
1.72359e+07
1.21138e+07
1.49323e+07
1.74816e+07
1.62271e+07
1.46325e+07
1.08786e+07
8.74197e+06
1.12163e+07
1.32311e+07
7.22826e+06
2.84398e+06
5.60307e+06
1.1655e+07
1.58026e+07
1.84321e+07
2.28967e+07
2.01726e+07
1.05055e+07
3.15065e+06
3.45826e+06
7.18645e+06
5.99908e+06
1.80805e+06
992872
1.31441e+06
1.04377e+06
2.97288e+06
4.37283e+06
7.79572e+06
1.21543e+07
1.24957e+07
8.12726e+06
2.91506e+06
2.03075e+06
2.08975e+06
356652
2323
2
0
12
462
14212
179544
1.17226e+06
3.71649e+06
5.44245e+06
3.07292e+06
481260
20445
423
0
0
0
0
0
0
63
1798
27984
180919
411528
161068
0
0
0
0
0
0
0
0
0
0
0
0
0
0
0
0
0
0
0
0
0
0
0
0
0
0
0
0
0
0
0
0
0
0
0
0
0
0
0
0
0
0
0
0
0
0
0
0
0
0
0
0
0
0
0
0
0
0
0
0
0
0
0
0
0
0
0
0
0
0
0
0
0
0
0
0
0
0
0
0
0
0
0
0
0
0
0
0
0
0
0
0
0
0
0
0
0
0
0
0
0
0
0
0
0
0
0
0
0
0
0
0
0
0
0
0
0
0
0
0
0
0
0
0
0
0
0
0
0
0
0
0
0
0
0
0
0
0
0
0
0
0
0
0
0
0
0
0
0
0
0
0
0
0
0
0
0
0
0
0
0
0
0
0
0
0
0
0
0
0
0
0
0
0
0
0
0
0
0
0
0
0
0
0
0
0
0
0
0
0
0
0
0
0
0
0
0
0
0
0
