1.52781e+06
0
0
0
0
0
0
0
0
0
0
0
0
0
0
0
2
3122
361497
2.59138e+06
3.76751e+06
1.91959e+06
460814
58705
5798
22941
179414
742180
1.4924e+06
1.39262e+06
610480
139063
208484
1.52533e+06
4.86985e+06
6.58108e+06
3.90636e+06
1.10809e+06
466470
1.62906e+06
3.18479e+06
2.7268e+06
1.24346e+06
1.33663e+06
3.79452e+06
6.17992e+06
4.85337e+06
2.03241e+06
1.2302e+06
1.97829e+06
2.0577e+06
2.04081e+06
5.50068e+06
1.1512e+07
1.16345e+07
5.8319e+06
2.194e+06
1.71171e+06
1.86827e+06
3.59733e+06
7.70407e+06
9.32877e+06
6.65026e+06
5.65069e+06
6.54185e+06
5.54796e+06
5.30155e+06
6.62407e+06
6.03243e+06
5.6081e+06
7.07317e+06
8.77928e+06
1.38924e+07
1.88623e+07
1.39841e+07
5.38552e+06
2.19879e+06
5.22906e+06
1.09906e+07
1.20673e+07
8.00643e+06
5.60128e+06
7.16088e+06
1.16632e+07
1.36486e+07
1.18118e+07
1.15998e+07
1.45324e+07
1.953e+07
1.91846e+07
1.35905e+07
1.08394e+07
1.23964e+07
1.4518e+07
1.28201e+07
1.08595e+07
1.1753e+07
1.39387e+07
1.24165e+07
9.06634e+06
1.21028e+07
2.07752e+07
2.31562e+07
1.8323e+07
1.88928e+07
2.6502e+07
2.93671e+07
2.40398e+07
1.74546e+07
1.18929e+07
7.68238e+06
7.57106e+06
1.59238e+07
2.49211e+07
2.1877e+07
1.65836e+07
2.2582e+07
2.5572e+07
2.33149e+07
1.71041e+07
1.79342e+07
1.98794e+07
2.20226e+07
2.88756e+07
2.57223e+07
1.9144e+07
1.73148e+07
1.76072e+07
1.4579e+07
9.01738e+06
8.58275e+06
1.17223e+07
1.46792e+07
2.00412e+07
2.352e+07
2.48998e+07
2.52262e+07
1.681e+07
1.1811e+07
1.456e+07
1.70466e+07
1.58238e+07
1.42698e+07
1.06096e+07
8.52389e+06
1.09356e+07
1.2906e+07
7.05037e+06
2.77087e+06
5.46298e+06
1.1367e+07
1.54106e+07
1.79713e+07
2.23289e+07
1.96727e+07
1.0247e+07
3.07126e+06
3.37025e+06
7.00909e+06
5.85134e+06
1.76292e+06
967660
1.28176e+06
1.018e+06
2.89796e+06
4.26399e+06
7.60181e+06
1.18534e+07
1.2186e+07
7.92623e+06
2.84191e+06
1.97995e+06
2.03856e+06
347729
2233
2
0
12
459
13891
175003
1.14208e+06
3.62369e+06
5.30841e+06
2.99778e+06
468609
19913
414
0
0
0
0
0
0
63
1766
27298
176385
401204
157188
0
0
0
0
0
0
0
0
0
0
0
0
0
0
0
0
0
0
0
0
0
0
0
0
0
0
0
0
0
0
0
0
0
0
0
0
0
0
0
0
0
0
0
0
0
0
0
0
0
0
0
0
0
0
0
0
0
0
0
0
0
0
0
0
0
0
0
0
0
0
0
0
0
0
0
0
0
0
0
0
0
0
0
0
0
0
0
0
0
0
0
0
0
0
0
0
0
0
0
0
0
0
0
0
0
0
0
0
0
0
0
0
0
0
0
0
0
0
0
0
0
0
0
0
0
0
0
0
0
0
0
0
0
0
0
0
0
0
0
0
0
0
0
0
0
0
0
0
0
0
0
0
0
0
0
0
0
0
0
0
0
0
0
0
0
0
0
0
0
0
0
0
0
0
0
0
0
0
0
0
0
0
0
0
0
0
0
0
0
0
0
0
0
0
0
0
0
0
0
0
