57344
0
0
0
0
0
0
0
0
0
0
0
0
0
0
0
0
210
14153
93759
147517
67765
17469
2800
482
1077
6777
25288
59258
52323
21709
5661
9035
56740
173661
262381
136934
42522
20139
58216
124135
100891
45203
50079
132997
251302
174565
73453
45606
75166
80899
78177
194216
440016
443099
205650
84219
71373
71132
128144
281272
374852
233770
202537
269433
198896
187063
266636
219521
199052
288725
319632
486899
765522
499976
196058
88512
184977
417417
470312
282990
221674
256220
434457
536596
413973
463162
514936
751287
731243
487597
425258
437434
584590
453781
420950
422869
542179
469994
332332
436618
789428
893889
666026
694409
1.00195e+06
1.12688e+06
881170
660994
446278
298614
276062
556483
1.01348e+06
793339
596306
831070
1.0076e+06
855507
634800
697749
727515
811323
1.07421e+06
1.01396e+06
701213
628641
693636
532328
330374
328843
431785
544843
788489
871133
904951
975109
634531
420770
563660
638803
571420
557029
391284
320762
413586
478254
269708
105341
202569
414185
622811
629573
835900
747230
396266
114773
122168
248935
238165
63920
35342
48609
40909
102212
162061
283598
444957
444018
319840
101498
70827
78132
15306
90
0
0
0
31
748
7448
42005
127151
204214
116541
17073
863
22
0
0
0
0
0
0
7
134
1101
6359
13564
7507
0
0
0
0
0
0
0
0
0
0
0
0
0
0
0
0
0
0
0
0
0
0
0
0
0
0
0
0
0
0
0
0
0
0
0
0
0
0
0
0
0
0
0
0
0
0
0
0
0
0
0
0
0
0
0
0
0
0
0
0
0
0
0
0
0
0
0
0
0
0
0
0
0
0
0
0
0
0
0
0
0
0
0
0
0
0
0
0
0
0
0
0
0
0
0
0
0
0
0
0
0
0
0
0
0
0
0
0
0
0
0
0
0
0
0
0
0
0
0
0
0
0
0
0
0
0
0
0
0
0
0
0
0
0
0
0
0
0
0
0
0
0
0
0
0
0
0
0
0
0
0
0
0
0
0
0
0
0
0
0
0
0
0
0
0
0
0
0
0
0
0
0
0
0
0
0
0
0
0
0
0
0
0
0
0
0
0
0
0
0
0
0
0
0
0
0
0
0
0
0
