1.26771e+06
0
0
0
0
0
0
0
0
0
0
0
0
0
0
0
0
2620
300414
2.14942e+06
3.12714e+06
1.592e+06
382014
49176
4835
19288
149342
615830
1.23699e+06
1.15526e+06
506979
115754
173686
1.26674e+06
4.03906e+06
5.4607e+06
3.23937e+06
920381
389092
1.35066e+06
2.64298e+06
2.26156e+06
1.03262e+06
1.11244e+06
3.14799e+06
5.12292e+06
4.02459e+06
1.69016e+06
1.02222e+06
1.64115e+06
1.70615e+06
1.69774e+06
4.57035e+06
9.5446e+06
9.64279e+06
4.84217e+06
1.82504e+06
1.42156e+06
1.55431e+06
2.98706e+06
6.38554e+06
7.73856e+06
5.5216e+06
4.68849e+06
5.42574e+06
4.60556e+06
4.40121e+06
5.49366e+06
5.00444e+06
4.65524e+06
5.87276e+06
7.28585e+06
1.15223e+07
1.56495e+07
1.15918e+07
4.47781e+06
1.83582e+06
4.34092e+06
9.1072e+06
1.00079e+07
6.64777e+06
4.65681e+06
5.94738e+06
9.66714e+06
1.13193e+07
9.80058e+06
9.63621e+06
1.20576e+07
1.62011e+07
1.59136e+07
1.1272e+07
9.00294e+06
1.02884e+07
1.20461e+07
1.06324e+07
9.01659e+06
9.75185e+06
1.1562e+07
1.02989e+07
7.52694e+06
1.00561e+07
1.72331e+07
1.92045e+07
1.52024e+07
1.56892e+07
2.19847e+07
2.43589e+07
1.99398e+07
1.44846e+07
9.87209e+06
6.38377e+06
6.29636e+06
1.32038e+07
2.06734e+07
1.81423e+07
1.37774e+07
1.87358e+07
2.12111e+07
1.93456e+07
1.41952e+07
1.48817e+07
1.64953e+07
1.82804e+07
2.39491e+07
2.1342e+07
1.58848e+07
1.43667e+07
1.46116e+07
1.20951e+07
7.4889e+06
7.12678e+06
9.72294e+06
1.21826e+07
1.663e+07
1.95174e+07
2.06538e+07
2.09249e+07
1.39485e+07
9.80846e+06
1.20806e+07
1.41381e+07
1.31297e+07
1.18439e+07
8.80493e+06
7.07342e+06
9.07632e+06
1.06974e+07
5.85468e+06
2.30562e+06
4.53469e+06
9.42769e+06
1.27884e+07
1.49138e+07
1.85245e+07
1.63137e+07
8.50403e+06
2.55648e+06
2.80022e+06
5.81024e+06
4.85223e+06
1.46522e+06
803685
1.06381e+06
846784
2.4077e+06
3.53936e+06
6.30393e+06
9.82917e+06
1.01075e+07
6.58019e+06
2.36218e+06
1.64286e+06
1.69068e+06
288771
1859
2
0
12
408
11844
146315
950385
3.00625e+06
4.40038e+06
2.48691e+06
389524
17003
376
0
0
0
0
0
0
61
1507
23131
146998
332153
130006
0
0
0
0
0
0
0
0
0
0
0
0
0
0
0
0
0
0
0
0
0
0
0
0
0
0
0
0
0
0
0
0
0
0
0
0
0
0
0
0
0
0
0
0
0
0
0
0
0
0
0
0
0
0
0
0
0
0
0
0
0
0
0
0
0
0
0
0
0
0
0
0
0
0
0
0
0
0
0
0
0
0
0
0
0
0
0
0
0
0
0
0
0
0
0
0
0
0
0
0
0
0
0
0
0
0
0
0
0
0
0
0
0
0
0
0
0
0
0
0
0
0
0
0
0
0
0
0
0
0
0
0
0
0
0
0
0
0
0
0
0
0
0
0
0
0
0
0
0
0
0
0
0
0
0
0
0
0
0
0
0
0
0
0
0
0
0
0
0
0
0
0
0
0
0
0
0
0
0
0
0
0
0
0
0
0
0
0
0
0
0
0
0
0
0
0
0
0
0
0
