1.98246e+06
0
0
0
0
0
0
0
0
0
0
0
0
0
0
0
2
3966
469164
3.36274e+06
4.88762e+06
2.49202e+06
597503
76318
7517
30073
232702
963106
1.93555e+06
1.80711e+06
792965
180047
271574
1.98091e+06
6.32058e+06
8.5314e+06
5.07186e+06
1.43817e+06
607519
2.11282e+06
4.13132e+06
3.53801e+06
1.6166e+06
1.7364e+06
4.92776e+06
8.0021e+06
6.30166e+06
2.64124e+06
1.59779e+06
2.56495e+06
2.66979e+06
2.65117e+06
7.14722e+06
1.49248e+07
1.50917e+07
7.57351e+06
2.851e+06
2.21744e+06
2.42475e+06
4.67033e+06
9.99705e+06
1.20967e+07
8.63933e+06
7.33501e+06
8.47009e+06
7.2057e+06
6.88296e+06
8.59084e+06
7.8343e+06
7.27969e+06
9.17258e+06
1.14098e+07
1.80314e+07
2.44369e+07
1.81443e+07
6.99955e+06
2.86329e+06
6.79668e+06
1.42504e+07
1.56417e+07
1.03962e+07
7.27479e+06
9.29665e+06
1.51303e+07
1.77e+07
1.53451e+07
1.50495e+07
1.88643e+07
2.53232e+07
2.48855e+07
1.76438e+07
1.40684e+07
1.61022e+07
1.88105e+07
1.66383e+07
1.40985e+07
1.52604e+07
1.80697e+07
1.6098e+07
1.17859e+07
1.57264e+07
2.69474e+07
3.00182e+07
2.37957e+07
2.45427e+07
3.4376e+07
3.80618e+07
3.12062e+07
2.26436e+07
1.54371e+07
9.97507e+06
9.86425e+06
2.06822e+07
3.22574e+07
2.83759e+07
2.15815e+07
2.9306e+07
3.31402e+07
3.02594e+07
2.222e+07
2.32689e+07
2.58047e+07
2.85942e+07
3.74488e+07
3.33387e+07
2.48516e+07
2.2478e+07
2.28261e+07
1.89284e+07
1.1724e+07
1.11446e+07
1.52212e+07
1.90477e+07
2.59687e+07
3.05113e+07
3.23329e+07
3.27058e+07
2.18044e+07
1.53633e+07
1.88927e+07
2.21035e+07
2.05527e+07
1.85008e+07
1.37672e+07
1.10783e+07
1.41834e+07
1.6715e+07
9.14828e+06
3.61304e+06
7.09881e+06
1.47456e+07
1.99867e+07
2.33631e+07
2.89654e+07
2.54871e+07
1.32842e+07
4.00506e+06
4.39628e+06
9.08628e+06
7.56497e+06
2.29463e+06
1.25991e+06
1.66232e+06
1.32537e+06
3.76571e+06
5.52986e+06
9.865e+06
1.53948e+07
1.5808e+07
1.02608e+07
3.69695e+06
2.57434e+06
2.63645e+06
450128
2952
2
0
13
635
17772
227817
1.48799e+06
4.70342e+06
6.88205e+06
3.88548e+06
610768
25688
530
3
0
0
0
0
0
82
2298
35194
229676
520434
203548
0
0
0
0
0
0
0
0
0
0
0
0
0
0
0
0
0
0
0
0
0
0
0
0
0
0
0
0
0
0
0
0
0
0
0
0
0
0
0
0
0
0
0
0
0
0
0
0
0
0
0
0
0
0
0
0
0
0
0
0
0
0
0
0
0
0
0
0
0
0
0
0
0
0
0
0
0
0
0
0
0
0
0
0
0
0
0
0
0
0
0
0
0
0
0
0
0
0
0
0
0
0
0
0
0
0
0
0
0
0
0
0
0
0
0
0
0
0
0
0
0
0
0
0
0
0
0
0
0
0
0
0
0
0
0
0
0
0
0
0
0
0
0
0
0
0
0
0
0
0
0
0
0
0
0
0
0
0
0
0
0
0
0
0
0
0
0
0
0
0
0
0
0
0
0
0
0
0
0
0
0
0
0
0
0
0
0
0
0
0
0
0
0
0
0
0
0
0
0
0
