1.57082e+06
0
0
0
0
0
0
0
0
0
0
0
0
0
0
0
2
3205
371740
2.66434e+06
3.87308e+06
1.9741e+06
473695
60412
5950
23634
184618
763266
1.53397e+06
1.43129e+06
628000
143247
214766
1.56846e+06
5.00702e+06
6.76455e+06
4.017e+06
1.13931e+06
480292
1.67485e+06
3.2738e+06
2.80371e+06
1.27938e+06
1.37486e+06
3.90137e+06
6.3512e+06
4.99016e+06
2.09026e+06
1.2656e+06
2.03398e+06
2.1152e+06
2.09963e+06
5.65632e+06
1.18329e+07
1.19626e+07
5.99541e+06
2.25748e+06
1.75942e+06
1.9218e+06
3.69848e+06
7.92041e+06
9.59112e+06
6.8378e+06
5.81e+06
6.72351e+06
5.70519e+06
5.45286e+06
6.80949e+06
6.20143e+06
5.76683e+06
7.27301e+06
9.02932e+06
1.42819e+07
1.93889e+07
1.43752e+07
5.54049e+06
2.26314e+06
5.37794e+06
1.12982e+07
1.24039e+07
8.23183e+06
5.7612e+06
7.36501e+06
1.199e+07
1.40296e+07
1.21469e+07
1.19275e+07
1.49432e+07
2.00756e+07
1.97229e+07
1.39758e+07
1.11436e+07
1.2747e+07
1.49249e+07
1.31811e+07
1.11662e+07
1.20848e+07
1.43292e+07
1.27644e+07
9.32449e+06
1.24472e+07
2.1356e+07
2.38038e+07
1.88429e+07
1.94289e+07
2.72472e+07
3.01862e+07
2.47166e+07
1.79477e+07
1.22275e+07
7.89956e+06
7.78881e+06
1.63747e+07
2.56155e+07
2.24911e+07
1.70573e+07
2.32191e+07
2.6285e+07
2.39714e+07
1.75872e+07
1.84425e+07
2.04383e+07
2.26441e+07
2.96872e+07
2.64406e+07
1.96847e+07
1.78049e+07
1.80999e+07
1.49893e+07
9.27425e+06
8.82594e+06
1.20541e+07
1.50914e+07
2.06013e+07
2.41803e+07
2.56052e+07
2.59333e+07
1.72808e+07
1.21462e+07
1.49712e+07
1.75271e+07
1.62696e+07
1.46709e+07
1.09067e+07
8.76522e+06
1.12458e+07
1.32651e+07
7.24703e+06
2.85187e+06
5.61804e+06
1.16855e+07
1.58433e+07
1.84809e+07
2.29569e+07
2.02244e+07
1.05327e+07
3.15929e+06
3.46782e+06
7.20492e+06
6.01436e+06
1.81296e+06
995542
1.31782e+06
1.04661e+06
2.98071e+06
4.38429e+06
7.81632e+06
1.21859e+07
1.25283e+07
8.14826e+06
2.92285e+06
2.03619e+06
2.09498e+06
357588
2334
2
0
12
464
14239
180036
1.17545e+06
3.72627e+06
5.45662e+06
3.08074e+06
482581
20506
426
0
0
0
0
0
0
63
1799
28065
181402
412609
161470
0
0
0
0
0
0
0
0
0
0
0
0
0
0
0
0
0
0
0
0
0
0
0
0
0
0
0
0
0
0
0
0
0
0
0
0
0
0
0
0
0
0
0
0
0
0
0
0
0
0
0
0
0
0
0
0
0
0
0
0
0
0
0
0
0
0
0
0
0
0
0
0
0
0
0
0
0
0
0
0
0
0
0
0
0
0
0
0
0
0
0
0
0
0
0
0
0
0
0
0
0
0
0
0
0
0
0
0
0
0
0
0
0
0
0
0
0
0
0
0
0
0
0
0
0
0
0
0
0
0
0
0
0
0
0
0
0
0
0
0
0
0
0
0
0
0
0
0
0
0
0
0
0
0
0
0
0
0
0
0
0
0
0
0
0
0
0
0
0
0
0
0
0
0
0
0
0
0
0
0
0
0
0
0
0
0
0
0
0
0
0
0
0
0
0
0
0
0
0
0
