1.45408e+06
0
0
0
0
0
0
0
0
0
0
0
0
0
0
0
0
2975
344324
2.46579e+06
3.58588e+06
1.82745e+06
438347
55711
5532
21822
170735
705563
1.42129e+06
1.32563e+06
580907
132192
198241
1.45083e+06
4.63428e+06
6.26658e+06
3.71775e+06
1.0535e+06
443400
1.55011e+06
3.03197e+06
2.59546e+06
1.18315e+06
1.27083e+06
3.6109e+06
5.88434e+06
4.61955e+06
1.9334e+06
1.16982e+06
1.88353e+06
1.95859e+06
1.94117e+06
5.23354e+06
1.09582e+07
1.10766e+07
5.54987e+06
2.0857e+06
1.62892e+06
1.77931e+06
3.42166e+06
7.3309e+06
8.88311e+06
6.3288e+06
5.37632e+06
6.22644e+06
5.282e+06
5.04338e+06
6.306e+06
5.74021e+06
5.33745e+06
6.73313e+06
8.35193e+06
1.32169e+07
1.79637e+07
1.33118e+07
5.12101e+06
2.08988e+06
4.97556e+06
1.04598e+07
1.14901e+07
7.61923e+06
5.32911e+06
6.81417e+06
1.11003e+07
1.2992e+07
1.12404e+07
1.10387e+07
1.38297e+07
1.85922e+07
1.82623e+07
1.29313e+07
1.03143e+07
1.17941e+07
1.38244e+07
1.22011e+07
1.03338e+07
1.11838e+07
1.32683e+07
1.18198e+07
8.6242e+06
1.1515e+07
1.97759e+07
2.20463e+07
1.74303e+07
1.79763e+07
2.52294e+07
2.79574e+07
2.28774e+07
1.66104e+07
1.132e+07
7.31121e+06
7.19744e+06
1.51493e+07
2.37334e+07
2.08244e+07
1.57711e+07
2.14936e+07
2.43426e+07
2.21929e+07
1.62726e+07
1.70677e+07
1.89167e+07
2.09507e+07
2.74937e+07
2.44894e+07
1.82192e+07
1.64741e+07
1.67608e+07
1.38757e+07
8.57843e+06
8.16212e+06
1.11554e+07
1.39721e+07
1.90819e+07
2.23896e+07
2.36915e+07
2.40125e+07
1.6e+07
1.12365e+07
1.38567e+07
1.62256e+07
1.50538e+07
1.35838e+07
1.01014e+07
8.1085e+06
1.04089e+07
1.2289e+07
6.71128e+06
2.63438e+06
5.19748e+06
1.08183e+07
1.46654e+07
1.70983e+07
2.12563e+07
1.87269e+07
9.75503e+06
2.92137e+06
3.20341e+06
6.67249e+06
5.57195e+06
1.67695e+06
920282
1.22063e+06
966725
2.75858e+06
4.05965e+06
7.23454e+06
1.12794e+07
1.15987e+07
7.54565e+06
2.70508e+06
1.88329e+06
1.94188e+06
331058
2130
2
0
12
440
13191
166221
1.08628e+06
3.44811e+06
5.05312e+06
2.85384e+06
446084
19017
402
0
0
0
0
0
0
61
1669
25998
168107
381595
149610
0
0
0
0
0
0
0
0
0
0
0
0
0
0
0
0
0
0
0
0
0
0
0
0
0
0
0
0
0
0
0
0
0
0
0
0
0
0
0
0
0
0
0
0
0
0
0
0
0
0
0
0
0
0
0
0
0
0
0
0
0
0
0
0
0
0
0
0
0
0
0
0
0
0
0
0
0
0
0
0
0
0
0
0
0
0
0
0
0
0
0
0
0
0
0
0
0
0
0
0
0
0
0
0
0
0
0
0
0
0
0
0
0
0
0
0
0
0
0
0
0
0
0
0
0
0
0
0
0
0
0
0
0
0
0
0
0
0
0
0
0
0
0
0
0
0
0
0
0
0
0
0
0
0
0
0
0
0
0
0
0
0
0
0
0
0
0
0
0
0
0
0
0
0
0
0
0
0
0
0
0
0
0
0
0
0
0
0
0
0
0
0
0
0
0
0
0
0
0
0
