1.13869e+06
0
0
0
0
0
0
0
0
0
0
0
0
0
0
0
0
2343
269947
1.93078e+06
2.80846e+06
1.42928e+06
343874
44298
4376
17576
134522
552914
1.11028e+06
1.03745e+06
455302
104684
156734
1.13896e+06
3.62671e+06
4.9034e+06
2.90805e+06
828522
350811
1.21359e+06
2.37325e+06
2.02956e+06
929470
1.00169e+06
2.82851e+06
4.59785e+06
3.60906e+06
1.52266e+06
920966
1.47266e+06
1.53253e+06
1.52818e+06
4.1083e+06
8.56586e+06
8.65486e+06
4.35211e+06
1.64289e+06
1.27921e+06
1.39694e+06
2.6862e+06
5.73172e+06
6.94576e+06
4.96117e+06
4.21448e+06
4.8712e+06
4.1374e+06
3.95541e+06
4.93212e+06
4.4968e+06
4.18279e+06
5.27566e+06
6.54972e+06
1.03454e+07
1.40477e+07
1.04046e+07
4.03101e+06
1.65711e+06
3.90151e+06
8.17418e+06
8.98377e+06
5.97331e+06
4.1871e+06
5.34514e+06
8.67868e+06
1.0166e+07
8.80242e+06
8.66298e+06
1.08299e+07
1.45469e+07
1.42867e+07
1.01283e+07
8.09411e+06
9.23875e+06
1.08187e+07
9.54577e+06
8.10694e+06
8.75834e+06
1.03801e+07
9.24862e+06
6.76989e+06
9.03826e+06
1.54696e+07
1.72449e+07
1.36635e+07
1.40959e+07
1.97377e+07
2.18783e+07
1.79068e+07
1.30137e+07
8.86595e+06
5.74203e+06
5.6671e+06
1.18538e+07
1.85605e+07
1.62901e+07
1.23857e+07
1.68272e+07
1.90497e+07
1.73762e+07
1.27512e+07
1.33757e+07
1.48139e+07
1.64264e+07
2.14991e+07
1.91649e+07
1.42734e+07
1.29023e+07
1.31259e+07
1.08656e+07
6.73132e+06
6.40393e+06
8.73166e+06
1.0944e+07
1.49326e+07
1.75268e+07
1.85556e+07
1.87901e+07
1.25316e+07
8.81468e+06
1.08507e+07
1.2695e+07
1.17942e+07
1.06403e+07
7.90808e+06
6.35693e+06
8.15248e+06
9.59765e+06
5.26292e+06
2.07713e+06
4.07332e+06
8.464e+06
1.1492e+07
1.34013e+07
1.66302e+07
1.46447e+07
7.64151e+06
2.30207e+06
2.51911e+06
5.21222e+06
4.35744e+06
1.31835e+06
723274
954014
763761
2.1634e+06
3.18001e+06
5.66194e+06
8.82637e+06
9.07339e+06
5.91231e+06
2.12356e+06
1.47647e+06
1.51695e+06
259726
1676
2
0
12
381
10856
132747
855499
2.70047e+06
3.95e+06
2.23138e+06
351032
15454
360
0
0
0
0
0
0
61
1402
21090
132404
297595
116792
0
0
0
0
0
0
0
0
0
0
0
0
0
0
0
0
0
0
0
0
0
0
0
0
0
0
0
0
0
0
0
0
0
0
0
0
0
0
0
0
0
0
0
0
0
0
0
0
0
0
0
0
0
0
0
0
0
0
0
0
0
0
0
0
0
0
0
0
0
0
0
0
0
0
0
0
0
0
0
0
0
0
0
0
0
0
0
0
0
0
0
0
0
0
0
0
0
0
0
0
0
0
0
0
0
0
0
0
0
0
0
0
0
0
0
0
0
0
0
0
0
0
0
0
0
0
0
0
0
0
0
0
0
0
0
0
0
0
0
0
0
0
0
0
0
0
0
0
0
0
0
0
0
0
0
0
0
0
0
0
0
0
0
0
0
0
0
0
0
0
0
0
0
0
0
0
0
0
0
0
0
0
0
0
0
0
0
0
0
0
0
0
0
0
0
0
0
0
0
0
