1.91693e+06
0
0
0
0
0
0
0
0
0
0
0
0
0
0
0
2
3851
453572
3.25202e+06
4.72507e+06
2.41023e+06
577913
73685
7222
29087
225279
931305
1.87098e+06
1.74747e+06
766789
174282
262732
1.91522e+06
6.11138e+06
8.24858e+06
4.90555e+06
1.39078e+06
586932
2.04285e+06
3.99492e+06
3.42102e+06
1.56365e+06
1.679e+06
4.76459e+06
7.73739e+06
6.09232e+06
2.55464e+06
1.54588e+06
2.47957e+06
2.58154e+06
2.56356e+06
6.91123e+06
1.443e+07
1.45936e+07
7.32388e+06
2.7562e+06
2.14459e+06
2.34571e+06
4.51509e+06
9.66542e+06
1.16966e+07
8.35392e+06
7.09304e+06
8.19009e+06
6.96694e+06
6.65629e+06
8.30771e+06
7.57425e+06
7.03772e+06
8.87207e+06
1.10321e+07
1.74341e+07
2.36287e+07
1.75425e+07
6.77178e+06
2.76951e+06
6.5712e+06
1.37773e+07
1.51246e+07
1.0052e+07
7.03553e+06
8.99059e+06
1.46287e+07
1.71161e+07
1.48385e+07
1.45512e+07
1.82401e+07
2.44855e+07
2.40618e+07
1.70605e+07
1.36058e+07
1.55663e+07
1.81916e+07
1.60891e+07
1.3632e+07
1.47558e+07
1.74716e+07
1.55648e+07
1.13981e+07
1.52073e+07
2.60543e+07
2.90261e+07
2.30114e+07
2.37296e+07
3.32397e+07
3.6802e+07
3.01754e+07
2.1896e+07
1.49262e+07
9.645e+06
9.5389e+06
1.99982e+07
3.11926e+07
2.74376e+07
2.08692e+07
2.83352e+07
3.20444e+07
2.92572e+07
2.14851e+07
2.25024e+07
2.49517e+07
2.76497e+07
3.62083e+07
3.22354e+07
2.4031e+07
2.17397e+07
2.20684e+07
1.83004e+07
1.13378e+07
1.07772e+07
1.47171e+07
1.84191e+07
2.51093e+07
2.95042e+07
3.12628e+07
3.1625e+07
2.10844e+07
1.48545e+07
1.82659e+07
2.13748e+07
1.98739e+07
1.78892e+07
1.33118e+07
1.07122e+07
1.37151e+07
1.61625e+07
8.84512e+06
3.49466e+06
6.86423e+06
1.42557e+07
1.93277e+07
2.25901e+07
2.80044e+07
2.46466e+07
1.2847e+07
3.87274e+06
4.25053e+06
8.78445e+06
7.31686e+06
2.21852e+06
1.21868e+06
1.60707e+06
1.2819e+06
3.64068e+06
5.3477e+06
9.53921e+06
1.48818e+07
1.52858e+07
9.92478e+06
3.57448e+06
2.48903e+06
2.54941e+06
435218
2848
2
0
13
609
17244
220216
1.43916e+06
4.54726e+06
6.65413e+06
3.75788e+06
590414
24908
515
3
0
0
0
0
0
72
2198
34063
222151
503371
196609
0
0
0
0
0
0
0
0
0
0
0
0
0
0
0
0
0
0
0
0
0
0
0
0
0
0
0
0
0
0
0
0
0
0
0
0
0
0
0
0
0
0
0
0
0
0
0
0
0
0
0
0
0
0
0
0
0
0
0
0
0
0
0
0
0
0
0
0
0
0
0
0
0
0
0
0
0
0
0
0
0
0
0
0
0
0
0
0
0
0
0
0
0
0
0
0
0
0
0
0
0
0
0
0
0
0
0
0
0
0
0
0
0
0
0
0
0
0
0
0
0
0
0
0
0
0
0
0
0
0
0
0
0
0
0
0
0
0
0
0
0
0
0
0
0
0
0
0
0
0
0
0
0
0
0
0
0
0
0
0
0
0
0
0
0
0
0
0
0
0
0
0
0
0
0
0
0
0
0
0
0
0
0
0
0
0
0
0
0
0
0
0
0
0
0
0
0
0
0
0
