425984
0
0
0
0
0
0
0
0
0
0
0
0
0
0
0
0
886
101726
718720
1.05519e+06
533122
128526
16487
1753
6281
50786
205390
416592
388896
170046
38902
60357
427076
1.34966e+06
1.84074e+06
1.0823e+06
312176
132440
451632
893359
757114
346090
373068
1.05079e+06
1.73764e+06
1.34705e+06
566621
342106
550382
576175
572616
1.52759e+06
3.21312e+06
3.24255e+06
1.61703e+06
614773
484180
523013
998338
2.14172e+06
2.61901e+06
1.84198e+06
1.56888e+06
1.83713e+06
1.54171e+06
1.47136e+06
1.85839e+06
1.67824e+06
1.55441e+06
1.99281e+06
2.44629e+06
3.84861e+06
5.28822e+06
3.87534e+06
1.50156e+06
622346
1.4513e+06
3.07023e+06
3.37683e+06
2.21956e+06
1.5665e+06
1.989e+06
3.24815e+06
3.82278e+06
3.27228e+06
3.25672e+06
4.02556e+06
5.46258e+06
5.35831e+06
3.76925e+06
3.04301e+06
3.43567e+06
4.06702e+06
3.55135e+06
3.04765e+06
3.26529e+06
3.8931e+06
3.46252e+06
2.5225e+06
3.36878e+06
5.80723e+06
6.47231e+06
5.08566e+06
5.24917e+06
7.40268e+06
8.20892e+06
6.68185e+06
4.87194e+06
3.31425e+06
2.15152e+06
2.11006e+06
4.41576e+06
6.99608e+06
6.06987e+06
4.60883e+06
6.28852e+06
7.15994e+06
6.48959e+06
4.76492e+06
5.02533e+06
5.5304e+06
6.12834e+06
8.04389e+06
7.20132e+06
5.32454e+06
4.81233e+06
4.93208e+06
4.05495e+06
2.51166e+06
2.39889e+06
3.26208e+06
4.09031e+06
5.60306e+06
6.55394e+06
6.91992e+06
7.06178e+06
4.69443e+06
3.27222e+06
4.06758e+06
4.75453e+06
4.39452e+06
3.99744e+06
2.95073e+06
2.37898e+06
3.05352e+06
3.58322e+06
1.97175e+06
771239
1.51515e+06
3.16651e+06
4.34445e+06
4.97718e+06
6.21868e+06
5.48564e+06
2.86949e+06
855533
936760
1.94222e+06
1.64467e+06
489983
269488
356935
286241
802173
1.18682e+06
2.11263e+06
3.31295e+06
3.38932e+06
2.23071e+06
786351
546676
569523
99689
684
0
0
3
142
4178
48375
314482
1.00102e+06
1.48889e+06
841811
129356
5483
111
0
0
0
0
0
0
15
492
7418
48097
110689
46281
0
0
0
0
0
0
0
0
0
0
0
0
0
0
0
0
0
0
0
0
0
0
0
0
0
0
0
0
0
0
0
0
0
0
0
0
0
0
0
0
0
0
0
0
0
0
0
0
0
0
0
0
0
0
0
0
0
0
0
0
0
0
0
0
0
0
0
0
0
0
0
0
0
0
0
0
0
0
0
0
0
0
0
0
0
0
0
0
0
0
0
0
0
0
0
0
0
0
0
0
0
0
0
0
0
0
0
0
0
0
0
0
0
0
0
0
0
0
0
0
0
0
0
0
0
0
0
0
0
0
0
0
0
0
0
0
0
0
0
0
0
0
0
0
0
0
0
0
0
0
0
0
0
0
0
0
0
0
0
0
0
0
0
0
0
0
0
0
0
0
0
0
0
0
0
0
0
0
0
0
0
0
0
0
0
0
0
0
0
0
0
0
0
0
0
0
0
0
0
0
