1.59539e+06
0
0
0
0
0
0
0
0
0
0
0
0
0
0
0
2
3240
377647
2.70592e+06
3.93362e+06
2.00518e+06
481011
61365
6011
24018
187659
775266
1.55752e+06
1.45369e+06
638012
145545
218181
1.59338e+06
5.08527e+06
6.86952e+06
4.0802e+06
1.15723e+06
487979
1.70092e+06
3.32502e+06
2.84729e+06
1.29992e+06
1.39678e+06
3.96245e+06
6.44894e+06
5.06839e+06
2.12417e+06
1.28534e+06
2.06544e+06
2.14778e+06
2.13269e+06
5.74615e+06
1.20172e+07
1.21484e+07
6.09042e+06
2.29292e+06
1.7867e+06
1.95197e+06
3.75634e+06
8.04492e+06
9.74008e+06
6.94566e+06
5.90032e+06
6.82862e+06
5.79483e+06
5.53878e+06
6.91484e+06
6.29786e+06
5.85827e+06
7.38644e+06
9.17288e+06
1.45052e+07
1.96886e+07
1.46001e+07
5.6281e+06
2.29924e+06
5.46374e+06
1.14742e+07
1.25951e+07
8.36199e+06
5.85228e+06
7.48107e+06
1.2177e+07
1.42477e+07
1.23382e+07
1.21127e+07
1.51792e+07
2.03887e+07
2.00299e+07
1.41953e+07
1.13181e+07
1.29469e+07
1.51574e+07
1.33882e+07
1.13407e+07
1.22751e+07
1.45528e+07
1.29619e+07
9.47295e+06
1.26451e+07
2.16878e+07
2.41706e+07
1.91407e+07
1.97374e+07
2.76718e+07
3.06538e+07
2.51046e+07
1.82299e+07
1.24179e+07
8.02237e+06
7.91486e+06
1.6633e+07
2.60108e+07
2.28406e+07
1.73314e+07
2.35835e+07
2.66905e+07
2.43456e+07
1.78661e+07
1.87285e+07
2.07597e+07
2.29998e+07
3.01515e+07
2.6852e+07
1.9991e+07
1.80855e+07
1.83816e+07
1.52241e+07
9.42059e+06
8.96594e+06
1.22435e+07
1.53283e+07
2.09184e+07
2.45591e+07
2.6007e+07
2.63375e+07
1.75516e+07
1.23384e+07
1.52043e+07
1.78003e+07
1.65262e+07
1.49001e+07
1.10765e+07
8.90392e+06
1.1421e+07
1.34706e+07
7.36073e+06
2.89777e+06
5.70724e+06
1.18674e+07
1.60888e+07
1.8774e+07
2.33158e+07
2.05383e+07
1.06957e+07
3.21077e+06
3.52394e+06
7.31672e+06
6.10662e+06
1.84174e+06
1.01202e+06
1.33773e+06
1.06357e+06
3.02778e+06
4.45368e+06
7.93837e+06
1.23761e+07
1.27242e+07
8.2745e+06
2.96895e+06
2.06879e+06
2.12709e+06
362979
2364
2
0
12
485
14422
182935
1.19479e+06
3.78458e+06
5.54139e+06
3.12815e+06
490534
20791
429
3
0
0
0
0
0
63
1820
28571
184347
418952
163943
0
0
0
0
0
0
0
0
0
0
0
0
0
0
0
0
0
0
0
0
0
0
0
0
0
0
0
0
0
0
0
0
0
0
0
0
0
0
0
0
0
0
0
0
0
0
0
0
0
0
0
0
0
0
0
0
0
0
0
0
0
0
0
0
0
0
0
0
0
0
0
0
0
0
0
0
0
0
0
0
0
0
0
0
0
0
0
0
0
0
0
0
0
0
0
0
0
0
0
0
0
0
0
0
0
0
0
0
0
0
0
0
0
0
0
0
0
0
0
0
0
0
0
0
0
0
0
0
0
0
0
0
0
0
0
0
0
0
0
0
0
0
0
0
0
0
0
0
0
0
0
0
0
0
0
0
0
0
0
0
0
0
0
0
0
0
0
0
0
0
0
0
0
0
0
0
0
0
0
0
0
0
0
0
0
0
0
0
0
0
0
0
0
0
0
0
0
0
0
0
