407552
0
0
0
0
0
0
0
0
0
0
0
0
0
0
0
0
851
97391
687778
1.00926e+06
509679
123254
15902
1690
6049
48769
196458
398386
371699
162846
37397
58158
409345
1.29021e+06
1.76028e+06
1.03538e+06
299190
127320
431983
854526
724130
331182
358044
1.00437e+06
1.66285e+06
1.28721e+06
542861
327808
526371
551368
548668
1.4624e+06
3.07253e+06
3.1002e+06
1.54706e+06
589777
463513
500977
955880
2.04787e+06
2.50477e+06
1.76256e+06
1.50118e+06
1.75751e+06
1.4754e+06
1.40744e+06
1.7782e+06
1.60519e+06
1.48751e+06
1.90782e+06
2.34215e+06
3.68026e+06
5.05754e+06
3.70491e+06
1.43854e+06
598174
1.38909e+06
2.93575e+06
3.22961e+06
2.1234e+06
1.50031e+06
1.90429e+06
3.10554e+06
3.65722e+06
3.13087e+06
3.11723e+06
3.8511e+06
5.22563e+06
5.12393e+06
3.60706e+06
2.9136e+06
3.28503e+06
3.89284e+06
3.39563e+06
2.91715e+06
3.12486e+06
3.72356e+06
3.31102e+06
2.41663e+06
3.22522e+06
5.55232e+06
6.19014e+06
4.86745e+06
5.02476e+06
7.07994e+06
7.85174e+06
6.39249e+06
4.66148e+06
3.17125e+06
2.06017e+06
2.02108e+06
4.22372e+06
6.6926e+06
5.80508e+06
4.41436e+06
6.01408e+06
6.84849e+06
6.20854e+06
4.56028e+06
4.80838e+06
5.29168e+06
5.8628e+06
7.69331e+06
6.89123e+06
5.09365e+06
4.6036e+06
4.71952e+06
3.8782e+06
2.40433e+06
2.2968e+06
3.12059e+06
3.91378e+06
5.36086e+06
6.26778e+06
6.61925e+06
6.75675e+06
4.49203e+06
3.13103e+06
3.89198e+06
4.54751e+06
4.20421e+06
3.8258e+06
2.82224e+06
2.2772e+06
2.9219e+06
3.42579e+06
1.88685e+06
738918
1.45118e+06
3.02758e+06
4.15749e+06
4.76168e+06
5.94876e+06
5.24632e+06
2.74588e+06
819934
897710
1.8568e+06
1.57297e+06
468767
258122
341498
274680
767304
1.1357e+06
2.02144e+06
3.16862e+06
3.24163e+06
2.13514e+06
752576
523401
544131
95266
644
0
0
3
139
4029
46579
301657
957312
1.42385e+06
804961
124017
5318
106
0
0
0
0
0
0
15
485
7151
46034
105785
44306
0
0
0
0
0
0
0
0
0
0
0
0
0
0
0
0
0
0
0
0
0
0
0
0
0
0
0
0
0
0
0
0
0
0
0
0
0
0
0
0
0
0
0
0
0
0
0
0
0
0
0
0
0
0
0
0
0
0
0
0
0
0
0
0
0
0
0
0
0
0
0
0
0
0
0
0
0
0
0
0
0
0
0
0
0
0
0
0
0
0
0
0
0
0
0
0
0
0
0
0
0
0
0
0
0
0
0
0
0
0
0
0
0
0
0
0
0
0
0
0
0
0
0
0
0
0
0
0
0
0
0
0
0
0
0
0
0
0
0
0
0
0
0
0
0
0
0
0
0
0
0
0
0
0
0
0
0
0
0
0
0
0
0
0
0
0
0
0
0
0
0
0
0
0
0
0
0
0
0
0
0
0
0
0
0
0
0
0
0
0
0
0
0
0
0
0
0
0
0
0
