1.33325e+06
0
0
0
0
0
0
0
0
0
0
0
0
0
0
0
0
2757
315827
2.26064e+06
3.28864e+06
1.6746e+06
401869
51464
5091
20141
156675
647068
1.30261e+06
1.21546e+06
532517
121435
181921
1.33157e+06
4.24969e+06
5.74319e+06
3.40766e+06
966959
408023
1.42048e+06
2.7806e+06
2.37949e+06
1.08445e+06
1.1679e+06
3.31053e+06
5.39232e+06
4.23355e+06
1.77519e+06
1.07404e+06
1.72644e+06
1.79433e+06
1.78308e+06
4.80494e+06
1.00409e+07
1.01475e+07
5.09109e+06
1.91607e+06
1.49444e+06
1.63333e+06
3.1397e+06
6.71857e+06
8.14146e+06
5.80443e+06
4.93168e+06
5.70648e+06
4.84271e+06
4.62784e+06
5.77995e+06
5.26219e+06
4.89518e+06
6.17547e+06
7.66023e+06
1.21198e+07
1.64611e+07
1.21987e+07
4.70392e+06
1.92343e+06
4.56512e+06
9.58317e+06
1.05282e+07
6.99012e+06
4.89267e+06
6.25266e+06
1.01711e+07
1.19072e+07
1.03062e+07
1.01304e+07
1.26799e+07
1.70419e+07
1.67407e+07
1.18551e+07
9.46393e+06
1.08184e+07
1.26694e+07
1.11849e+07
9.48002e+06
1.02574e+07
1.21591e+07
1.08358e+07
7.9121e+06
1.05687e+07
1.81298e+07
2.02014e+07
1.59844e+07
1.64939e+07
2.31279e+07
2.56236e+07
2.0973e+07
1.52309e+07
1.0382e+07
6.71036e+06
6.61244e+06
1.38873e+07
2.1751e+07
1.90846e+07
1.44789e+07
1.97063e+07
2.23116e+07
2.03485e+07
1.49232e+07
1.56495e+07
1.73445e+07
1.92228e+07
2.51951e+07
2.2448e+07
1.67086e+07
1.51072e+07
1.53658e+07
1.2721e+07
7.87232e+06
7.49056e+06
1.02286e+07
1.28133e+07
1.74917e+07
2.05264e+07
2.17234e+07
2.2007e+07
1.46716e+07
1.0313e+07
1.27024e+07
1.487e+07
1.38087e+07
1.2455e+07
9.26218e+06
7.43796e+06
9.54476e+06
1.1256e+07
6.15655e+06
2.42333e+06
4.76789e+06
9.9156e+06
1.3446e+07
1.56848e+07
1.94854e+07
1.71587e+07
8.94409e+06
2.68698e+06
2.94303e+06
6.11182e+06
5.10536e+06
1.53952e+06
844854
1.11904e+06
889630
2.53123e+06
3.72438e+06
6.63017e+06
1.03376e+07
1.06306e+07
6.91942e+06
2.48368e+06
1.72847e+06
1.77816e+06
303695
1966
2
0
12
422
12343
153770
999324
3.1619e+06
4.6277e+06
2.61554e+06
410068
17753
390
0
0
0
0
0
0
61
1555
24202
154704
349349
136753
0
0
0
0
0
0
0
0
0
0
0
0
0
0
0
0
0
0
0
0
0
0
0
0
0
0
0
0
0
0
0
0
0
0
0
0
0
0
0
0
0
0
0
0
0
0
0
0
0
0
0
0
0
0
0
0
0
0
0
0
0
0
0
0
0
0
0
0
0
0
0
0
0
0
0
0
0
0
0
0
0
0
0
0
0
0
0
0
0
0
0
0
0
0
0
0
0
0
0
0
0
0
0
0
0
0
0
0
0
0
0
0
0
0
0
0
0
0
0
0
0
0
0
0
0
0
0
0
0
0
0
0
0
0
0
0
0
0
0
0
0
0
0
0
0
0
0
0
0
0
0
0
0
0
0
0
0
0
0
0
0
0
0
0
0
0
0
0
0
0
0
0
0
0
0
0
0
0
0
0
0
0
0
0
0
0
0
0
0
0
0
0
0
0
0
0
0
0
0
0
