1.45613e+06
0
0
0
0
0
0
0
0
0
0
0
0
0
0
0
0
2979
344840
2.4693e+06
3.59082e+06
1.83001e+06
439020
55793
5537
21858
170998
706622
1.42316e+06
1.32751e+06
581744
132385
198527
1.45302e+06
4.64078e+06
6.27513e+06
3.72303e+06
1.05505e+06
444081
1.55235e+06
3.03617e+06
2.59903e+06
1.18492e+06
1.27278e+06
3.6159e+06
5.89243e+06
4.62608e+06
1.93614e+06
1.17159e+06
1.88613e+06
1.96136e+06
1.94399e+06
5.24119e+06
1.09733e+07
1.10918e+07
5.55784e+06
2.08882e+06
1.6312e+06
1.78181e+06
3.42674e+06
7.34113e+06
8.89518e+06
6.33788e+06
5.38408e+06
6.23506e+06
5.28944e+06
5.05064e+06
6.31475e+06
5.74836e+06
5.34512e+06
6.74244e+06
8.36396e+06
1.32359e+07
1.7988e+07
1.33304e+07
5.12864e+06
2.09313e+06
4.98272e+06
1.04744e+07
1.15059e+07
7.62998e+06
5.33687e+06
6.82407e+06
1.11157e+07
1.30099e+07
1.12564e+07
1.10546e+07
1.38494e+07
1.86179e+07
1.82877e+07
1.29499e+07
1.03289e+07
1.18107e+07
1.38436e+07
1.22185e+07
1.03484e+07
1.11998e+07
1.32867e+07
1.18363e+07
8.63674e+06
1.15315e+07
1.98036e+07
2.20768e+07
1.74553e+07
1.80021e+07
2.52645e+07
2.79962e+07
2.29098e+07
1.66338e+07
1.1336e+07
7.32166e+06
7.20813e+06
1.51706e+07
2.3766e+07
2.08538e+07
1.57941e+07
2.1524e+07
2.43762e+07
2.22241e+07
1.62959e+07
1.70917e+07
1.89436e+07
2.09809e+07
2.75317e+07
2.45234e+07
1.8245e+07
1.64974e+07
1.67842e+07
1.38953e+07
8.59085e+06
8.17387e+06
1.11712e+07
1.39918e+07
1.91081e+07
2.24211e+07
2.37251e+07
2.40461e+07
1.60225e+07
1.12525e+07
1.38763e+07
1.62485e+07
1.50752e+07
1.36027e+07
1.01156e+07
8.12016e+06
1.04234e+07
1.23059e+07
6.72084e+06
2.63825e+06
5.20513e+06
1.08333e+07
1.46859e+07
1.71227e+07
2.12861e+07
1.87529e+07
9.76856e+06
2.92576e+06
3.20821e+06
6.68171e+06
5.57957e+06
1.67939e+06
921636
1.22232e+06
968215
2.76249e+06
4.06538e+06
7.24482e+06
1.12953e+07
1.16148e+07
7.55603e+06
2.70907e+06
1.88601e+06
1.94449e+06
331516
2132
2
0
12
440
13226
166495
1.08785e+06
3.45309e+06
5.0601e+06
2.85772e+06
446764
19040
402
0
0
0
0
0
0
61
1671
26036
168348
382159
149789
0
0
0
0
0
0
0
0
0
0
0
0
0
0
0
0
0
0
0
0
0
0
0
0
0
0
0
0
0
0
0
0
0
0
0
0
0
0
0
0
0
0
0
0
0
0
0
0
0
0
0
0
0
0
0
0
0
0
0
0
0
0
0
0
0
0
0
0
0
0
0
0
0
0
0
0
0
0
0
0
0
0
0
0
0
0
0
0
0
0
0
0
0
0
0
0
0
0
0
0
0
0
0
0
0
0
0
0
0
0
0
0
0
0
0
0
0
0
0
0
0
0
0
0
0
0
0
0
0
0
0
0
0
0
0
0
0
0
0
0
0
0
0
0
0
0
0
0
0
0
0
0
0
0
0
0
0
0
0
0
0
0
0
0
0
0
0
0
0
0
0
0
0
0
0
0
0
0
0
0
0
0
0
0
0
0
0
0
0
0
0
0
0
0
0
0
0
0
0
0
