1.52371e+06
0
0
0
0
0
0
0
0
0
0
0
0
0
0
0
2
3112
360515
2.58449e+06
3.75736e+06
1.91447e+06
459596
58512
5792
22878
178928
740165
1.48843e+06
1.38889e+06
608852
138675
207939
1.52123e+06
4.85676e+06
6.56351e+06
3.89586e+06
1.10508e+06
465203
1.62473e+06
3.17621e+06
2.71959e+06
1.24002e+06
1.33309e+06
3.78439e+06
6.1634e+06
4.84032e+06
2.02692e+06
1.22686e+06
1.97294e+06
2.05231e+06
2.03521e+06
5.48592e+06
1.14812e+07
1.16034e+07
5.81634e+06
2.18805e+06
1.70711e+06
1.86323e+06
3.58783e+06
7.68333e+06
9.30381e+06
6.63233e+06
5.63551e+06
6.52441e+06
5.533e+06
5.28741e+06
6.60633e+06
6.01625e+06
5.59309e+06
7.05406e+06
8.75578e+06
1.38554e+07
1.88115e+07
1.39469e+07
5.37073e+06
2.19303e+06
5.21498e+06
1.09612e+07
1.20352e+07
7.98453e+06
5.58637e+06
7.14186e+06
1.16321e+07
1.36115e+07
1.17802e+07
1.15688e+07
1.44933e+07
1.94783e+07
1.9133e+07
1.35539e+07
1.08103e+07
1.2363e+07
1.44791e+07
1.27857e+07
1.08304e+07
1.17217e+07
1.39013e+07
1.23833e+07
9.04187e+06
1.20701e+07
2.07196e+07
2.30943e+07
1.82736e+07
1.88416e+07
2.64314e+07
2.9289e+07
2.39747e+07
1.74078e+07
1.18612e+07
7.66188e+06
7.55042e+06
1.58806e+07
2.48552e+07
2.18182e+07
1.65388e+07
2.25216e+07
2.55038e+07
2.32522e+07
1.70579e+07
1.7886e+07
1.98261e+07
2.1963e+07
2.87989e+07
2.56536e+07
1.90925e+07
1.72682e+07
1.756e+07
1.45401e+07
8.99332e+06
8.55921e+06
1.1691e+07
1.46398e+07
1.99878e+07
2.34571e+07
2.48326e+07
2.51589e+07
1.67647e+07
1.17793e+07
1.45211e+07
1.70007e+07
1.57813e+07
1.42315e+07
1.05813e+07
8.50094e+06
1.09062e+07
1.28714e+07
7.03172e+06
2.76359e+06
5.44797e+06
1.13366e+07
1.53696e+07
1.79227e+07
2.22691e+07
1.96199e+07
1.02196e+07
3.06318e+06
3.36106e+06
6.99038e+06
5.83564e+06
1.75819e+06
965146
1.27826e+06
1.01526e+06
2.89017e+06
4.25264e+06
7.58149e+06
1.18216e+07
1.21533e+07
7.90478e+06
2.83445e+06
1.97456e+06
2.03312e+06
346819
2228
2
0
12
459
13856
174520
1.13901e+06
3.61392e+06
5.29428e+06
2.98974e+06
467337
19861
414
0
0
0
0
0
0
63
1764
27230
175894
400158
156747
0
0
0
0
0
0
0
0
0
0
0
0
0
0
0
0
0
0
0
0
0
0
0
0
0
0
0
0
0
0
0
0
0
0
0
0
0
0
0
0
0
0
0
0
0
0
0
0
0
0
0
0
0
0
0
0
0
0
0
0
0
0
0
0
0
0
0
0
0
0
0
0
0
0
0
0
0
0
0
0
0
0
0
0
0
0
0
0
0
0
0
0
0
0
0
0
0
0
0
0
0
0
0
0
0
0
0
0
0
0
0
0
0
0
0
0
0
0
0
0
0
0
0
0
0
0
0
0
0
0
0
0
0
0
0
0
0
0
0
0
0
0
0
0
0
0
0
0
0
0
0
0
0
0
0
0
0
0
0
0
0
0
0
0
0
0
0
0
0
0
0
0
0
0
0
0
0
0
0
0
0
0
0
0
0
0
0
0
0
0
0
0
0
0
0
0
0
0
0
0
