678622
3.52677e+06
5.91219e+06
8.32097e+06
1.08512e+07
1.33435e+07
1.57315e+07
1.82433e+07
2.08418e+07
2.33863e+07
2.60132e+07
2.89128e+07
3.16308e+07
3.45839e+07
3.73242e+07
3.99146e+07
4.27898e+07
4.52855e+07
4.75223e+07
5.00464e+07
5.25227e+07
5.48532e+07
5.73425e+07
5.9822e+07
6.20077e+07
6.43637e+07
6.70271e+07
6.973e+07
7.24785e+07
7.52011e+07
7.76885e+07
8.01891e+07
8.28107e+07
8.55571e+07
8.7915e+07
8.98434e+07
9.16934e+07
9.35364e+07
9.55949e+07
9.79416e+07
1.00311e+08
1.02636e+08
1.05011e+08
1.07444e+08
1.10089e+08
1.12899e+08
1.15493e+08
1.17982e+08
1.20608e+08
1.23552e+08
1.26035e+08
1.2845e+08
1.31074e+08
1.33894e+08
1.36434e+08
1.38408e+08
1.40689e+08
1.43625e+08
1.46545e+08
1.4932e+08
