903168
0
0
0
0
0
0
0
0
0
0
0
0
0
0
0
0
1894
214262
1.53092e+06
2.22864e+06
1.13267e+06
272504
35575
3513
13842
107668
437280
881277
822224
361270
83246
125723
902983
2.8753e+06
3.89117e+06
2.30153e+06
659226
280341
962102
1.88339e+06
1.60813e+06
736945
797280
2.24141e+06
3.64803e+06
2.85881e+06
1.20854e+06
732345
1.16826e+06
1.21596e+06
1.21539e+06
3.25979e+06
6.79145e+06
6.85654e+06
3.45015e+06
1.30813e+06
1.01761e+06
1.10994e+06
2.13301e+06
4.542e+06
5.50764e+06
3.93375e+06
3.34341e+06
3.86521e+06
3.27882e+06
3.13813e+06
3.91528e+06
3.56552e+06
3.31568e+06
4.19193e+06
5.19971e+06
8.19726e+06
1.11363e+07
8.24113e+06
3.2054e+06
1.32446e+06
3.09606e+06
6.47959e+06
7.12468e+06
4.73474e+06
3.32799e+06
4.24135e+06
6.87671e+06
8.06524e+06
6.97624e+06
6.88298e+06
8.58285e+06
1.15367e+07
1.13296e+07
8.03088e+06
6.43197e+06
7.32281e+06
8.57965e+06
7.56484e+06
6.44032e+06
6.94643e+06
8.22981e+06
7.33151e+06
5.37562e+06
7.17381e+06
1.22704e+07
1.36747e+07
1.08296e+07
1.11854e+07
1.56577e+07
1.73489e+07
1.41925e+07
1.03289e+07
7.03152e+06
4.5623e+06
4.50524e+06
9.39756e+06
1.47169e+07
1.29066e+07
9.8336e+06
1.3348e+07
1.51095e+07
1.37791e+07
1.01175e+07
1.06149e+07
1.1749e+07
1.30293e+07
1.70471e+07
1.52005e+07
1.13188e+07
1.02281e+07
1.04212e+07
8.61369e+06
5.34262e+06
5.08661e+06
6.92649e+06
8.67847e+06
1.18424e+07
1.39001e+07
1.47076e+07
1.49035e+07
9.9485e+06
6.99263e+06
8.60556e+06
1.00665e+07
9.35366e+06
8.44318e+06
6.2702e+06
5.04644e+06
6.46688e+06
7.59999e+06
4.17838e+06
1.65107e+06
3.23286e+06
6.71178e+06
9.12756e+06
1.06252e+07
1.31844e+07
1.16055e+07
6.06277e+06
1.83334e+06
2.00149e+06
4.12662e+06
3.45613e+06
1.04704e+06
575613
755726
607800
1.71517e+06
2.52282e+06
4.48928e+06
7.00284e+06
7.18911e+06
4.69447e+06
1.68535e+06
1.17182e+06
1.20038e+06
206325
1343
0
0
12
341
8962
106638
679518
2.13903e+06
3.13151e+06
1.77142e+06
278454
12334
299
0
0
0
0
0
0
57
1123
16951
105209
235654
92590
0
0
0
0
0
0
0
0
0
0
0
0
0
0
0
0
0
0
0
0
0
0
0
0
0
0
0
0
0
0
0
0
0
0
0
0
0
0
0
0
0
0
0
0
0
0
0
0
0
0
0
0
0
0
0
0
0
0
0
0
0
0
0
0
0
0
0
0
0
0
0
0
0
0
0
0
0
0
0
0
0
0
0
0
0
0
0
0
0
0
0
0
0
0
0
0
0
0
0
0
0
0
0
0
0
0
0
0
0
0
0
0
0
0
0
0
0
0
0
0
0
0
0
0
0
0
0
0
0
0
0
0
0
0
0
0
0
0
0
0
0
0
0
0
0
0
0
0
0
0
0
0
0
0
0
0
0
0
0
0
0
0
0
0
0
0
0
0
0
0
0
0
0
0
0
0
0
0
0
0
0
0
0
0
0
0
0
0
0
0
0
0
0
0
0
0
0
0
0
0
