1.69984e+06
0
0
0
0
0
0
0
0
0
0
0
0
0
0
0
2
3457
402303
2.88341e+06
4.19048e+06
2.13677e+06
512691
65288
6338
25632
200087
826233
1.65868e+06
1.54917e+06
680199
154785
232331
1.69819e+06
5.4197e+06
7.31612e+06
4.34819e+06
1.23366e+06
520145
1.81189e+06
3.54231e+06
3.03384e+06
1.38538e+06
1.48894e+06
4.22365e+06
6.86603e+06
5.40106e+06
2.26475e+06
1.36993e+06
2.20002e+06
2.28785e+06
2.27292e+06
6.12587e+06
1.28002e+07
1.29413e+07
6.49229e+06
2.44399e+06
1.90241e+06
2.07952e+06
4.00337e+06
8.57208e+06
1.03756e+07
7.40227e+06
6.28791e+06
7.27053e+06
6.17508e+06
5.90333e+06
7.36688e+06
6.71114e+06
6.24129e+06
7.86933e+06
9.7782e+06
1.54574e+07
2.09677e+07
1.55534e+07
6.00116e+06
2.45268e+06
5.82512e+06
1.22213e+07
1.34143e+07
8.91101e+06
6.23847e+06
7.97356e+06
1.29715e+07
1.51773e+07
1.31515e+07
1.2905e+07
1.61727e+07
2.1722e+07
2.13382e+07
1.51256e+07
1.20601e+07
1.37978e+07
1.61439e+07
1.42673e+07
1.20857e+07
1.30803e+07
1.54998e+07
1.38078e+07
1.00973e+07
1.34805e+07
2.31061e+07
2.57418e+07
2.03996e+07
2.10382e+07
2.94795e+07
3.26505e+07
2.67508e+07
1.94226e+07
1.32307e+07
8.54778e+06
8.44492e+06
1.77285e+07
2.76915e+07
2.43337e+07
1.84852e+07
2.51251e+07
2.84267e+07
2.59419e+07
1.90403e+07
1.99551e+07
2.21234e+07
2.45132e+07
3.21164e+07
2.86e+07
2.13031e+07
1.9272e+07
1.95796e+07
1.62218e+07
1.00439e+07
9.55534e+06
1.30492e+07
1.63337e+07
2.2276e+07
2.61628e+07
2.77151e+07
2.8058e+07
1.86993e+07
1.31555e+07
1.61948e+07
1.89624e+07
1.76176e+07
1.5872e+07
1.18021e+07
9.4913e+06
1.21639e+07
1.4345e+07
7.84421e+06
3.09174e+06
6.083e+06
1.26407e+07
1.71396e+07
2.00186e+07
2.48369e+07
2.18726e+07
1.13963e+07
3.42517e+06
3.75944e+06
7.79204e+06
6.5017e+06
1.96369e+06
1.07907e+06
1.42501e+06
1.13547e+06
3.22655e+06
4.74199e+06
8.45835e+06
1.3191e+07
1.35563e+07
8.81266e+06
3.1645e+06
2.20531e+06
2.26404e+06
386187
2491
2
0
12
521
15404
194980
1.27405e+06
4.03077e+06
5.90491e+06
3.33267e+06
522901
21899
440
3
0
0
0
0
0
69
1938
30341
196598
446404
174570
0
0
0
0
0
0
0
0
0
0
0
0
0
0
0
0
0
0
0
0
0
0
0
0
0
0
0
0
0
0
0
0
0
0
0
0
0
0
0
0
0
0
0
0
0
0
0
0
0
0
0
0
0
0
0
0
0
0
0
0
0
0
0
0
0
0
0
0
0
0
0
0
0
0
0
0
0
0
0
0
0
0
0
0
0
0
0
0
0
0
0
0
0
0
0
0
0
0
0
0
0
0
0
0
0
0
0
0
0
0
0
0
0
0
0
0
0
0
0
0
0
0
0
0
0
0
0
0
0
0
0
0
0
0
0
0
0
0
0
0
0
0
0
0
0
0
0
0
0
0
0
0
0
0
0
0
0
0
0
0
0
0
0
0
0
0
0
0
0
0
0
0
0
0
0
0
0
0
0
0
0
0
0
0
0
0
0
0
0
0
0
0
0
0
0
0
0
0
0
0
