1.65683e+06
0
0
0
0
0
0
0
0
0
0
0
0
0
0
0
2
3369
392116
2.81028e+06
4.08486e+06
2.08245e+06
499691
63711
6189
24946
194956
805477
1.61696e+06
1.50953e+06
663005
151057
226594
1.65527e+06
5.28198e+06
7.13152e+06
4.2379e+06
1.20232e+06
507271
1.76594e+06
3.45279e+06
2.95687e+06
1.35038e+06
1.45118e+06
4.11578e+06
6.69437e+06
5.26423e+06
2.20687e+06
1.33553e+06
2.14399e+06
2.23009e+06
2.21586e+06
5.96918e+06
1.24771e+07
1.26146e+07
6.32737e+06
2.38219e+06
1.85478e+06
2.02664e+06
3.9024e+06
8.35449e+06
1.01133e+07
7.21507e+06
6.12809e+06
7.08823e+06
6.02022e+06
5.7521e+06
7.18015e+06
6.54107e+06
6.08323e+06
7.67076e+06
9.53024e+06
1.50639e+07
2.04407e+07
1.51619e+07
5.84765e+06
2.3893e+06
5.67616e+06
1.19125e+07
1.30788e+07
8.68537e+06
6.07885e+06
7.77023e+06
1.26439e+07
1.4795e+07
1.28169e+07
1.25779e+07
1.57636e+07
2.11731e+07
2.08003e+07
1.47433e+07
1.17544e+07
1.34459e+07
1.5738e+07
1.39068e+07
1.1777e+07
1.27498e+07
1.51094e+07
1.34603e+07
9.83994e+06
1.31357e+07
2.2521e+07
2.50967e+07
1.98814e+07
2.05022e+07
2.87349e+07
3.18278e+07
2.60741e+07
1.89317e+07
1.28965e+07
8.33007e+06
8.22742e+06
1.7277e+07
2.6997e+07
2.37209e+07
1.80107e+07
2.44905e+07
2.77113e+07
2.52849e+07
1.85564e+07
1.94507e+07
2.15644e+07
2.38886e+07
3.13036e+07
2.78815e+07
2.07644e+07
1.8782e+07
1.90884e+07
1.58101e+07
9.78669e+06
9.31297e+06
1.27177e+07
1.59198e+07
2.17152e+07
2.55038e+07
2.70109e+07
2.7349e+07
1.82287e+07
1.28193e+07
1.57865e+07
1.84843e+07
1.71681e+07
1.54711e+07
1.15032e+07
9.25019e+06
1.18581e+07
1.39846e+07
7.6447e+06
3.01187e+06
5.92805e+06
1.23225e+07
1.67075e+07
1.9506e+07
2.42086e+07
2.13246e+07
1.11088e+07
3.3359e+06
3.663e+06
7.59617e+06
6.33914e+06
1.91323e+06
1.05191e+06
1.3886e+06
1.106e+06
3.14515e+06
4.62199e+06
8.24446e+06
1.28562e+07
1.32133e+07
8.59126e+06
3.08388e+06
2.14891e+06
2.20784e+06
376551
2435
2
0
12
500
15021
190042
1.24133e+06
3.9296e+06
5.75474e+06
3.24884e+06
509515
21454
437
3
0
0
0
0
0
63
1885
29582
191511
435359
170016
0
0
0
0
0
0
0
0
0
0
0
0
0
0
0
0
0
0
0
0
0
0
0
0
0
0
0
0
0
0
0
0
0
0
0
0
0
0
0
0
0
0
0
0
0
0
0
0
0
0
0
0
0
0
0
0
0
0
0
0
0
0
0
0
0
0
0
0
0
0
0
0
0
0
0
0
0
0
0
0
0
0
0
0
0
0
0
0
0
0
0
0
0
0
0
0
0
0
0
0
0
0
0
0
0
0
0
0
0
0
0
0
0
0
0
0
0
0
0
0
0
0
0
0
0
0
0
0
0
0
0
0
0
0
0
0
0
0
0
0
0
0
0
0
0
0
0
0
0
0
0
0
0
0
0
0
0
0
0
0
0
0
0
0
0
0
0
0
0
0
0
0
0
0
0
0
0
0
0
0
0
0
0
0
0
0
0
0
0
0
0
0
0
0
0
0
0
0
0
0
