1.29024e+06
0
0
0
0
0
0
0
0
0
0
0
0
0
0
0
0
2673
305722
2.18769e+06
3.18277e+06
1.61996e+06
388974
50062
4956
19519
151901
626781
1.25961e+06
1.17564e+06
515620
117861
176783
1.28891e+06
4.11181e+06
5.55715e+06
3.29676e+06
936934
395734
1.37482e+06
2.69044e+06
2.30172e+06
1.0504e+06
1.13197e+06
3.20442e+06
5.21476e+06
4.09542e+06
1.71959e+06
1.04049e+06
1.67061e+06
1.7365e+06
1.72777e+06
4.65154e+06
9.71419e+06
9.81496e+06
4.92801e+06
1.85713e+06
1.44674e+06
1.58149e+06
3.04078e+06
6.49948e+06
7.87518e+06
5.61953e+06
4.77315e+06
5.52088e+06
4.6874e+06
4.4792e+06
5.59199e+06
5.09323e+06
4.73853e+06
5.9766e+06
7.41552e+06
1.17284e+07
1.59249e+07
1.17988e+07
4.5579e+06
1.86781e+06
4.41936e+06
9.26803e+06
1.01856e+07
6.7655e+06
4.73966e+06
6.05294e+06
9.84036e+06
1.15202e+07
9.97412e+06
9.80718e+06
1.22729e+07
1.64879e+07
1.61971e+07
1.14721e+07
9.16303e+06
1.04701e+07
1.22605e+07
1.0822e+07
9.17705e+06
9.92605e+06
1.17652e+07
1.04826e+07
7.6621e+06
1.02334e+07
1.75407e+07
1.95434e+07
1.54737e+07
1.59687e+07
2.23755e+07
2.47912e+07
2.02941e+07
1.47426e+07
1.00472e+07
6.49639e+06
6.40769e+06
1.34404e+07
2.10396e+07
1.8465e+07
1.4023e+07
1.90691e+07
2.1587e+07
1.96897e+07
1.44477e+07
1.51448e+07
1.67872e+07
1.86067e+07
2.43753e+07
2.17195e+07
1.61696e+07
1.46216e+07
1.487e+07
1.23095e+07
7.62239e+06
7.25309e+06
9.89713e+06
1.23995e+07
1.69257e+07
1.98636e+07
2.10207e+07
2.12953e+07
1.41973e+07
9.98423e+06
1.2294e+07
1.43879e+07
1.33643e+07
1.20544e+07
8.9618e+06
7.19934e+06
9.23754e+06
1.08878e+07
5.95832e+06
2.34739e+06
4.61574e+06
9.59492e+06
1.30145e+07
1.51798e+07
1.88518e+07
1.66042e+07
8.655e+06
2.60296e+06
2.85037e+06
5.91273e+06
4.93849e+06
1.49127e+06
817963
1.08275e+06
862240
2.45064e+06
3.603e+06
6.41584e+06
1.00036e+07
1.02858e+07
6.69602e+06
2.40544e+06
1.67247e+06
1.72029e+06
293985
1897
2
0
12
420
12070
149066
967924
3.06012e+06
4.47749e+06
2.53064e+06
396736
17303
381
0
0
0
0
0
0
61
1521
23582
149753
337979
132224
0
0
0
0
0
0
0
0
0
0
0
0
0
0
0
0
0
0
0
0
0
0
0
0
0
0
0
0
0
0
0
0
0
0
0
0
0
0
0
0
0
0
0
0
0
0
0
0
0
0
0
0
0
0
0
0
0
0
0
0
0
0
0
0
0
0
0
0
0
0
0
0
0
0
0
0
0
0
0
0
0
0
0
0
0
0
0
0
0
0
0
0
0
0
0
0
0
0
0
0
0
0
0
0
0
0
0
0
0
0
0
0
0
0
0
0
0
0
0
0
0
0
0
0
0
0
0
0
0
0
0
0
0
0
0
0
0
0
0
0
0
0
0
0
0
0
0
0
0
0
0
0
0
0
0
0
0
0
0
0
0
0
0
0
0
0
0
0
0
0
0
0
0
0
0
0
0
0
0
0
0
0
0
0
0
0
0
0
0
0
0
0
0
0
0
0
0
0
0
0
