1.22266e+06
0
0
0
0
0
0
0
0
0
0
0
0
0
0
0
0
2517
289826
2.073e+06
3.01615e+06
1.53484e+06
368661
47583
4656
18624
144179
593688
1.19298e+06
1.11429e+06
488757
111923
167725
1.22232e+06
3.89521e+06
5.26525e+06
3.12402e+06
888444
376037
1.30269e+06
2.54811e+06
2.18097e+06
996572
1.07388e+06
3.03595e+06
4.93986e+06
3.87983e+06
1.63179e+06
986790
1.58209e+06
1.64532e+06
1.63897e+06
4.40905e+06
9.20176e+06
9.29815e+06
4.67147e+06
1.76132e+06
1.37194e+06
1.49951e+06
2.8819e+06
6.15711e+06
7.4619e+06
5.32552e+06
4.5236e+06
5.2317e+06
4.44218e+06
4.24633e+06
5.2968e+06
4.82677e+06
4.49027e+06
5.664e+06
7.02867e+06
1.11113e+07
1.50909e+07
1.11782e+07
4.32045e+06
1.77357e+06
4.18795e+06
8.78155e+06
9.64926e+06
6.41234e+06
4.49296e+06
5.73724e+06
9.32404e+06
1.09147e+07
9.45074e+06
9.29718e+06
1.1629e+07
1.56233e+07
1.53455e+07
1.08725e+07
8.68558e+06
9.92212e+06
1.16171e+07
1.02545e+07
8.69787e+06
9.40501e+06
1.11495e+07
9.93107e+06
7.26331e+06
9.70121e+06
1.66176e+07
1.85185e+07
1.46658e+07
1.51328e+07
2.11998e+07
2.34915e+07
1.92303e+07
1.39713e+07
9.52126e+06
6.15948e+06
6.07718e+06
1.2734e+07
1.99328e+07
1.74951e+07
1.32928e+07
1.80719e+07
2.04535e+07
1.86563e+07
1.36921e+07
1.43575e+07
1.59078e+07
1.76344e+07
2.30891e+07
2.05824e+07
1.53227e+07
1.38566e+07
1.40925e+07
1.16659e+07
7.22453e+06
6.87488e+06
9.37707e+06
1.17509e+07
1.60361e+07
1.88204e+07
1.99219e+07
2.01799e+07
1.34521e+07
9.46273e+06
1.16514e+07
1.36338e+07
1.26637e+07
1.14246e+07
8.4898e+06
6.82414e+06
8.75421e+06
1.0312e+07
5.64784e+06
2.22692e+06
4.37408e+06
9.09021e+06
1.23344e+07
1.4388e+07
1.78616e+07
1.57305e+07
8.20279e+06
2.46768e+06
2.70372e+06
5.60159e+06
4.67735e+06
1.41442e+06
775813
1.02566e+06
818255
2.32315e+06
3.4137e+06
6.07896e+06
9.47827e+06
9.74629e+06
6.34623e+06
2.27955e+06
1.58532e+06
1.62993e+06
278440
1790
2
0
12
404
11495
141649
918254
2.8998e+06
4.24175e+06
2.39732e+06
376361
16478
373
0
0
0
0
0
0
61
1479
22474
142070
319870
125374
0
0
0
0
0
0
0
0
0
0
0
0
0
0
0
0
0
0
0
0
0
0
0
0
0
0
0
0
0
0
0
0
0
0
0
0
0
0
0
0
0
0
0
0
0
0
0
0
0
0
0
0
0
0
0
0
0
0
0
0
0
0
0
0
0
0
0
0
0
0
0
0
0
0
0
0
0
0
0
0
0
0
0
0
0
0
0
0
0
0
0
0
0
0
0
0
0
0
0
0
0
0
0
0
0
0
0
0
0
0
0
0
0
0
0
0
0
0
0
0
0
0
0
0
0
0
0
0
0
0
0
0
0
0
0
0
0
0
0
0
0
0
0
0
0
0
0
0
0
0
0
0
0
0
0
0
0
0
0
0
0
0
0
0
0
0
0
0
0
0
0
0
0
0
0
0
0
0
0
0
0
0
0
0
0
0
0
0
0
0
0
0
0
0
0
0
0
0
0
0
