1.54214e+06
0
0
0
0
0
0
0
0
0
0
0
0
0
0
0
2
3144
364908
2.61554e+06
3.80294e+06
1.93787e+06
464928
59290
5831
23167
181098
749166
1.50643e+06
1.40546e+06
616398
140343
210555
1.53952e+06
4.91568e+06
6.64248e+06
3.94343e+06
1.11822e+06
470906
1.64414e+06
3.21486e+06
2.75258e+06
1.25523e+06
1.3489e+06
3.83018e+06
6.23751e+06
4.89942e+06
2.05123e+06
1.24172e+06
1.99708e+06
2.07699e+06
2.06019e+06
5.55165e+06
1.16196e+07
1.17452e+07
5.88613e+06
2.21443e+06
1.72774e+06
1.88582e+06
3.63079e+06
7.77621e+06
9.41721e+06
6.71248e+06
5.70339e+06
6.60276e+06
5.60031e+06
5.35173e+06
6.68609e+06
6.08879e+06
5.6609e+06
7.1398e+06
8.86209e+06
1.40218e+07
1.90391e+07
1.41155e+07
5.43661e+06
2.21892e+06
5.27862e+06
1.10931e+07
1.21805e+07
8.08149e+06
5.65418e+06
7.22786e+06
1.17727e+07
1.37772e+07
1.19228e+07
1.17081e+07
1.4669e+07
1.9713e+07
1.93649e+07
1.37182e+07
1.09404e+07
1.25133e+07
1.4654e+07
1.29405e+07
1.09618e+07
1.18626e+07
1.40694e+07
1.25327e+07
9.1524e+06
1.22162e+07
2.09697e+07
2.33736e+07
1.84953e+07
1.90702e+07
2.6751e+07
2.9641e+07
2.42666e+07
1.76181e+07
1.20042e+07
7.75418e+06
7.64258e+06
1.60737e+07
2.51542e+07
2.20824e+07
1.67396e+07
2.27939e+07
2.58108e+07
2.35338e+07
1.72651e+07
1.81033e+07
2.00656e+07
2.223e+07
2.91463e+07
2.59623e+07
1.93239e+07
1.74786e+07
1.77717e+07
1.47155e+07
9.1022e+06
8.66361e+06
1.18326e+07
1.48163e+07
2.02291e+07
2.37395e+07
2.51351e+07
2.54628e+07
1.69668e+07
1.19215e+07
1.46971e+07
1.72077e+07
1.5972e+07
1.44035e+07
1.07084e+07
8.60377e+06
1.10393e+07
1.30268e+07
7.11577e+06
2.79689e+06
5.51426e+06
1.14735e+07
1.55544e+07
1.81412e+07
2.25385e+07
1.98582e+07
1.03426e+07
3.09916e+06
3.40214e+06
7.0747e+06
5.90646e+06
1.77941e+06
976784
1.29372e+06
1.02747e+06
2.92538e+06
4.30382e+06
7.67283e+06
1.19648e+07
1.23005e+07
8.00092e+06
2.86813e+06
1.9984e+06
2.05791e+06
350898
2262
2
0
12
460
14014
176632
1.15301e+06
3.65755e+06
5.35803e+06
3.02586e+06
473224
20076
418
0
0
0
0
0
0
63
1781
27555
178013
405040
158620
0
0
0
0
0
0
0
0
0
0
0
0
0
0
0
0
0
0
0
0
0
0
0
0
0
0
0
0
0
0
0
0
0
0
0
0
0
0
0
0
0
0
0
0
0
0
0
0
0
0
0
0
0
0
0
0
0
0
0
0
0
0
0
0
0
0
0
0
0
0
0
0
0
0
0
0
0
0
0
0
0
0
0
0
0
0
0
0
0
0
0
0
0
0
0
0
0
0
0
0
0
0
0
0
0
0
0
0
0
0
0
0
0
0
0
0
0
0
0
0
0
0
0
0
0
0
0
0
0
0
0
0
0
0
0
0
0
0
0
0
0
0
0
0
0
0
0
0
0
0
0
0
0
0
0
0
0
0
0
0
0
0
0
0
0
0
0
0
0
0
0
0
0
0
0
0
0
0
0
0
0
0
0
0
0
0
0
0
0
0
0
0
0
0
0
0
0
0
0
0
