1.96403e+06
0
0
0
0
0
0
0
0
0
0
0
0
0
0
0
2
3927
464792
3.33122e+06
4.84253e+06
2.46893e+06
591762
75649
7436
29821
230517
954104
1.91752e+06
1.79051e+06
785401
178460
268915
1.96229e+06
6.26167e+06
8.45251e+06
5.02514e+06
1.42456e+06
601435
2.09297e+06
4.0937e+06
3.50518e+06
1.60156e+06
1.71967e+06
4.88129e+06
7.92883e+06
6.24343e+06
2.61601e+06
1.58308e+06
2.54116e+06
2.64475e+06
2.62588e+06
7.08016e+06
1.47876e+07
1.49527e+07
7.50199e+06
2.8237e+06
2.19742e+06
2.4019e+06
4.62599e+06
9.90455e+06
1.19855e+07
8.55814e+06
7.26647e+06
8.39264e+06
7.13774e+06
6.81888e+06
8.51181e+06
7.7608e+06
7.21123e+06
9.08856e+06
1.13023e+07
1.78638e+07
2.42122e+07
1.79752e+07
6.93376e+06
2.83609e+06
6.73224e+06
1.4119e+07
1.54976e+07
1.02985e+07
7.20629e+06
9.21009e+06
1.49905e+07
1.75369e+07
1.52012e+07
1.49088e+07
1.86886e+07
2.5088e+07
2.46557e+07
1.74781e+07
1.39385e+07
1.59507e+07
1.86378e+07
1.64838e+07
1.3966e+07
1.51189e+07
1.7902e+07
1.59489e+07
1.16749e+07
1.55788e+07
2.66991e+07
2.974e+07
2.35737e+07
2.43121e+07
3.40578e+07
3.77092e+07
3.09161e+07
2.24333e+07
1.52936e+07
9.88123e+06
9.77055e+06
2.04891e+07
3.19621e+07
2.81126e+07
2.13767e+07
2.90344e+07
3.28345e+07
2.99766e+07
2.20116e+07
2.3055e+07
2.55639e+07
2.8326e+07
3.71025e+07
3.30298e+07
2.46202e+07
2.227e+07
2.26128e+07
1.87526e+07
1.16143e+07
1.10403e+07
1.5079e+07
1.88706e+07
2.57287e+07
3.02286e+07
3.20306e+07
3.24035e+07
2.16027e+07
1.52185e+07
1.87165e+07
2.1899e+07
2.03615e+07
1.83293e+07
1.36388e+07
1.09748e+07
1.40516e+07
1.65604e+07
9.06336e+06
3.57888e+06
7.0322e+06
1.46084e+07
1.98024e+07
2.31447e+07
2.86945e+07
2.52522e+07
1.31622e+07
3.96663e+06
4.35429e+06
9.00186e+06
7.49592e+06
2.27308e+06
1.24816e+06
1.64693e+06
1.31291e+06
3.7299e+06
5.47844e+06
9.77367e+06
1.52502e+07
1.56626e+07
1.01663e+07
3.66197e+06
2.55003e+06
2.6122e+06
446020
2920
2
0
13
633
17631
225486
1.47363e+06
4.65912e+06
6.81927e+06
3.8497e+06
604809
25464
523
3
0
0
0
0
0
82
2277
34834
227436
515644
201743
0
0
0
0
0
0
0
0
0
0
0
0
0
0
0
0
0
0
0
0
0
0
0
0
0
0
0
0
0
0
0
0
0
0
0
0
0
0
0
0
0
0
0
0
0
0
0
0
0
0
0
0
0
0
0
0
0
0
0
0
0
0
0
0
0
0
0
0
0
0
0
0
0
0
0
0
0
0
0
0
0
0
0
0
0
0
0
0
0
0
0
0
0
0
0
0
0
0
0
0
0
0
0
0
0
0
0
0
0
0
0
0
0
0
0
0
0
0
0
0
0
0
0
0
0
0
0
0
0
0
0
0
0
0
0
0
0
0
0
0
0
0
0
0
0
0
0
0
0
0
0
0
0
0
0
0
0
0
0
0
0
0
0
0
0
0
0
0
0
0
0
0
0
0
0
0
0
0
0
0
0
0
0
0
0
0
0
0
0
0
0
0
0
0
0
0
0
0
0
0
