1.94355e+06
0
0
0
0
0
0
0
0
0
0
0
0
0
0
0
2
3899
459866
3.29701e+06
4.79126e+06
2.44322e+06
585949
74802
7327
29509
228235
944141
1.89738e+06
1.77174e+06
777354
176587
266350
1.94192e+06
6.19596e+06
8.36356e+06
4.97367e+06
1.40987e+06
595004
2.0714e+06
4.05035e+06
3.46893e+06
1.58506e+06
1.70183e+06
4.83045e+06
7.8458e+06
6.17792e+06
2.58912e+06
1.56678e+06
2.51451e+06
2.6173e+06
2.59891e+06
7.00626e+06
1.46321e+07
1.47971e+07
7.42456e+06
2.7942e+06
2.17442e+06
2.37756e+06
4.57738e+06
9.80084e+06
1.186e+07
8.46925e+06
7.19106e+06
8.30475e+06
7.06324e+06
6.74798e+06
8.42353e+06
7.67959e+06
7.13562e+06
8.99479e+06
1.11846e+07
1.76769e+07
2.39583e+07
1.77872e+07
6.86384e+06
2.80638e+06
6.66197e+06
1.39707e+07
1.53363e+07
1.01909e+07
7.13199e+06
9.11378e+06
1.48345e+07
1.73535e+07
1.50434e+07
1.47532e+07
1.84936e+07
2.48262e+07
2.43981e+07
1.72961e+07
1.37942e+07
1.57826e+07
1.84438e+07
1.63124e+07
1.38205e+07
1.49615e+07
1.77153e+07
1.57815e+07
1.15542e+07
1.5418e+07
2.64188e+07
2.9429e+07
2.33294e+07
2.40588e+07
3.37019e+07
3.73144e+07
3.05942e+07
2.22006e+07
1.51345e+07
9.77727e+06
9.66907e+06
2.02754e+07
3.16288e+07
2.78201e+07
2.11544e+07
2.87309e+07
3.24906e+07
2.9664e+07
2.17825e+07
2.28152e+07
2.52973e+07
2.80323e+07
3.67143e+07
3.26838e+07
2.43638e+07
2.20393e+07
2.2377e+07
1.85555e+07
1.14935e+07
1.09259e+07
1.4922e+07
1.86735e+07
2.546e+07
2.99138e+07
3.16971e+07
3.20658e+07
2.13765e+07
1.50596e+07
1.85216e+07
2.16706e+07
2.01495e+07
1.81385e+07
1.34965e+07
1.08598e+07
1.39059e+07
1.63875e+07
8.96801e+06
3.54236e+06
6.95903e+06
1.44553e+07
1.95965e+07
2.2903e+07
2.83945e+07
2.4989e+07
1.30248e+07
3.9258e+06
4.30921e+06
8.90728e+06
7.41837e+06
2.24927e+06
1.23536e+06
1.62947e+06
1.29924e+06
3.69103e+06
5.42132e+06
9.67194e+06
1.50902e+07
1.54991e+07
1.00614e+07
3.62358e+06
2.52379e+06
2.58474e+06
441305
2892
2
0
13
614
17433
223021
1.45858e+06
4.61048e+06
6.74747e+06
3.80998e+06
598594
25247
520
3
0
0
0
0
0
77
2238
34424
225198
510381
199458
0
0
0
0
0
0
0
0
0
0
0
0
0
0
0
0
0
0
0
0
0
0
0
0
0
0
0
0
0
0
0
0
0
0
0
0
0
0
0
0
0
0
0
0
0
0
0
0
0
0
0
0
0
0
0
0
0
0
0
0
0
0
0
0
0
0
0
0
0
0
0
0
0
0
0
0
0
0
0
0
0
0
0
0
0
0
0
0
0
0
0
0
0
0
0
0
0
0
0
0
0
0
0
0
0
0
0
0
0
0
0
0
0
0
0
0
0
0
0
0
0
0
0
0
0
0
0
0
0
0
0
0
0
0
0
0
0
0
0
0
0
0
0
0
0
0
0
0
0
0
0
0
0
0
0
0
0
0
0
0
0
0
0
0
0
0
0
0
0
0
0
0
0
0
0
0
0
0
0
0
0
0
0
0
0
0
0
0
0
0
0
0
0
0
0
0
0
0
0
0
