1.55648e+06
0
0
0
0
0
0
0
0
0
0
0
0
0
0
0
2
3174
368325
2.6399e+06
3.8379e+06
1.95629e+06
469177
59820
5888
23393
182881
756165
1.5202e+06
1.41844e+06
622165
141774
212655
1.55399e+06
4.96129e+06
6.70363e+06
3.98022e+06
1.12883e+06
475487
1.65934e+06
3.24444e+06
2.7784e+06
1.26713e+06
1.36178e+06
3.86603e+06
6.29419e+06
4.94468e+06
2.07078e+06
1.25386e+06
2.01536e+06
2.09613e+06
2.07991e+06
5.60363e+06
1.17266e+07
1.18542e+07
5.94075e+06
2.23569e+06
1.74365e+06
1.90372e+06
3.66469e+06
7.84844e+06
9.5039e+06
6.77517e+06
5.75676e+06
6.66317e+06
5.65252e+06
5.4026e+06
6.74766e+06
6.14528e+06
5.71369e+06
7.20664e+06
8.94527e+06
1.41523e+07
1.92137e+07
1.42454e+07
5.48883e+06
2.24071e+06
5.32814e+06
1.11959e+07
1.22924e+07
8.15671e+06
5.70747e+06
7.29634e+06
1.18813e+07
1.39036e+07
1.2035e+07
1.18175e+07
1.48061e+07
1.98943e+07
1.95438e+07
1.38476e+07
1.10415e+07
1.263e+07
1.47893e+07
1.3061e+07
1.10642e+07
1.19733e+07
1.41997e+07
1.26483e+07
9.2383e+06
1.23316e+07
2.1163e+07
2.35891e+07
1.86691e+07
1.92488e+07
2.69997e+07
2.99139e+07
2.44916e+07
1.77825e+07
1.21159e+07
7.82697e+06
7.71516e+06
1.62242e+07
2.53855e+07
2.22865e+07
1.68986e+07
2.30064e+07
2.60476e+07
2.37532e+07
1.74259e+07
1.82733e+07
2.02514e+07
2.2437e+07
2.94173e+07
2.62007e+07
1.95049e+07
1.76418e+07
1.79354e+07
1.48527e+07
9.18809e+06
8.74449e+06
1.19436e+07
1.49537e+07
2.04154e+07
2.39597e+07
2.53705e+07
2.56983e+07
1.71233e+07
1.20332e+07
1.48347e+07
1.7368e+07
1.61209e+07
1.45368e+07
1.08076e+07
8.68443e+06
1.11424e+07
1.31463e+07
7.18125e+06
2.82419e+06
5.56571e+06
1.15795e+07
1.56996e+07
1.83107e+07
2.27474e+07
2.00422e+07
1.04374e+07
3.12894e+06
3.43474e+06
7.14019e+06
5.96052e+06
1.79602e+06
986289
1.30564e+06
1.03683e+06
2.95324e+06
4.34398e+06
7.74428e+06
1.20756e+07
1.24143e+07
8.07497e+06
2.89541e+06
2.01705e+06
2.07653e+06
354392
2287
2
0
12
461
14135
178319
1.16426e+06
3.692e+06
5.4069e+06
3.05359e+06
477940
20280
418
0
0
0
0
0
0
63
1791
27825
179680
408872
160009
0
0
0
0
0
0
0
0
0
0
0
0
0
0
0
0
0
0
0
0
0
0
0
0
0
0
0
0
0
0
0
0
0
0
0
0
0
0
0
0
0
0
0
0
0
0
0
0
0
0
0
0
0
0
0
0
0
0
0
0
0
0
0
0
0
0
0
0
0
0
0
0
0
0
0
0
0
0
0
0
0
0
0
0
0
0
0
0
0
0
0
0
0
0
0
0
0
0
0
0
0
0
0
0
0
0
0
0
0
0
0
0
0
0
0
0
0
0
0
0
0
0
0
0
0
0
0
0
0
0
0
0
0
0
0
0
0
0
0
0
0
0
0
0
0
0
0
0
0
0
0
0
0
0
0
0
0
0
0
0
0
0
0
0
0
0
0
0
0
0
0
0
0
0
0
0
0
0
0
0
0
0
0
0
0
0
0
0
0
0
0
0
0
0
0
0
0
0
0
0
