1.73261e+06
0
0
0
0
0
0
0
0
0
0
0
0
0
0
0
2
3509
410029
2.93904e+06
4.27127e+06
2.17816e+06
522366
66534
6464
26049
203790
842263
1.69066e+06
1.57945e+06
693372
157403
236514
1.73062e+06
5.52453e+06
7.4582e+06
4.43185e+06
1.25705e+06
529861
1.84659e+06
3.61109e+06
3.09217e+06
1.41214e+06
1.51672e+06
4.3061e+06
6.99825e+06
5.50581e+06
2.30814e+06
1.3957e+06
2.24282e+06
2.33205e+06
2.31532e+06
6.24311e+06
1.30499e+07
1.31912e+07
6.61744e+06
2.48994e+06
1.93921e+06
2.11877e+06
4.08002e+06
8.73866e+06
1.05756e+07
7.54554e+06
6.40844e+06
7.41034e+06
6.29401e+06
6.01744e+06
7.50866e+06
6.84134e+06
6.36062e+06
8.02033e+06
9.96745e+06
1.57559e+07
2.13722e+07
1.58553e+07
6.11541e+06
2.49765e+06
5.93672e+06
1.24583e+07
1.36752e+07
9.0822e+06
6.35651e+06
8.12651e+06
1.32234e+07
1.54708e+07
1.34053e+07
1.31517e+07
1.64836e+07
2.21423e+07
2.17518e+07
1.54167e+07
1.22911e+07
1.40633e+07
1.64561e+07
1.45419e+07
1.23178e+07
1.33322e+07
1.57992e+07
1.40754e+07
1.02902e+07
1.37379e+07
2.35544e+07
2.62396e+07
2.07915e+07
2.14433e+07
3.00483e+07
3.32798e+07
2.72687e+07
1.97964e+07
1.34852e+07
8.71113e+06
8.6063e+06
1.80697e+07
2.82272e+07
2.48034e+07
1.88396e+07
2.56088e+07
2.89771e+07
2.64436e+07
1.94065e+07
2.03378e+07
2.25482e+07
2.4985e+07
3.27396e+07
2.91513e+07
2.1714e+07
1.96439e+07
1.99552e+07
1.65358e+07
1.02368e+07
9.73692e+06
1.33018e+07
1.66492e+07
2.27045e+07
2.66691e+07
2.82497e+07
2.8599e+07
1.90583e+07
1.34081e+07
1.65094e+07
1.93267e+07
1.79578e+07
1.61767e+07
1.20304e+07
9.67468e+06
1.23975e+07
1.46225e+07
7.995e+06
3.15136e+06
6.20017e+06
1.28861e+07
1.74661e+07
2.04055e+07
2.53182e+07
2.22934e+07
1.16157e+07
3.4906e+06
3.8319e+06
7.94363e+06
6.626e+06
2.00161e+06
1.09975e+06
1.45273e+06
1.15651e+06
3.28978e+06
4.83339e+06
8.62122e+06
1.34463e+07
1.38184e+07
8.98081e+06
3.22535e+06
2.24843e+06
2.30765e+06
393392
2525
2
0
12
537
15708
198832
1.29855e+06
4.10855e+06
6.01921e+06
3.39608e+06
533234
22292
460
3
0
0
0
0
0
71
1981
30898
200374
455006
177974
0
0
0
0
0
0
0
0
0
0
0
0
0
0
0
0
0
0
0
0
0
0
0
0
0
0
0
0
0
0
0
0
0
0
0
0
0
0
0
0
0
0
0
0
0
0
0
0
0
0
0
0
0
0
0
0
0
0
0
0
0
0
0
0
0
0
0
0
0
0
0
0
0
0
0
0
0
0
0
0
0
0
0
0
0
0
0
0
0
0
0
0
0
0
0
0
0
0
0
0
0
0
0
0
0
0
0
0
0
0
0
0
0
0
0
0
0
0
0
0
0
0
0
0
0
0
0
0
0
0
0
0
0
0
0
0
0
0
0
0
0
0
0
0
0
0
0
0
0
0
0
0
0
0
0
0
0
0
0
0
0
0
0
0
0
0
0
0
0
0
0
0
0
0
0
0
0
0
0
0
0
0
0
0
0
0
0
0
0
0
0
0
0
0
0
0
0
0
0
0
