2.00499e+06
0
0
0
0
0
0
0
0
0
0
0
0
0
0
0
2
4023
474329
3.401e+06
4.94336e+06
2.52039e+06
604176
77124
7624
30438
235375
974024
1.95757e+06
1.82756e+06
802033
182094
274618
2.0033e+06
6.39234e+06
8.62864e+06
5.12931e+06
1.45466e+06
614410
2.13678e+06
4.17784e+06
3.57876e+06
1.63498e+06
1.75613e+06
4.98325e+06
8.0933e+06
6.37359e+06
2.67116e+06
1.61567e+06
2.5941e+06
2.70043e+06
2.68111e+06
7.22906e+06
1.50931e+07
1.52633e+07
7.66043e+06
2.88323e+06
2.24234e+06
2.45252e+06
4.72311e+06
1.01109e+07
1.22344e+07
8.73773e+06
7.41782e+06
8.56636e+06
7.28813e+06
6.96082e+06
8.68835e+06
7.92318e+06
7.36239e+06
9.27644e+06
1.15403e+07
1.82362e+07
2.47141e+07
1.83505e+07
7.07992e+06
2.89515e+06
6.87364e+06
1.44127e+07
1.58192e+07
1.0515e+07
7.35752e+06
9.40182e+06
1.53015e+07
1.79002e+07
1.55212e+07
1.52206e+07
1.90787e+07
2.56105e+07
2.51684e+07
1.7845e+07
1.42274e+07
1.62859e+07
1.90225e+07
1.68292e+07
1.42583e+07
1.54336e+07
1.82751e+07
1.6281e+07
1.19208e+07
1.59053e+07
2.72522e+07
3.0359e+07
2.40657e+07
2.48236e+07
3.47663e+07
3.84933e+07
3.15611e+07
2.29005e+07
1.56123e+07
1.00892e+07
9.97653e+06
2.09188e+07
3.26212e+07
2.86983e+07
2.1829e+07
2.96391e+07
3.35146e+07
3.06041e+07
2.24737e+07
2.35328e+07
2.60976e+07
2.89207e+07
3.7874e+07
3.37151e+07
2.5134e+07
2.27353e+07
2.30839e+07
1.91445e+07
1.18572e+07
1.1272e+07
1.53946e+07
1.92634e+07
2.62634e+07
3.08576e+07
3.27018e+07
3.30748e+07
2.20523e+07
1.55397e+07
1.91079e+07
2.23538e+07
2.07871e+07
1.871e+07
1.39236e+07
1.12042e+07
1.43443e+07
1.69062e+07
9.25132e+06
3.65454e+06
7.17934e+06
1.49138e+07
2.02118e+07
2.36289e+07
2.92963e+07
2.57764e+07
1.34341e+07
4.05058e+06
4.44671e+06
9.19015e+06
7.6504e+06
2.32061e+06
1.27382e+06
1.68126e+06
1.34031e+06
3.80912e+06
5.59261e+06
9.97756e+06
1.55704e+07
1.59874e+07
1.03759e+07
3.73957e+06
2.60342e+06
2.66649e+06
455252
2978
2
0
13
644
17980
230485
1.50509e+06
4.75741e+06
6.95977e+06
3.92928e+06
617727
25995
530
3
0
0
0
0
0
88
2314
35577
232341
526311
205865
0
0
0
0
0
0
0
0
0
0
0
0
0
0
0
0
0
0
0
0
0
0
0
0
0
0
0
0
0
0
0
0
0
0
0
0
0
0
0
0
0
0
0
0
0
0
0
0
0
0
0
0
0
0
0
0
0
0
0
0
0
0
0
0
0
0
0
0
0
0
0
0
0
0
0
0
0
0
0
0
0
0
0
0
0
0
0
0
0
0
0
0
0
0
0
0
0
0
0
0
0
0
0
0
0
0
0
0
0
0
0
0
0
0
0
0
0
0
0
0
0
0
0
0
0
0
0
0
0
0
0
0
0
0
0
0
0
0
0
0
0
0
0
0
0
0
0
0
0
0
0
0
0
0
0
0
0
0
0
0
0
0
0
0
0
0
0
0
0
0
0
0
0
0
0
0
0
0
0
0
0
0
0
0
0
0
0
0
0
0
0
0
0
0
0
0
0
0
0
0
