339968
0
0
0
0
0
0
0
0
0
0
0
0
0
0
0
0
732
81257
573474
842777
423614
103354
13569
1449
5118
41068
162948
332775
310233
135662
31248
48964
342863
1.07401e+06
1.46901e+06
861395
250888
107512
359652
713474
603139
276632
299375
835840
1.38998e+06
1.07159e+06
452835
274372
438952
459894
459811
1.22058e+06
2.56047e+06
2.5818e+06
1.29118e+06
494185
387813
418933
797927
1.70476e+06
2.09194e+06
1.46838e+06
1.2515e+06
1.46965e+06
1.22892e+06
1.17362e+06
1.48564e+06
1.3363e+06
1.24129e+06
1.594e+06
1.95468e+06
3.06512e+06
4.22215e+06
3.08334e+06
1.2027e+06
503308
1.15924e+06
2.447e+06
2.69476e+06
1.76748e+06
1.2564e+06
1.5886e+06
2.59022e+06
3.05045e+06
2.60669e+06
2.60657e+06
3.20994e+06
4.35914e+06
4.27278e+06
3.00833e+06
2.43576e+06
2.73397e+06
3.25132e+06
2.82755e+06
2.43851e+06
2.60652e+06
3.10465e+06
2.7601e+06
2.0203e+06
2.69158e+06
4.62955e+06
5.16226e+06
4.06072e+06
4.19268e+06
5.90312e+06
6.55156e+06
5.32556e+06
3.88976e+06
2.64731e+06
1.72203e+06
1.69322e+06
3.51711e+06
5.58376e+06
4.8354e+06
3.68943e+06
5.01401e+06
5.71286e+06
5.17637e+06
3.80852e+06
4.01467e+06
4.41124e+06
4.89406e+06
6.41001e+06
5.75051e+06
4.24709e+06
3.8383e+06
3.9405e+06
3.23189e+06
2.00978e+06
1.92132e+06
2.60204e+06
3.26326e+06
4.47325e+06
5.22564e+06
5.51803e+06
5.63565e+06
3.74806e+06
2.61312e+06
3.24758e+06
3.79221e+06
3.50745e+06
3.19265e+06
2.35416e+06
1.90186e+06
2.43653e+06
2.85018e+06
1.5758e+06
619601
1.21258e+06
2.52321e+06
3.47612e+06
3.96491e+06
4.96152e+06
4.37274e+06
2.29058e+06
688262
752722
1.54216e+06
1.31259e+06
391422
215910
285401
230705
639718
947366
1.68687e+06
2.63994e+06
2.70116e+06
1.78366e+06
628644
437276
452758
79615
538
0
0
3
133
3529
39681
253116
798119
1.18637e+06
670160
104008
4488
106
0
0
0
0
0
0
15
438
6178
38656
87958
36739
0
0
0
0
0
0
0
0
0
0
0
0
0
0
0
0
0
0
0
0
0
0
0
0
0
0
0
0
0
0
0
0
0
0
0
0
0
0
0
0
0
0
0
0
0
0
0
0
0
0
0
0
0
0
0
0
0
0
0
0
0
0
0
0
0
0
0
0
0
0
0
0
0
0
0
0
0
0
0
0
0
0
0
0
0
0
0
0
0
0
0
0
0
0
0
0
0
0
0
0
0
0
0
0
0
0
0
0
0
0
0
0
0
0
0
0
0
0
0
0
0
0
0
0
0
0
0
0
0
0
0
0
0
0
0
0
0
0
0
0
0
0
0
0
0
0
0
0
0
0
0
0
0
0
0
0
0
0
0
0
0
0
0
0
0
0
0
0
0
0
0
0
0
0
0
0
0
0
0
0
0
0
0
0
0
0
0
0
0
0
0
0
0
0
0
0
0
0
0
0
