1.67322e+06
0
0
0
0
0
0
0
0
0
0
0
0
0
0
0
2
3409
395958
2.83825e+06
4.12519e+06
2.10277e+06
504772
64373
6247
25257
196858
813319
1.63296e+06
1.52453e+06
669617
152488
228815
1.67173e+06
5.33447e+06
7.20168e+06
4.27954e+06
1.21457e+06
512211
1.78362e+06
3.48684e+06
2.98593e+06
1.36378e+06
1.46603e+06
4.15674e+06
6.75903e+06
5.31648e+06
2.22925e+06
1.34899e+06
2.16493e+06
2.25198e+06
2.23818e+06
6.02928e+06
1.25997e+07
1.27379e+07
6.39052e+06
2.40669e+06
1.87231e+06
2.04698e+06
3.94179e+06
8.43714e+06
1.02116e+07
7.28726e+06
6.189e+06
7.15711e+06
6.07988e+06
5.81019e+06
7.25046e+06
6.6058e+06
6.14395e+06
7.74678e+06
9.62462e+06
1.52145e+07
2.06399e+07
1.531e+07
5.90703e+06
2.41425e+06
5.73332e+06
1.20293e+07
1.32062e+07
8.77215e+06
6.13946e+06
7.84837e+06
1.2768e+07
1.49404e+07
1.29439e+07
1.27036e+07
1.59192e+07
2.1382e+07
2.10046e+07
1.48892e+07
1.18718e+07
1.35802e+07
1.58909e+07
1.40441e+07
1.18956e+07
1.28759e+07
1.52574e+07
1.3592e+07
9.93935e+06
1.32677e+07
2.27436e+07
2.53409e+07
2.00795e+07
2.07076e+07
2.90183e+07
3.21397e+07
2.63316e+07
1.91185e+07
1.30245e+07
8.41338e+06
8.31184e+06
1.74496e+07
2.72579e+07
2.39544e+07
1.81934e+07
2.47324e+07
2.79827e+07
2.55357e+07
1.87403e+07
1.96432e+07
2.17781e+07
2.4128e+07
3.16122e+07
2.81533e+07
2.09698e+07
1.89691e+07
1.92756e+07
1.59669e+07
9.88523e+06
9.4058e+06
1.28444e+07
1.60776e+07
2.19272e+07
2.57549e+07
2.72796e+07
2.7619e+07
1.8407e+07
1.2949e+07
1.59422e+07
1.86659e+07
1.73398e+07
1.5623e+07
1.16173e+07
9.34272e+06
1.19742e+07
1.4121e+07
7.72078e+06
3.04251e+06
5.98708e+06
1.2444e+07
1.68724e+07
1.97018e+07
2.44483e+07
2.15312e+07
1.12185e+07
3.37031e+06
3.7004e+06
7.67105e+06
6.39995e+06
1.93266e+06
1.06253e+06
1.40228e+06
1.11758e+06
3.17629e+06
4.66752e+06
8.32534e+06
1.29842e+07
1.33442e+07
8.67495e+06
3.11469e+06
2.17081e+06
2.22888e+06
380252
2461
2
0
12
500
15138
191857
1.25399e+06
3.96807e+06
5.81167e+06
3.28092e+06
514741
21614
437
3
0
0
0
0
0
63
1895
29874
193442
439630
171704
0
0
0
0
0
0
0
0
0
0
0
0
0
0
0
0
0
0
0
0
0
0
0
0
0
0
0
0
0
0
0
0
0
0
0
0
0
0
0
0
0
0
0
0
0
0
0
0
0
0
0
0
0
0
0
0
0
0
0
0
0
0
0
0
0
0
0
0
0
0
0
0
0
0
0
0
0
0
0
0
0
0
0
0
0
0
0
0
0
0
0
0
0
0
0
0
0
0
0
0
0
0
0
0
0
0
0
0
0
0
0
0
0
0
0
0
0
0
0
0
0
0
0
0
0
0
0
0
0
0
0
0
0
0
0
0
0
0
0
0
0
0
0
0
0
0
0
0
0
0
0
0
0
0
0
0
0
0
0
0
0
0
0
0
0
0
0
0
0
0
0
0
0
0
0
0
0
0
0
0
0
0
0
0
0
0
0
0
0
0
0
0
0
0
0
0
0
0
0
0
