800768
0
0
0
0
0
0
0
0
0
0
0
0
0
0
0
0
1665
190420
1.35608e+06
1.97684e+06
1.00445e+06
241609
31300
3140
12186
95447
387372
781903
728892
320378
73838
111538
800943
2.54651e+06
3.45245e+06
2.04154e+06
583729
248518
852458
1.6702e+06
1.42529e+06
653515
706392
1.98597e+06
3.23873e+06
2.53372e+06
1.0705e+06
648455
1.03643e+06
1.07858e+06
1.07764e+06
2.88656e+06
6.02318e+06
6.083e+06
3.05765e+06
1.15884e+06
902710
983517
1.88911e+06
4.02775e+06
4.88701e+06
3.48376e+06
2.96405e+06
3.43037e+06
2.90489e+06
2.78118e+06
3.47441e+06
3.15999e+06
2.93846e+06
3.71962e+06
4.60767e+06
7.26511e+06
9.88192e+06
7.30447e+06
2.83904e+06
1.17286e+06
2.74221e+06
5.74991e+06
6.32076e+06
4.19405e+06
2.95017e+06
3.75702e+06
6.10036e+06
7.15417e+06
6.18031e+06
6.10421e+06
7.60636e+06
1.02342e+07
1.00488e+07
7.11484e+06
5.70313e+06
6.48883e+06
7.61211e+06
6.70342e+06
5.71326e+06
6.157e+06
7.29947e+06
6.50023e+06
4.75953e+06
6.3583e+06
1.0886e+07
1.21315e+07
9.596e+06
9.90911e+06
1.38871e+07
1.53876e+07
1.25823e+07
9.15701e+06
6.23574e+06
4.04199e+06
3.98886e+06
8.32934e+06
1.30622e+07
1.14416e+07
8.70974e+06
1.1832e+07
1.34044e+07
1.22159e+07
8.96818e+06
9.41785e+06
1.04153e+07
1.15448e+07
1.51155e+07
1.34827e+07
1.00333e+07
9.06822e+06
9.24335e+06
7.63447e+06
4.7354e+06
4.5082e+06
6.13899e+06
7.69337e+06
1.0503e+07
1.23281e+07
1.30347e+07
1.32225e+07
8.81912e+06
6.19115e+06
7.63468e+06
8.92931e+06
8.28752e+06
7.4883e+06
5.5584e+06
4.47218e+06
5.73452e+06
6.74081e+06
3.70397e+06
1.46095e+06
2.86308e+06
5.95229e+06
8.10118e+06
9.41154e+06
1.16922e+07
1.0293e+07
5.37884e+06
1.62112e+06
1.7705e+06
3.65891e+06
3.06886e+06
928406
509584
669957
536978
1.51801e+06
2.23572e+06
3.98067e+06
6.2134e+06
6.37364e+06
4.16658e+06
1.4914e+06
1.03625e+06
1.0659e+06
184047
1233
0
0
12
296
7919
93743
598796
1.89357e+06
2.78149e+06
1.57381e+06
246274
10731
266
0
0
0
0
0
0
54
961
14853
92879
208722
82915
0
0
0
0
0
0
0
0
0
0
0
0
0
0
0
0
0
0
0
0
0
0
0
0
0
0
0
0
0
0
0
0
0
0
0
0
0
0
0
0
0
0
0
0
0
0
0
0
0
0
0
0
0
0
0
0
0
0
0
0
0
0
0
0
0
0
0
0
0
0
0
0
0
0
0
0
0
0
0
0
0
0
0
0
0
0
0
0
0
0
0
0
0
0
0
0
0
0
0
0
0
0
0
0
0
0
0
0
0
0
0
0
0
0
0
0
0
0
0
0
0
0
0
0
0
0
0
0
0
0
0
0
0
0
0
0
0
0
0
0
0
0
0
0
0
0
0
0
0
0
0
0
0
0
0
0
0
0
0
0
0
0
0
0
0
0
0
0
0
0
0
0
0
0
0
0
0
0
0
0
0
0
0
0
0
0
0
0
0
0
0
0
0
0
0
0
0
0
0
0
