1.76742e+06
0
0
0
0
0
0
0
0
0
0
0
0
0
0
0
2
3558
418432
2.99805e+06
4.357e+06
2.22191e+06
532909
67876
6557
26568
207621
859294
1.72494e+06
1.61119e+06
707200
160544
241337
1.76531e+06
5.63546e+06
7.60839e+06
4.52069e+06
1.28228e+06
540443
1.8832e+06
3.68442e+06
3.15444e+06
1.44021e+06
1.54649e+06
4.39334e+06
7.13881e+06
5.61685e+06
2.35457e+06
1.42349e+06
2.28779e+06
2.37853e+06
2.36161e+06
6.36883e+06
1.33124e+07
1.34568e+07
6.74998e+06
2.54022e+06
1.9774e+06
2.16166e+06
4.16161e+06
8.91348e+06
1.07893e+07
7.69779e+06
6.53742e+06
7.55796e+06
6.42142e+06
6.13829e+06
7.65868e+06
6.97914e+06
6.48922e+06
8.18036e+06
1.01678e+07
1.60724e+07
2.18017e+07
1.61766e+07
6.23702e+06
2.5462e+06
6.05524e+06
1.27089e+07
1.39531e+07
9.26446e+06
6.48256e+06
8.2897e+06
1.34886e+07
1.57817e+07
1.36761e+07
1.34153e+07
1.68128e+07
2.25888e+07
2.21902e+07
1.57268e+07
1.25385e+07
1.43455e+07
1.67852e+07
1.4835e+07
1.25641e+07
1.36014e+07
1.61162e+07
1.43589e+07
1.0496e+07
1.40123e+07
2.40284e+07
2.67708e+07
2.12071e+07
2.18721e+07
3.06545e+07
3.39499e+07
2.78164e+07
2.01921e+07
1.37575e+07
8.88538e+06
8.77989e+06
1.84315e+07
2.87928e+07
2.53035e+07
1.92178e+07
2.61217e+07
2.95593e+07
2.69775e+07
1.97984e+07
2.07433e+07
2.30008e+07
2.54874e+07
3.33982e+07
2.97382e+07
2.21515e+07
2.00387e+07
2.0353e+07
1.68701e+07
1.04423e+07
9.93174e+06
1.35696e+07
1.69826e+07
2.31621e+07
2.72066e+07
2.88165e+07
2.91711e+07
1.94434e+07
1.36782e+07
1.68416e+07
1.97138e+07
1.83189e+07
1.65007e+07
1.22726e+07
9.86988e+06
1.26467e+07
1.49163e+07
8.15499e+06
3.21533e+06
6.32449e+06
1.31448e+07
1.78162e+07
2.08171e+07
2.58285e+07
2.27395e+07
1.18484e+07
3.56167e+06
3.90947e+06
8.10366e+06
6.75789e+06
2.04162e+06
1.12199e+06
1.48191e+06
1.17959e+06
3.35597e+06
4.93051e+06
8.79481e+06
1.37182e+07
1.40957e+07
9.15956e+06
3.29111e+06
2.29353e+06
2.35372e+06
401140
2594
2
0
12
546
15977
202634
1.3248e+06
4.19182e+06
6.13936e+06
3.46428e+06
544238
22686
465
3
0
0
0
0
0
72
2014
31423
204632
464153
181418
0
0
0
0
0
0
0
0
0
0
0
0
0
0
0
0
0
0
0
0
0
0
0
0
0
0
0
0
0
0
0
0
0
0
0
0
0
0
0
0
0
0
0
0
0
0
0
0
0
0
0
0
0
0
0
0
0
0
0
0
0
0
0
0
0
0
0
0
0
0
0
0
0
0
0
0
0
0
0
0
0
0
0
0
0
0
0
0
0
0
0
0
0
0
0
0
0
0
0
0
0
0
0
0
0
0
0
0
0
0
0
0
0
0
0
0
0
0
0
0
0
0
0
0
0
0
0
0
0
0
0
0
0
0
0
0
0
0
0
0
0
0
0
0
0
0
0
0
0
0
0
0
0
0
0
0
0
0
0
0
0
0
0
0
0
0
0
0
0
0
0
0
0
0
0
0
0
0
0
0
0
0
0
0
0
0
0
0
0
0
0
0
0
0
0
0
0
0
0
0
