831488
0
0
0
0
0
0
0
0
0
0
0
0
0
0
0
0
1742
197523
1.4082e+06
2.05327e+06
1.0426e+06
250544
32718
3232
12616
99051
402441
811652
757185
332562
76575
115638
831422
2.64476e+06
3.58503e+06
2.11972e+06
605998
257636
885453
1.73475e+06
1.47989e+06
678392
732745
2.06287e+06
3.36312e+06
2.6311e+06
1.11126e+06
673351
1.07631e+06
1.11987e+06
1.11821e+06
2.99781e+06
6.25478e+06
6.31622e+06
3.17509e+06
1.20281e+06
937401
1.02083e+06
1.96106e+06
4.18383e+06
5.07413e+06
3.6181e+06
3.0773e+06
3.56181e+06
3.01662e+06
2.88793e+06
3.60654e+06
3.28125e+06
3.05182e+06
3.86138e+06
4.78474e+06
7.5437e+06
1.02619e+07
7.58596e+06
2.94722e+06
1.2164e+06
2.84756e+06
5.97237e+06
6.56235e+06
4.35504e+06
3.06295e+06
3.90161e+06
6.33431e+06
7.42771e+06
6.41822e+06
6.33705e+06
7.89812e+06
1.06278e+07
1.04335e+07
7.38947e+06
5.92211e+06
6.73781e+06
7.90245e+06
6.96157e+06
5.9306e+06
6.39502e+06
7.57991e+06
6.74955e+06
4.94098e+06
6.60215e+06
1.13038e+07
1.25975e+07
9.96392e+06
1.02888e+07
1.44193e+07
1.59804e+07
1.30653e+07
9.5067e+06
6.4737e+06
4.19823e+06
4.14262e+06
8.65068e+06
1.35596e+07
1.18791e+07
9.04485e+06
1.22888e+07
1.39148e+07
1.26873e+07
9.3129e+06
9.776e+06
1.08144e+07
1.19891e+07
1.56967e+07
1.39998e+07
1.04183e+07
9.41669e+06
9.59597e+06
7.92728e+06
4.91741e+06
4.68239e+06
6.37536e+06
7.98971e+06
1.09027e+07
1.28e+07
1.35384e+07
1.37275e+07
9.15741e+06
6.43098e+06
7.92562e+06
9.26924e+06
8.6085e+06
7.77667e+06
5.77111e+06
4.64404e+06
5.95374e+06
6.99933e+06
3.84555e+06
1.51735e+06
2.97371e+06
6.18108e+06
8.41055e+06
9.77477e+06
1.21393e+07
1.06882e+07
5.58355e+06
1.68432e+06
1.83963e+06
3.79959e+06
3.18455e+06
964239
529091
695775
558134
1.57633e+06
2.3218e+06
4.13326e+06
6.44954e+06
6.62084e+06
4.3247e+06
1.54928e+06
1.07682e+06
1.10612e+06
190560
1259
0
0
12
296
8177
97385
622352
1.96672e+06
2.88784e+06
1.6334e+06
255769
11165
272
0
0
0
0
0
0
54
1001
15424
96438
216938
85889
0
0
0
0
0
0
0
0
0
0
0
0
0
0
0
0
0
0
0
0
0
0
0
0
0
0
0
0
0
0
0
0
0
0
0
0
0
0
0
0
0
0
0
0
0
0
0
0
0
0
0
0
0
0
0
0
0
0
0
0
0
0
0
0
0
0
0
0
0
0
0
0
0
0
0
0
0
0
0
0
0
0
0
0
0
0
0
0
0
0
0
0
0
0
0
0
0
0
0
0
0
0
0
0
0
0
0
0
0
0
0
0
0
0
0
0
0
0
0
0
0
0
0
0
0
0
0
0
0
0
0
0
0
0
0
0
0
0
0
0
0
0
0
0
0
0
0
0
0
0
0
0
0
0
0
0
0
0
0
0
0
0
0
0
0
0
0
0
0
0
0
0
0
0
0
0
0
0
0
0
0
0
0
0
0
0
0
0
0
0
0
0
0
0
0
0
0
0
0
0
