167936
0
0
0
0
0
0
0
0
0
0
0
0
0
0
0
0
432
40574
281199
418777
208630
50556
6866
785
2557
19932
79145
166778
153837
65759
15483
24379
168336
525995
736232
420140
123773
53462
176527
354820
297734
134787
146724
409696
698706
523962
221663
135231
217176
228813
226817
596383
1.27088e+06
1.27994e+06
630826
243999
195825
205410
390508
838272
1.0484e+06
716173
613257
737935
600963
574967
742406
656868
607786
800335
957903
1.4978e+06
2.11779e+06
1.50893e+06
589927
251401
567641
1.21152e+06
1.33929e+06
863096
625934
778087
1.27813e+06
1.52201e+06
1.27293e+06
1.29965e+06
1.57122e+06
2.16297e+06
2.11643e+06
1.47561e+06
1.20786e+06
1.33635e+06
1.62961e+06
1.38324e+06
1.21201e+06
1.27659e+06
1.54356e+06
1.36326e+06
993192
1.32394e+06
2.29002e+06
2.56332e+06
1.99652e+06
2.06704e+06
2.91464e+06
3.24543e+06
2.62257e+06
1.92767e+06
1.30584e+06
853155
834669
1.71856e+06
2.79643e+06
2.37286e+06
1.81263e+06
2.46773e+06
2.84645e+06
2.54256e+06
1.87958e+06
1.99924e+06
2.17128e+06
2.41286e+06
3.15435e+06
2.86225e+06
2.09168e+06
1.88713e+06
1.96257e+06
1.58863e+06
989044
952449
1.27981e+06
1.60646e+06
2.2297e+06
2.5767e+06
2.71441e+06
2.79594e+06
1.85074e+06
1.27903e+06
1.61492e+06
1.87318e+06
1.72113e+06
1.58774e+06
1.15675e+06
941146
1.2057e+06
1.40358e+06
781215
305146
598710
1.24077e+06
1.74263e+06
1.93334e+06
2.45068e+06
2.16514e+06
1.13707e+06
338295
369735
756332
656235
192719
105774
141274
114944
311993
468564
832530
1.30397e+06
1.32985e+06
892491
306406
215449
223921
40257
298
0
0
3
69
1736
19736
123849
391188
587819
333611
51158
2207
48
0
0
0
0
0
0
8
260
3065
19039
42685
18911
0
0
0
0
0
0
0
0
0
0
0
0
0
0
0
0
0
0
0
0
0
0
0
0
0
0
0
0
0
0
0
0
0
0
0
0
0
0
0
0
0
0
0
0
0
0
0
0
0
0
0
0
0
0
0
0
0
0
0
0
0
0
0
0
0
0
0
0
0
0
0
0
0
0
0
0
0
0
0
0
0
0
0
0
0
0
0
0
0
0
0
0
0
0
0
0
0
0
0
0
0
0
0
0
0
0
0
0
0
0
0
0
0
0
0
0
0
0
0
0
0
0
0
0
0
0
0
0
0
0
0
0
0
0
0
0
0
0
0
0
0
0
0
0
0
0
0
0
0
0
0
0
0
0
0
0
0
0
0
0
0
0
0
0
0
0
0
0
0
0
0
0
0
0
0
0
0
0
0
0
0
0
0
0
0
0
0
0
0
0
0
0
0
0
0
0
0
0
0
0
