745472
0
0
0
0
0
0
0
0
0
0
0
0
0
0
0
0
1549
177370
1.26165e+06
1.84134e+06
935329
224558
28932
2959
11280
88663
360500
728691
678523
297791
68791
103657
745427
2.3695e+06
3.21711e+06
1.89998e+06
542334
231243
792601
1.55648e+06
1.32747e+06
607535
655867
1.84775e+06
3.0199e+06
2.35905e+06
994614
602700
965023
1.00544e+06
1.00089e+06
2.68355e+06
5.61206e+06
5.66925e+06
2.84194e+06
1.07661e+06
841108
915487
1.75497e+06
3.75143e+06
4.55553e+06
3.23999e+06
2.7564e+06
3.19763e+06
2.70277e+06
2.58683e+06
3.2387e+06
2.94046e+06
2.73159e+06
3.4669e+06
4.28624e+06
6.75953e+06
9.21108e+06
6.80075e+06
2.63816e+06
1.08908e+06
2.54881e+06
5.35611e+06
5.89087e+06
3.90203e+06
2.74358e+06
3.49404e+06
5.68275e+06
6.66466e+06
5.74945e+06
5.68202e+06
7.07681e+06
9.53317e+06
9.36188e+06
6.61641e+06
5.30781e+06
6.03788e+06
7.09304e+06
6.23897e+06
5.31964e+06
5.72656e+06
6.79789e+06
6.05652e+06
4.42649e+06
5.91115e+06
1.01435e+07
1.13e+07
8.92541e+06
9.21758e+06
1.2934e+07
1.43329e+07
1.17101e+07
8.52658e+06
5.80366e+06
3.76117e+06
3.70579e+06
7.74866e+06
1.21802e+07
1.06504e+07
8.09586e+06
1.10147e+07
1.24866e+07
1.13711e+07
8.3484e+06
8.76758e+06
9.69398e+06
1.07419e+07
1.40756e+07
1.25591e+07
9.3386e+06
8.43786e+06
8.61147e+06
7.10648e+06
4.40185e+06
4.19371e+06
5.71359e+06
7.16022e+06
9.78619e+06
1.1481e+07
1.21273e+07
1.23179e+07
8.20818e+06
5.75803e+06
7.11074e+06
8.31418e+06
7.71002e+06
6.9732e+06
5.17531e+06
4.16232e+06
5.33847e+06
6.2784e+06
3.4482e+06
1.35551e+06
2.66355e+06
5.54292e+06
7.54647e+06
8.75265e+06
1.08896e+07
9.58799e+06
5.0084e+06
1.50517e+06
1.64464e+06
3.40753e+06
2.86157e+06
862318
473372
624004
498390
1.41092e+06
2.08149e+06
3.70529e+06
5.78727e+06
5.93456e+06
3.88189e+06
1.38616e+06
962632
993986
172017
1160
0
0
12
281
7242
86278
554884
1.76066e+06
2.59414e+06
1.4671e+06
228532
9870
254
0
0
0
0
0
0
54
847
13689
85767
194623
77756
0
0
0
0
0
0
0
0
0
0
0
0
0
0
0
0
0
0
0
0
0
0
0
0
0
0
0
0
0
0
0
0
0
0
0
0
0
0
0
0
0
0
0
0
0
0
0
0
0
0
0
0
0
0
0
0
0
0
0
0
0
0
0
0
0
0
0
0
0
0
0
0
0
0
0
0
0
0
0
0
0
0
0
0
0
0
0
0
0
0
0
0
0
0
0
0
0
0
0
0
0
0
0
0
0
0
0
0
0
0
0
0
0
0
0
0
0
0
0
0
0
0
0
0
0
0
0
0
0
0
0
0
0
0
0
0
0
0
0
0
0
0
0
0
0
0
0
0
0
0
0
0
0
0
0
0
0
0
0
0
0
0
0
0
0
0
0
0
0
0
0
0
0
0
0
0
0
0
0
0
0
0
0
0
0
0
0
0
0
0
0
0
0
0
0
0
0
0
0
0
