1.46022e+06
0
0
0
0
0
0
0
0
0
0
0
0
0
0
0
0
2988
345854
2.47628e+06
3.60083e+06
1.83506e+06
440366
55949
5552
21931
171503
708722
1.42695e+06
1.33126e+06
583419
132755
199118
1.45737e+06
4.65374e+06
6.29234e+06
3.7336e+06
1.05812e+06
445430
1.55689e+06
3.04448e+06
2.60624e+06
1.18843e+06
1.27656e+06
3.62591e+06
5.90878e+06
4.63901e+06
1.94166e+06
1.1751e+06
1.89132e+06
1.96677e+06
1.94979e+06
5.25627e+06
1.10038e+07
1.11224e+07
5.57381e+06
2.09497e+06
1.63577e+06
1.7868e+06
3.43666e+06
7.3618e+06
8.91942e+06
6.35613e+06
5.3994e+06
6.25232e+06
5.30422e+06
5.06525e+06
6.33224e+06
5.76458e+06
5.36046e+06
6.7611e+06
8.38791e+06
1.32737e+07
1.80371e+07
1.33675e+07
5.14373e+06
2.0995e+06
4.99706e+06
1.05037e+07
1.15375e+07
7.65138e+06
5.35234e+06
6.8436e+06
1.11468e+07
1.3046e+07
1.12884e+07
1.1086e+07
1.38888e+07
1.86695e+07
1.83383e+07
1.2987e+07
1.0358e+07
1.18441e+07
1.38822e+07
1.22529e+07
1.03777e+07
1.12317e+07
1.33236e+07
1.18692e+07
8.66168e+06
1.15644e+07
1.9859e+07
2.21379e+07
1.75051e+07
1.80534e+07
2.53351e+07
2.80738e+07
2.29743e+07
1.66809e+07
1.13679e+07
7.3425e+06
7.22942e+06
1.52135e+07
2.38313e+07
2.09125e+07
1.584e+07
2.15847e+07
2.44435e+07
2.22865e+07
1.63422e+07
1.71399e+07
1.89972e+07
2.10408e+07
2.76082e+07
2.45916e+07
1.82964e+07
1.6544e+07
1.6831e+07
1.39346e+07
8.61562e+06
8.1973e+06
1.12028e+07
1.40312e+07
1.91608e+07
2.2484e+07
2.37921e+07
2.41134e+07
1.60676e+07
1.12846e+07
1.39154e+07
1.62942e+07
1.51182e+07
1.36404e+07
1.01438e+07
8.14344e+06
1.04526e+07
1.23398e+07
6.73994e+06
2.646e+06
5.22025e+06
1.08635e+07
1.47268e+07
1.71718e+07
2.13456e+07
1.88052e+07
9.79559e+06
2.93447e+06
3.21784e+06
6.69993e+06
5.59502e+06
1.68434e+06
924291
1.22563e+06
971159
2.77028e+06
4.07677e+06
7.26559e+06
1.13269e+07
1.16473e+07
7.57687e+06
2.717e+06
1.89145e+06
1.94974e+06
332430
2135
2
0
12
441
13286
167032
1.09103e+06
3.463e+06
5.07403e+06
2.86562e+06
448075
19088
402
0
0
0
0
0
0
61
1676
26122
168824
383264
150165
0
0
0
0
0
0
0
0
0
0
0
0
0
0
0
0
0
0
0
0
0
0
0
0
0
0
0
0
0
0
0
0
0
0
0
0
0
0
0
0
0
0
0
0
0
0
0
0
0
0
0
0
0
0
0
0
0
0
0
0
0
0
0
0
0
0
0
0
0
0
0
0
0
0
0
0
0
0
0
0
0
0
0
0
0
0
0
0
0
0
0
0
0
0
0
0
0
0
0
0
0
0
0
0
0
0
0
0
0
0
0
0
0
0
0
0
0
0
0
0
0
0
0
0
0
0
0
0
0
0
0
0
0
0
0
0
0
0
0
0
0
0
0
0
0
0
0
0
0
0
0
0
0
0
0
0
0
0
0
0
0
0
0
0
0
0
0
0
0
0
0
0
0
0
0
0
0
0
0
0
0
0
0
0
0
0
0
0
0
0
0
0
0
0
0
0
0
0
0
0
