55296
0
0
0
0
0
0
0
0
0
0
0
0
0
0
0
0
205
13662
90212
142620
65119
16847
2726
475
1043
6559
24319
57241
50396
20880
5510
8786
54704
167159
253451
131716
41033
19588
55999
119853
97254
43549
48332
127846
242983
168040
70757
43992
72512
78110
75502
186808
424481
427592
197849
81219
69143
68663
123167
271025
362570
224684
194829
260848
191459
179909
257764
211346
191435
279330
307733
468157
740870
481314
188517
85359
177795
403059
454269
272154
214120
246489
418828
518428
398053
447509
495288
725473
705661
469255
410623
420687
565348
436617
406300
406958
523837
453346
320074
420085
761683
863148
641078
669064
966722
1.08769e+06
848760
637798
430253
288180
265404
535100
981029
763936
573291
801202
973494
824086
611710
673956
700749
781173
1.03613e+06
979658
675481
605290
670280
512794
317944
317176
416024
524883
762261
839692
871216
941890
611890
404450
544291
616118
550012
537969
377116
308980
399102
461250
260351
101389
195182
398882
602180
605087
806184
721369
382508
110458
117357
239723
230623
61421
33892
46994
39523
98283
156388
273366
429107
427715
309229
97752
68018
75516
14853
88
0
0
0
29
733
7222
40401
122237
197262
112490
16431
837
22
0
0
0
0
0
0
7
132
1072
6121
13021
7295
0
0
0
0
0
0
0
0
0
0
0
0
0
0
0
0
0
0
0
0
0
0
0
0
0
0
0
0
0
0
0
0
0
0
0
0
0
0
0
0
0
0
0
0
0
0
0
0
0
0
0
0
0
0
0
0
0
0
0
0
0
0
0
0
0
0
0
0
0
0
0
0
0
0
0
0
0
0
0
0
0
0
0
0
0
0
0
0
0
0
0
0
0
0
0
0
0
0
0
0
0
0
0
0
0
0
0
0
0
0
0
0
0
0
0
0
0
0
0
0
0
0
0
0
0
0
0
0
0
0
0
0
0
0
0
0
0
0
0
0
0
0
0
0
0
0
0
0
0
0
0
0
0
0
0
0
0
0
0
0
0
0
0
0
0
0
0
0
0
0
0
0
0
0
0
0
0
0
0
0
0
0
0
0
0
0
0
0
0
0
0
0
0
0
0
0
0
0
0
0
