385024
0
0
0
0
0
0
0
0
0
0
0
0
0
0
0
0
815
92091
649422
954031
480965
116611
15068
1603
5740
46267
185296
376446
351114
153747
35462
55016
387538
1.21806e+06
1.66273e+06
977578
283121
120744
408110
807422
683422
313470
338758
948348
1.57108e+06
1.21472e+06
513379
310268
497153
520878
519196
1.38238e+06
2.90153e+06
2.92648e+06
1.4623e+06
558279
437886
473856
904149
1.93265e+06
2.36613e+06
1.6654e+06
1.41815e+06
1.66038e+06
1.39342e+06
1.33007e+06
1.68062e+06
1.51623e+06
1.40536e+06
1.8026e+06
2.21453e+06
3.4758e+06
4.77569e+06
3.49724e+06
1.36108e+06
568590
1.31292e+06
2.77111e+06
3.04942e+06
2.00579e+06
1.41999e+06
1.79959e+06
2.93296e+06
3.45449e+06
2.95723e+06
2.94838e+06
3.63703e+06
4.93549e+06
4.83846e+06
3.40846e+06
2.75423e+06
3.10166e+06
3.67957e+06
3.20603e+06
2.75805e+06
2.95196e+06
3.51582e+06
3.12723e+06
2.28685e+06
3.04851e+06
5.24266e+06
5.84648e+06
4.60033e+06
4.74799e+06
6.68642e+06
7.41583e+06
6.0382e+06
4.40449e+06
2.99696e+06
1.94737e+06
1.91432e+06
3.98787e+06
6.31982e+06
5.48274e+06
4.17532e+06
5.68016e+06
6.46779e+06
5.86477e+06
4.31103e+06
4.54394e+06
4.99953e+06
5.53926e+06
7.26398e+06
6.51032e+06
4.81151e+06
4.34971e+06
4.45865e+06
3.66217e+06
2.27492e+06
2.17159e+06
2.94764e+06
3.69721e+06
5.06295e+06
5.9215e+06
6.25209e+06
6.38198e+06
4.24428e+06
2.95979e+06
3.67737e+06
4.29449e+06
3.97288e+06
3.61356e+06
2.66688e+06
2.15234e+06
2.76025e+06
3.23332e+06
1.78275e+06
699939
1.37147e+06
2.85871e+06
3.93155e+06
4.49828e+06
5.61886e+06
4.95293e+06
2.59396e+06
776526
849916
1.75182e+06
1.48538e+06
443387
244289
322557
260077
725190
1.07239e+06
1.90991e+06
2.9937e+06
3.0604e+06
2.01779e+06
711370
494673
513516
89999
598
0
0
3
139
3931
44444
285084
904543
1.34465e+06
759969
117289
5061
106
0
0
0
0
0
0
15
481
6875
43448
99784
41909
0
0
0
0
0
0
0
0
0
0
0
0
0
0
0
0
0
0
0
0
0
0
0
0
0
0
0
0
0
0
0
0
0
0
0
0
0
0
0
0
0
0
0
0
0
0
0
0
0
0
0
0
0
0
0
0
0
0
0
0
0
0
0
0
0
0
0
0
0
0
0
0
0
0
0
0
0
0
0
0
0
0
0
0
0
0
0
0
0
0
0
0
0
0
0
0
0
0
0
0
0
0
0
0
0
0
0
0
0
0
0
0
0
0
0
0
0
0
0
0
0
0
0
0
0
0
0
0
0
0
0
0
0
0
0
0
0
0
0
0
0
0
0
0
0
0
0
0
0
0
0
0
0
0
0
0
0
0
0
0
0
0
0
0
0
0
0
0
0
0
0
0
0
0
0
0
0
0
0
0
0
0
0
0
0
0
0
0
0
0
0
0
0
0
0
0
0
0
0
0
