1.60973e+06
0
0
0
0
0
0
0
0
0
0
0
0
0
0
0
2
3265
381116
2.73019e+06
3.9687e+06
2.02329e+06
485501
61896
6054
24270
189383
782184
1.57144e+06
1.46667e+06
644002
146749
220109
1.60813e+06
5.13115e+06
6.93007e+06
4.11709e+06
1.16792e+06
492673
1.71602e+06
3.3545e+06
2.87306e+06
1.31186e+06
1.4094e+06
3.99844e+06
6.50578e+06
5.11416e+06
2.14381e+06
1.29698e+06
2.08359e+06
2.16713e+06
2.15243e+06
5.79841e+06
1.21234e+07
1.22569e+07
6.1463e+06
2.31387e+06
1.80271e+06
1.9695e+06
3.79065e+06
8.11654e+06
9.82717e+06
7.00887e+06
5.95313e+06
6.88935e+06
5.84824e+06
5.58827e+06
6.97566e+06
6.35522e+06
5.91095e+06
7.45276e+06
9.25618e+06
1.46355e+07
1.98635e+07
1.47317e+07
5.67898e+06
2.3208e+06
5.51328e+06
1.15762e+07
1.2708e+07
8.4378e+06
5.90551e+06
7.54878e+06
1.22851e+07
1.43751e+07
1.24502e+07
1.22216e+07
1.53157e+07
2.05707e+07
2.02097e+07
1.43236e+07
1.14208e+07
1.30617e+07
1.52931e+07
1.35097e+07
1.14421e+07
1.23866e+07
1.46825e+07
1.30782e+07
9.55884e+06
1.27601e+07
2.18812e+07
2.43857e+07
1.93139e+07
1.99169e+07
2.7919e+07
3.09273e+07
2.53311e+07
1.8394e+07
1.25293e+07
8.09478e+06
7.98792e+06
1.67834e+07
2.62402e+07
2.30466e+07
1.74905e+07
2.37957e+07
2.69267e+07
2.45649e+07
1.80276e+07
1.88971e+07
2.09472e+07
2.32085e+07
3.04196e+07
2.70907e+07
2.0172e+07
1.82492e+07
1.8546e+07
1.53602e+07
9.50662e+06
9.04689e+06
1.23551e+07
1.54656e+07
2.11045e+07
2.47785e+07
2.62416e+07
2.65729e+07
1.77099e+07
1.24514e+07
1.53396e+07
1.79611e+07
1.66754e+07
1.50334e+07
1.11753e+07
8.98514e+06
1.15231e+07
1.35908e+07
7.42685e+06
2.92475e+06
5.7592e+06
1.19729e+07
1.62324e+07
1.8945e+07
2.35245e+07
2.07213e+07
1.07916e+07
3.24086e+06
3.55602e+06
7.38208e+06
6.16074e+06
1.85862e+06
1.02147e+06
1.34952e+06
1.07357e+06
3.05569e+06
4.49317e+06
8.00966e+06
1.24875e+07
1.28377e+07
8.34811e+06
2.99625e+06
2.08811e+06
2.14557e+06
366134
2399
2
0
12
492
14616
184709
1.20604e+06
3.81858e+06
5.59075e+06
3.15578e+06
495180
20958
433
3
0
0
0
0
0
63
1847
28861
186083
422707
165303
0
0
0
0
0
0
0
0
0
0
0
0
0
0
0
0
0
0
0
0
0
0
0
0
0
0
0
0
0
0
0
0
0
0
0
0
0
0
0
0
0
0
0
0
0
0
0
0
0
0
0
0
0
0
0
0
0
0
0
0
0
0
0
0
0
0
0
0
0
0
0
0
0
0
0
0
0
0
0
0
0
0
0
0
0
0
0
0
0
0
0
0
0
0
0
0
0
0
0
0
0
0
0
0
0
0
0
0
0
0
0
0
0
0
0
0
0
0
0
0
0
0
0
0
0
0
0
0
0
0
0
0
0
0
0
0
0
0
0
0
0
0
0
0
0
0
0
0
0
0
0
0
0
0
0
0
0
0
0
0
0
0
0
0
0
0
0
0
0
0
0
0
0
0
0
0
0
0
0
0
0
0
0
0
0
0
0
0
0
0
0
0
0
0
0
0
0
0
0
0
