792576
0
0
0
0
0
0
0
0
0
0
0
0
0
0
0
0
1646
188395
1.34211e+06
1.95696e+06
994068
239122
30940
3113
12042
94447
383300
774242
721301
317011
73118
110287
792743
2.52038e+06
3.41756e+06
2.0206e+06
577560
245826
843767
1.65341e+06
1.41055e+06
646931
698992
1.96538e+06
3.20598e+06
2.50811e+06
1.05922e+06
641549
1.02592e+06
1.06781e+06
1.06623e+06
2.85665e+06
5.96243e+06
6.02151e+06
3.02574e+06
1.14664e+06
893525
973422
1.86919e+06
3.98693e+06
4.83762e+06
3.44796e+06
2.93329e+06
3.39567e+06
2.87475e+06
2.75265e+06
3.4396e+06
3.12749e+06
2.90775e+06
3.68214e+06
4.5605e+06
7.19019e+06
9.78174e+06
7.2302e+06
2.80906e+06
1.16087e+06
2.71346e+06
5.69156e+06
6.25679e+06
4.15089e+06
2.91965e+06
3.7181e+06
6.03832e+06
7.08144e+06
6.11727e+06
6.04137e+06
7.52781e+06
1.01307e+07
9.94656e+06
7.04111e+06
5.64438e+06
6.42219e+06
7.53522e+06
6.63497e+06
5.65484e+06
6.0929e+06
7.22492e+06
6.43486e+06
4.71013e+06
6.29236e+06
1.07752e+07
1.20088e+07
9.49692e+06
9.80713e+06
1.3745e+07
1.52312e+07
1.24538e+07
9.06306e+06
6.17197e+06
4.00053e+06
3.94674e+06
8.24311e+06
1.29319e+07
1.13244e+07
8.61858e+06
1.17104e+07
1.32694e+07
1.20904e+07
8.87645e+06
9.32142e+06
1.03089e+07
1.14252e+07
1.49615e+07
1.33458e+07
9.93069e+06
8.97476e+06
9.14967e+06
7.55648e+06
4.68612e+06
4.46141e+06
6.07548e+06
7.61392e+06
1.03977e+07
1.2203e+07
1.28998e+07
1.30888e+07
8.72878e+06
6.12646e+06
7.55668e+06
8.83869e+06
8.20202e+06
7.41172e+06
5.50146e+06
4.42617e+06
5.67593e+06
6.67301e+06
3.66585e+06
1.44525e+06
2.83322e+06
5.89144e+06
8.01915e+06
9.31363e+06
1.15733e+07
1.01889e+07
5.32442e+06
1.60343e+06
1.7518e+06
3.62161e+06
3.03844e+06
918562
504162
663197
531321
1.50244e+06
2.21265e+06
3.93991e+06
6.14997e+06
6.3081e+06
4.12519e+06
1.47559e+06
1.02546e+06
1.05514e+06
182408
1227
0
0
12
296
7850
92771
592296
1.87359e+06
2.75392e+06
1.55783e+06
243704
10643
266
0
0
0
0
0
0
54
955
14728
91775
206523
82253
0
0
0
0
0
0
0
0
0
0
0
0
0
0
0
0
0
0
0
0
0
0
0
0
0
0
0
0
0
0
0
0
0
0
0
0
0
0
0
0
0
0
0
0
0
0
0
0
0
0
0
0
0
0
0
0
0
0
0
0
0
0
0
0
0
0
0
0
0
0
0
0
0
0
0
0
0
0
0
0
0
0
0
0
0
0
0
0
0
0
0
0
0
0
0
0
0
0
0
0
0
0
0
0
0
0
0
0
0
0
0
0
0
0
0
0
0
0
0
0
0
0
0
0
0
0
0
0
0
0
0
0
0
0
0
0
0
0
0
0
0
0
0
0
0
0
0
0
0
0
0
0
0
0
0
0
0
0
0
0
0
0
0
0
0
0
0
0
0
0
0
0
0
0
0
0
0
0
0
0
0
0
0
0
0
0
0
0
0
0
0
0
0
0
0
0
0
0
0
0
