1.75514e+06
0
0
0
0
0
0
0
0
0
0
0
0
0
0
0
2
3541
415303
2.97744e+06
4.32676e+06
2.2065e+06
529140
67350
6526
26363
206316
853154
1.71289e+06
1.60014e+06
702252
159411
239443
1.75293e+06
5.59664e+06
7.5559e+06
4.48896e+06
1.27329e+06
536504
1.87032e+06
3.65857e+06
3.13274e+06
1.43006e+06
1.53591e+06
4.36236e+06
7.08961e+06
5.57779e+06
2.33798e+06
1.41349e+06
2.27226e+06
2.36178e+06
2.345e+06
6.32419e+06
1.32209e+07
1.33632e+07
6.70271e+06
2.52245e+06
1.96369e+06
2.14656e+06
4.13271e+06
8.85157e+06
1.07146e+07
7.64365e+06
6.4919e+06
7.50624e+06
6.37614e+06
6.09574e+06
7.60546e+06
6.93067e+06
6.4437e+06
8.12375e+06
1.00966e+07
1.59615e+07
2.16503e+07
1.60636e+07
6.19359e+06
2.52843e+06
6.01297e+06
1.26209e+07
1.3856e+07
9.19993e+06
6.43745e+06
8.23221e+06
1.33946e+07
1.56726e+07
1.35805e+07
1.33218e+07
1.66961e+07
2.24321e+07
2.20358e+07
1.56172e+07
1.2451e+07
1.42454e+07
1.66699e+07
1.47312e+07
1.2477e+07
1.35063e+07
1.60051e+07
1.42587e+07
1.04231e+07
1.39141e+07
2.38621e+07
2.65837e+07
2.10602e+07
2.17206e+07
3.04402e+07
3.37147e+07
2.76227e+07
2.00528e+07
1.36609e+07
8.82317e+06
8.71837e+06
1.83037e+07
2.85938e+07
2.51276e+07
1.90835e+07
2.59402e+07
2.93545e+07
2.67896e+07
1.96594e+07
2.05999e+07
2.28414e+07
2.53093e+07
3.31661e+07
2.95323e+07
2.19967e+07
1.98991e+07
2.0213e+07
1.67521e+07
1.03694e+07
9.86246e+06
1.34747e+07
1.68651e+07
2.30012e+07
2.70169e+07
2.86165e+07
2.89696e+07
1.93072e+07
1.35825e+07
1.67241e+07
1.95776e+07
1.81915e+07
1.63858e+07
1.21871e+07
9.80108e+06
1.25585e+07
1.48136e+07
8.09816e+06
3.19238e+06
6.28051e+06
1.30533e+07
1.76928e+07
2.06713e+07
2.56488e+07
2.25831e+07
1.17659e+07
3.53609e+06
3.88182e+06
8.04727e+06
6.71196e+06
2.02726e+06
1.11409e+06
1.47158e+06
1.17116e+06
3.33268e+06
4.89617e+06
8.73332e+06
1.36226e+07
1.39981e+07
9.09631e+06
3.26783e+06
2.2775e+06
2.33779e+06
398325
2572
2
0
12
544
15885
201289
1.31536e+06
4.16233e+06
6.09686e+06
3.44064e+06
540289
22541
465
3
0
0
0
0
0
72
2006
31284
203010
460983
180213
0
0
0
0
0
0
0
0
0
0
0
0
0
0
0
0
0
0
0
0
0
0
0
0
0
0
0
0
0
0
0
0
0
0
0
0
0
0
0
0
0
0
0
0
0
0
0
0
0
0
0
0
0
0
0
0
0
0
0
0
0
0
0
0
0
0
0
0
0
0
0
0
0
0
0
0
0
0
0
0
0
0
0
0
0
0
0
0
0
0
0
0
0
0
0
0
0
0
0
0
0
0
0
0
0
0
0
0
0
0
0
0
0
0
0
0
0
0
0
0
0
0
0
0
0
0
0
0
0
0
0
0
0
0
0
0
0
0
0
0
0
0
0
0
0
0
0
0
0
0
0
0
0
0
0
0
0
0
0
0
0
0
0
0
0
0
0
0
0
0
0
0
0
0
0
0
0
0
0
0
0
0
0
0
0
0
0
0
0
0
0
0
0
0
0
0
0
0
0
0
