1.76538e+06
0
0
0
0
0
0
0
0
0
0
0
0
0
0
0
2
3555
417940
2.99455e+06
4.352e+06
2.21931e+06
532298
67789
6549
26532
207404
858286
1.7229e+06
1.60937e+06
706361
160369
241035
1.76323e+06
5.62893e+06
7.5998e+06
4.51527e+06
1.28082e+06
539779
1.88105e+06
3.68013e+06
3.15081e+06
1.43855e+06
1.54474e+06
4.38816e+06
7.13061e+06
5.6103e+06
2.35182e+06
1.42183e+06
2.28519e+06
2.37579e+06
2.3588e+06
6.36139e+06
1.32972e+07
1.3441e+07
6.74216e+06
2.5373e+06
1.97512e+06
2.15912e+06
4.15681e+06
8.90316e+06
1.07769e+07
7.68874e+06
6.52985e+06
7.54937e+06
6.41385e+06
6.13118e+06
7.64984e+06
6.97098e+06
6.48175e+06
8.17083e+06
1.01561e+07
1.60538e+07
2.17764e+07
1.61578e+07
6.22986e+06
2.5432e+06
6.04825e+06
1.26941e+07
1.3937e+07
9.25379e+06
6.47497e+06
8.28025e+06
1.34728e+07
1.57634e+07
1.36602e+07
1.33997e+07
1.67934e+07
2.25626e+07
2.21643e+07
1.57085e+07
1.2524e+07
1.43289e+07
1.67659e+07
1.48177e+07
1.25495e+07
1.35856e+07
1.60976e+07
1.43423e+07
1.04838e+07
1.3996e+07
2.40006e+07
2.67395e+07
2.11827e+07
2.18469e+07
3.06188e+07
3.39107e+07
2.7784e+07
2.0169e+07
1.37414e+07
8.87507e+06
8.76967e+06
1.84101e+07
2.87595e+07
2.52742e+07
1.91956e+07
2.60914e+07
2.9525e+07
2.69462e+07
1.97754e+07
2.07193e+07
2.29742e+07
2.54578e+07
3.33594e+07
2.97038e+07
2.21258e+07
2.00156e+07
2.03294e+07
1.68507e+07
1.043e+07
9.92024e+06
1.35538e+07
1.6963e+07
2.31352e+07
2.71749e+07
2.87832e+07
2.91375e+07
1.94206e+07
1.36623e+07
1.68223e+07
1.9691e+07
1.82977e+07
1.64813e+07
1.22584e+07
9.85844e+06
1.2632e+07
1.48992e+07
8.14559e+06
3.2115e+06
6.31714e+06
1.31295e+07
1.77957e+07
2.07928e+07
2.57984e+07
2.27134e+07
1.18347e+07
3.55747e+06
3.9048e+06
8.09424e+06
6.75027e+06
2.03924e+06
1.12067e+06
1.48021e+06
1.17813e+06
3.35214e+06
4.92477e+06
8.78456e+06
1.37023e+07
1.40794e+07
9.14899e+06
3.28725e+06
2.2908e+06
2.35108e+06
400675
2589
2
0
12
545
15958
202410
1.32321e+06
4.18697e+06
6.13231e+06
3.46025e+06
543586
22667
465
3
0
0
0
0
0
72
2012
31401
204371
463625
181207
0
0
0
0
0
0
0
0
0
0
0
0
0
0
0
0
0
0
0
0
0
0
0
0
0
0
0
0
0
0
0
0
0
0
0
0
0
0
0
0
0
0
0
0
0
0
0
0
0
0
0
0
0
0
0
0
0
0
0
0
0
0
0
0
0
0
0
0
0
0
0
0
0
0
0
0
0
0
0
0
0
0
0
0
0
0
0
0
0
0
0
0
0
0
0
0
0
0
0
0
0
0
0
0
0
0
0
0
0
0
0
0
0
0
0
0
0
0
0
0
0
0
0
0
0
0
0
0
0
0
0
0
0
0
0
0
0
0
0
0
0
0
0
0
0
0
0
0
0
0
0
0
0
0
0
0
0
0
0
0
0
0
0
0
0
0
0
0
0
0
0
0
0
0
0
0
0
0
0
0
0
0
0
0
0
0
0
0
0
0
0
0
0
0
0
0
0
0
0
0
