833536
0
0
0
0
0
0
0
0
0
0
0
0
0
0
0
0
1747
198003
1.41163e+06
2.05838e+06
1.04519e+06
251132
32808
3238
12656
99288
403425
813671
759077
333332
76769
115912
833458
2.65125e+06
3.59396e+06
2.12492e+06
607472
258254
887609
1.73915e+06
1.48349e+06
680072
734468
2.06787e+06
3.37158e+06
2.63751e+06
1.11401e+06
674983
1.07894e+06
1.12268e+06
1.12086e+06
3.00526e+06
6.27027e+06
6.33167e+06
3.18293e+06
1.20577e+06
939749
1.0233e+06
1.96578e+06
4.19416e+06
5.08678e+06
3.62693e+06
3.0849e+06
3.57065e+06
3.024e+06
2.89504e+06
3.61538e+06
3.28942e+06
3.05921e+06
3.87099e+06
4.79635e+06
7.56234e+06
1.02872e+07
7.60481e+06
2.95435e+06
1.21932e+06
2.85453e+06
5.98707e+06
6.57863e+06
4.36583e+06
3.0704e+06
3.91131e+06
6.34978e+06
7.44605e+06
6.43407e+06
6.35257e+06
7.91763e+06
1.06539e+07
1.04592e+07
7.40773e+06
5.9367e+06
6.75435e+06
7.92189e+06
6.97887e+06
5.94498e+06
6.41086e+06
7.59857e+06
6.7663e+06
4.953e+06
6.61832e+06
1.13317e+07
1.26287e+07
9.9884e+06
1.03141e+07
1.44547e+07
1.60199e+07
1.30975e+07
9.5301e+06
6.4895e+06
4.20862e+06
4.15285e+06
8.67214e+06
1.35928e+07
1.19083e+07
9.06723e+06
1.23191e+07
1.3949e+07
1.27186e+07
9.3359e+06
9.79985e+06
1.08411e+07
1.20185e+07
1.57356e+07
1.40343e+07
1.04439e+07
9.4399e+06
9.61957e+06
7.94684e+06
4.92951e+06
4.69397e+06
6.391e+06
8.00936e+06
1.09298e+07
1.28313e+07
1.35719e+07
1.37612e+07
9.17995e+06
6.44688e+06
7.94504e+06
9.29194e+06
8.62983e+06
7.79578e+06
5.7853e+06
4.65557e+06
5.96843e+06
7.01662e+06
3.85498e+06
1.52103e+06
2.98116e+06
6.19633e+06
8.43105e+06
9.79893e+06
1.21693e+07
1.07144e+07
5.5973e+06
1.68852e+06
1.84422e+06
3.80892e+06
3.19236e+06
966581
530431
697486
559485
1.58024e+06
2.32767e+06
4.14324e+06
6.46542e+06
6.63724e+06
4.33527e+06
1.55313e+06
1.07953e+06
1.10878e+06
191051
1260
0
0
12
296
8187
97638
623970
1.97162e+06
2.89484e+06
1.63733e+06
256450
11200
272
0
0
0
0
0
0
54
1003
15464
96692
217483
86072
0
0
0
0
0
0
0
0
0
0
0
0
0
0
0
0
0
0
0
0
0
0
0
0
0
0
0
0
0
0
0
0
0
0
0
0
0
0
0
0
0
0
0
0
0
0
0
0
0
0
0
0
0
0
0
0
0
0
0
0
0
0
0
0
0
0
0
0
0
0
0
0
0
0
0
0
0
0
0
0
0
0
0
0
0
0
0
0
0
0
0
0
0
0
0
0
0
0
0
0
0
0
0
0
0
0
0
0
0
0
0
0
0
0
0
0
0
0
0
0
0
0
0
0
0
0
0
0
0
0
0
0
0
0
0
0
0
0
0
0
0
0
0
0
0
0
0
0
0
0
0
0
0
0
0
0
0
0
0
0
0
0
0
0
0
0
0
0
0
0
0
0
0
0
0
0
0
0
0
0
0
0
0
0
0
0
0
0
0
0
0
0
0
0
0
0
0
0
0
0
