290816
0
0
0
0
0
0
0
0
0
0
0
0
0
0
0
0
658
69612
489866
721622
362675
88005
11584
1194
4318
34801
138581
286250
266079
115421
26355
41614
292808
918015
1.25966e+06
735955
214318
91308
307190
611206
516469
235674
254146
713476
1.1961e+06
916195
385460
233428
375291
394329
392084
1.04096e+06
2.19395e+06
2.21276e+06
1.10163e+06
421018
333277
356818
679500
1.45914e+06
1.79702e+06
1.25187e+06
1.06724e+06
1.2629e+06
1.04999e+06
1.00056e+06
1.27414e+06
1.14166e+06
1.05878e+06
1.36865e+06
1.66565e+06
2.61914e+06
3.62756e+06
2.63543e+06
1.02326e+06
426746
988361
2.09811e+06
2.31367e+06
1.50689e+06
1.07204e+06
1.3541e+06
2.21831e+06
2.61723e+06
2.22324e+06
2.22973e+06
2.73934e+06
3.73786e+06
3.6604e+06
2.56826e+06
2.08488e+06
2.33331e+06
2.7871e+06
2.41416e+06
2.08722e+06
2.22729e+06
2.66175e+06
2.36294e+06
1.72208e+06
2.29573e+06
3.9653e+06
4.42478e+06
3.46524e+06
3.5788e+06
5.05576e+06
5.61573e+06
4.55366e+06
3.32593e+06
2.26313e+06
1.47289e+06
1.43959e+06
3.00161e+06
4.79924e+06
4.1316e+06
3.14256e+06
4.28993e+06
4.89955e+06
4.42377e+06
3.25417e+06
3.43689e+06
3.7676e+06
4.18021e+06
5.48964e+06
4.93069e+06
3.62873e+06
3.27889e+06
3.37695e+06
2.7635e+06
1.71318e+06
1.64227e+06
2.22393e+06
2.79077e+06
3.83679e+06
4.46799e+06
4.71589e+06
4.82796e+06
3.20638e+06
2.22714e+06
2.78029e+06
3.24649e+06
2.99513e+06
2.73606e+06
2.01261e+06
1.62456e+06
2.08422e+06
2.44234e+06
1.34909e+06
526972
1.03574e+06
2.15842e+06
2.97977e+06
3.37953e+06
4.24728e+06
3.74605e+06
1.96258e+06
585452
640455
1.32068e+06
1.12704e+06
333221
184190
244238
196631
546380
810139
1.44223e+06
2.2586e+06
2.31037e+06
1.53015e+06
535349
373262
389312
68082
471
0
0
3
126
3009
33798
216225
681459
1.01537e+06
574463
88907
3893
88
0
0
0
0
0
0
9
375
5423
33012
74947
31642
0
0
0
0
0
0
0
0
0
0
0
0
0
0
0
0
0
0
0
0
0
0
0
0
0
0
0
0
0
0
0
0
0
0
0
0
0
0
0
0
0
0
0
0
0
0
0
0
0
0
0
0
0
0
0
0
0
0
0
0
0
0
0
0
0
0
0
0
0
0
0
0
0
0
0
0
0
0
0
0
0
0
0
0
0
0
0
0
0
0
0
0
0
0
0
0
0
0
0
0
0
0
0
0
0
0
0
0
0
0
0
0
0
0
0
0
0
0
0
0
0
0
0
0
0
0
0
0
0
0
0
0
0
0
0
0
0
0
0
0
0
0
0
0
0
0
0
0
0
0
0
0
0
0
0
0
0
0
0
0
0
0
0
0
0
0
0
0
0
0
0
0
0
0
0
0
0
0
0
0
0
0
0
0
0
0
0
0
0
0
0
0
0
0
0
0
0
0
0
0
