1.81248e+06
0
0
0
0
0
0
0
0
0
0
0
0
0
0
0
2
3653
429099
3.07441e+06
4.46803e+06
2.27867e+06
546514
69559
6741
27301
212991
881224
1.76846e+06
1.65248e+06
725157
164704
247679
1.81104e+06
5.77802e+06
7.80138e+06
4.6378e+06
1.31437e+06
554452
1.93082e+06
3.7781e+06
3.23524e+06
1.47698e+06
1.58676e+06
4.5054e+06
7.31832e+06
5.76138e+06
2.41458e+06
1.46024e+06
2.34535e+06
2.43932e+06
2.42299e+06
6.5317e+06
1.36481e+07
1.38014e+07
6.92352e+06
2.60457e+06
2.02748e+06
2.21662e+06
4.26849e+06
9.13942e+06
1.10634e+07
7.89609e+06
6.70413e+06
7.74873e+06
6.58661e+06
6.29412e+06
7.85351e+06
7.15812e+06
6.65461e+06
8.38928e+06
1.04288e+07
1.64812e+07
2.23532e+07
1.65897e+07
6.39832e+06
2.61093e+06
6.21007e+06
1.30323e+07
1.43084e+07
9.5018e+06
6.64788e+06
8.49978e+06
1.38312e+07
1.61861e+07
1.40259e+07
1.3756e+07
1.72409e+07
2.31625e+07
2.27587e+07
1.61273e+07
1.28596e+07
1.47133e+07
1.72064e+07
1.52154e+07
1.28848e+07
1.39479e+07
1.65271e+07
1.47245e+07
1.07654e+07
1.43694e+07
2.46387e+07
2.74546e+07
2.17486e+07
2.24282e+07
3.14377e+07
3.4813e+07
2.85271e+07
2.07046e+07
1.41096e+07
9.11396e+06
9.00515e+06
1.89021e+07
2.95202e+07
2.59477e+07
1.97115e+07
2.67876e+07
3.03117e+07
2.7666e+07
2.0304e+07
2.12725e+07
2.35878e+07
2.6136e+07
3.42491e+07
3.04968e+07
2.27161e+07
2.05478e+07
2.08713e+07
1.73018e+07
1.07095e+07
1.01856e+07
1.39163e+07
1.74176e+07
2.37488e+07
2.78985e+07
2.9551e+07
2.99139e+07
1.99396e+07
1.40305e+07
1.72707e+07
2.02125e+07
1.87884e+07
1.69201e+07
1.25868e+07
1.01226e+07
1.29683e+07
1.52944e+07
8.36222e+06
3.29905e+06
6.48782e+06
1.3479e+07
1.82712e+07
2.13513e+07
2.64829e+07
2.33156e+07
1.215e+07
3.65479e+06
4.01264e+06
8.30979e+06
6.92595e+06
2.09476e+06
1.15099e+06
1.51954e+06
1.21054e+06
3.44238e+06
5.05548e+06
9.01923e+06
1.40679e+07
1.44538e+07
9.39153e+06
3.3765e+06
2.35281e+06
2.4124e+06
411471
2669
2
0
13
561
16399
207875
1.3592e+06
4.29895e+06
6.29412e+06
3.55327e+06
557982
23467
475
3
0
0
0
0
0
72
2037
32270
209949
475845
186067
0
0
0
0
0
0
0
0
0
0
0
0
0
0
0
0
0
0
0
0
0
0
0
0
0
0
0
0
0
0
0
0
0
0
0
0
0
0
0
0
0
0
0
0
0
0
0
0
0
0
0
0
0
0
0
0
0
0
0
0
0
0
0
0
0
0
0
0
0
0
0
0
0
0
0
0
0
0
0
0
0
0
0
0
0
0
0
0
0
0
0
0
0
0
0
0
0
0
0
0
0
0
0
0
0
0
0
0
0
0
0
0
0
0
0
0
0
0
0
0
0
0
0
0
0
0
0
0
0
0
0
0
0
0
0
0
0
0
0
0
0
0
0
0
0
0
0
0
0
0
0
0
0
0
0
0
0
0
0
0
0
0
0
0
0
0
0
0
0
0
0
0
0
0
0
0
0
0
0
0
0
0
0
0
0
0
0
0
0
0
0
0
0
0
0
0
0
0
0
0
