1.78381e+06
0
0
0
0
0
0
0
0
0
0
0
0
0
0
0
2
3591
422173
3.02578e+06
4.39772e+06
2.24249e+06
537820
68421
6621
26801
209448
867135
1.74115e+06
1.62638e+06
713554
161942
243362
1.78172e+06
5.68792e+06
7.67883e+06
4.56339e+06
1.29361e+06
545284
1.9004e+06
3.71881e+06
3.18392e+06
1.45318e+06
1.56068e+06
4.4343e+06
7.20491e+06
5.66977e+06
2.37588e+06
1.43656e+06
2.30879e+06
2.4006e+06
2.38343e+06
6.42754e+06
1.34357e+07
1.35834e+07
6.81236e+06
2.56286e+06
1.99571e+06
2.18165e+06
4.19956e+06
8.99615e+06
1.089e+07
7.76961e+06
6.59762e+06
7.62756e+06
6.48137e+06
6.19499e+06
7.72951e+06
7.04419e+06
6.5492e+06
8.25641e+06
1.02617e+07
1.6221e+07
2.20047e+07
1.63274e+07
6.29457e+06
2.56848e+06
6.11054e+06
1.28277e+07
1.4084e+07
9.35034e+06
6.54122e+06
8.36534e+06
1.36143e+07
1.59298e+07
1.38026e+07
1.35382e+07
1.69679e+07
2.27996e+07
2.23976e+07
1.58713e+07
1.26548e+07
1.44795e+07
1.69388e+07
1.4973e+07
1.26802e+07
1.37272e+07
1.62663e+07
1.44927e+07
1.0592e+07
1.41406e+07
2.42521e+07
2.70219e+07
2.14021e+07
2.20726e+07
3.09406e+07
3.42654e+07
2.80753e+07
2.03782e+07
1.3885e+07
8.96746e+06
8.86016e+06
1.86032e+07
2.90587e+07
2.55381e+07
1.93949e+07
2.63635e+07
2.9835e+07
2.72292e+07
1.99808e+07
2.09353e+07
2.32135e+07
2.57224e+07
3.37102e+07
3.00139e+07
2.2357e+07
2.02235e+07
2.05414e+07
1.70272e+07
1.05384e+07
1.0023e+07
1.36959e+07
1.71401e+07
2.33767e+07
2.74593e+07
2.90835e+07
2.94419e+07
1.96239e+07
1.38058e+07
1.69967e+07
1.98955e+07
1.84888e+07
1.66539e+07
1.23874e+07
9.96114e+06
1.27636e+07
1.50549e+07
8.23008e+06
3.24505e+06
6.38345e+06
1.3267e+07
1.7981e+07
2.10102e+07
2.60678e+07
2.29507e+07
1.19577e+07
3.59481e+06
3.94637e+06
8.17927e+06
6.81932e+06
2.0606e+06
1.1323e+06
1.49577e+06
1.19063e+06
3.3869e+06
4.976e+06
8.87636e+06
1.38461e+07
1.42262e+07
9.2444e+06
3.32142e+06
2.315e+06
2.37531e+06
404886
2615
2
0
13
551
16083
204304
1.33695e+06
4.23051e+06
6.19646e+06
3.49702e+06
549077
22836
467
3
0
0
0
0
0
72
2017
31643
206605
468532
183035
0
0
0
0
0
0
0
0
0
0
0
0
0
0
0
0
0
0
0
0
0
0
0
0
0
0
0
0
0
0
0
0
0
0
0
0
0
0
0
0
0
0
0
0
0
0
0
0
0
0
0
0
0
0
0
0
0
0
0
0
0
0
0
0
0
0
0
0
0
0
0
0
0
0
0
0
0
0
0
0
0
0
0
0
0
0
0
0
0
0
0
0
0
0
0
0
0
0
0
0
0
0
0
0
0
0
0
0
0
0
0
0
0
0
0
0
0
0
0
0
0
0
0
0
0
0
0
0
0
0
0
0
0
0
0
0
0
0
0
0
0
0
0
0
0
0
0
0
0
0
0
0
0
0
0
0
0
0
0
0
0
0
0
0
0
0
0
0
0
0
0
0
0
0
0
0
0
0
0
0
0
0
0
0
0
0
0
0
0
0
0
0
0
0
0
0
0
0
0
0
