292864
0
0
0
0
0
0
0
0
0
0
0
0
0
0
0
0
662
70091
493353
726691
365195
88644
11668
1206
4345
35062
139548
288241
267954
116241
26550
41914
294851
924546
1.26843e+06
741217
215795
91979
309355
615475
520096
237349
255909
718604
1.20438e+06
922703
388190
235079
377916
397153
394777
1.04827e+06
2.20955e+06
2.22823e+06
1.10934e+06
424009
335637
359343
684217
1.46955e+06
1.80955e+06
1.2607e+06
1.07488e+06
1.27174e+06
1.05745e+06
1.00755e+06
1.28305e+06
1.14972e+06
1.06628e+06
1.37806e+06
1.67753e+06
2.63782e+06
3.65292e+06
2.65409e+06
1.03034e+06
429694
995411
2.113e+06
2.32977e+06
1.51764e+06
1.07953e+06
1.3637e+06
2.23395e+06
2.63551e+06
2.23906e+06
2.24522e+06
2.7588e+06
3.7641e+06
3.686e+06
2.5865e+06
2.09945e+06
2.34994e+06
2.80652e+06
2.43147e+06
2.10163e+06
2.24302e+06
2.68064e+06
2.3797e+06
1.734e+06
2.31204e+06
3.99313e+06
4.45556e+06
3.48982e+06
3.60428e+06
5.09151e+06
5.65496e+06
4.58583e+06
3.34927e+06
2.2791e+06
1.48322e+06
1.44972e+06
3.02299e+06
4.83266e+06
4.16096e+06
3.16464e+06
4.32024e+06
4.93374e+06
4.45528e+06
3.27693e+06
3.46098e+06
3.79435e+06
4.20967e+06
5.52833e+06
4.96514e+06
3.65415e+06
3.30236e+06
3.4005e+06
2.78308e+06
1.72528e+06
1.6539e+06
2.23972e+06
2.81028e+06
3.86364e+06
4.49946e+06
4.7492e+06
4.8619e+06
3.22891e+06
2.24304e+06
2.79984e+06
3.26923e+06
3.0164e+06
2.75528e+06
2.02663e+06
1.63601e+06
2.09892e+06
2.45968e+06
1.35851e+06
530661
1.04299e+06
2.17359e+06
3.00065e+06
3.40356e+06
4.27712e+06
3.77253e+06
1.97629e+06
589530
644940
1.33007e+06
1.13498e+06
335510
185539
245936
197987
550209
815923
1.45236e+06
2.2744e+06
2.32681e+06
1.5409e+06
539067
375913
392031
68546
474
0
0
3
127
3034
34034
217724
686295
1.02248e+06
578554
89522
3908
90
0
0
0
0
0
0
10
378
5458
33242
75502
31842
0
0
0
0
0
0
0
0
0
0
0
0
0
0
0
0
0
0
0
0
0
0
0
0
0
0
0
0
0
0
0
0
0
0
0
0
0
0
0
0
0
0
0
0
0
0
0
0
0
0
0
0
0
0
0
0
0
0
0
0
0
0
0
0
0
0
0
0
0
0
0
0
0
0
0
0
0
0
0
0
0
0
0
0
0
0
0
0
0
0
0
0
0
0
0
0
0
0
0
0
0
0
0
0
0
0
0
0
0
0
0
0
0
0
0
0
0
0
0
0
0
0
0
0
0
0
0
0
0
0
0
0
0
0
0
0
0
0
0
0
0
0
0
0
0
0
0
0
0
0
0
0
0
0
0
0
0
0
0
0
0
0
0
0
0
0
0
0
0
0
0
0
0
0
0
0
0
0
0
0
0
0
0
0
0
0
0
0
0
0
0
0
0
0
0
0
0
0
0
0
