821248
0
0
0
0
0
0
0
0
0
0
0
0
0
0
0
0
1715
195129
1.39104e+06
2.02766e+06
1.0298e+06
247581
32268
3198
12437
97885
397603
801511
747679
328636
75651
114261
821117
2.61218e+06
3.5408e+06
2.09371e+06
598571
254527
874580
1.71315e+06
1.46155e+06
670169
723923
2.03764e+06
3.3212e+06
2.5988e+06
1.09762e+06
665201
1.063e+06
1.10595e+06
1.10468e+06
2.96094e+06
6.1773e+06
6.23835e+06
3.1364e+06
1.18797e+06
925742
1.00844e+06
1.93729e+06
4.13208e+06
5.01118e+06
3.57338e+06
3.0396e+06
3.51799e+06
2.97949e+06
2.85249e+06
3.56218e+06
3.24081e+06
3.01461e+06
3.81355e+06
4.72577e+06
7.45118e+06
1.01347e+07
7.4922e+06
2.91127e+06
1.20162e+06
2.8131e+06
5.8984e+06
6.48097e+06
4.30123e+06
3.02583e+06
3.85354e+06
6.25643e+06
7.336e+06
6.33926e+06
6.25918e+06
7.80153e+06
1.0496e+07
1.0305e+07
7.29834e+06
5.8493e+06
6.65496e+06
7.80491e+06
6.87557e+06
5.8584e+06
6.31583e+06
7.48692e+06
6.6654e+06
4.88088e+06
6.52136e+06
1.11643e+07
1.24416e+07
9.84174e+06
1.01621e+07
1.42419e+07
1.57831e+07
1.29043e+07
9.38988e+06
6.39428e+06
4.14622e+06
4.09178e+06
8.54357e+06
1.33932e+07
1.17332e+07
8.93334e+06
1.21372e+07
1.37443e+07
1.25298e+07
9.19832e+06
9.65614e+06
1.06818e+07
1.18411e+07
1.55028e+07
1.38272e+07
1.02901e+07
9.3008e+06
9.47816e+06
7.82944e+06
4.8569e+06
4.62442e+06
6.2973e+06
7.89129e+06
1.07683e+07
1.26428e+07
1.33705e+07
1.35592e+07
9.04428e+06
6.35159e+06
7.82856e+06
9.15611e+06
8.50161e+06
7.6808e+06
5.69998e+06
4.5867e+06
5.88058e+06
6.91302e+06
3.79805e+06
1.49883e+06
2.93696e+06
6.1047e+06
8.3073e+06
9.65417e+06
1.19901e+07
1.05564e+07
5.515e+06
1.66329e+06
1.81704e+06
3.75247e+06
3.14574e+06
952529
522667
687000
551266
1.55686e+06
2.29276e+06
4.08292e+06
6.37079e+06
6.53848e+06
4.27151e+06
1.53022e+06
1.06324e+06
1.09274e+06
188308
1249
0
0
12
296
8108
96100
614509
1.94231e+06
2.85258e+06
1.61358e+06
252463
11012
267
0
0
0
0
0
0
54
980
15233
95193
214274
84890
0
0
0
0
0
0
0
0
0
0
0
0
0
0
0
0
0
0
0
0
0
0
0
0
0
0
0
0
0
0
0
0
0
0
0
0
0
0
0
0
0
0
0
0
0
0
0
0
0
0
0
0
0
0
0
0
0
0
0
0
0
0
0
0
0
0
0
0
0
0
0
0
0
0
0
0
0
0
0
0
0
0
0
0
0
0
0
0
0
0
0
0
0
0
0
0
0
0
0
0
0
0
0
0
0
0
0
0
0
0
0
0
0
0
0
0
0
0
0
0
0
0
0
0
0
0
0
0
0
0
0
0
0
0
0
0
0
0
0
0
0
0
0
0
0
0
0
0
0
0
0
0
0
0
0
0
0
0
0
0
0
0
0
0
0
0
0
0
0
0
0
0
0
0
0
0
0
0
0
0
0
0
0
0
0
0
0
0
0
0
0
0
0
0
0
0
0
0
0
0
