1.26976e+06
0
0
0
0
0
0
0
0
0
0
0
0
0
0
0
0
2625
300913
2.15288e+06
3.13221e+06
1.59454e+06
382638
49257
4843
19312
149554
616864
1.23902e+06
1.15711e+06
507779
115937
173940
1.26876e+06
4.04568e+06
5.46951e+06
3.24463e+06
921840
389669
1.35283e+06
2.64737e+06
2.26519e+06
1.03419e+06
1.11427e+06
3.1531e+06
5.13126e+06
4.03108e+06
1.69283e+06
1.02386e+06
1.64385e+06
1.70888e+06
1.7004e+06
4.57775e+06
9.56014e+06
9.65848e+06
4.84987e+06
1.82799e+06
1.42381e+06
1.55676e+06
2.99202e+06
6.39588e+06
7.75087e+06
5.53063e+06
4.69614e+06
5.4344e+06
4.61306e+06
4.40825e+06
5.50253e+06
5.01266e+06
4.66271e+06
5.88213e+06
7.29778e+06
1.1541e+07
1.56747e+07
1.16104e+07
4.48509e+06
1.83877e+06
4.3481e+06
9.12175e+06
1.0024e+07
6.65851e+06
4.66438e+06
5.95697e+06
9.68279e+06
1.13376e+07
9.81637e+06
9.65181e+06
1.20771e+07
1.62272e+07
1.59395e+07
1.12902e+07
9.01741e+06
1.03049e+07
1.20657e+07
1.06494e+07
9.03134e+06
9.76767e+06
1.15805e+07
1.03156e+07
7.53913e+06
1.00723e+07
1.72611e+07
1.92354e+07
1.5227e+07
1.57147e+07
2.20201e+07
2.43983e+07
1.99719e+07
1.45081e+07
9.88801e+06
6.39387e+06
6.3065e+06
1.32254e+07
2.07067e+07
1.81716e+07
1.37997e+07
1.8766e+07
2.12452e+07
1.9377e+07
1.42182e+07
1.49056e+07
1.65217e+07
1.831e+07
2.3988e+07
2.13763e+07
1.59106e+07
1.43899e+07
1.46351e+07
1.21147e+07
7.50091e+06
7.1382e+06
9.73871e+06
1.22024e+07
1.66568e+07
1.9549e+07
2.06871e+07
2.09587e+07
1.3971e+07
9.82444e+06
1.21001e+07
1.41608e+07
1.31511e+07
1.1863e+07
8.81911e+06
7.08487e+06
9.0909e+06
1.07149e+07
5.86404e+06
2.3094e+06
4.5419e+06
9.44306e+06
1.28088e+07
1.49379e+07
1.85544e+07
1.63401e+07
8.51769e+06
2.5607e+06
2.80467e+06
5.81975e+06
4.86002e+06
1.46758e+06
804994
1.06549e+06
848206
2.41157e+06
3.54512e+06
6.31402e+06
9.84516e+06
1.01237e+07
6.59086e+06
2.36604e+06
1.64553e+06
1.69342e+06
289233
1864
2
0
12
408
11864
146535
951925
3.01124e+06
4.40732e+06
2.49093e+06
390196
17032
376
0
0
0
0
0
0
61
1509
23163
147254
332700
130193
0
0
0
0
0
0
0
0
0
0
0
0
0
0
0
0
0
0
0
0
0
0
0
0
0
0
0
0
0
0
0
0
0
0
0
0
0
0
0
0
0
0
0
0
0
0
0
0
0
0
0
0
0
0
0
0
0
0
0
0
0
0
0
0
0
0
0
0
0
0
0
0
0
0
0
0
0
0
0
0
0
0
0
0
0
0
0
0
0
0
0
0
0
0
0
0
0
0
0
0
0
0
0
0
0
0
0
0
0
0
0
0
0
0
0
0
0
0
0
0
0
0
0
0
0
0
0
0
0
0
0
0
0
0
0
0
0
0
0
0
0
0
0
0
0
0
0
0
0
0
0
0
0
0
0
0
0
0
0
0
0
0
0
0
0
0
0
0
0
0
0
0
0
0
0
0
0
0
0
0
0
0
0
0
0
0
0
0
0
0
0
0
0
0
0
0
0
0
0
0
