499712
0
0
0
0
0
0
0
0
0
0
0
0
0
0
0
0
1034
119227
844314
1.23599e+06
625898
150894
19458
2029
7327
59669
242010
487567
455488
199714
45957
70652
501587
1.58388e+06
2.15796e+06
1.26981e+06
366330
156260
530761
1.0448e+06
888472
406732
439187
1.23615e+06
2.03046e+06
1.58099e+06
665889
402655
646427
675139
672833
1.79616e+06
3.76251e+06
3.80006e+06
1.90132e+06
722484
567018
614213
1.17476e+06
2.512e+06
3.06243e+06
2.16632e+06
1.84428e+06
2.14927e+06
1.80978e+06
1.73035e+06
2.17565e+06
1.97039e+06
1.82531e+06
2.33411e+06
2.87399e+06
4.52091e+06
6.18499e+06
4.5488e+06
1.76758e+06
733101
1.70632e+06
3.59547e+06
3.95451e+06
2.60877e+06
1.84024e+06
2.33753e+06
3.80845e+06
4.477e+06
3.84433e+06
3.81794e+06
4.73098e+06
6.39869e+06
6.27985e+06
4.42791e+06
3.56988e+06
4.03542e+06
4.7621e+06
4.17006e+06
3.57499e+06
3.83258e+06
4.56453e+06
4.05892e+06
2.96644e+06
3.95956e+06
6.80159e+06
7.58167e+06
5.9753e+06
6.17228e+06
8.67508e+06
9.61413e+06
7.84338e+06
5.71541e+06
3.88866e+06
2.52728e+06
2.48592e+06
5.18115e+06
8.18572e+06
7.12619e+06
5.4232e+06
7.37817e+06
8.38395e+06
7.61498e+06
5.59462e+06
5.88788e+06
6.49224e+06
7.1986e+06
9.4326e+06
8.43128e+06
6.24941e+06
5.65302e+06
5.77978e+06
4.75907e+06
2.95201e+06
2.81528e+06
3.82961e+06
4.79642e+06
6.56685e+06
7.68997e+06
8.12045e+06
8.27264e+06
5.50302e+06
3.85186e+06
4.77011e+06
5.57429e+06
5.16047e+06
4.68408e+06
3.46344e+06
2.79137e+06
3.58137e+06
4.2023e+06
2.31287e+06
910017
1.78198e+06
3.71304e+06
5.07901e+06
5.85346e+06
7.29568e+06
6.42624e+06
3.36274e+06
1.00904e+06
1.10209e+06
2.27918e+06
1.92337e+06
576392
317545
417889
336474
944942
1.39468e+06
2.47982e+06
3.88342e+06
3.97156e+06
2.61029e+06
927255
644163
666191
115959
813
0
0
8
209
5042
58077
372285
1.17751e+06
1.7396e+06
985247
152632
6639
160
0
0
0
0
0
0
27
591
9129
56786
129928
53395
0
0
0
0
0
0
0
0
0
0
0
0
0
0
0
0
0
0
0
0
0
0
0
0
0
0
0
0
0
0
0
0
0
0
0
0
0
0
0
0
0
0
0
0
0
0
0
0
0
0
0
0
0
0
0
0
0
0
0
0
0
0
0
0
0
0
0
0
0
0
0
0
0
0
0
0
0
0
0
0
0
0
0
0
0
0
0
0
0
0
0
0
0
0
0
0
0
0
0
0
0
0
0
0
0
0
0
0
0
0
0
0
0
0
0
0
0
0
0
0
0
0
0
0
0
0
0
0
0
0
0
0
0
0
0
0
0
0
0
0
0
0
0
0
0
0
0
0
0
0
0
0
0
0
0
0
0
0
0
0
0
0
0
0
0
0
0
0
0
0
0
0
0
0
0
0
0
0
0
0
0
0
0
0
0
0
0
0
0
0
0
0
0
0
0
0
0
0
0
0
