573440
0
0
0
0
0
0
0
0
0
0
0
0
0
0
0
0
1205
136787
969045
1.41841e+06
718262
172965
22292
2310
8526
68262
277880
559838
522433
228800
53014
80384
574601
1.81962e+06
2.47655e+06
1.45859e+06
418828
178713
609006
1.19842e+06
1.02037e+06
467286
503505
1.41841e+06
2.33054e+06
1.8129e+06
764058
462773
742131
775044
770704
2.06087e+06
4.31822e+06
4.36279e+06
2.18204e+06
828263
650129
704760
1.34704e+06
2.88451e+06
3.51193e+06
2.48754e+06
2.11768e+06
2.46395e+06
2.0762e+06
1.98749e+06
2.4971e+06
2.26118e+06
2.09474e+06
2.67596e+06
3.29711e+06
5.19238e+06
7.09276e+06
5.2247e+06
2.02771e+06
840792
1.95795e+06
4.124e+06
4.53784e+06
2.99493e+06
2.1107e+06
2.68247e+06
4.37214e+06
5.13596e+06
4.41416e+06
4.37772e+06
5.43409e+06
7.33888e+06
7.20678e+06
5.08378e+06
4.09124e+06
4.63512e+06
5.46171e+06
4.78814e+06
4.10023e+06
4.39987e+06
5.23593e+06
4.6584e+06
3.40358e+06
4.54336e+06
7.80712e+06
8.69972e+06
6.85895e+06
7.08151e+06
9.95491e+06
1.10299e+07
9.00357e+06
6.55862e+06
4.46416e+06
2.89771e+06
2.85109e+06
5.95174e+06
9.38319e+06
8.18177e+06
6.22322e+06
8.4714e+06
9.61581e+06
8.74039e+06
6.42236e+06
6.75448e+06
7.4542e+06
8.25601e+06
1.08254e+07
9.67314e+06
7.17378e+06
6.48812e+06
6.62953e+06
5.46419e+06
3.38522e+06
3.23039e+06
4.39493e+06
5.50423e+06
7.53139e+06
8.82966e+06
9.3217e+06
9.49033e+06
6.31328e+06
4.42092e+06
5.47282e+06
6.39789e+06
5.92555e+06
5.37194e+06
3.97508e+06
3.20218e+06
4.10811e+06
4.8248e+06
2.65317e+06
1.04188e+06
2.04368e+06
4.26542e+06
5.82607e+06
6.7193e+06
8.37271e+06
7.37648e+06
3.85678e+06
1.1562e+06
1.26328e+06
2.61881e+06
2.20539e+06
661980
364000
479498
384591
1.08322e+06
1.59931e+06
2.84834e+06
4.45577e+06
4.56294e+06
2.99258e+06
1.06355e+06
738430
764960
133193
911
0
0
8
213
5579
65652
424598
1.35279e+06
1.99892e+06
1.13069e+06
174814
7507
192
0
0
0
0
0
0
30
642
10312
65052
149682
61002
0
0
0
0
0
0
0
0
0
0
0
0
0
0
0
0
0
0
0
0
0
0
0
0
0
0
0
0
0
0
0
0
0
0
0
0
0
0
0
0
0
0
0
0
0
0
0
0
0
0
0
0
0
0
0
0
0
0
0
0
0
0
0
0
0
0
0
0
0
0
0
0
0
0
0
0
0
0
0
0
0
0
0
0
0
0
0
0
0
0
0
0
0
0
0
0
0
0
0
0
0
0
0
0
0
0
0
0
0
0
0
0
0
0
0
0
0
0
0
0
0
0
0
0
0
0
0
0
0
0
0
0
0
0
0
0
0
0
0
0
0
0
0
0
0
0
0
0
0
0
0
0
0
0
0
0
0
0
0
0
0
0
0
0
0
0
0
0
0
0
0
0
0
0
0
0
0
0
0
0
0
0
0
0
0
0
0
0
0
0
0
0
0
0
0
0
0
0
0
0
