165888
0
0
0
0
0
0
0
0
0
0
0
0
0
0
0
0
427
40085
277700
413781
206051
49911
6796
777
2529
19698
78095
164824
152009
64898
15302
24114
166275
519463
727421
414923
122271
52798
174381
350520
294124
133104
144906
404496
690667
517345
218916
133611
214565
225992
224079
588922
1.25566e+06
1.26426e+06
623058
241003
193553
202800
385769
827821
1.03602e+06
707306
605544
729362
593479
567853
733499
648816
600204
790751
946087
1.4792e+06
2.09274e+06
1.49017e+06
582686
248443
560526
1.19677e+06
1.32315e+06
852408
618418
768492
1.26259e+06
1.50352e+06
1.2572e+06
1.28411e+06
1.55172e+06
2.13669e+06
2.09078e+06
1.45737e+06
1.19325e+06
1.31985e+06
1.6101e+06
1.36626e+06
1.19741e+06
1.26056e+06
1.52498e+06
1.3467e+06
980972
1.30771e+06
2.26214e+06
2.53232e+06
1.97194e+06
2.04178e+06
2.87905e+06
3.20626e+06
2.59013e+06
1.90436e+06
1.28991e+06
842919
824411
1.69711e+06
2.76317e+06
2.34353e+06
1.79038e+06
2.43711e+06
2.81256e+06
2.51129e+06
1.85647e+06
1.9753e+06
2.14454e+06
2.3833e+06
3.11572e+06
2.82774e+06
2.06624e+06
1.86388e+06
1.93916e+06
1.56898e+06
976830
940953
1.26386e+06
1.58682e+06
2.20308e+06
2.54526e+06
2.68078e+06
2.76214e+06
1.82822e+06
1.26313e+06
1.5956e+06
1.85023e+06
1.69979e+06
1.56855e+06
1.14261e+06
929796
1.19099e+06
1.38644e+06
771729
301475
591525
1.22529e+06
1.7219e+06
1.90914e+06
2.42076e+06
2.13906e+06
1.12319e+06
334147
365239
746897
648497
190302
104519
139554
113548
308132
462847
822502
1.28813e+06
1.31321e+06
881986
302566
212845
221191
39781
296
0
0
3
69
1709
19500
122343
386331
580691
329594
50525
2180
47
0
0
0
0
0
0
7
254
3034
18820
42136
18693
0
0
0
0
0
0
0
0
0
0
0
0
0
0
0
0
0
0
0
0
0
0
0
0
0
0
0
0
0
0
0
0
0
0
0
0
0
0
0
0
0
0
0
0
0
0
0
0
0
0
0
0
0
0
0
0
0
0
0
0
0
0
0
0
0
0
0
0
0
0
0
0
0
0
0
0
0
0
0
0
0
0
0
0
0
0
0
0
0
0
0
0
0
0
0
0
0
0
0
0
0
0
0
0
0
0
0
0
0
0
0
0
0
0
0
0
0
0
0
0
0
0
0
0
0
0
0
0
0
0
0
0
0
0
0
0
0
0
0
0
0
0
0
0
0
0
0
0
0
0
0
0
0
0
0
0
0
0
0
0
0
0
0
0
0
0
0
0
0
0
0
0
0
0
0
0
0
0
0
0
0
0
0
0
0
0
0
0
0
0
0
0
0
0
0
0
0
0
0
0
