518144
0
0
0
0
0
0
0
0
0
0
0
0
0
0
0
0
1069
123636
875426
1.28183e+06
648835
156418
20158
2078
7557
61817
251253
505294
472256
207234
47560
73056
519534
1.643e+06
2.23814e+06
1.31678e+06
379419
161790
550172
1.08312e+06
921681
421950
455211
1.28134e+06
2.10549e+06
1.63974e+06
690160
417310
670570
700242
697228
1.86185e+06
3.90161e+06
3.94136e+06
1.97156e+06
748737
587424
637137
1.21765e+06
2.60522e+06
3.1744e+06
2.24692e+06
1.91275e+06
2.2279e+06
1.87606e+06
1.7942e+06
2.25686e+06
2.04358e+06
1.89195e+06
2.41958e+06
2.98029e+06
4.68782e+06
6.41219e+06
4.71891e+06
1.83189e+06
759620
1.76932e+06
3.72769e+06
4.10066e+06
2.70473e+06
1.90764e+06
2.42349e+06
3.95001e+06
4.64268e+06
3.98626e+06
3.95795e+06
4.90623e+06
6.6338e+06
6.51249e+06
4.59138e+06
3.69954e+06
4.1852e+06
4.9377e+06
4.32518e+06
3.70649e+06
3.97323e+06
4.73262e+06
4.20884e+06
3.07601e+06
4.10408e+06
7.054e+06
7.86236e+06
6.19543e+06
6.39867e+06
8.99569e+06
9.96826e+06
8.13382e+06
5.92596e+06
4.03295e+06
2.61917e+06
2.5764e+06
5.37262e+06
8.48779e+06
7.38991e+06
5.62241e+06
7.65073e+06
8.69422e+06
7.89596e+06
5.80061e+06
6.10432e+06
6.73269e+06
7.46142e+06
9.78261e+06
8.74234e+06
6.47946e+06
5.862e+06
5.99319e+06
4.93544e+06
3.05914e+06
2.91803e+06
3.97055e+06
4.97373e+06
6.80902e+06
7.97584e+06
8.42109e+06
8.57642e+06
5.70532e+06
3.99377e+06
4.94536e+06
5.78038e+06
5.35153e+06
4.856e+06
3.59165e+06
2.89375e+06
3.71332e+06
4.35846e+06
2.39853e+06
942158
1.84728e+06
3.85131e+06
5.26514e+06
6.07001e+06
7.56557e+06
6.66371e+06
3.48654e+06
1.04561e+06
1.14149e+06
2.36459e+06
1.99445e+06
597816
329002
433177
348169
979773
1.44598e+06
2.5729e+06
4.02583e+06
4.11883e+06
2.70602e+06
961423
667895
690937
120238
835
0
0
8
212
5176
59863
385553
1.22142e+06
1.80418e+06
1.02147e+06
158335
6929
162
0
0
0
0
0
0
27
612
9439
58773
134881
55340
0
0
0
0
0
0
0
0
0
0
0
0
0
0
0
0
0
0
0
0
0
0
0
0
0
0
0
0
0
0
0
0
0
0
0
0
0
0
0
0
0
0
0
0
0
0
0
0
0
0
0
0
0
0
0
0
0
0
0
0
0
0
0
0
0
0
0
0
0
0
0
0
0
0
0
0
0
0
0
0
0
0
0
0
0
0
0
0
0
0
0
0
0
0
0
0
0
0
0
0
0
0
0
0
0
0
0
0
0
0
0
0
0
0
0
0
0
0
0
0
0
0
0
0
0
0
0
0
0
0
0
0
0
0
0
0
0
0
0
0
0
0
0
0
0
0
0
0
0
0
0
0
0
0
0
0
0
0
0
0
0
0
0
0
0
0
0
0
0
0
0
0
0
0
0
0
0
0
0
0
0
0
0
0
0
0
0
0
0
0
0
0
0
0
0
0
0
0
0
0
