929792
0
0
0
0
0
0
0
0
0
0
0
0
0
0
0
0
1955
220563
1.57607e+06
2.2942e+06
1.16618e+06
280594
36576
3599
14298
110795
450365
907085
846159
372215
85703
129401
929580
2.96029e+06
4.00515e+06
2.37059e+06
677990
288390
990544
1.93911e+06
1.65559e+06
758621
821029
2.30714e+06
3.75502e+06
2.94362e+06
1.24446e+06
753889
1.20204e+06
1.25208e+06
1.25085e+06
3.35644e+06
6.99156e+06
7.0586e+06
3.55267e+06
1.34616e+06
1.04734e+06
1.14251e+06
2.19612e+06
4.67619e+06
5.66888e+06
4.05059e+06
3.44165e+06
3.97898e+06
3.3759e+06
3.23102e+06
4.03026e+06
3.67093e+06
3.41353e+06
4.31428e+06
5.35326e+06
8.44028e+06
1.14634e+07
8.48557e+06
3.29961e+06
1.36244e+06
3.18829e+06
6.66938e+06
7.33467e+06
4.87551e+06
3.4242e+06
4.36618e+06
7.08189e+06
8.30225e+06
7.18187e+06
7.08517e+06
8.83673e+06
1.18766e+07
1.16648e+07
8.26733e+06
6.62011e+06
7.53916e+06
8.83225e+06
7.78837e+06
6.62906e+06
7.1522e+06
8.47134e+06
7.54813e+06
5.53317e+06
7.38589e+06
1.26329e+07
1.40774e+07
1.11495e+07
1.15149e+07
1.61196e+07
1.78596e+07
1.4613e+07
1.06315e+07
7.23909e+06
4.69603e+06
4.63829e+06
9.67557e+06
1.51491e+07
1.3288e+07
1.01227e+07
1.37417e+07
1.55557e+07
1.41855e+07
1.04155e+07
1.09282e+07
1.20947e+07
1.34152e+07
1.75478e+07
1.56482e+07
1.16523e+07
1.0532e+07
1.07262e+07
8.86798e+06
5.49978e+06
5.23704e+06
7.1303e+06
8.93475e+06
1.21906e+07
1.43087e+07
1.51435e+07
1.53437e+07
1.02401e+07
7.19873e+06
8.86001e+06
1.03634e+07
9.63e+06
8.69139e+06
6.4544e+06
5.19475e+06
6.65773e+06
7.82598e+06
4.29958e+06
1.69916e+06
3.32849e+06
6.91073e+06
9.39603e+06
1.09383e+07
1.35734e+07
1.1948e+07
6.24172e+06
1.88644e+06
2.06047e+06
4.24977e+06
3.55681e+06
1.07817e+06
592484
777851
625824
1.76545e+06
2.59658e+06
4.62259e+06
7.20815e+06
7.40246e+06
4.8326e+06
1.73446e+06
1.20622e+06
1.23628e+06
212327
1382
0
0
12
346
9134
109663
699328
2.20267e+06
3.22397e+06
1.82351e+06
286527
12659
305
0
0
0
0
0
0
57
1146
17343
108380
242652
95318
0
0
0
0
0
0
0
0
0
0
0
0
0
0
0
0
0
0
0
0
0
0
0
0
0
0
0
0
0
0
0
0
0
0
0
0
0
0
0
0
0
0
0
0
0
0
0
0
0
0
0
0
0
0
0
0
0
0
0
0
0
0
0
0
0
0
0
0
0
0
0
0
0
0
0
0
0
0
0
0
0
0
0
0
0
0
0
0
0
0
0
0
0
0
0
0
0
0
0
0
0
0
0
0
0
0
0
0
0
0
0
0
0
0
0
0
0
0
0
0
0
0
0
0
0
0
0
0
0
0
0
0
0
0
0
0
0
0
0
0
0
0
0
0
0
0
0
0
0
0
0
0
0
0
0
0
0
0
0
0
0
0
0
0
0
0
0
0
0
0
0
0
0
0
0
0
0
0
0
0
0
0
0
0
0
0
0
0
0
0
0
0
0
0
0
0
0
0
0
0
