1.8473e+06
0
0
0
0
0
0
0
0
0
0
0
0
0
0
0
2
3715
437226
3.13345e+06
4.55399e+06
2.32254e+06
556840
70995
6867
27957
217099
897686
1.80273e+06
1.68431e+06
738983
167903
252644
1.8455e+06
5.8891e+06
7.9508e+06
4.72738e+06
1.33945e+06
565269
1.96835e+06
3.85024e+06
3.29696e+06
1.50607e+06
1.61779e+06
4.59105e+06
7.45808e+06
5.87238e+06
2.46132e+06
1.48884e+06
2.38922e+06
2.48702e+06
2.46965e+06
6.65911e+06
1.3908e+07
1.40657e+07
7.05723e+06
2.65504e+06
2.06604e+06
2.25985e+06
4.35101e+06
9.31436e+06
1.12738e+07
8.05006e+06
6.83364e+06
7.89494e+06
6.71377e+06
6.41579e+06
8.0039e+06
7.2972e+06
6.78203e+06
8.54919e+06
1.06308e+07
1.67992e+07
2.27774e+07
1.6909e+07
6.52256e+06
2.66373e+06
6.33069e+06
1.32789e+07
1.45801e+07
9.68735e+06
6.7763e+06
8.6644e+06
1.40956e+07
1.64957e+07
1.42974e+07
1.40213e+07
1.75744e+07
2.36016e+07
2.31937e+07
1.64396e+07
1.3108e+07
1.49983e+07
1.75341e+07
1.55063e+07
1.31347e+07
1.42163e+07
1.68409e+07
1.5006e+07
1.0977e+07
1.46488e+07
2.51091e+07
2.79776e+07
2.21715e+07
2.28617e+07
3.20371e+07
3.54774e+07
2.90756e+07
2.11025e+07
1.43811e+07
9.29153e+06
9.18436e+06
1.92663e+07
3.00747e+07
2.6447e+07
2.00993e+07
2.73025e+07
3.08868e+07
2.81981e+07
2.06983e+07
2.16814e+07
2.40422e+07
2.66408e+07
3.4902e+07
3.10767e+07
2.31546e+07
2.09455e+07
2.12708e+07
1.76336e+07
1.09188e+07
1.03826e+07
1.41834e+07
1.77518e+07
2.42022e+07
2.84335e+07
3.01228e+07
3.0483e+07
2.03209e+07
1.43063e+07
1.7602e+07
2.05997e+07
1.91509e+07
1.72422e+07
1.28288e+07
1.03201e+07
1.32167e+07
1.55843e+07
8.5228e+06
3.36406e+06
6.61369e+06
1.37374e+07
1.86227e+07
2.17671e+07
2.69875e+07
2.37586e+07
1.23838e+07
3.72698e+06
4.0925e+06
8.46797e+06
7.05599e+06
2.13595e+06
1.17386e+06
1.54842e+06
1.23463e+06
3.50877e+06
5.15228e+06
9.19321e+06
1.43394e+07
1.47296e+07
9.56922e+06
3.44262e+06
2.39884e+06
2.45794e+06
419378
2719
2
0
13
580
16698
212141
1.38599e+06
4.38159e+06
6.41394e+06
3.62154e+06
568738
23952
481
3
0
0
0
0
0
72
2116
32885
214197
484783
189595
0
0
0
0
0
0
0
0
0
0
0
0
0
0
0
0
0
0
0
0
0
0
0
0
0
0
0
0
0
0
0
0
0
0
0
0
0
0
0
0
0
0
0
0
0
0
0
0
0
0
0
0
0
0
0
0
0
0
0
0
0
0
0
0
0
0
0
0
0
0
0
0
0
0
0
0
0
0
0
0
0
0
0
0
0
0
0
0
0
0
0
0
0
0
0
0
0
0
0
0
0
0
0
0
0
0
0
0
0
0
0
0
0
0
0
0
0
0
0
0
0
0
0
0
0
0
0
0
0
0
0
0
0
0
0
0
0
0
0
0
0
0
0
0
0
0
0
0
0
0
0
0
0
0
0
0
0
0
0
0
0
0
0
0
0
0
0
0
0
0
0
0
0
0
0
0
0
0
0
0
0
0
0
0
0
0
0
0
0
0
0
0
0
0
0
0
0
0
0
0
