1.66502e+06
0
0
0
0
0
0
0
0
0
0
0
0
0
0
0
2
3387
393976
2.82433e+06
4.10501e+06
2.09263e+06
502225
64038
6217
25097
195944
809359
1.62499e+06
1.51704e+06
666261
151781
227727
1.66343e+06
5.30841e+06
7.16645e+06
4.25866e+06
1.20853e+06
509772
1.77474e+06
3.46978e+06
2.97146e+06
1.35702e+06
1.45865e+06
4.13627e+06
6.72681e+06
5.29022e+06
2.21807e+06
1.34234e+06
2.1543e+06
2.24109e+06
2.22705e+06
5.99916e+06
1.25385e+07
1.26762e+07
6.35892e+06
2.3945e+06
1.86353e+06
2.03672e+06
3.9221e+06
8.39584e+06
1.01623e+07
7.25143e+06
6.15846e+06
7.12273e+06
6.04998e+06
5.7811e+06
7.21549e+06
6.57321e+06
6.11371e+06
7.70861e+06
9.57736e+06
1.51395e+07
2.05404e+07
1.52359e+07
5.87722e+06
2.40172e+06
5.70478e+06
1.1971e+07
1.31426e+07
8.72883e+06
6.1089e+06
7.80937e+06
1.27059e+07
1.48678e+07
1.28803e+07
1.26408e+07
1.58413e+07
2.12779e+07
2.09021e+07
1.48164e+07
1.18133e+07
1.35129e+07
1.58145e+07
1.39754e+07
1.18363e+07
1.28129e+07
1.51833e+07
1.35263e+07
9.88973e+06
1.32015e+07
2.26324e+07
2.52187e+07
1.99806e+07
2.0605e+07
2.88767e+07
3.19838e+07
2.62025e+07
1.90253e+07
1.29606e+07
8.37172e+06
8.26979e+06
1.73634e+07
2.7127e+07
2.38379e+07
1.81019e+07
2.46115e+07
2.78469e+07
2.54104e+07
1.86483e+07
1.95472e+07
2.16711e+07
2.40082e+07
3.14576e+07
2.80178e+07
2.08672e+07
1.88755e+07
1.9182e+07
1.58884e+07
9.83614e+06
9.35908e+06
1.27812e+07
1.59987e+07
2.18213e+07
2.56292e+07
2.71454e+07
2.74839e+07
1.83179e+07
1.28842e+07
1.58645e+07
1.8575e+07
1.7254e+07
1.55467e+07
1.15602e+07
9.29674e+06
1.1916e+07
1.40529e+07
7.68269e+06
3.02708e+06
5.95744e+06
1.23835e+07
1.67898e+07
1.96045e+07
2.4328e+07
2.14279e+07
1.11635e+07
3.35306e+06
3.68191e+06
7.63362e+06
6.36926e+06
1.92311e+06
1.05718e+06
1.39545e+06
1.11179e+06
3.16075e+06
4.64471e+06
8.28463e+06
1.29206e+07
1.32785e+07
8.63328e+06
3.09914e+06
2.15986e+06
2.21835e+06
378458
2449
2
0
12
500
15081
190922
1.24764e+06
3.94881e+06
5.78312e+06
3.26505e+06
512115
21532
437
3
0
0
0
0
0
63
1886
29731
192487
437491
170854
0
0
0
0
0
0
0
0
0
0
0
0
0
0
0
0
0
0
0
0
0
0
0
0
0
0
0
0
0
0
0
0
0
0
0
0
0
0
0
0
0
0
0
0
0
0
0
0
0
0
0
0
0
0
0
0
0
0
0
0
0
0
0
0
0
0
0
0
0
0
0
0
0
0
0
0
0
0
0
0
0
0
0
0
0
0
0
0
0
0
0
0
0
0
0
0
0
0
0
0
0
0
0
0
0
0
0
0
0
0
0
0
0
0
0
0
0
0
0
0
0
0
0
0
0
0
0
0
0
0
0
0
0
0
0
0
0
0
0
0
0
0
0
0
0
0
0
0
0
0
0
0
0
0
0
0
0
0
0
0
0
0
0
0
0
0
0
0
0
0
0
0
0
0
0
0
0
0
0
0
0
0
0
0
0
0
0
0
0
0
0
0
0
0
0
0
0
0
0
0
