1.40698e+06
0
0
0
0
0
0
0
0
0
0
0
0
0
0
0
0
2912
333155
2.38568e+06
3.47029e+06
1.7679e+06
424063
53995
5356
21144
165113
682604
1.37534e+06
1.28322e+06
561523
128024
191858
1.40362e+06
4.48448e+06
6.06336e+06
3.59734e+06
1.01934e+06
429511
1.49914e+06
2.93376e+06
2.51242e+06
1.1443e+06
1.2292e+06
3.49324e+06
5.6954e+06
4.46963e+06
1.87068e+06
1.13171e+06
1.8226e+06
1.89446e+06
1.879e+06
5.06531e+06
1.06015e+07
1.07173e+07
5.37033e+06
2.0175e+06
1.57707e+06
1.7226e+06
3.30909e+06
7.09357e+06
8.5978e+06
6.12156e+06
5.20215e+06
6.02627e+06
5.11013e+06
4.87969e+06
6.10194e+06
5.55371e+06
5.16409e+06
6.51704e+06
8.08034e+06
1.27866e+07
1.73843e+07
1.288e+07
4.95531e+06
2.02248e+06
4.81386e+06
1.01208e+07
1.11179e+07
7.37263e+06
5.15772e+06
6.59295e+06
1.07407e+07
1.25705e+07
1.08749e+07
1.06832e+07
1.33788e+07
1.79909e+07
1.76733e+07
1.25094e+07
9.98084e+06
1.14141e+07
1.33773e+07
1.18036e+07
9.99784e+06
1.08223e+07
1.2841e+07
1.14365e+07
8.34314e+06
1.11407e+07
1.91386e+07
2.13331e+07
1.68621e+07
1.73925e+07
2.44128e+07
2.7055e+07
2.21354e+07
1.60709e+07
1.09537e+07
7.07609e+06
6.96347e+06
1.46569e+07
2.29686e+07
2.01468e+07
1.5258e+07
2.07998e+07
2.35536e+07
2.14748e+07
1.57445e+07
1.65136e+07
1.83016e+07
2.02731e+07
2.66032e+07
2.3699e+07
1.76287e+07
1.59404e+07
1.62188e+07
1.34242e+07
8.30028e+06
7.89798e+06
1.07948e+07
1.35208e+07
1.84635e+07
2.16631e+07
2.29238e+07
2.32352e+07
1.5482e+07
1.08737e+07
1.34067e+07
1.56973e+07
1.45673e+07
1.31452e+07
9.77492e+06
7.84396e+06
1.00726e+07
1.18907e+07
6.49389e+06
2.5501e+06
5.02769e+06
1.04681e+07
1.41903e+07
1.65467e+07
2.05662e+07
1.81184e+07
9.44002e+06
2.82734e+06
3.09982e+06
6.45496e+06
5.39269e+06
1.62257e+06
890535
1.18102e+06
935909
2.669e+06
3.92793e+06
6.99911e+06
1.09132e+07
1.12235e+07
7.30215e+06
2.61741e+06
1.8225e+06
1.87866e+06
320682
2059
2
0
12
431
12795
160996
1.05101e+06
3.33652e+06
4.88852e+06
2.76195e+06
431640
18519
399
0
0
0
0
0
0
61
1629
25279
162640
369120
144759
0
0
0
0
0
0
0
0
0
0
0
0
0
0
0
0
0
0
0
0
0
0
0
0
0
0
0
0
0
0
0
0
0
0
0
0
0
0
0
0
0
0
0
0
0
0
0
0
0
0
0
0
0
0
0
0
0
0
0
0
0
0
0
0
0
0
0
0
0
0
0
0
0
0
0
0
0
0
0
0
0
0
0
0
0
0
0
0
0
0
0
0
0
0
0
0
0
0
0
0
0
0
0
0
0
0
0
0
0
0
0
0
0
0
0
0
0
0
0
0
0
0
0
0
0
0
0
0
0
0
0
0
0
0
0
0
0
0
0
0
0
0
0
0
0
0
0
0
0
0
0
0
0
0
0
0
0
0
0
0
0
0
0
0
0
0
0
0
0
0
0
0
0
0
0
0
0
0
0
0
0
0
0
0
0
0
0
0
0
0
0
0
0
0
0
0
0
0
0
0
