1.96198e+06
0
0
0
0
0
0
0
0
0
0
0
0
0
0
0
2
3924
464311
3.32775e+06
4.83749e+06
2.46632e+06
591160
75580
7428
29792
230297
953123
1.91544e+06
1.78866e+06
784593
178271
268655
1.96026e+06
6.25505e+06
8.44369e+06
5.01997e+06
1.42308e+06
600760
2.09079e+06
4.08945e+06
3.50153e+06
1.5999e+06
1.71785e+06
4.87615e+06
7.92066e+06
6.23684e+06
2.61328e+06
1.58146e+06
2.53855e+06
2.64192e+06
2.62321e+06
7.0727e+06
1.47721e+07
1.49373e+07
7.49406e+06
2.82073e+06
2.19521e+06
2.39941e+06
4.62107e+06
9.89419e+06
1.1973e+07
8.54926e+06
7.25879e+06
8.38406e+06
7.13025e+06
6.81173e+06
8.50302e+06
7.75262e+06
7.2037e+06
9.07916e+06
1.12905e+07
1.78451e+07
2.4187e+07
1.79564e+07
6.92658e+06
2.83309e+06
6.72513e+06
1.41044e+07
1.54816e+07
1.02876e+07
7.19876e+06
9.20045e+06
1.4975e+07
1.75185e+07
1.51854e+07
1.48933e+07
1.86691e+07
2.50619e+07
2.46301e+07
1.74597e+07
1.39241e+07
1.59338e+07
1.86185e+07
1.64666e+07
1.39514e+07
1.51032e+07
1.78833e+07
1.59323e+07
1.16628e+07
1.55626e+07
2.66713e+07
2.97091e+07
2.3549e+07
2.42867e+07
3.40224e+07
3.76698e+07
3.08839e+07
2.241e+07
1.52778e+07
9.87073e+06
9.76032e+06
2.04676e+07
3.19291e+07
2.80833e+07
2.13542e+07
2.90042e+07
3.28001e+07
2.99454e+07
2.19884e+07
2.30312e+07
2.55372e+07
2.82963e+07
3.70641e+07
3.29952e+07
2.45945e+07
2.2247e+07
2.25892e+07
1.8733e+07
1.16021e+07
1.10287e+07
1.50634e+07
1.88508e+07
2.57019e+07
3.01972e+07
3.19971e+07
3.23699e+07
2.15801e+07
1.52025e+07
1.86972e+07
2.18761e+07
2.03401e+07
1.83104e+07
1.36245e+07
1.09632e+07
1.4037e+07
1.65432e+07
9.05373e+06
3.57523e+06
7.0248e+06
1.45932e+07
1.97818e+07
2.31205e+07
2.86645e+07
2.52258e+07
1.31486e+07
3.96248e+06
4.34973e+06
8.99242e+06
7.48829e+06
2.2706e+06
1.24685e+06
1.64521e+06
1.31151e+06
3.726e+06
5.47276e+06
9.76345e+06
1.52343e+07
1.56463e+07
1.01558e+07
3.65815e+06
2.54738e+06
2.60951e+06
445533
2917
2
0
13
632
17615
225231
1.47206e+06
4.65428e+06
6.81208e+06
3.84579e+06
604184
25445
523
3
0
0
0
0
0
82
2274
34791
227213
515106
201526
0
0
0
0
0
0
0
0
0
0
0
0
0
0
0
0
0
0
0
0
0
0
0
0
0
0
0
0
0
0
0
0
0
0
0
0
0
0
0
0
0
0
0
0
0
0
0
0
0
0
0
0
0
0
0
0
0
0
0
0
0
0
0
0
0
0
0
0
0
0
0
0
0
0
0
0
0
0
0
0
0
0
0
0
0
0
0
0
0
0
0
0
0
0
0
0
0
0
0
0
0
0
0
0
0
0
0
0
0
0
0
0
0
0
0
0
0
0
0
0
0
0
0
0
0
0
0
0
0
0
0
0
0
0
0
0
0
0
0
0
0
0
0
0
0
0
0
0
0
0
0
0
0
0
0
0
0
0
0
0
0
0
0
0
0
0
0
0
0
0
0
0
0
0
0
0
0
0
0
0
0
0
0
0
0
0
0
0
0
0
0
0
0
0
0
0
0
0
0
0
