1.77357e+06
0
0
0
0
0
0
0
0
0
0
0
0
0
0
0
2
3573
419915
3.00843e+06
4.3721e+06
2.22974e+06
534714
68097
6588
26653
208304
862248
1.73101e+06
1.61686e+06
709620
161057
242164
1.77149e+06
5.65513e+06
7.63454e+06
4.53672e+06
1.28664e+06
542368
1.88961e+06
3.69726e+06
3.16556e+06
1.44505e+06
1.55179e+06
4.40877e+06
7.16357e+06
5.63653e+06
2.36273e+06
1.42842e+06
2.29562e+06
2.38675e+06
2.37001e+06
6.39085e+06
1.33583e+07
1.35043e+07
6.77332e+06
2.54889e+06
1.98415e+06
2.1693e+06
4.17594e+06
8.94432e+06
1.0827e+07
7.72469e+06
6.56019e+06
7.58387e+06
6.44396e+06
6.15957e+06
7.68518e+06
7.0036e+06
6.51178e+06
8.2088e+06
1.02031e+07
1.61281e+07
2.18776e+07
1.62331e+07
6.25851e+06
2.55486e+06
6.076e+06
1.27536e+07
1.40016e+07
9.2967e+06
6.50498e+06
8.31809e+06
1.35355e+07
1.58371e+07
1.37237e+07
1.34613e+07
1.68712e+07
2.26675e+07
2.22681e+07
1.5781e+07
1.25821e+07
1.43959e+07
1.68428e+07
1.48865e+07
1.26077e+07
1.36487e+07
1.61725e+07
1.44089e+07
1.05321e+07
1.40608e+07
2.41118e+07
2.68649e+07
2.12803e+07
2.19473e+07
3.07622e+07
3.40677e+07
2.79135e+07
2.02617e+07
1.38054e+07
8.91644e+06
8.8101e+06
1.84962e+07
2.88918e+07
2.53917e+07
1.92844e+07
2.62127e+07
2.96621e+07
2.70719e+07
1.9867e+07
2.08151e+07
2.30806e+07
2.55759e+07
3.35151e+07
2.98413e+07
2.22287e+07
2.0108e+07
2.04235e+07
1.69289e+07
1.04786e+07
9.96599e+06
1.36172e+07
1.70415e+07
2.32427e+07
2.73011e+07
2.89167e+07
2.92721e+07
1.95114e+07
1.37261e+07
1.68999e+07
1.97817e+07
1.83825e+07
1.65585e+07
1.23155e+07
9.90407e+06
1.26907e+07
1.4968e+07
8.18328e+06
3.22657e+06
6.34663e+06
1.31906e+07
1.78775e+07
2.089e+07
2.59185e+07
2.2818e+07
1.18895e+07
3.57421e+06
3.92345e+06
8.13192e+06
6.78077e+06
2.04883e+06
1.12588e+06
1.48709e+06
1.18384e+06
3.36753e+06
4.94771e+06
8.82518e+06
1.37663e+07
1.41445e+07
9.19132e+06
3.30256e+06
2.30158e+06
2.36178e+06
402525
2600
2
0
13
548
16015
203265
1.3294e+06
4.20637e+06
6.16075e+06
3.47643e+06
546126
22726
465
3
0
0
0
0
0
72
2017
31502
205413
465746
182034
0
0
0
0
0
0
0
0
0
0
0
0
0
0
0
0
0
0
0
0
0
0
0
0
0
0
0
0
0
0
0
0
0
0
0
0
0
0
0
0
0
0
0
0
0
0
0
0
0
0
0
0
0
0
0
0
0
0
0
0
0
0
0
0
0
0
0
0
0
0
0
0
0
0
0
0
0
0
0
0
0
0
0
0
0
0
0
0
0
0
0
0
0
0
0
0
0
0
0
0
0
0
0
0
0
0
0
0
0
0
0
0
0
0
0
0
0
0
0
0
0
0
0
0
0
0
0
0
0
0
0
0
0
0
0
0
0
0
0
0
0
0
0
0
0
0
0
0
0
0
0
0
0
0
0
0
0
0
0
0
0
0
0
0
0
0
0
0
0
0
0
0
0
0
0
0
0
0
0
0
0
0
0
0
0
0
0
0
0
0
0
0
0
0
0
0
0
0
0
0
