1.05062e+06
0
0
0
0
0
0
0
0
0
0
0
0
0
0
0
0
2170
249230
1.78106e+06
2.5915e+06
1.31866e+06
317180
41062
4011
16197
124692
509502
1.0244e+06
956842
420534
96584
145498
1.05078e+06
3.34545e+06
4.52423e+06
2.68146e+06
765672
324626
1.11945e+06
2.18989e+06
1.87202e+06
857840
925492
2.60804e+06
4.24248e+06
3.32903e+06
1.40526e+06
851007
1.35846e+06
1.41339e+06
1.41286e+06
3.79206e+06
7.9001e+06
7.98028e+06
4.01692e+06
1.5181e+06
1.18153e+06
1.2897e+06
2.48041e+06
5.28475e+06
6.40768e+06
4.57874e+06
3.88907e+06
4.49336e+06
3.81818e+06
3.64972e+06
4.55061e+06
4.14917e+06
3.8584e+06
4.86978e+06
6.04706e+06
9.54175e+06
1.29558e+07
9.59599e+06
3.72466e+06
1.53287e+06
3.6016e+06
7.53808e+06
8.28812e+06
5.51117e+06
3.8655e+06
4.93447e+06
8.00242e+06
9.37974e+06
8.12232e+06
7.99587e+06
9.99128e+06
1.34206e+07
1.318e+07
9.3454e+06
7.47294e+06
8.52089e+06
9.98099e+06
8.80588e+06
7.48322e+06
8.08306e+06
9.5738e+06
8.5305e+06
6.25088e+06
8.34371e+06
1.42709e+07
1.59079e+07
1.26046e+07
1.30108e+07
1.82113e+07
2.01808e+07
1.65196e+07
1.20103e+07
8.1794e+06
5.30129e+06
5.23688e+06
1.09355e+07
1.71183e+07
1.50236e+07
1.14372e+07
1.55257e+07
1.75733e+07
1.60314e+07
1.17669e+07
1.23453e+07
1.36673e+07
1.51602e+07
1.98313e+07
1.76761e+07
1.31734e+07
1.19033e+07
1.21139e+07
1.00209e+07
6.21575e+06
5.91192e+06
8.0575e+06
1.00984e+07
1.37723e+07
1.6168e+07
1.71201e+07
1.73357e+07
1.15681e+07
8.13335e+06
1.00112e+07
1.17109e+07
1.08824e+07
9.81877e+06
7.29495e+06
5.86754e+06
7.52374e+06
8.84795e+06
4.85714e+06
1.91857e+06
3.75981e+06
7.80805e+06
1.06103e+07
1.23654e+07
1.53388e+07
1.35046e+07
7.05277e+06
2.1278e+06
2.32802e+06
4.80484e+06
4.01765e+06
1.21851e+06
668489
879505
706595
1.99611e+06
2.93319e+06
5.22402e+06
8.14404e+06
8.36802e+06
5.45731e+06
1.95959e+06
1.3641e+06
1.39682e+06
239678
1573
2
0
12
365
10263
123234
790100
2.4898e+06
3.64457e+06
2.05928e+06
323358
14294
341
0
0
0
0
0
0
59
1334
19598
122211
274577
107533
0
0
0
0
0
0
0
0
0
0
0
0
0
0
0
0
0
0
0
0
0
0
0
0
0
0
0
0
0
0
0
0
0
0
0
0
0
0
0
0
0
0
0
0
0
0
0
0
0
0
0
0
0
0
0
0
0
0
0
0
0
0
0
0
0
0
0
0
0
0
0
0
0
0
0
0
0
0
0
0
0
0
0
0
0
0
0
0
0
0
0
0
0
0
0
0
0
0
0
0
0
0
0
0
0
0
0
0
0
0
0
0
0
0
0
0
0
0
0
0
0
0
0
0
0
0
0
0
0
0
0
0
0
0
0
0
0
0
0
0
0
0
0
0
0
0
0
0
0
0
0
0
0
0
0
0
0
0
0
0
0
0
0
0
0
0
0
0
0
0
0
0
0
0
0
0
0
0
0
0
0
0
0
0
0
0
0
0
0
0
0
0
0
0
0
0
0
0
0
0
