307200
0
0
0
0
0
0
0
0
0
0
0
0
0
0
0
0
689
73430
517637
762304
382941
93051
12216
1284
4556
36913
146604
301659
281150
122143
27874
44053
309418
969750
1.32998e+06
777784
226344
96607
324362
645749
545500
249027
268662
754377
1.26173e+06
968168
407683
246730
396448
416100
414237
1.0999e+06
2.31793e+06
2.33631e+06
1.16408e+06
445226
351439
377306
717933
1.5419e+06
1.89653e+06
1.32324e+06
1.12844e+06
1.33276e+06
1.1097e+06
1.05768e+06
1.3445e+06
1.20604e+06
1.11948e+06
1.44391e+06
1.7604e+06
2.76883e+06
3.82874e+06
2.785e+06
1.08101e+06
450736
1.04495e+06
2.21631e+06
2.44213e+06
1.59277e+06
1.13248e+06
1.4322e+06
2.34238e+06
2.76258e+06
2.35026e+06
2.35453e+06
2.89584e+06
3.94643e+06
3.86555e+06
2.71445e+06
2.20122e+06
2.46675e+06
2.94179e+06
2.55223e+06
2.20358e+06
2.35361e+06
2.81151e+06
2.4957e+06
1.81925e+06
2.42683e+06
4.18732e+06
4.67102e+06
3.66299e+06
3.7834e+06
5.33885e+06
5.9295e+06
4.81112e+06
3.51338e+06
2.39114e+06
1.55489e+06
1.52188e+06
3.17373e+06
5.06412e+06
4.36578e+06
3.32226e+06
4.53188e+06
5.17206e+06
4.67438e+06
3.43828e+06
3.62909e+06
3.98137e+06
4.41769e+06
5.79864e+06
5.20418e+06
3.83422e+06
3.46575e+06
3.56536e+06
2.92e+06
1.81055e+06
1.73506e+06
2.35022e+06
2.94764e+06
4.05018e+06
4.72027e+06
4.98266e+06
5.09847e+06
3.38713e+06
2.35427e+06
2.93626e+06
3.42958e+06
3.16505e+06
2.8885e+06
2.12638e+06
1.71589e+06
2.2024e+06
2.57931e+06
1.42487e+06
557096
1.09432e+06
2.2795e+06
3.14587e+06
3.57334e+06
4.48564e+06
3.9569e+06
2.07179e+06
618767
676766
1.39578e+06
1.1898e+06
352020
194742
257858
207737
577354
856110
1.5233e+06
2.38557e+06
2.44139e+06
1.61526e+06
565766
394492
410707
71962
497
0
0
3
132
3191
35797
228343
720068
1.07258e+06
606748
93770
4063
103
0
0
0
0
0
0
15
395
5661
34937
79273
33319
0
0
0
0
0
0
0
0
0
0
0
0
0
0
0
0
0
0
0
0
0
0
0
0
0
0
0
0
0
0
0
0
0
0
0
0
0
0
0
0
0
0
0
0
0
0
0
0
0
0
0
0
0
0
0
0
0
0
0
0
0
0
0
0
0
0
0
0
0
0
0
0
0
0
0
0
0
0
0
0
0
0
0
0
0
0
0
0
0
0
0
0
0
0
0
0
0
0
0
0
0
0
0
0
0
0
0
0
0
0
0
0
0
0
0
0
0
0
0
0
0
0
0
0
0
0
0
0
0
0
0
0
0
0
0
0
0
0
0
0
0
0
0
0
0
0
0
0
0
0
0
0
0
0
0
0
0
0
0
0
0
0
0
0
0
0
0
0
0
0
0
0
0
0
0
0
0
0
0
0
0
0
0
0
0
0
0
0
0
0
0
0
0
0
0
0
0
0
0
0
