1.86982e+06
0
0
0
0
0
0
0
0
0
0
0
0
0
0
0
2
3759
442596
3.17185e+06
4.6091e+06
2.35091e+06
563781
71865
6974
28322
219905
908460
1.82473e+06
1.7046e+06
748148
169920
256020
1.86818e+06
5.96099e+06
8.04689e+06
4.78458e+06
1.35661e+06
572298
1.9927e+06
3.89667e+06
3.33698e+06
1.52503e+06
1.63755e+06
4.64715e+06
7.54898e+06
5.94269e+06
2.49162e+06
1.50757e+06
2.41823e+06
2.51775e+06
2.5003e+06
6.74103e+06
1.40765e+07
1.42357e+07
7.14344e+06
2.68832e+06
2.09177e+06
2.28755e+06
4.40406e+06
9.42816e+06
1.14104e+07
8.14772e+06
6.91788e+06
7.99044e+06
6.79571e+06
6.49412e+06
8.10131e+06
7.38695e+06
6.86595e+06
8.65327e+06
1.07607e+07
1.70044e+07
2.30528e+07
1.71127e+07
6.60345e+06
2.69871e+06
6.40907e+06
1.34399e+07
1.47561e+07
9.80426e+06
6.86101e+06
8.77021e+06
1.4268e+07
1.66965e+07
1.44731e+07
1.41921e+07
1.77905e+07
2.38872e+07
2.34726e+07
1.66417e+07
1.32686e+07
1.51823e+07
1.77474e+07
1.56942e+07
1.32965e+07
1.43895e+07
1.70458e+07
1.51871e+07
1.11126e+07
1.4831e+07
2.54145e+07
2.83153e+07
2.24438e+07
2.31443e+07
3.2425e+07
3.59045e+07
2.94309e+07
2.136e+07
1.45581e+07
9.40592e+06
9.29923e+06
1.95038e+07
3.04363e+07
2.67664e+07
2.03496e+07
2.76365e+07
3.12607e+07
2.85411e+07
2.09529e+07
2.19468e+07
2.43365e+07
2.6969e+07
3.53229e+07
3.14503e+07
2.34383e+07
2.12033e+07
2.15291e+07
1.78487e+07
1.10552e+07
1.05108e+07
1.43559e+07
1.79676e+07
2.44955e+07
2.87787e+07
3.04931e+07
3.08512e+07
2.0567e+07
1.4485e+07
1.78166e+07
2.08504e+07
1.93856e+07
1.74508e+07
1.29851e+07
1.04481e+07
1.33766e+07
1.57705e+07
8.6278e+06
3.40676e+06
6.69504e+06
1.39051e+07
1.88507e+07
2.20338e+07
2.73152e+07
2.40456e+07
1.25338e+07
3.77463e+06
4.14416e+06
8.56965e+06
7.14042e+06
2.1628e+06
1.18844e+06
1.56742e+06
1.24987e+06
3.55187e+06
5.21555e+06
9.30555e+06
1.45148e+07
1.49083e+07
9.68404e+06
3.4859e+06
2.42802e+06
2.48765e+06
424405
2768
2
0
13
591
16895
214724
1.40334e+06
4.43524e+06
6.49214e+06
3.66485e+06
575846
24278
493
3
0
0
0
0
0
72
2142
33284
216747
490828
191839
0
0
0
0
0
0
0
0
0
0
0
0
0
0
0
0
0
0
0
0
0
0
0
0
0
0
0
0
0
0
0
0
0
0
0
0
0
0
0
0
0
0
0
0
0
0
0
0
0
0
0
0
0
0
0
0
0
0
0
0
0
0
0
0
0
0
0
0
0
0
0
0
0
0
0
0
0
0
0
0
0
0
0
0
0
0
0
0
0
0
0
0
0
0
0
0
0
0
0
0
0
0
0
0
0
0
0
0
0
0
0
0
0
0
0
0
0
0
0
0
0
0
0
0
0
0
0
0
0
0
0
0
0
0
0
0
0
0
0
0
0
0
0
0
0
0
0
0
0
0
0
0
0
0
0
0
0
0
0
0
0
0
0
0
0
0
0
0
0
0
0
0
0
0
0
0
0
0
0
0
0
0
0
0
0
0
0
0
0
0
0
0
0
0
0
0
0
0
0
0
