1.03219e+06
0
0
0
0
0
0
0
0
0
0
0
0
0
0
0
0
2146
244750
1.74976e+06
2.54648e+06
1.2953e+06
311498
40394
3930
15910
122597
500391
1.00641e+06
940326
413028
94826
143075
1.03205e+06
3.28659e+06
4.44584e+06
2.63402e+06
751946
318991
1.09945e+06
2.15213e+06
1.83894e+06
842647
909591
2.56199e+06
4.16819e+06
3.27062e+06
1.38041e+06
836317
1.33453e+06
1.38857e+06
1.38797e+06
3.72532e+06
7.7625e+06
7.83972e+06
3.94597e+06
1.49173e+06
1.16083e+06
1.26745e+06
2.43672e+06
5.19173e+06
6.29537e+06
4.49828e+06
3.82077e+06
4.41437e+06
3.75173e+06
3.5854e+06
4.4711e+06
4.07641e+06
3.79026e+06
4.78499e+06
5.94143e+06
9.37355e+06
1.27286e+07
9.42639e+06
3.66026e+06
1.50638e+06
3.53796e+06
7.40665e+06
8.14195e+06
5.41466e+06
3.79762e+06
4.84791e+06
7.86186e+06
9.216e+06
7.97908e+06
7.85618e+06
9.81492e+06
1.31858e+07
1.29496e+07
9.18051e+06
7.34203e+06
8.37086e+06
9.80646e+06
8.65108e+06
7.35237e+06
7.94091e+06
9.40577e+06
8.38077e+06
6.14133e+06
8.19703e+06
1.40207e+07
1.56304e+07
1.23825e+07
1.27822e+07
1.78916e+07
1.98265e+07
1.62299e+07
1.18011e+07
8.03444e+06
5.20938e+06
5.14441e+06
1.07433e+07
1.68187e+07
1.47597e+07
1.12354e+07
1.52528e+07
1.72665e+07
1.57494e+07
1.15614e+07
1.21304e+07
1.34263e+07
1.48931e+07
1.94831e+07
1.73675e+07
1.29409e+07
1.16941e+07
1.19027e+07
9.84554e+06
6.10579e+06
5.80818e+06
7.91517e+06
9.92071e+06
1.35316e+07
1.58855e+07
1.68184e+07
1.70327e+07
1.13656e+07
7.98954e+06
9.83621e+06
1.15051e+07
1.06909e+07
9.64646e+06
7.16723e+06
5.76469e+06
7.39074e+06
8.69386e+06
4.77229e+06
1.88438e+06
3.69371e+06
7.67115e+06
1.04257e+07
1.21467e+07
1.5069e+07
1.32679e+07
6.92965e+06
2.09055e+06
2.28732e+06
4.71997e+06
3.948e+06
1.19687e+06
656710
864053
694268
1.96094e+06
2.88213e+06
5.13167e+06
8.00171e+06
8.22086e+06
5.36233e+06
1.92472e+06
1.34028e+06
1.37227e+06
235501
1535
0
0
12
361
10066
121164
776486
2.44615e+06
3.57981e+06
2.02356e+06
317735
14057
333
0
0
0
0
0
0
59
1294
19258
120115
269780
105590
0
0
0
0
0
0
0
0
0
0
0
0
0
0
0
0
0
0
0
0
0
0
0
0
0
0
0
0
0
0
0
0
0
0
0
0
0
0
0
0
0
0
0
0
0
0
0
0
0
0
0
0
0
0
0
0
0
0
0
0
0
0
0
0
0
0
0
0
0
0
0
0
0
0
0
0
0
0
0
0
0
0
0
0
0
0
0
0
0
0
0
0
0
0
0
0
0
0
0
0
0
0
0
0
0
0
0
0
0
0
0
0
0
0
0
0
0
0
0
0
0
0
0
0
0
0
0
0
0
0
0
0
0
0
0
0
0
0
0
0
0
0
0
0
0
0
0
0
0
0
0
0
0
0
0
0
0
0
0
0
0
0
0
0
0
0
0
0
0
0
0
0
0
0
0
0
0
0
0
0
0
0
0
0
0
0
0
0
0
0
0
0
0
0
0
0
0
0
0
0
