1.19808e+06
0
0
0
0
0
0
0
0
0
0
0
0
0
0
0
0
2463
284111
2.03106e+06
2.9555e+06
1.50412e+06
361378
46573
4541
18317
141347
581650
1.16878e+06
1.0921e+06
478814
109781
164427
1.19764e+06
3.81688e+06
5.1596e+06
3.06082e+06
870813
368666
1.27622e+06
2.497e+06
2.137e+06
976946
1.05285e+06
2.9751e+06
4.8396e+06
3.80037e+06
1.60015e+06
967578
1.5503e+06
1.61221e+06
1.60609e+06
4.3206e+06
9.01613e+06
9.11032e+06
4.57804e+06
1.72652e+06
1.34448e+06
1.46973e+06
2.82473e+06
6.0326e+06
7.31013e+06
5.21956e+06
4.43261e+06
5.12616e+06
4.35305e+06
4.16127e+06
5.19085e+06
4.72952e+06
4.40059e+06
5.54954e+06
6.88847e+06
1.08882e+07
1.47846e+07
1.09522e+07
4.23603e+06
1.73979e+06
4.1042e+06
8.60267e+06
9.45419e+06
6.28475e+06
4.40296e+06
5.62305e+06
9.13466e+06
1.06955e+07
9.26133e+06
9.1113e+06
1.13962e+07
1.5307e+07
1.50362e+07
1.06542e+07
8.51341e+06
9.7211e+06
1.13835e+07
1.0047e+07
8.52548e+06
9.21576e+06
1.09238e+07
9.7312e+06
7.11869e+06
9.5085e+06
1.6281e+07
1.81451e+07
1.43731e+07
1.48301e+07
2.07703e+07
2.30204e+07
1.8842e+07
1.36915e+07
9.32959e+06
6.03743e+06
5.95778e+06
1.24762e+07
1.95296e+07
1.71425e+07
1.30292e+07
1.77076e+07
2.00406e+07
1.8282e+07
1.34172e+07
1.40712e+07
1.55882e+07
1.72807e+07
2.26227e+07
2.01659e+07
1.50174e+07
1.35775e+07
1.38088e+07
1.14324e+07
7.07995e+06
6.73771e+06
9.18757e+06
1.15152e+07
1.57112e+07
1.84434e+07
1.95233e+07
1.97712e+07
1.31816e+07
9.27415e+06
1.14173e+07
1.33596e+07
1.24088e+07
1.11945e+07
8.31906e+06
6.68834e+06
8.57897e+06
1.0102e+07
5.53467e+06
2.18375e+06
4.28677e+06
8.90707e+06
1.20855e+07
1.40996e+07
1.75025e+07
1.54121e+07
8.03797e+06
2.41943e+06
2.65037e+06
5.48772e+06
4.58335e+06
1.38627e+06
760560
1.00454e+06
802219
2.27686e+06
3.3457e+06
5.95742e+06
9.28632e+06
9.54945e+06
6.21874e+06
2.23384e+06
1.55403e+06
1.59665e+06
272964
1755
2
0
12
399
11304
139245
900293
2.84177e+06
4.15542e+06
2.34879e+06
368911
16207
366
0
0
0
0
0
0
61
1459
22097
139357
313360
122706
0
0
0
0
0
0
0
0
0
0
0
0
0
0
0
0
0
0
0
0
0
0
0
0
0
0
0
0
0
0
0
0
0
0
0
0
0
0
0
0
0
0
0
0
0
0
0
0
0
0
0
0
0
0
0
0
0
0
0
0
0
0
0
0
0
0
0
0
0
0
0
0
0
0
0
0
0
0
0
0
0
0
0
0
0
0
0
0
0
0
0
0
0
0
0
0
0
0
0
0
0
0
0
0
0
0
0
0
0
0
0
0
0
0
0
0
0
0
0
0
0
0
0
0
0
0
0
0
0
0
0
0
0
0
0
0
0
0
0
0
0
0
0
0
0
0
0
0
0
0
0
0
0
0
0
0
0
0
0
0
0
0
0
0
0
0
0
0
0
0
0
0
0
0
0
0
0
0
0
0
0
0
0
0
0
0
0
0
0
0
0
0
0
0
0
0
0
0
0
0
