1.85754e+06
0
0
0
0
0
0
0
0
0
0
0
0
0
0
0
2
3737
439706
3.15087e+06
4.57893e+06
2.33543e+06
560107
71397
6905
28140
218425
902578
1.81252e+06
1.69358e+06
743216
168843
254238
1.85604e+06
5.92142e+06
7.99428e+06
4.75348e+06
1.3474e+06
568607
1.97937e+06
3.8713e+06
3.31497e+06
1.51488e+06
1.62703e+06
4.61654e+06
7.49898e+06
5.90409e+06
2.47545e+06
1.49749e+06
2.40239e+06
2.50084e+06
2.48355e+06
6.69682e+06
1.39843e+07
1.41425e+07
7.09651e+06
2.67048e+06
2.0777e+06
2.27246e+06
4.37543e+06
9.36558e+06
1.13359e+07
8.09475e+06
6.87208e+06
7.93786e+06
6.75118e+06
6.45168e+06
8.04796e+06
7.33784e+06
6.82038e+06
8.59658e+06
1.069e+07
1.68928e+07
2.29018e+07
1.70013e+07
6.55954e+06
2.68018e+06
6.36665e+06
1.33515e+07
1.46596e+07
9.74078e+06
6.81523e+06
8.71284e+06
1.41733e+07
1.65867e+07
1.43776e+07
1.40987e+07
1.76733e+07
2.3731e+07
2.332e+07
1.65318e+07
1.31812e+07
1.50821e+07
1.76309e+07
1.55916e+07
1.32084e+07
1.4295e+07
1.69339e+07
1.50879e+07
1.10396e+07
1.4732e+07
2.52473e+07
2.81301e+07
2.22957e+07
2.29909e+07
3.22134e+07
3.56706e+07
2.92374e+07
2.12195e+07
1.44615e+07
9.344e+06
9.23762e+06
1.93739e+07
3.0238e+07
2.65912e+07
2.02154e+07
2.74546e+07
3.10557e+07
2.8354e+07
2.08144e+07
2.18019e+07
2.41758e+07
2.67911e+07
3.50926e+07
3.12454e+07
2.32841e+07
2.10629e+07
2.13881e+07
1.77314e+07
1.0981e+07
1.04411e+07
1.42621e+07
1.78497e+07
2.43354e+07
2.85898e+07
3.02914e+07
3.06503e+07
2.04322e+07
1.43883e+07
1.76995e+07
2.07135e+07
1.92582e+07
1.73364e+07
1.28997e+07
1.03786e+07
1.32895e+07
1.56685e+07
8.5705e+06
3.38381e+06
6.65077e+06
1.38137e+07
1.87256e+07
2.18893e+07
2.71359e+07
2.38887e+07
1.24521e+07
3.74884e+06
4.11638e+06
8.51381e+06
7.0942e+06
2.14823e+06
1.18067e+06
1.55686e+06
1.24166e+06
3.52849e+06
5.1811e+06
9.24432e+06
1.44192e+07
1.48104e+07
9.62122e+06
3.46265e+06
2.41213e+06
2.47138e+06
421647
2738
2
0
13
583
16781
213344
1.39399e+06
4.40604e+06
6.44953e+06
3.6411e+06
571843
24112
488
3
0
0
0
0
0
72
2130
33049
215410
487539
190568
0
0
0
0
0
0
0
0
0
0
0
0
0
0
0
0
0
0
0
0
0
0
0
0
0
0
0
0
0
0
0
0
0
0
0
0
0
0
0
0
0
0
0
0
0
0
0
0
0
0
0
0
0
0
0
0
0
0
0
0
0
0
0
0
0
0
0
0
0
0
0
0
0
0
0
0
0
0
0
0
0
0
0
0
0
0
0
0
0
0
0
0
0
0
0
0
0
0
0
0
0
0
0
0
0
0
0
0
0
0
0
0
0
0
0
0
0
0
0
0
0
0
0
0
0
0
0
0
0
0
0
0
0
0
0
0
0
0
0
0
0
0
0
0
0
0
0
0
0
0
0
0
0
0
0
0
0
0
0
0
0
0
0
0
0
0
0
0
0
0
0
0
0
0
0
0
0
0
0
0
0
0
0
0
0
0
0
0
0
0
0
0
0
0
0
0
0
0
0
0
