1.16941e+06
0
0
0
0
0
0
0
0
0
0
0
0
0
0
0
0
2403
277280
1.98279e+06
2.8844e+06
1.46777e+06
353141
45443
4444
18000
138039
567527
1.14087e+06
1.06547e+06
467743
107241
160723
1.16947e+06
3.72464e+06
5.03575e+06
2.9873e+06
850705
359890
1.24608e+06
2.43702e+06
2.08509e+06
954321
1.02791e+06
2.90434e+06
4.72282e+06
3.70834e+06
1.56312e+06
944572
1.5125e+06
1.57426e+06
1.56836e+06
4.21877e+06
8.79764e+06
8.89008e+06
4.46991e+06
1.68602e+06
1.31298e+06
1.43436e+06
2.75816e+06
5.88718e+06
7.13404e+06
5.09512e+06
4.32724e+06
5.00283e+06
4.24928e+06
4.06177e+06
5.06548e+06
4.61746e+06
4.296e+06
5.41712e+06
6.72468e+06
1.06264e+07
1.44278e+07
1.06887e+07
4.13734e+06
1.69971e+06
4.0067e+06
8.39517e+06
9.22682e+06
6.13545e+06
4.29804e+06
5.48944e+06
8.9141e+06
1.04396e+07
9.03931e+06
8.89533e+06
1.1124e+07
1.49391e+07
1.46738e+07
1.04014e+07
8.31092e+06
9.48825e+06
1.11099e+07
9.80488e+06
8.32449e+06
8.9946e+06
1.06611e+07
9.49847e+06
6.95118e+06
9.28192e+06
1.58882e+07
1.77088e+07
1.4032e+07
1.4476e+07
2.02714e+07
2.24691e+07
1.83904e+07
1.33641e+07
9.10573e+06
5.8952e+06
5.81835e+06
1.21753e+07
1.90598e+07
1.67322e+07
1.27206e+07
1.72816e+07
1.95607e+07
1.78445e+07
1.30975e+07
1.37355e+07
1.52134e+07
1.68698e+07
2.20789e+07
1.96811e+07
1.466e+07
1.3252e+07
1.34782e+07
1.11584e+07
6.91297e+06
6.57677e+06
8.96686e+06
1.12392e+07
1.53352e+07
1.80007e+07
1.90574e+07
1.92955e+07
1.28678e+07
9.05404e+06
1.11427e+07
1.30382e+07
1.21141e+07
1.09252e+07
8.12061e+06
6.52912e+06
8.37388e+06
9.85768e+06
5.4029e+06
2.13338e+06
4.18328e+06
8.69358e+06
1.17978e+07
1.37625e+07
1.70822e+07
1.50416e+07
7.84593e+06
2.36312e+06
2.58757e+06
5.35485e+06
4.47322e+06
1.35393e+06
742492
980134
783729
2.22228e+06
3.26641e+06
5.81528e+06
9.06319e+06
9.31956e+06
6.07e+06
2.18116e+06
1.51694e+06
1.5578e+06
266568
1715
2
0
12
394
11115
136203
879199
2.77381e+06
4.05543e+06
2.29185e+06
360438
15858
366
0
0
0
0
0
0
61
1433
21712
136099
305532
119867
0
0
0
0
0
0
0
0
0
0
0
0
0
0
0
0
0
0
0
0
0
0
0
0
0
0
0
0
0
0
0
0
0
0
0
0
0
0
0
0
0
0
0
0
0
0
0
0
0
0
0
0
0
0
0
0
0
0
0
0
0
0
0
0
0
0
0
0
0
0
0
0
0
0
0
0
0
0
0
0
0
0
0
0
0
0
0
0
0
0
0
0
0
0
0
0
0
0
0
0
0
0
0
0
0
0
0
0
0
0
0
0
0
0
0
0
0
0
0
0
0
0
0
0
0
0
0
0
0
0
0
0
0
0
0
0
0
0
0
0
0
0
0
0
0
0
0
0
0
0
0
0
0
0
0
0
0
0
0
0
0
0
0
0
0
0
0
0
0
0
0
0
0
0
0
0
0
0
0
0
0
0
0
0
0
0
0
0
0
0
0
0
0
0
0
0
0
0
0
0
