1.5913e+06
0
0
0
0
0
0
0
0
0
0
0
0
0
0
0
2
3231
376596
2.69902e+06
3.92369e+06
1.9999e+06
479774
61206
5999
23948
187144
773250
1.55369e+06
1.44988e+06
636376
145134
217538
1.58918e+06
5.07225e+06
6.85232e+06
4.06953e+06
1.15417e+06
486673
1.69657e+06
3.31664e+06
2.83994e+06
1.29643e+06
1.39323e+06
3.95216e+06
6.43269e+06
5.05541e+06
2.11847e+06
1.282e+06
2.06036e+06
2.14221e+06
2.12701e+06
5.7312e+06
1.19868e+07
1.21176e+07
6.07422e+06
2.28707e+06
1.78212e+06
1.94692e+06
3.74658e+06
8.02434e+06
9.71529e+06
6.92757e+06
5.8854e+06
6.81091e+06
5.77984e+06
5.52458e+06
6.89738e+06
6.28186e+06
5.84284e+06
7.36757e+06
9.14891e+06
1.44679e+07
1.96391e+07
1.45625e+07
5.61331e+06
2.29317e+06
5.44943e+06
1.14451e+07
1.25631e+07
8.34026e+06
5.83704e+06
7.4616e+06
1.2146e+07
1.42114e+07
1.23061e+07
1.2082e+07
1.51398e+07
2.03365e+07
1.9979e+07
1.41587e+07
1.12887e+07
1.29139e+07
1.51184e+07
1.33538e+07
1.13116e+07
1.22432e+07
1.45156e+07
1.29291e+07
9.44799e+06
1.2612e+07
2.16328e+07
2.41093e+07
1.9091e+07
1.96857e+07
2.76013e+07
3.05762e+07
2.504e+07
1.81827e+07
1.23862e+07
8.00168e+06
7.89378e+06
1.65899e+07
2.59455e+07
2.27819e+07
1.72857e+07
2.35226e+07
2.66233e+07
2.42831e+07
1.78199e+07
1.86808e+07
2.07058e+07
2.29402e+07
3.00744e+07
2.67838e+07
1.99399e+07
1.80385e+07
1.83348e+07
1.51852e+07
9.39596e+06
8.9424e+06
1.2212e+07
1.5289e+07
2.08652e+07
2.44965e+07
2.59398e+07
2.62701e+07
1.75066e+07
1.23063e+07
1.51655e+07
1.77545e+07
1.64833e+07
1.4862e+07
1.10485e+07
8.88061e+06
1.13919e+07
1.34363e+07
7.34181e+06
2.89004e+06
5.69232e+06
1.18371e+07
1.6048e+07
1.87249e+07
2.32562e+07
2.0486e+07
1.06685e+07
3.20207e+06
3.5147e+06
7.29807e+06
6.09121e+06
1.83698e+06
1.0092e+06
1.33445e+06
1.06072e+06
3.01973e+06
4.44222e+06
7.91821e+06
1.23443e+07
1.26916e+07
8.25357e+06
2.96118e+06
2.06332e+06
2.12171e+06
362113
2362
2
0
12
482
14381
182380
1.19156e+06
3.77497e+06
5.52728e+06
3.12021e+06
489220
20744
429
3
0
0
0
0
0
63
1817
28484
183831
417915
163538
0
0
0
0
0
0
0
0
0
0
0
0
0
0
0
0
0
0
0
0
0
0
0
0
0
0
0
0
0
0
0
0
0
0
0
0
0
0
0
0
0
0
0
0
0
0
0
0
0
0
0
0
0
0
0
0
0
0
0
0
0
0
0
0
0
0
0
0
0
0
0
0
0
0
0
0
0
0
0
0
0
0
0
0
0
0
0
0
0
0
0
0
0
0
0
0
0
0
0
0
0
0
0
0
0
0
0
0
0
0
0
0
0
0
0
0
0
0
0
0
0
0
0
0
0
0
0
0
0
0
0
0
0
0
0
0
0
0
0
0
0
0
0
0
0
0
0
0
0
0
0
0
0
0
0
0
0
0
0
0
0
0
0
0
0
0
0
0
0
0
0
0
0
0
0
0
0
0
0
0
0
0
0
0
0
0
0
0
0
0
0
0
0
0
0
0
0
0
0
0
