129024
0
0
0
0
0
0
0
0
0
0
0
0
0
0
0
0
348
31338
215269
323058
159457
38678
5476
679
2079
15507
59768
128771
118565
50299
11996
19011
129243
402078
568637
320655
95751
41386
135056
273541
228613
102885
112689
312865
541482
401200
169507
103335
167332
176097
174419
455888
978313
984807
481297
188040
151861
157895
299168
641934
810874
547339
468619
572961
459787
438450
574686
502128
464298
619981
733725
1.14252e+06
1.64212e+06
1.15381e+06
451507
193348
433585
931077
1.03464e+06
659392
483628
594178
981783
1.17422e+06
971638
1.00455e+06
1.19915e+06
1.66672e+06
1.62824e+06
1.12859e+06
932706
1.0213e+06
1.26101e+06
1.05672e+06
932937
975796
1.19083e+06
1.04942e+06
761812
1.01272e+06
1.76096e+06
1.97388e+06
1.52855e+06
1.58749e+06
2.2406e+06
2.49673e+06
2.01089e+06
1.48202e+06
1.00415e+06
658255
638870
1.31159e+06
2.16508e+06
1.81734e+06
1.38758e+06
1.88965e+06
2.20214e+06
1.94599e+06
1.44275e+06
1.54107e+06
1.66281e+06
1.85253e+06
2.42089e+06
2.2092e+06
1.6041e+06
1.44514e+06
1.51483e+06
1.21811e+06
757257
733523
980622
1.2333e+06
1.72233e+06
1.97762e+06
2.07696e+06
2.1533e+06
1.42213e+06
979403
1.24573e+06
1.43701e+06
1.31754e+06
1.22477e+06
886813
724508
926048
1.07791e+06
601686
235095
460500
948221
1.3475e+06
1.47532e+06
1.88372e+06
1.66654e+06
874372
260087
283930
578002
507570
147627
81197
108673
89062
239157
360936
638730
1.00146e+06
1.01773e+06
690368
234739
165393
172025
31412
223
0
0
3
66
1403
15596
95816
298410
452362
256541
39161
1826
32
0
0
0
0
0
0
7
231
2411
14722
32389
14752
0
0
0
0
0
0
0
0
0
0
0
0
0
0
0
0
0
0
0
0
0
0
0
0
0
0
0
0
0
0
0
0
0
0
0
0
0
0
0
0
0
0
0
0
0
0
0
0
0
0
0
0
0
0
0
0
0
0
0
0
0
0
0
0
0
0
0
0
0
0
0
0
0
0
0
0
0
0
0
0
0
0
0
0
0
0
0
0
0
0
0
0
0
0
0
0
0
0
0
0
0
0
0
0
0
0
0
0
0
0
0
0
0
0
0
0
0
0
0
0
0
0
0
0
0
0
0
0
0
0
0
0
0
0
0
0
0
0
0
0
0
0
0
0
0
0
0
0
0
0
0
0
0
0
0
0
0
0
0
0
0
0
0
0
0
0
0
0
0
0
0
0
0
0
0
0
0
0
0
0
0
0
0
0
0
0
0
0
0
0
0
0
0
0
0
0
0
0
0
0
