1.22675e+06
0
0
0
0
0
0
0
0
0
0
0
0
0
0
0
0
2524
290787
2.07999e+06
3.0262e+06
1.54e+06
369896
47743
4677
18687
144613
595746
1.19697e+06
1.11804e+06
490386
112267
168294
1.22641e+06
3.9081e+06
5.28302e+06
3.13466e+06
891299
377213
1.30718e+06
2.5565e+06
2.18844e+06
999861
1.07724e+06
3.04615e+06
4.95666e+06
3.89293e+06
1.63713e+06
989979
1.5874e+06
1.65087e+06
1.64433e+06
4.42376e+06
9.2327e+06
9.32968e+06
4.68693e+06
1.76713e+06
1.37652e+06
1.50449e+06
2.8913e+06
6.1779e+06
7.48726e+06
5.34332e+06
4.53851e+06
5.24926e+06
4.45716e+06
4.26041e+06
5.31465e+06
4.84295e+06
4.50506e+06
5.68331e+06
7.0518e+06
1.11487e+07
1.51419e+07
1.12158e+07
4.33457e+06
1.77917e+06
4.20176e+06
8.81128e+06
9.68192e+06
6.43375e+06
4.50786e+06
5.75627e+06
9.35538e+06
1.09514e+07
9.48246e+06
9.32808e+06
1.16677e+07
1.56762e+07
1.53972e+07
1.09087e+07
8.71434e+06
9.95542e+06
1.16563e+07
1.02888e+07
8.72683e+06
9.4364e+06
1.1187e+07
9.96463e+06
7.28727e+06
9.73339e+06
1.66735e+07
1.8581e+07
1.47146e+07
1.51832e+07
2.12716e+07
2.357e+07
1.92951e+07
1.40181e+07
9.55297e+06
6.17983e+06
6.09702e+06
1.27765e+07
2.00006e+07
1.75541e+07
1.33366e+07
1.81319e+07
2.05227e+07
1.87188e+07
1.37377e+07
1.44056e+07
1.5961e+07
1.76932e+07
2.31675e+07
2.06512e+07
1.53735e+07
1.39031e+07
1.414e+07
1.17048e+07
7.24845e+06
6.89766e+06
9.40881e+06
1.17899e+07
1.60903e+07
1.88834e+07
1.99885e+07
2.02477e+07
1.34974e+07
9.49419e+06
1.16903e+07
1.36797e+07
1.27061e+07
1.1463e+07
8.5183e+06
6.84659e+06
8.78348e+06
1.03472e+07
5.66644e+06
2.23422e+06
4.38851e+06
9.12082e+06
1.23762e+07
1.44355e+07
1.79218e+07
1.57835e+07
8.23029e+06
2.47579e+06
2.71242e+06
5.62066e+06
4.69303e+06
1.4191e+06
778355
1.02923e+06
820836
2.33077e+06
3.42496e+06
6.0995e+06
9.51029e+06
9.77895e+06
6.36761e+06
2.28714e+06
1.59057e+06
1.63541e+06
279364
1794
2
0
12
404
11523
142066
921150
2.90943e+06
4.25636e+06
2.40536e+06
377553
16537
373
0
0
0
0
0
0
61
1480
22542
142520
320936
125837
0
0
0
0
0
0
0
0
0
0
0
0
0
0
0
0
0
0
0
0
0
0
0
0
0
0
0
0
0
0
0
0
0
0
0
0
0
0
0
0
0
0
0
0
0
0
0
0
0
0
0
0
0
0
0
0
0
0
0
0
0
0
0
0
0
0
0
0
0
0
0
0
0
0
0
0
0
0
0
0
0
0
0
0
0
0
0
0
0
0
0
0
0
0
0
0
0
0
0
0
0
0
0
0
0
0
0
0
0
0
0
0
0
0
0
0
0
0
0
0
0
0
0
0
0
0
0
0
0
0
0
0
0
0
0
0
0
0
0
0
0
0
0
0
0
0
0
0
0
0
0
0
0
0
0
0
0
0
0
0
0
0
0
0
0
0
0
0
0
0
0
0
0
0
0
0
0
0
0
0
0
0
0
0
0
0
0
0
0
0
0
0
0
0
0
0
0
0
0
0
