352256
0
0
0
0
0
0
0
0
0
0
0
0
0
0
0
0
758
84276
594035
873309
439064
107038
13988
1504
5252
42596
169025
344665
321328
140574
32415
50705
355116
1.11348e+06
1.52144e+06
892689
260045
111336
372801
739224
624683
286777
310720
866700
1.43824e+06
1.11042e+06
469735
284497
454705
476552
476367
1.26519e+06
2.65297e+06
2.6742e+06
1.33862e+06
512317
401262
434032
827862
1.76628e+06
2.16539e+06
1.52297e+06
1.29739e+06
1.52089e+06
1.27342e+06
1.21747e+06
1.53813e+06
1.38585e+06
1.28623e+06
1.6506e+06
2.02642e+06
3.17792e+06
4.37018e+06
3.19479e+06
1.24773e+06
522607
1.20185e+06
2.53438e+06
2.78973e+06
1.83309e+06
1.30185e+06
1.64659e+06
2.68341e+06
3.15996e+06
2.70287e+06
2.70035e+06
3.32696e+06
4.51494e+06
4.42587e+06
3.11794e+06
2.52414e+06
2.83394e+06
3.36718e+06
2.93081e+06
2.52632e+06
2.70119e+06
3.21569e+06
2.85904e+06
2.09486e+06
2.79019e+06
4.79646e+06
5.34656e+06
4.20973e+06
4.34575e+06
6.11498e+06
6.78496e+06
5.51984e+06
4.03042e+06
2.74354e+06
1.78388e+06
1.75632e+06
3.64559e+06
5.78065e+06
5.01088e+06
3.82582e+06
5.19585e+06
5.91634e+06
5.36407e+06
3.94795e+06
4.1582e+06
4.5718e+06
5.07218e+06
6.64023e+06
5.95565e+06
4.40266e+06
3.97838e+06
4.0803e+06
3.34948e+06
2.08368e+06
1.99016e+06
2.69664e+06
3.38163e+06
4.6321e+06
5.41548e+06
5.71928e+06
5.83804e+06
3.88289e+06
2.7091e+06
3.36446e+06
3.92869e+06
3.63562e+06
3.30693e+06
2.43924e+06
1.97046e+06
2.52542e+06
2.95266e+06
1.63252e+06
642394
1.25609e+06
2.61462e+06
3.60117e+06
4.11111e+06
5.13933e+06
4.52965e+06
2.37352e+06
713293
780180
1.59812e+06
1.35953e+06
405547
223946
295492
239083
663095
981155
1.74785e+06
2.73646e+06
2.79928e+06
1.84681e+06
651601
452935
468977
82404
554
0
0
3
133
3673
40958
262002
827435
1.22921e+06
694507
107622
4655
106
0
0
0
0
0
0
15
450
6373
39997
91216
38077
0
0
0
0
0
0
0
0
0
0
0
0
0
0
0
0
0
0
0
0
0
0
0
0
0
0
0
0
0
0
0
0
0
0
0
0
0
0
0
0
0
0
0
0
0
0
0
0
0
0
0
0
0
0
0
0
0
0
0
0
0
0
0
0
0
0
0
0
0
0
0
0
0
0
0
0
0
0
0
0
0
0
0
0
0
0
0
0
0
0
0
0
0
0
0
0
0
0
0
0
0
0
0
0
0
0
0
0
0
0
0
0
0
0
0
0
0
0
0
0
0
0
0
0
0
0
0
0
0
0
0
0
0
0
0
0
0
0
0
0
0
0
0
0
0
0
0
0
0
0
0
0
0
0
0
0
0
0
0
0
0
0
0
0
0
0
0
0
0
0
0
0
0
0
0
0
0
0
0
0
0
0
0
0
0
0
0
0
0
0
0
0
0
0
0
0
0
0
0
0
