1.49094e+06
0
0
0
0
0
0
0
0
0
0
0
0
0
0
0
2
3050
352867
2.52863e+06
3.67662e+06
1.87363e+06
449638
57128
5651
22402
175054
723862
1.45666e+06
1.35918e+06
595965
135488
203302
1.48813e+06
4.75213e+06
6.42383e+06
3.81184e+06
1.08088e+06
454859
1.58963e+06
3.10867e+06
2.66096e+06
1.21345e+06
1.30387e+06
3.7025e+06
6.03219e+06
4.73616e+06
1.98284e+06
1.2001e+06
1.93109e+06
2.00815e+06
1.99087e+06
5.36697e+06
1.12362e+07
1.13545e+07
5.69116e+06
2.13993e+06
1.67022e+06
1.82376e+06
3.50948e+06
7.51829e+06
9.10463e+06
6.48976e+06
5.51436e+06
6.38369e+06
5.41398e+06
5.17326e+06
6.46532e+06
5.8861e+06
5.47302e+06
6.90303e+06
8.56624e+06
1.3556e+07
1.84106e+07
1.36474e+07
5.25366e+06
2.14516e+06
5.10318e+06
1.07258e+07
1.17763e+07
7.81181e+06
5.46649e+06
6.98823e+06
1.13824e+07
1.33194e+07
1.15264e+07
1.1319e+07
1.41817e+07
1.90616e+07
1.87213e+07
1.32612e+07
1.05771e+07
1.20961e+07
1.41708e+07
1.25104e+07
1.0596e+07
1.14702e+07
1.36033e+07
1.21169e+07
8.84543e+06
1.18096e+07
2.02763e+07
2.25995e+07
1.78771e+07
1.8435e+07
2.58656e+07
2.86616e+07
2.34579e+07
1.70329e+07
1.16078e+07
7.49638e+06
7.3843e+06
1.55372e+07
2.43264e+07
2.13501e+07
1.61787e+07
2.20389e+07
2.49564e+07
2.27531e+07
1.66879e+07
1.75006e+07
1.93993e+07
2.14864e+07
2.81851e+07
2.51053e+07
1.86811e+07
1.68944e+07
1.71843e+07
1.42272e+07
8.79876e+06
8.37235e+06
1.1439e+07
1.43258e+07
1.95618e+07
2.29525e+07
2.42977e+07
2.46184e+07
1.64041e+07
1.15248e+07
1.42091e+07
1.66353e+07
1.5439e+07
1.39264e+07
1.03556e+07
8.31674e+06
1.06723e+07
1.25967e+07
6.88061e+06
2.70377e+06
5.33046e+06
1.10921e+07
1.50378e+07
1.75357e+07
2.1792e+07
1.91996e+07
1e+07
2.99699e+06
3.28771e+06
6.84051e+06
5.71071e+06
1.72057e+06
943930
1.25117e+06
992402
2.8283e+06
4.16202e+06
7.4186e+06
1.15658e+07
1.18922e+07
7.73549e+06
2.77425e+06
1.93148e+06
1.99018e+06
339200
2186
2
0
12
451
13579
170742
1.11436e+06
3.53587e+06
5.18077e+06
2.92549e+06
457324
19482
410
0
0
0
0
0
0
63
1720
26676
172361
391391
153261
0
0
0
0
0
0
0
0
0
0
0
0
0
0
0
0
0
0
0
0
0
0
0
0
0
0
0
0
0
0
0
0
0
0
0
0
0
0
0
0
0
0
0
0
0
0
0
0
0
0
0
0
0
0
0
0
0
0
0
0
0
0
0
0
0
0
0
0
0
0
0
0
0
0
0
0
0
0
0
0
0
0
0
0
0
0
0
0
0
0
0
0
0
0
0
0
0
0
0
0
0
0
0
0
0
0
0
0
0
0
0
0
0
0
0
0
0
0
0
0
0
0
0
0
0
0
0
0
0
0
0
0
0
0
0
0
0
0
0
0
0
0
0
0
0
0
0
0
0
0
0
0
0
0
0
0
0
0
0
0
0
0
0
0
0
0
0
0
0
0
0
0
0
0
0
0
0
0
0
0
0
0
0
0
0
0
0
0
0
0
0
0
0
0
0
0
0
0
0
0
