1.20832e+06
0
0
0
0
0
0
0
0
0
0
0
0
0
0
0
0
2489
286453
2.04844e+06
2.98093e+06
1.51692e+06
364392
46983
4585
18438
142537
586717
1.17888e+06
1.10118e+06
483059
110673
165753
1.2078e+06
3.84987e+06
5.20354e+06
3.08698e+06
878195
371740
1.28733e+06
2.51828e+06
2.15539e+06
984941
1.06177e+06
3.00051e+06
4.88125e+06
3.83346e+06
1.61332e+06
975554
1.56378e+06
1.62573e+06
1.61998e+06
4.35745e+06
9.09323e+06
9.18866e+06
4.61688e+06
1.74131e+06
1.3558e+06
1.48206e+06
2.84878e+06
6.08466e+06
7.37293e+06
5.26396e+06
4.47043e+06
5.16998e+06
4.39021e+06
4.19687e+06
5.23504e+06
4.76982e+06
4.4382e+06
5.59689e+06
6.94702e+06
1.09814e+07
1.4912e+07
1.10464e+07
4.27125e+06
1.75381e+06
4.13921e+06
8.67715e+06
9.53543e+06
6.338e+06
4.44026e+06
5.6708e+06
9.21378e+06
1.07866e+07
9.34001e+06
9.18897e+06
1.14934e+07
1.54384e+07
1.51652e+07
1.07452e+07
8.58504e+06
9.80495e+06
1.1481e+07
1.01331e+07
8.59754e+06
9.29475e+06
1.10178e+07
9.81429e+06
7.179e+06
9.58892e+06
1.64212e+07
1.83004e+07
1.44952e+07
1.49572e+07
2.09484e+07
2.32166e+07
1.90038e+07
1.38078e+07
9.40973e+06
6.08832e+06
6.00786e+06
1.25834e+07
1.96975e+07
1.72894e+07
1.31391e+07
1.78595e+07
2.02123e+07
1.84381e+07
1.35318e+07
1.41903e+07
1.57215e+07
1.74285e+07
2.28164e+07
2.03398e+07
1.51447e+07
1.36937e+07
1.39269e+07
1.15298e+07
7.14018e+06
6.7949e+06
9.2668e+06
1.16133e+07
1.58462e+07
1.86004e+07
1.96896e+07
1.99417e+07
1.32938e+07
9.3528e+06
1.1515e+07
1.34737e+07
1.25151e+07
1.12905e+07
8.38992e+06
6.74538e+06
8.65168e+06
1.01895e+07
5.58201e+06
2.20151e+06
4.32339e+06
8.98309e+06
1.21891e+07
1.42203e+07
1.76519e+07
1.55448e+07
8.10653e+06
2.43954e+06
2.67279e+06
5.53517e+06
4.62242e+06
1.39802e+06
766945
1.01321e+06
809081
2.29607e+06
3.37392e+06
6.00836e+06
9.36624e+06
9.63127e+06
6.27177e+06
2.25287e+06
1.56716e+06
1.61056e+06
275232
1768
2
0
12
399
11379
140298
907744
2.86609e+06
4.19124e+06
2.36897e+06
372068
16313
372
0
0
0
0
0
0
61
1467
22239
140515
316071
123807
0
0
0
0
0
0
0
0
0
0
0
0
0
0
0
0
0
0
0
0
0
0
0
0
0
0
0
0
0
0
0
0
0
0
0
0
0
0
0
0
0
0
0
0
0
0
0
0
0
0
0
0
0
0
0
0
0
0
0
0
0
0
0
0
0
0
0
0
0
0
0
0
0
0
0
0
0
0
0
0
0
0
0
0
0
0
0
0
0
0
0
0
0
0
0
0
0
0
0
0
0
0
0
0
0
0
0
0
0
0
0
0
0
0
0
0
0
0
0
0
0
0
0
0
0
0
0
0
0
0
0
0
0
0
0
0
0
0
0
0
0
0
0
0
0
0
0
0
0
0
0
0
0
0
0
0
0
0
0
0
0
0
0
0
0
0
0
0
0
0
0
0
0
0
0
0
0
0
0
0
0
0
0
0
0
0
0
0
0
0
0
0
0
0
0
0
0
0
0
0
