1.91283e+06
0
0
0
0
0
0
0
0
0
0
0
0
0
0
0
2
3840
452689
3.24499e+06
4.71498e+06
2.40504e+06
576694
73532
7200
29024
224810
929333
1.86703e+06
1.74364e+06
765134
173970
262162
1.91114e+06
6.09825e+06
8.23099e+06
4.89504e+06
1.38786e+06
585710
2.03848e+06
3.98635e+06
3.41363e+06
1.56042e+06
1.67537e+06
4.75458e+06
7.72081e+06
6.07911e+06
2.54924e+06
1.54262e+06
2.47427e+06
2.57603e+06
2.55815e+06
6.8964e+06
1.43991e+07
1.45625e+07
7.30831e+06
2.75022e+06
2.14013e+06
2.34064e+06
4.50544e+06
9.64474e+06
1.16718e+07
8.3358e+06
7.07788e+06
8.1727e+06
6.952e+06
6.64223e+06
8.28989e+06
7.55806e+06
7.02259e+06
8.85319e+06
1.10085e+07
1.73963e+07
2.35789e+07
1.75049e+07
6.7572e+06
2.76367e+06
6.55721e+06
1.37477e+07
1.50924e+07
1.00305e+07
7.02045e+06
8.9714e+06
1.45974e+07
1.70795e+07
1.48068e+07
1.45202e+07
1.82009e+07
2.44337e+07
2.40103e+07
1.70239e+07
1.35766e+07
1.55329e+07
1.81532e+07
1.60547e+07
1.36026e+07
1.47239e+07
1.74344e+07
1.5532e+07
1.13736e+07
1.51745e+07
2.59986e+07
2.89644e+07
2.29621e+07
2.36788e+07
3.31685e+07
3.67238e+07
3.01107e+07
2.18493e+07
1.48944e+07
9.6243e+06
9.51848e+06
1.99553e+07
3.11268e+07
2.73784e+07
2.08246e+07
2.82744e+07
3.19763e+07
2.91944e+07
2.14392e+07
2.24539e+07
2.48989e+07
2.75904e+07
3.61309e+07
3.21671e+07
2.39796e+07
2.16932e+07
2.20212e+07
1.82609e+07
1.13137e+07
1.07542e+07
1.46856e+07
1.83798e+07
2.50559e+07
2.9441e+07
3.11959e+07
3.15573e+07
2.10396e+07
1.48227e+07
1.82267e+07
2.13293e+07
1.98313e+07
1.78509e+07
1.32832e+07
1.06895e+07
1.36857e+07
1.61282e+07
8.82618e+06
3.4872e+06
6.84966e+06
1.4225e+07
1.92863e+07
2.25419e+07
2.79444e+07
2.45941e+07
1.28196e+07
3.86444e+06
4.24136e+06
8.76574e+06
7.30133e+06
2.21374e+06
1.21606e+06
1.60366e+06
1.27913e+06
3.63298e+06
5.3363e+06
9.51894e+06
1.48497e+07
1.52528e+07
9.90384e+06
3.56694e+06
2.48368e+06
2.54403e+06
434293
2846
2
0
13
608
17226
219757
1.43616e+06
4.5375e+06
6.63984e+06
3.74979e+06
589218
24864
515
3
0
0
0
0
0
72
2197
34005
221706
502254
196182
0
0
0
0
0
0
0
0
0
0
0
0
0
0
0
0
0
0
0
0
0
0
0
0
0
0
0
0
0
0
0
0
0
0
0
0
0
0
0
0
0
0
0
0
0
0
0
0
0
0
0
0
0
0
0
0
0
0
0
0
0
0
0
0
0
0
0
0
0
0
0
0
0
0
0
0
0
0
0
0
0
0
0
0
0
0
0
0
0
0
0
0
0
0
0
0
0
0
0
0
0
0
0
0
0
0
0
0
0
0
0
0
0
0
0
0
0
0
0
0
0
0
0
0
0
0
0
0
0
0
0
0
0
0
0
0
0
0
0
0
0
0
0
0
0
0
0
0
0
0
0
0
0
0
0
0
0
0
0
0
0
0
0
0
0
0
0
0
0
0
0
0
0
0
0
0
0
0
0
0
0
0
0
0
0
0
0
0
0
0
0
0
0
0
0
0
0
0
0
0
