1.74285e+06
0
0
0
0
0
0
0
0
0
0
0
0
0
0
0
2
3532
412411
2.95635e+06
4.29674e+06
2.19089e+06
525498
66902
6498
26191
204948
847130
1.70085e+06
1.58879e+06
697519
158262
237792
1.74063e+06
5.55761e+06
7.50234e+06
4.45803e+06
1.26434e+06
532828
1.85739e+06
3.63263e+06
3.11083e+06
1.42012e+06
1.52555e+06
4.3315e+06
7.03974e+06
5.53878e+06
2.32164e+06
1.40373e+06
2.25628e+06
2.34556e+06
2.32871e+06
6.27984e+06
1.31277e+07
1.32694e+07
6.6563e+06
2.50458e+06
1.95035e+06
2.13132e+06
4.10423e+06
8.78975e+06
1.06388e+07
7.59011e+06
6.44628e+06
7.45385e+06
6.33168e+06
6.05305e+06
7.55236e+06
6.88214e+06
6.39823e+06
8.06742e+06
1.00262e+07
1.58494e+07
2.14986e+07
1.59499e+07
6.15094e+06
2.5115e+06
5.97153e+06
1.25322e+07
1.37572e+07
9.13578e+06
6.39339e+06
8.17459e+06
1.33015e+07
1.55625e+07
1.34847e+07
1.32289e+07
1.65802e+07
2.22742e+07
2.18808e+07
1.5508e+07
1.23637e+07
1.41465e+07
1.65524e+07
1.46285e+07
1.23901e+07
1.34113e+07
1.5893e+07
1.41584e+07
1.03508e+07
1.38181e+07
2.36944e+07
2.63953e+07
2.0914e+07
2.15696e+07
3.02262e+07
3.34773e+07
2.74296e+07
1.99129e+07
1.35652e+07
8.76204e+06
8.65712e+06
1.81767e+07
2.83935e+07
2.49503e+07
1.8951e+07
2.57596e+07
2.91487e+07
2.66008e+07
1.95212e+07
2.04571e+07
2.2681e+07
2.51328e+07
3.29336e+07
2.93242e+07
2.18426e+07
1.97601e+07
2.00725e+07
1.66336e+07
1.02977e+07
9.79347e+06
1.33808e+07
1.67473e+07
2.28393e+07
2.68271e+07
2.84167e+07
2.87674e+07
1.9171e+07
1.34877e+07
1.66068e+07
1.94407e+07
1.80644e+07
1.62716e+07
1.21019e+07
9.73181e+06
1.24705e+07
1.47098e+07
8.0418e+06
3.17006e+06
6.23689e+06
1.29619e+07
1.75688e+07
2.05267e+07
2.54681e+07
2.24254e+07
1.1684e+07
3.511e+06
3.85462e+06
7.99076e+06
6.66502e+06
2.0134e+06
1.10616e+06
1.46134e+06
1.16324e+06
3.3092e+06
4.86212e+06
8.67188e+06
1.35266e+07
1.39e+07
9.0334e+06
3.24462e+06
2.26171e+06
2.3214e+06
395595
2543
2
0
12
539
15796
199978
1.30624e+06
4.13301e+06
6.05417e+06
3.41656e+06
536437
22426
465
3
0
0
0
0
0
71
1996
31082
201551
457724
179000
0
0
0
0
0
0
0
0
0
0
0
0
0
0
0
0
0
0
0
0
0
0
0
0
0
0
0
0
0
0
0
0
0
0
0
0
0
0
0
0
0
0
0
0
0
0
0
0
0
0
0
0
0
0
0
0
0
0
0
0
0
0
0
0
0
0
0
0
0
0
0
0
0
0
0
0
0
0
0
0
0
0
0
0
0
0
0
0
0
0
0
0
0
0
0
0
0
0
0
0
0
0
0
0
0
0
0
0
0
0
0
0
0
0
0
0
0
0
0
0
0
0
0
0
0
0
0
0
0
0
0
0
0
0
0
0
0
0
0
0
0
0
0
0
0
0
0
0
0
0
0
0
0
0
0
0
0
0
0
0
0
0
0
0
0
0
0
0
0
0
0
0
0
0
0
0
0
0
0
0
0
0
0
0
0
0
0
0
0
0
0
0
0
0
0
0
0
0
0
0
