1.81043e+06
0
0
0
0
0
0
0
0
0
0
0
0
0
0
0
2
3651
428607
3.07088e+06
4.46311e+06
2.27604e+06
545899
69469
6734
27264
212726
880214
1.76655e+06
1.6506e+06
724333
164510
247356
1.80897e+06
5.77152e+06
7.79268e+06
4.63255e+06
1.31282e+06
553788
1.92862e+06
3.77392e+06
3.23157e+06
1.47528e+06
1.58485e+06
4.50035e+06
7.31024e+06
5.75485e+06
2.4118e+06
1.45852e+06
2.34276e+06
2.43659e+06
2.42014e+06
6.52416e+06
1.3633e+07
1.3786e+07
6.91551e+06
2.60152e+06
2.02522e+06
2.21409e+06
4.26352e+06
9.12929e+06
1.1051e+07
7.88708e+06
6.69647e+06
7.74014e+06
6.57907e+06
6.287e+06
7.84469e+06
7.15007e+06
6.64686e+06
8.37998e+06
1.04168e+07
1.64626e+07
2.23284e+07
1.65711e+07
6.3908e+06
2.60775e+06
6.203e+06
1.30178e+07
1.42926e+07
9.4908e+06
6.6402e+06
8.49009e+06
1.38158e+07
1.61678e+07
1.401e+07
1.37404e+07
1.72212e+07
2.31369e+07
2.2733e+07
1.61089e+07
1.28449e+07
1.46965e+07
1.71876e+07
1.51979e+07
1.28702e+07
1.3932e+07
1.65088e+07
1.47078e+07
1.07528e+07
1.4353e+07
2.46112e+07
2.74238e+07
2.17238e+07
2.24026e+07
3.14023e+07
3.4774e+07
2.84948e+07
2.06813e+07
1.40935e+07
9.10345e+06
8.99458e+06
1.88808e+07
2.94877e+07
2.5918e+07
1.96889e+07
2.67574e+07
3.0278e+07
2.76347e+07
2.02807e+07
2.12485e+07
2.3561e+07
2.61062e+07
3.4211e+07
3.04623e+07
2.26904e+07
2.05245e+07
2.08479e+07
1.72822e+07
1.06971e+07
1.0174e+07
1.39004e+07
1.73979e+07
2.37223e+07
2.78672e+07
2.95174e+07
2.98805e+07
1.99171e+07
1.40142e+07
1.72511e+07
2.019e+07
1.87669e+07
1.69011e+07
1.25726e+07
1.01109e+07
1.29538e+07
1.52773e+07
8.35282e+06
3.29504e+06
6.48034e+06
1.3464e+07
1.82504e+07
2.13268e+07
2.64534e+07
2.32895e+07
1.21364e+07
3.6504e+06
4.00781e+06
8.30055e+06
6.9184e+06
2.09227e+06
1.14963e+06
1.51787e+06
1.20902e+06
3.43842e+06
5.04983e+06
9.00908e+06
1.4052e+07
1.44375e+07
9.38125e+06
3.37257e+06
2.34999e+06
2.40982e+06
411006
2664
2
0
13
560
16373
207606
1.35756e+06
4.29415e+06
6.28712e+06
3.5493e+06
557316
23419
473
3
0
0
0
0
0
72
2035
32225
209709
475332
185843
0
0
0
0
0
0
0
0
0
0
0
0
0
0
0
0
0
0
0
0
0
0
0
0
0
0
0
0
0
0
0
0
0
0
0
0
0
0
0
0
0
0
0
0
0
0
0
0
0
0
0
0
0
0
0
0
0
0
0
0
0
0
0
0
0
0
0
0
0
0
0
0
0
0
0
0
0
0
0
0
0
0
0
0
0
0
0
0
0
0
0
0
0
0
0
0
0
0
0
0
0
0
0
0
0
0
0
0
0
0
0
0
0
0
0
0
0
0
0
0
0
0
0
0
0
0
0
0
0
0
0
0
0
0
0
0
0
0
0
0
0
0
0
0
0
0
0
0
0
0
0
0
0
0
0
0
0
0
0
0
0
0
0
0
0
0
0
0
0
0
0
0
0
0
0
0
0
0
0
0
0
0
0
0
0
0
0
0
0
0
0
0
0
0
0
0
0
0
0
0
