956416
0
0
0
0
0
0
0
0
0
0
0
0
0
0
0
0
2001
226924
1.62118e+06
2.35961e+06
1.19991e+06
288686
37535
3684
14743
113946
463145
932795
870848
382864
88128
133007
956253
3.04518e+06
4.119e+06
2.4391e+06
697776
296308
1.01879e+06
1.99458e+06
1.70329e+06
780324
844183
2.37347e+06
3.86241e+06
3.02835e+06
1.28024e+06
775355
1.23619e+06
1.28762e+06
1.28636e+06
3.4527e+06
7.19216e+06
7.26048e+06
3.65573e+06
1.38403e+06
1.07686e+06
1.17493e+06
2.25893e+06
4.81e+06
5.83211e+06
4.16639e+06
3.54082e+06
4.09182e+06
3.47375e+06
3.32382e+06
4.14443e+06
3.77549e+06
3.51169e+06
4.4369e+06
5.50703e+06
8.68298e+06
1.17904e+07
8.73116e+06
3.39342e+06
1.39986e+06
3.27977e+06
6.86088e+06
7.54494e+06
5.01496e+06
3.5213e+06
4.49154e+06
7.28486e+06
8.53996e+06
7.3892e+06
7.28462e+06
9.09098e+06
1.22178e+07
1.19988e+07
8.50532e+06
6.80779e+06
7.75564e+06
9.08493e+06
8.01196e+06
6.81753e+06
7.35714e+06
8.71446e+06
7.76471e+06
5.69103e+06
7.59658e+06
1.29944e+07
1.44818e+07
1.147e+07
1.18432e+07
1.65803e+07
1.83721e+07
1.50326e+07
1.09356e+07
7.44571e+06
4.82995e+06
4.77048e+06
9.9535e+06
1.5582e+07
1.36691e+07
1.04117e+07
1.41352e+07
1.60012e+07
1.45927e+07
1.07137e+07
1.12408e+07
1.24415e+07
1.37996e+07
1.80501e+07
1.60953e+07
1.19873e+07
1.08336e+07
1.10326e+07
9.12224e+06
5.6577e+06
5.38507e+06
7.33431e+06
9.19123e+06
1.25378e+07
1.47195e+07
1.55807e+07
1.57828e+07
1.05324e+07
7.40386e+06
9.11348e+06
1.06611e+07
9.90579e+06
8.94018e+06
6.63867e+06
5.34315e+06
6.84775e+06
8.05176e+06
4.42181e+06
1.747e+06
3.42285e+06
7.10911e+06
9.66659e+06
1.12515e+07
1.39613e+07
1.22918e+07
6.42067e+06
1.93907e+06
2.1195e+06
4.37136e+06
3.65914e+06
1.10892e+06
609343
800166
643571
1.81569e+06
2.67013e+06
4.75503e+06
7.41521e+06
7.61597e+06
4.97067e+06
1.78317e+06
1.24101e+06
1.27173e+06
218441
1401
0
0
12
350
9342
112451
718473
2.26639e+06
3.31717e+06
1.87586e+06
294423
12966
308
0
0
0
0
0
0
57
1159
17806
111397
249641
98148
0
0
0
0
0
0
0
0
0
0
0
0
0
0
0
0
0
0
0
0
0
0
0
0
0
0
0
0
0
0
0
0
0
0
0
0
0
0
0
0
0
0
0
0
0
0
0
0
0
0
0
0
0
0
0
0
0
0
0
0
0
0
0
0
0
0
0
0
0
0
0
0
0
0
0
0
0
0
0
0
0
0
0
0
0
0
0
0
0
0
0
0
0
0
0
0
0
0
0
0
0
0
0
0
0
0
0
0
0
0
0
0
0
0
0
0
0
0
0
0
0
0
0
0
0
0
0
0
0
0
0
0
0
0
0
0
0
0
0
0
0
0
0
0
0
0
0
0
0
0
0
0
0
0
0
0
0
0
0
0
0
0
0
0
0
0
0
0
0
0
0
0
0
0
0
0
0
0
0
0
0
0
0
0
0
0
0
0
0
0
0
0
0
0
0
0
0
0
0
0
