1.91078e+06
0
0
0
0
0
0
0
0
0
0
0
0
0
0
0
2
3834
452213
3.24143e+06
4.71004e+06
2.40245e+06
576074
73444
7187
28991
224581
928331
1.86504e+06
1.74176e+06
764308
173789
261886
1.90908e+06
6.09161e+06
8.22235e+06
4.88973e+06
1.38641e+06
585078
2.03628e+06
3.98209e+06
3.40998e+06
1.55876e+06
1.67354e+06
4.7495e+06
7.71259e+06
6.07263e+06
2.54643e+06
1.54096e+06
2.47164e+06
2.57328e+06
2.55538e+06
6.8889e+06
1.43838e+07
1.4547e+07
7.30043e+06
2.74723e+06
2.13784e+06
2.33811e+06
4.50057e+06
9.63446e+06
1.16595e+07
8.32662e+06
7.07024e+06
8.16413e+06
6.94452e+06
6.63514e+06
8.28101e+06
7.54993e+06
7.01502e+06
8.84382e+06
1.09967e+07
1.73773e+07
2.35541e+07
1.74863e+07
6.74976e+06
2.76064e+06
6.55012e+06
1.3733e+07
1.50764e+07
1.00197e+07
7.01295e+06
8.96167e+06
1.45819e+07
1.70612e+07
1.47908e+07
1.45046e+07
1.81813e+07
2.44077e+07
2.39847e+07
1.70057e+07
1.35619e+07
1.55162e+07
1.81341e+07
1.60375e+07
1.3588e+07
1.4708e+07
1.74158e+07
1.55158e+07
1.1361e+07
1.51581e+07
2.5971e+07
2.89335e+07
2.29374e+07
2.36534e+07
3.3133e+07
3.66847e+07
3.00783e+07
2.18261e+07
1.48784e+07
9.61394e+06
9.50801e+06
1.99339e+07
3.10942e+07
2.7349e+07
2.0802e+07
2.82439e+07
3.19424e+07
2.9163e+07
2.14161e+07
2.24298e+07
2.48724e+07
2.75607e+07
3.60922e+07
3.21331e+07
2.39539e+07
2.16699e+07
2.19977e+07
1.82412e+07
1.13015e+07
1.07427e+07
1.46699e+07
1.836e+07
2.50293e+07
2.94096e+07
3.11624e+07
3.15237e+07
2.10171e+07
1.48068e+07
1.82071e+07
2.13064e+07
1.98101e+07
1.78318e+07
1.3269e+07
1.06781e+07
1.3671e+07
1.61111e+07
8.81676e+06
3.48338e+06
6.84234e+06
1.42097e+07
1.92656e+07
2.25178e+07
2.79143e+07
2.45679e+07
1.2806e+07
3.86026e+06
4.23672e+06
8.75642e+06
7.29358e+06
2.21133e+06
1.21474e+06
1.60197e+06
1.27772e+06
3.6291e+06
5.33063e+06
9.5088e+06
1.48337e+07
1.52363e+07
9.89347e+06
3.56312e+06
2.48098e+06
2.54136e+06
433834
2843
2
0
13
606
17217
219512
1.43464e+06
4.53261e+06
6.63274e+06
3.74574e+06
588629
24839
515
3
0
0
0
0
0
72
2195
33977
221476
501705
195967
0
0
0
0
0
0
0
0
0
0
0
0
0
0
0
0
0
0
0
0
0
0
0
0
0
0
0
0
0
0
0
0
0
0
0
0
0
0
0
0
0
0
0
0
0
0
0
0
0
0
0
0
0
0
0
0
0
0
0
0
0
0
0
0
0
0
0
0
0
0
0
0
0
0
0
0
0
0
0
0
0
0
0
0
0
0
0
0
0
0
0
0
0
0
0
0
0
0
0
0
0
0
0
0
0
0
0
0
0
0
0
0
0
0
0
0
0
0
0
0
0
0
0
0
0
0
0
0
0
0
0
0
0
0
0
0
0
0
0
0
0
0
0
0
0
0
0
0
0
0
0
0
0
0
0
0
0
0
0
0
0
0
0
0
0
0
0
0
0
0
0
0
0
0
0
0
0
0
0
0
0
0
0
0
0
0
0
0
0
0
0
0
0
0
0
0
0
0
0
0
