487424
0
0
0
0
0
0
0
0
0
0
0
0
0
0
0
0
1012
116276
823538
1.20563e+06
610507
147243
18934
1969
7191
58212
235912
475560
444600
194635
44792
68923
489288
1.54488e+06
2.10495e+06
1.23848e+06
357405
152252
517725
1.01957e+06
866387
396618
428324
1.20539e+06
1.98113e+06
1.54213e+06
649594
392391
630682
658388
656283
1.75177e+06
3.67051e+06
3.70686e+06
1.85402e+06
704589
553249
599207
1.14556e+06
2.45036e+06
2.98764e+06
2.1128e+06
1.79872e+06
2.09666e+06
1.76536e+06
1.68773e+06
2.12218e+06
1.9216e+06
1.77992e+06
2.27772e+06
2.803e+06
4.40864e+06
6.03472e+06
4.43636e+06
1.72398e+06
714743
1.66426e+06
3.50699e+06
3.85836e+06
2.54434e+06
1.7947e+06
2.2796e+06
3.71486e+06
4.3677e+06
3.74893e+06
3.72411e+06
4.61362e+06
6.24259e+06
6.12586e+06
4.31884e+06
3.48272e+06
3.93474e+06
4.646e+06
4.06696e+06
3.48716e+06
3.73814e+06
4.45311e+06
3.95895e+06
2.89295e+06
3.86217e+06
6.63416e+06
7.39644e+06
5.82771e+06
6.01955e+06
8.46147e+06
9.37998e+06
7.64995e+06
5.5748e+06
3.7927e+06
2.46489e+06
2.4239e+06
5.05424e+06
7.98645e+06
6.94898e+06
5.28919e+06
7.19602e+06
8.17938e+06
7.42793e+06
5.45586e+06
5.74449e+06
6.33135e+06
7.02156e+06
9.20106e+06
8.22555e+06
6.09498e+06
5.51351e+06
5.63729e+06
4.64208e+06
2.87948e+06
2.7465e+06
3.73556e+06
4.67804e+06
6.40678e+06
7.49914e+06
7.92097e+06
8.06935e+06
5.36885e+06
3.75704e+06
4.6521e+06
5.43734e+06
5.03267e+06
4.57018e+06
3.37825e+06
2.72271e+06
3.49332e+06
4.09811e+06
2.25627e+06
887638
1.73792e+06
3.62114e+06
4.95627e+06
5.70879e+06
7.11572e+06
6.26916e+06
3.27974e+06
983897
1.07523e+06
2.22281e+06
1.87603e+06
562181
309695
407754
328157
921530
1.35991e+06
2.41878e+06
3.78784e+06
3.87497e+06
2.5464e+06
904091
627871
649823
113297
798
0
0
8
182
4858
56482
362995
1.14794e+06
1.69778e+06
961276
148727
6412
154
0
0
0
0
0
0
20
568
8801
55389
126709
52225
0
0
0
0
0
0
0
0
0
0
0
0
0
0
0
0
0
0
0
0
0
0
0
0
0
0
0
0
0
0
0
0
0
0
0
0
0
0
0
0
0
0
0
0
0
0
0
0
0
0
0
0
0
0
0
0
0
0
0
0
0
0
0
0
0
0
0
0
0
0
0
0
0
0
0
0
0
0
0
0
0
0
0
0
0
0
0
0
0
0
0
0
0
0
0
0
0
0
0
0
0
0
0
0
0
0
0
0
0
0
0
0
0
0
0
0
0
0
0
0
0
0
0
0
0
0
0
0
0
0
0
0
0
0
0
0
0
0
0
0
0
0
0
0
0
0
0
0
0
0
0
0
0
0
0
0
0
0
0
0
0
0
0
0
0
0
0
0
0
0
0
0
0
0
0
0
0
0
0
0
0
0
0
0
0
0
0
0
0
0
0
0
0
0
0
0
0
0
0
0
