1.36192e+06
0
0
0
0
0
0
0
0
0
0
0
0
0
0
0
0
2821
322610
2.30909e+06
3.35939e+06
1.71097e+06
410475
52418
5165
20552
160002
661103
1.33046e+06
1.24182e+06
543973
124013
185604
1.35972e+06
4.34129e+06
5.86719e+06
3.48169e+06
987353
416282
1.45088e+06
2.84061e+06
2.43095e+06
1.10774e+06
1.19197e+06
3.3814e+06
5.51e+06
4.32522e+06
1.81279e+06
1.09635e+06
1.7636e+06
1.83343e+06
1.82035e+06
4.90673e+06
1.02586e+07
1.03687e+07
5.19995e+06
1.95535e+06
1.52648e+06
1.66833e+06
3.20569e+06
6.86384e+06
8.31886e+06
5.92832e+06
5.03641e+06
5.83143e+06
4.9462e+06
4.72543e+06
5.90599e+06
5.37559e+06
4.99971e+06
6.3075e+06
7.82391e+06
1.23801e+07
1.68197e+07
1.24633e+07
4.80136e+06
1.96229e+06
4.66205e+06
9.79245e+06
1.07567e+07
7.13942e+06
4.9955e+06
6.3842e+06
1.03936e+07
1.21653e+07
1.05273e+07
1.03451e+07
1.29525e+07
1.74102e+07
1.7104e+07
1.21087e+07
9.66517e+06
1.10506e+07
1.29446e+07
1.14245e+07
9.68201e+06
1.04765e+07
1.24239e+07
1.10704e+07
8.07988e+06
1.07903e+07
1.85232e+07
2.06421e+07
1.63243e+07
1.68427e+07
2.36289e+07
2.61806e+07
2.14245e+07
1.55573e+07
1.06043e+07
6.85285e+06
6.74874e+06
1.41872e+07
2.22245e+07
1.94968e+07
1.47809e+07
2.01327e+07
2.27948e+07
2.07869e+07
1.52421e+07
1.59846e+07
1.77173e+07
1.96315e+07
2.5743e+07
2.29339e+07
1.70671e+07
1.54311e+07
1.56966e+07
1.29945e+07
8.03901e+06
7.64892e+06
1.04497e+07
1.30886e+07
1.78694e+07
2.0968e+07
2.21901e+07
2.24845e+07
1.49876e+07
1.05306e+07
1.29757e+07
1.51925e+07
1.41034e+07
1.27239e+07
9.46161e+06
7.59603e+06
9.74958e+06
1.15018e+07
6.28862e+06
2.47296e+06
4.86912e+06
1.01303e+07
1.37341e+07
1.60211e+07
1.99054e+07
1.75316e+07
9.13745e+06
2.74187e+06
3.00374e+06
6.24484e+06
5.2173e+06
1.57188e+06
862536
1.14329e+06
907737
2.58488e+06
3.80376e+06
6.77335e+06
1.05609e+07
1.08618e+07
7.06786e+06
2.53592e+06
1.76553e+06
1.81668e+06
310238
2009
2
0
12
424
12528
156796
1.01988e+06
3.22933e+06
4.72901e+06
2.67225e+06
418580
18069
396
0
0
0
0
0
0
61
1585
24679
157829
357087
139719
0
0
0
0
0
0
0
0
0
0
0
0
0
0
0
0
0
0
0
0
0
0
0
0
0
0
0
0
0
0
0
0
0
0
0
0
0
0
0
0
0
0
0
0
0
0
0
0
0
0
0
0
0
0
0
0
0
0
0
0
0
0
0
0
0
0
0
0
0
0
0
0
0
0
0
0
0
0
0
0
0
0
0
0
0
0
0
0
0
0
0
0
0
0
0
0
0
0
0
0
0
0
0
0
0
0
0
0
0
0
0
0
0
0
0
0
0
0
0
0
0
0
0
0
0
0
0
0
0
0
0
0
0
0
0
0
0
0
0
0
0
0
0
0
0
0
0
0
0
0
0
0
0
0
0
0
0
0
0
0
0
0
0
0
0
0
0
0
0
0
0
0
0
0
0
0
0
0
0
0
0
0
0
0
0
0
0
0
0
0
0
0
0
0
0
0
0
0
0
0
