1.85549e+06
0
0
0
0
0
0
0
0
0
0
0
0
0
0
0
2
3734
439185
3.14743e+06
4.57393e+06
2.33284e+06
559465
71313
6899
28105
218169
901559
1.81056e+06
1.69176e+06
742359
168662
253918
1.85396e+06
5.91492e+06
7.98557e+06
4.74827e+06
1.34581e+06
567964
1.97716e+06
3.8671e+06
3.31134e+06
1.51312e+06
1.62522e+06
4.6114e+06
7.49077e+06
5.89776e+06
2.47265e+06
1.49579e+06
2.39973e+06
2.49808e+06
2.48077e+06
6.68924e+06
1.39691e+07
1.41272e+07
7.08862e+06
2.6674e+06
2.07539e+06
2.26992e+06
4.3706e+06
9.35528e+06
1.13234e+07
8.08588e+06
6.86435e+06
7.9292e+06
6.74374e+06
6.44452e+06
8.0392e+06
7.32963e+06
6.81273e+06
8.58714e+06
1.06781e+07
1.68741e+07
2.28768e+07
1.69829e+07
6.55211e+06
2.6769e+06
6.35944e+06
1.3337e+07
1.46436e+07
9.73018e+06
6.80754e+06
8.70314e+06
1.41577e+07
1.65685e+07
1.43616e+07
1.40833e+07
1.76535e+07
2.37051e+07
2.32947e+07
1.65134e+07
1.31666e+07
1.50654e+07
1.76115e+07
1.55744e+07
1.31937e+07
1.42794e+07
1.69151e+07
1.50715e+07
1.10272e+07
1.47154e+07
2.52196e+07
2.80994e+07
2.22709e+07
2.29652e+07
3.21781e+07
3.56319e+07
2.9205e+07
2.11962e+07
1.44453e+07
9.33355e+06
9.22715e+06
1.93521e+07
3.02054e+07
2.65622e+07
2.01924e+07
2.74242e+07
3.10218e+07
2.83228e+07
2.07912e+07
2.17778e+07
2.41491e+07
2.6761e+07
3.50545e+07
3.12117e+07
2.32581e+07
2.10395e+07
2.13646e+07
1.77118e+07
1.09686e+07
1.04294e+07
1.42464e+07
1.78301e+07
2.43088e+07
2.85585e+07
3.02575e+07
3.06171e+07
2.04098e+07
1.43719e+07
1.76799e+07
2.06908e+07
1.92368e+07
1.73175e+07
1.28856e+07
1.03669e+07
1.3275e+07
1.56516e+07
8.56094e+06
3.37982e+06
6.64337e+06
1.37984e+07
1.8705e+07
2.18649e+07
2.71062e+07
2.38627e+07
1.24385e+07
3.74448e+06
4.11158e+06
8.5046e+06
7.08654e+06
2.14582e+06
1.17932e+06
1.55515e+06
1.24025e+06
3.52455e+06
5.17532e+06
9.23414e+06
1.44032e+07
1.47942e+07
9.61082e+06
3.45862e+06
2.40949e+06
2.46869e+06
421196
2734
2
0
13
583
16766
213109
1.39237e+06
4.40118e+06
6.44241e+06
3.63719e+06
571198
24082
486
3
0
0
0
0
0
72
2127
33015
215173
486996
190361
0
0
0
0
0
0
0
0
0
0
0
0
0
0
0
0
0
0
0
0
0
0
0
0
0
0
0
0
0
0
0
0
0
0
0
0
0
0
0
0
0
0
0
0
0
0
0
0
0
0
0
0
0
0
0
0
0
0
0
0
0
0
0
0
0
0
0
0
0
0
0
0
0
0
0
0
0
0
0
0
0
0
0
0
0
0
0
0
0
0
0
0
0
0
0
0
0
0
0
0
0
0
0
0
0
0
0
0
0
0
0
0
0
0
0
0
0
0
0
0
0
0
0
0
0
0
0
0
0
0
0
0
0
0
0
0
0
0
0
0
0
0
0
0
0
0
0
0
0
0
0
0
0
0
0
0
0
0
0
0
0
0
0
0
0
0
0
0
0
0
0
0
0
0
0
0
0
0
0
0
0
0
0
0
0
0
0
0
0
0
0
0
0
0
0
0
0
0
0
0
