1.44998e+06
0
0
0
0
0
0
0
0
0
0
0
0
0
0
0
0
2969
343301
2.45873e+06
3.57607e+06
1.82229e+06
436984
55557
5520
21752
170175
703520
1.41754e+06
1.32192e+06
579166
131791
197653
1.44645e+06
4.62132e+06
6.24958e+06
3.70715e+06
1.05028e+06
442101
1.54554e+06
3.02359e+06
2.58844e+06
1.17959e+06
1.26686e+06
3.60087e+06
5.86836e+06
4.60653e+06
1.92777e+06
1.16632e+06
1.87835e+06
1.95303e+06
1.93544e+06
5.21845e+06
1.09279e+07
1.10461e+07
5.53386e+06
2.07943e+06
1.62436e+06
1.7743e+06
3.41145e+06
7.31061e+06
8.85898e+06
6.31049e+06
5.36079e+06
6.2094e+06
5.2669e+06
5.02898e+06
6.2886e+06
5.72377e+06
5.3221e+06
6.71451e+06
8.32793e+06
1.31793e+07
1.79148e+07
1.32747e+07
5.10573e+06
2.08337e+06
4.96108e+06
1.04309e+07
1.14585e+07
7.59752e+06
5.3137e+06
6.79455e+06
1.10693e+07
1.2956e+07
1.12082e+07
1.10073e+07
1.37904e+07
1.85407e+07
1.82116e+07
1.28942e+07
1.02849e+07
1.17611e+07
1.37859e+07
1.21666e+07
1.03042e+07
1.1152e+07
1.32318e+07
1.17868e+07
8.59916e+06
1.14818e+07
1.97209e+07
2.19853e+07
1.73802e+07
1.79248e+07
2.51591e+07
2.78801e+07
2.28126e+07
1.65634e+07
1.1288e+07
7.29027e+06
7.17586e+06
1.51067e+07
2.36684e+07
2.07658e+07
1.57247e+07
2.14331e+07
2.42755e+07
2.21307e+07
1.62259e+07
1.70195e+07
1.88633e+07
2.08904e+07
2.74173e+07
2.44216e+07
1.81678e+07
1.64275e+07
1.67138e+07
1.38365e+07
8.55371e+06
8.13862e+06
1.11241e+07
1.39323e+07
1.90293e+07
2.23267e+07
2.36241e+07
2.39457e+07
1.59549e+07
1.12043e+07
1.38178e+07
1.61798e+07
1.50109e+07
1.35459e+07
1.00732e+07
8.08526e+06
1.03797e+07
1.22551e+07
6.69228e+06
2.62649e+06
5.18235e+06
1.07882e+07
1.46244e+07
1.70495e+07
2.11964e+07
1.86749e+07
9.72794e+06
2.91258e+06
3.19378e+06
6.65411e+06
5.55663e+06
1.67213e+06
917530
1.21728e+06
963720
2.75074e+06
4.04808e+06
7.21402e+06
1.12476e+07
1.15664e+07
7.52501e+06
2.697e+06
1.87778e+06
1.9367e+06
330143
2125
2
0
12
440
13128
165683
1.08305e+06
3.43821e+06
5.03913e+06
2.8461e+06
444750
18957
402
0
0
0
0
0
0
61
1663
25933
167623
380470
149242
0
0
0
0
0
0
0
0
0
0
0
0
0
0
0
0
0
0
0
0
0
0
0
0
0
0
0
0
0
0
0
0
0
0
0
0
0
0
0
0
0
0
0
0
0
0
0
0
0
0
0
0
0
0
0
0
0
0
0
0
0
0
0
0
0
0
0
0
0
0
0
0
0
0
0
0
0
0
0
0
0
0
0
0
0
0
0
0
0
0
0
0
0
0
0
0
0
0
0
0
0
0
0
0
0
0
0
0
0
0
0
0
0
0
0
0
0
0
0
0
0
0
0
0
0
0
0
0
0
0
0
0
0
0
0
0
0
0
0
0
0
0
0
0
0
0
0
0
0
0
0
0
0
0
0
0
0
0
0
0
0
0
0
0
0
0
0
0
0
0
0
0
0
0
0
0
0
0
0
0
0
0
0
0
0
0
0
0
0
0
0
0
0
0
0
0
0
0
0
0
