231424
0
0
0
0
0
0
0
0
0
0
0
0
0
0
0
0
542
55533
389051
575617
287932
69851
9289
1007
3386
27290
110146
228536
212160
91297
21017
33166
231504
730141
1.00715e+06
582511
170360
72808
244089
487800
410862
186480
201212
566256
957668
727557
305604
184961
299151
314798
310874
825320
1.74962e+06
1.7629e+06
872874
335152
266891
283252
539274
1.16034e+06
1.43647e+06
991512
847260
1.01083e+06
832171
794853
1.01713e+06
906433
840514
1.0959e+06
1.32002e+06
2.07805e+06
2.90212e+06
2.08926e+06
813458
340244
784683
1.67146e+06
1.84339e+06
1.19521e+06
855921
1.07424e+06
1.76588e+06
2.08814e+06
1.76304e+06
1.77954e+06
2.17398e+06
2.97821e+06
2.91525e+06
2.03928e+06
1.66039e+06
1.85218e+06
2.2279e+06
1.91362e+06
1.66591e+06
1.76787e+06
2.12203e+06
1.8786e+06
1.37004e+06
1.82426e+06
3.15688e+06
3.52645e+06
2.75532e+06
2.8453e+06
4.02172e+06
4.47324e+06
3.61886e+06
2.65047e+06
1.79931e+06
1.17295e+06
1.14749e+06
2.381e+06
3.83185e+06
3.28155e+06
2.49824e+06
3.40988e+06
3.90812e+06
3.51358e+06
2.59069e+06
2.74375e+06
2.99454e+06
3.32597e+06
4.3616e+06
3.93102e+06
2.88359e+06
2.60643e+06
2.6965e+06
2.19521e+06
1.36186e+06
1.30877e+06
1.76639e+06
2.21665e+06
3.0619e+06
3.55666e+06
3.74667e+06
3.84683e+06
2.54993e+06
1.76788e+06
2.21706e+06
2.58583e+06
2.37705e+06
2.18147e+06
1.59963e+06
1.29155e+06
1.65956e+06
1.94364e+06
1.07372e+06
418194
823565
1.71696e+06
2.38096e+06
2.67921e+06
3.3805e+06
2.98374e+06
1.56368e+06
464278
508320
1.0487e+06
900776
265021
145928
194549
156474
432582
644301
1.14739e+06
1.79795e+06
1.83847e+06
1.22224e+06
423812
296229
310240
54496
351
0
0
3
99
2364
26773
170730
540865
810117
458675
70073
3055
62
0
0
0
0
0
0
9
321
4243
26123
59406
25610
0
0
0
0
0
0
0
0
0
0
0
0
0
0
0
0
0
0
0
0
0
0
0
0
0
0
0
0
0
0
0
0
0
0
0
0
0
0
0
0
0
0
0
0
0
0
0
0
0
0
0
0
0
0
0
0
0
0
0
0
0
0
0
0
0
0
0
0
0
0
0
0
0
0
0
0
0
0
0
0
0
0
0
0
0
0
0
0
0
0
0
0
0
0
0
0
0
0
0
0
0
0
0
0
0
0
0
0
0
0
0
0
0
0
0
0
0
0
0
0
0
0
0
0
0
0
0
0
0
0
0
0
0
0
0
0
0
0
0
0
0
0
0
0
0
0
0
0
0
0
0
0
0
0
0
0
0
0
0
0
0
0
0
0
0
0
0
0
0
0
0
0
0
0
0
0
0
0
0
0
0
0
0
0
0
0
0
0
0
0
0
0
0
0
0
0
0
0
0
0
