192512
0
0
0
0
0
0
0
0
0
0
0
0
0
0
0
0
478
46355
322952
479358
239298
58270
7741
862
2880
22740
91132
190713
176580
75431
17650
27796
192867
605321
840503
483251
141732
61026
202693
405990
341773
154864
167995
470286
798721
602513
254643
154371
248847
261983
259360
685765
1.45546e+06
1.4662e+06
725268
279343
223368
235505
447687
963425
1.19814e+06
823412
703730
843054
690954
660419
847819
753212
698837
914337
1.0985e+06
1.72312e+06
2.4198e+06
1.73427e+06
676098
285839
651467
1.39e+06
1.53466e+06
991707
714665
893054
1.46639e+06
1.7411e+06
1.46324e+06
1.48514e+06
1.80516e+06
2.47699e+06
2.42634e+06
1.69413e+06
1.38284e+06
1.53692e+06
1.86094e+06
1.58654e+06
1.38832e+06
1.46773e+06
1.76741e+06
1.56362e+06
1.13792e+06
1.51802e+06
2.62568e+06
2.93625e+06
2.28998e+06
2.37014e+06
3.34168e+06
3.71936e+06
3.00834e+06
2.2079e+06
1.49712e+06
976540
956892
1.97542e+06
3.19575e+06
2.72399e+06
2.07923e+06
2.83282e+06
3.25747e+06
2.91766e+06
2.15627e+06
2.28683e+06
2.49091e+06
2.76732e+06
3.61921e+06
3.27573e+06
2.39841e+06
2.1658e+06
2.24541e+06
1.82441e+06
1.13382e+06
1.09031e+06
1.46903e+06
1.84374e+06
2.54866e+06
2.95596e+06
3.11502e+06
3.20294e+06
2.1213e+06
1.46878e+06
1.84669e+06
2.1495e+06
1.9764e+06
1.81745e+06
1.32799e+06
1.07636e+06
1.38133e+06
1.61144e+06
894675
349382
685607
1.4253e+06
1.98994e+06
2.22336e+06
2.80874e+06
2.48246e+06
1.3022e+06
387467
423579
869148
750348
221292
121258
161808
131503
358508
536381
953428
1.49518e+06
1.5278e+06
1.01967e+06
352242
246857
256948
45694
319
0
0
3
74
1993
22445
141988
449010
673882
382302
58356
2500
55
0
0
0
0
0
0
9
295
3470
21808
49142
21532
0
0
0
0
0
0
0
0
0
0
0
0
0
0
0
0
0
0
0
0
0
0
0
0
0
0
0
0
0
0
0
0
0
0
0
0
0
0
0
0
0
0
0
0
0
0
0
0
0
0
0
0
0
0
0
0
0
0
0
0
0
0
0
0
0
0
0
0
0
0
0
0
0
0
0
0
0
0
0
0
0
0
0
0
0
0
0
0
0
0
0
0
0
0
0
0
0
0
0
0
0
0
0
0
0
0
0
0
0
0
0
0
0
0
0
0
0
0
0
0
0
0
0
0
0
0
0
0
0
0
0
0
0
0
0
0
0
0
0
0
0
0
0
0
0
0
0
0
0
0
0
0
0
0
0
0
0
0
0
0
0
0
0
0
0
0
0
0
0
0
0
0
0
0
0
0
0
0
0
0
0
0
0
0
0
0
0
0
0
0
0
0
0
0
0
0
0
0
0
0
