1.58106e+06
0
0
0
0
0
0
0
0
0
0
0
0
0
0
0
2
3217
374219
2.68155e+06
3.89848e+06
1.98694e+06
476735
60846
5979
23798
185885
768179
1.54397e+06
1.44053e+06
632170
144163
216141
1.57868e+06
5.03981e+06
6.80848e+06
4.04318e+06
1.14676e+06
483519
1.68577e+06
3.29518e+06
2.82182e+06
1.28786e+06
1.38415e+06
3.92664e+06
6.39205e+06
5.0226e+06
2.10433e+06
1.27387e+06
2.0473e+06
2.12864e+06
2.11335e+06
5.69367e+06
1.19103e+07
1.20398e+07
6.03456e+06
2.27243e+06
1.77073e+06
1.93449e+06
3.72243e+06
7.97242e+06
9.65322e+06
6.88268e+06
5.84769e+06
6.767e+06
5.74237e+06
5.48887e+06
6.85394e+06
6.24133e+06
5.80479e+06
7.32024e+06
9.08928e+06
1.43744e+07
1.95147e+07
1.44688e+07
5.57671e+06
2.27826e+06
5.4137e+06
1.13718e+07
1.24833e+07
8.28573e+06
5.79933e+06
7.41336e+06
1.20683e+07
1.41201e+07
1.22264e+07
1.2005e+07
1.50416e+07
2.02056e+07
1.98513e+07
1.40673e+07
1.12157e+07
1.28309e+07
1.50214e+07
1.32677e+07
1.12385e+07
1.21641e+07
1.44226e+07
1.28465e+07
9.38619e+06
1.25296e+07
2.14951e+07
2.39555e+07
1.89672e+07
1.95574e+07
2.74244e+07
3.03815e+07
2.48779e+07
1.80655e+07
1.23067e+07
7.9508e+06
7.84121e+06
1.64824e+07
2.57805e+07
2.26359e+07
1.71719e+07
2.33709e+07
2.64536e+07
2.41276e+07
1.77038e+07
1.85617e+07
2.05718e+07
2.27919e+07
2.98815e+07
2.66119e+07
1.98123e+07
1.79218e+07
1.82171e+07
1.50875e+07
9.33492e+06
8.88419e+06
1.21327e+07
1.51905e+07
2.07331e+07
2.43386e+07
2.57727e+07
2.61011e+07
1.73939e+07
1.22264e+07
1.50683e+07
1.76405e+07
1.63766e+07
1.47662e+07
1.09779e+07
8.82294e+06
1.13188e+07
1.33505e+07
7.29442e+06
2.87103e+06
5.65506e+06
1.17619e+07
1.59453e+07
1.86029e+07
2.31068e+07
2.03546e+07
1.06008e+07
3.18068e+06
3.49169e+06
7.25115e+06
6.0527e+06
1.82503e+06
1.00241e+06
1.32614e+06
1.05366e+06
3.00012e+06
4.41324e+06
7.86758e+06
1.22649e+07
1.261e+07
8.2009e+06
2.94196e+06
2.04976e+06
2.10826e+06
359886
2350
2
0
12
472
14304
181181
1.18337e+06
3.75103e+06
5.49168e+06
3.10042e+06
485979
20624
428
3
0
0
0
0
0
63
1809
28273
182577
415299
162507
0
0
0
0
0
0
0
0
0
0
0
0
0
0
0
0
0
0
0
0
0
0
0
0
0
0
0
0
0
0
0
0
0
0
0
0
0
0
0
0
0
0
0
0
0
0
0
0
0
0
0
0
0
0
0
0
0
0
0
0
0
0
0
0
0
0
0
0
0
0
0
0
0
0
0
0
0
0
0
0
0
0
0
0
0
0
0
0
0
0
0
0
0
0
0
0
0
0
0
0
0
0
0
0
0
0
0
0
0
0
0
0
0
0
0
0
0
0
0
0
0
0
0
0
0
0
0
0
0
0
0
0
0
0
0
0
0
0
0
0
0
0
0
0
0
0
0
0
0
0
0
0
0
0
0
0
0
0
0
0
0
0
0
0
0
0
0
0
0
0
0
0
0
0
0
0
0
0
0
0
0
0
0
0
0
0
0
0
0
0
0
0
0
0
0
0
0
0
0
0
