507904
0
0
0
0
0
0
0
0
0
0
0
0
0
0
0
0
1052
121158
858233
1.25628e+06
636135
153341
19754
2052
7433
60598
246142
495426
462938
203028
46725
71745
509579
1.61022e+06
2.19331e+06
1.29077e+06
372233
158751
539360
1.06182e+06
903272
413443
446305
1.25619e+06
2.06408e+06
1.60685e+06
676678
409276
657100
686187
683868
1.82541e+06
3.82408e+06
3.8628e+06
1.93266e+06
734202
576063
624440
1.19384e+06
2.55338e+06
3.11211e+06
2.20204e+06
1.87482e+06
2.18443e+06
1.83919e+06
1.75851e+06
2.21177e+06
2.00304e+06
1.85502e+06
2.37197e+06
2.92138e+06
4.59503e+06
6.28581e+06
4.62441e+06
1.79609e+06
744934
1.73447e+06
3.65434e+06
4.0194e+06
2.65117e+06
1.87045e+06
2.37557e+06
3.87171e+06
4.5502e+06
3.90746e+06
3.88049e+06
4.80869e+06
6.50328e+06
6.38301e+06
4.50042e+06
3.62773e+06
4.10223e+06
4.84025e+06
4.23851e+06
3.63359e+06
3.89543e+06
4.639e+06
4.1255e+06
3.0151e+06
4.0243e+06
6.91328e+06
7.70588e+06
6.07384e+06
6.27281e+06
8.81749e+06
9.77199e+06
7.97169e+06
5.80904e+06
3.95299e+06
2.56827e+06
2.52617e+06
5.26622e+06
8.31982e+06
7.24336e+06
5.51213e+06
7.49911e+06
8.52196e+06
7.73941e+06
5.68667e+06
5.98393e+06
6.59904e+06
7.31545e+06
9.58797e+06
8.56966e+06
6.35186e+06
5.74568e+06
5.87459e+06
4.8376e+06
2.9996e+06
2.86083e+06
3.89241e+06
4.87545e+06
6.674e+06
7.81716e+06
8.25433e+06
8.40717e+06
5.59306e+06
3.91515e+06
4.84824e+06
5.66544e+06
5.24551e+06
4.76032e+06
3.52059e+06
2.83694e+06
3.63994e+06
4.27163e+06
2.35095e+06
924468
1.81122e+06
3.77429e+06
5.1614e+06
5.95015e+06
7.4151e+06
6.5319e+06
3.41764e+06
1.02546e+06
1.11973e+06
2.31718e+06
1.95484e+06
585959
322688
424669
341630
960429
1.41771e+06
2.52112e+06
3.94693e+06
4.03634e+06
2.65294e+06
942572
654800
677234
117789
819
0
0
8
212
5106
58940
378278
1.19715e+06
1.76816e+06
1.00119e+06
155132
6797
162
0
0
0
0
0
0
27
603
9279
57697
132144
54202
0
0
0
0
0
0
0
0
0
0
0
0
0
0
0
0
0
0
0
0
0
0
0
0
0
0
0
0
0
0
0
0
0
0
0
0
0
0
0
0
0
0
0
0
0
0
0
0
0
0
0
0
0
0
0
0
0
0
0
0
0
0
0
0
0
0
0
0
0
0
0
0
0
0
0
0
0
0
0
0
0
0
0
0
0
0
0
0
0
0
0
0
0
0
0
0
0
0
0
0
0
0
0
0
0
0
0
0
0
0
0
0
0
0
0
0
0
0
0
0
0
0
0
0
0
0
0
0
0
0
0
0
0
0
0
0
0
0
0
0
0
0
0
0
0
0
0
0
0
0
0
0
0
0
0
0
0
0
0
0
0
0
0
0
0
0
0
0
0
0
0
0
0
0
0
0
0
0
0
0
0
0
0
0
0
0
0
0
0
0
0
0
0
0
0
0
0
0
0
0
