1.76333e+06
0
0
0
0
0
0
0
0
0
0
0
0
0
0
0
2
3552
417433
2.99105e+06
4.34701e+06
2.21675e+06
531667
67703
6540
26495
207190
857297
1.72084e+06
1.60754e+06
705537
160185
240713
1.76118e+06
5.62242e+06
7.59111e+06
4.50996e+06
1.27931e+06
539119
1.8789e+06
3.67581e+06
3.1472e+06
1.43685e+06
1.54298e+06
4.38301e+06
7.12242e+06
5.60377e+06
2.34906e+06
1.42017e+06
2.28258e+06
2.37301e+06
2.356e+06
6.35402e+06
1.3282e+07
1.34253e+07
6.73433e+06
2.53438e+06
1.97277e+06
2.15664e+06
4.15199e+06
8.89289e+06
1.07643e+07
7.67977e+06
6.52222e+06
7.54078e+06
6.40629e+06
6.12411e+06
7.64099e+06
6.96287e+06
6.47423e+06
8.16129e+06
1.01442e+07
1.60354e+07
2.17511e+07
1.6139e+07
6.22267e+06
2.5402e+06
6.04121e+06
1.26794e+07
1.39208e+07
9.24304e+06
6.46743e+06
8.27074e+06
1.34571e+07
1.57451e+07
1.36444e+07
1.33841e+07
1.6774e+07
2.25365e+07
2.21386e+07
1.56902e+07
1.25094e+07
1.43122e+07
1.67467e+07
1.48005e+07
1.25349e+07
1.35699e+07
1.60789e+07
1.43257e+07
1.04717e+07
1.39796e+07
2.39729e+07
2.67083e+07
2.11583e+07
2.18216e+07
3.0583e+07
3.38716e+07
2.77515e+07
2.01459e+07
1.37253e+07
8.86469e+06
8.75943e+06
1.83888e+07
2.87263e+07
2.5245e+07
1.91733e+07
2.60611e+07
2.94908e+07
2.69148e+07
1.97523e+07
2.06954e+07
2.29477e+07
2.54281e+07
3.33207e+07
2.96694e+07
2.21001e+07
1.99923e+07
2.0306e+07
1.68311e+07
1.04179e+07
9.90873e+06
1.35379e+07
1.69434e+07
2.31085e+07
2.71433e+07
2.87499e+07
2.91039e+07
1.93979e+07
1.36463e+07
1.68027e+07
1.96684e+07
1.82763e+07
1.64621e+07
1.22442e+07
9.84696e+06
1.26173e+07
1.4882e+07
8.13615e+06
3.20766e+06
6.30982e+06
1.31142e+07
1.77752e+07
2.07684e+07
2.57685e+07
2.26874e+07
1.18209e+07
3.55322e+06
3.90012e+06
8.08488e+06
6.74265e+06
2.03684e+06
1.11936e+06
1.47847e+06
1.17672e+06
3.34831e+06
4.91903e+06
8.77426e+06
1.36864e+07
1.40632e+07
9.13845e+06
3.28336e+06
2.28812e+06
2.34841e+06
400215
2584
2
0
12
544
15938
202194
1.32165e+06
4.18207e+06
6.12521e+06
3.45628e+06
542950
22644
465
3
0
0
0
0
0
72
2010
31380
204102
463105
180995
0
0
0
0
0
0
0
0
0
0
0
0
0
0
0
0
0
0
0
0
0
0
0
0
0
0
0
0
0
0
0
0
0
0
0
0
0
0
0
0
0
0
0
0
0
0
0
0
0
0
0
0
0
0
0
0
0
0
0
0
0
0
0
0
0
0
0
0
0
0
0
0
0
0
0
0
0
0
0
0
0
0
0
0
0
0
0
0
0
0
0
0
0
0
0
0
0
0
0
0
0
0
0
0
0
0
0
0
0
0
0
0
0
0
0
0
0
0
0
0
0
0
0
0
0
0
0
0
0
0
0
0
0
0
0
0
0
0
0
0
0
0
0
0
0
0
0
0
0
0
0
0
0
0
0
0
0
0
0
0
0
0
0
0
0
0
0
0
0
0
0
0
0
0
0
0
0
0
0
0
0
0
0
0
0
0
0
0
0
0
0
0
0
0
0
0
0
0
0
0
