1.04653e+06
0
0
0
0
0
0
0
0
0
0
0
0
0
0
0
0
2164
248221
1.77409e+06
2.58155e+06
1.31346e+06
315901
40919
3998
16130
124246
507434
1.02044e+06
953187
418857
96161
144959
1.0466e+06
3.33246e+06
4.50672e+06
2.67099e+06
762576
323380
1.11497e+06
2.18159e+06
1.86463e+06
854428
921934
2.5977e+06
4.22606e+06
3.3162e+06
1.39963e+06
847737
1.35317e+06
1.40789e+06
1.40733e+06
3.77725e+06
7.86945e+06
7.9491e+06
4.00114e+06
1.51224e+06
1.17698e+06
1.28469e+06
2.47066e+06
5.26428e+06
6.38246e+06
4.56108e+06
3.87366e+06
4.47597e+06
3.80342e+06
3.63547e+06
4.53282e+06
4.133e+06
3.84342e+06
4.85075e+06
6.02367e+06
9.50431e+06
1.29055e+07
9.55821e+06
3.71036e+06
1.5269e+06
3.58754e+06
7.50883e+06
8.25576e+06
5.48973e+06
3.85034e+06
4.91531e+06
7.97086e+06
9.34353e+06
8.09059e+06
7.96475e+06
9.95213e+06
1.33684e+07
1.31289e+07
9.30869e+06
7.4438e+06
8.4875e+06
9.94229e+06
8.77143e+06
7.45412e+06
8.05151e+06
9.53637e+06
8.4974e+06
6.22644e+06
8.31108e+06
1.42155e+07
1.58461e+07
1.2555e+07
1.29603e+07
1.81403e+07
2.0102e+07
1.64552e+07
1.19637e+07
8.1474e+06
5.28078e+06
5.21632e+06
1.08932e+07
1.70513e+07
1.49649e+07
1.13925e+07
1.5465e+07
1.75052e+07
1.59684e+07
1.17213e+07
1.22976e+07
1.36138e+07
1.51009e+07
1.97538e+07
1.76075e+07
1.31219e+07
1.18566e+07
1.20669e+07
9.98188e+06
6.1915e+06
5.88873e+06
8.02595e+06
1.00591e+07
1.37185e+07
1.61054e+07
1.7053e+07
1.72684e+07
1.15229e+07
8.10156e+06
9.97221e+06
1.16651e+07
1.084e+07
9.78038e+06
7.26658e+06
5.84472e+06
7.49425e+06
8.81369e+06
4.83822e+06
1.91098e+06
3.74519e+06
7.77776e+06
1.05689e+07
1.23168e+07
1.52791e+07
1.34523e+07
7.02498e+06
2.11962e+06
2.31901e+06
4.78601e+06
4.00208e+06
1.21378e+06
665862
876066
703764
1.98844e+06
2.92193e+06
5.20326e+06
8.11267e+06
8.33516e+06
5.43616e+06
1.95192e+06
1.35874e+06
1.39139e+06
238750
1569
0
0
12
365
10229
122800
787063
2.48016e+06
3.63008e+06
2.05133e+06
322136
14241
339
0
0
0
0
0
0
59
1328
19529
121735
273555
107058
0
0
0
0
0
0
0
0
0
0
0
0
0
0
0
0
0
0
0
0
0
0
0
0
0
0
0
0
0
0
0
0
0
0
0
0
0
0
0
0
0
0
0
0
0
0
0
0
0
0
0
0
0
0
0
0
0
0
0
0
0
0
0
0
0
0
0
0
0
0
0
0
0
0
0
0
0
0
0
0
0
0
0
0
0
0
0
0
0
0
0
0
0
0
0
0
0
0
0
0
0
0
0
0
0
0
0
0
0
0
0
0
0
0
0
0
0
0
0
0
0
0
0
0
0
0
0
0
0
0
0
0
0
0
0
0
0
0
0
0
0
0
0
0
0
0
0
0
0
0
0
0
0
0
0
0
0
0
0
0
0
0
0
0
0
0
0
0
0
0
0
0
0
0
0
0
0
0
0
0
0
0
0
0
0
0
0
0
0
0
0
0
0
0
0
0
0
0
0
0
