1.84115e+06
0
0
0
0
0
0
0
0
0
0
0
0
0
0
0
2
3703
435719
3.12316e+06
4.53879e+06
2.31486e+06
554931
70752
6845
27820
216337
894828
1.79666e+06
1.6788e+06
736534
167280
251711
1.8393e+06
5.86955e+06
7.92481e+06
4.71148e+06
1.33484e+06
563363
1.96162e+06
3.8377e+06
3.28608e+06
1.50088e+06
1.61214e+06
4.5758e+06
7.43367e+06
5.853e+06
2.45298e+06
1.48362e+06
2.38162e+06
2.4786e+06
2.4613e+06
6.63667e+06
1.38621e+07
1.40194e+07
7.03382e+06
2.64582e+06
2.05916e+06
2.25222e+06
4.33647e+06
9.2834e+06
1.1237e+07
8.02282e+06
6.8107e+06
7.86932e+06
6.6912e+06
6.39429e+06
7.97742e+06
7.27281e+06
6.75928e+06
8.52083e+06
1.05952e+07
1.67431e+07
2.2703e+07
1.6853e+07
6.50035e+06
2.65408e+06
6.30934e+06
1.32353e+07
1.45326e+07
9.6544e+06
6.75338e+06
8.63536e+06
1.40489e+07
1.64414e+07
1.42493e+07
1.39743e+07
1.75155e+07
2.3524e+07
2.31178e+07
1.63845e+07
1.30635e+07
1.49482e+07
1.7476e+07
1.54553e+07
1.30905e+07
1.4169e+07
1.67852e+07
1.49567e+07
1.09395e+07
1.45988e+07
2.50264e+07
2.78862e+07
2.20969e+07
2.2784e+07
3.19319e+07
3.53607e+07
2.89789e+07
2.10319e+07
1.43333e+07
9.26033e+06
9.15205e+06
1.92022e+07
2.99769e+07
2.63597e+07
2.003e+07
2.72113e+07
3.07857e+07
2.81045e+07
2.06287e+07
2.16089e+07
2.3962e+07
2.65512e+07
3.47874e+07
3.09745e+07
2.30775e+07
2.08751e+07
2.12002e+07
1.7575e+07
1.08815e+07
1.03478e+07
1.41361e+07
1.7693e+07
2.41224e+07
2.83395e+07
3.00217e+07
3.03825e+07
2.02539e+07
1.4257e+07
1.75438e+07
2.05312e+07
1.90868e+07
1.71857e+07
1.27859e+07
1.02854e+07
1.31727e+07
1.55335e+07
8.49421e+06
3.3526e+06
6.59145e+06
1.36919e+07
1.85602e+07
2.16936e+07
2.68987e+07
2.36808e+07
1.23426e+07
3.7139e+06
4.07832e+06
8.44025e+06
7.0331e+06
2.12873e+06
1.16968e+06
1.54344e+06
1.23038e+06
3.49707e+06
5.13503e+06
9.16234e+06
1.42916e+07
1.46813e+07
9.53765e+06
3.43103e+06
2.39074e+06
2.44993e+06
417950
2704
2
0
13
579
16633
211412
1.38123e+06
4.36698e+06
6.39259e+06
3.60969e+06
566896
23857
481
3
0
0
0
0
0
72
2097
32805
213437
483180
188985
0
0
0
0
0
0
0
0
0
0
0
0
0
0
0
0
0
0
0
0
0
0
0
0
0
0
0
0
0
0
0
0
0
0
0
0
0
0
0
0
0
0
0
0
0
0
0
0
0
0
0
0
0
0
0
0
0
0
0
0
0
0
0
0
0
0
0
0
0
0
0
0
0
0
0
0
0
0
0
0
0
0
0
0
0
0
0
0
0
0
0
0
0
0
0
0
0
0
0
0
0
0
0
0
0
0
0
0
0
0
0
0
0
0
0
0
0
0
0
0
0
0
0
0
0
0
0
0
0
0
0
0
0
0
0
0
0
0
0
0
0
0
0
0
0
0
0
0
0
0
0
0
0
0
0
0
0
0
0
0
0
0
0
0
0
0
0
0
0
0
0
0
0
0
0
0
0
0
0
0
0
0
0
0
0
0
0
0
0
0
0
0
0
0
0
0
0
0
0
0
