1.03014e+06
0
0
0
0
0
0
0
0
0
0
0
0
0
0
0
0
2144
244228
1.74635e+06
2.54135e+06
1.29281e+06
310861
40320
3922
15884
122345
499364
1.00446e+06
938444
412216
94634
142810
1.02997e+06
3.28003e+06
4.43713e+06
2.62868e+06
750492
318352
1.09731e+06
2.14779e+06
1.83535e+06
840943
907804
2.55698e+06
4.15982e+06
3.2641e+06
1.37767e+06
834681
1.3319e+06
1.3858e+06
1.38525e+06
3.71786e+06
7.74723e+06
7.82406e+06
3.93815e+06
1.48875e+06
1.15852e+06
1.265e+06
2.43192e+06
5.18145e+06
6.28275e+06
4.48934e+06
3.81331e+06
4.40556e+06
3.74426e+06
3.57825e+06
4.46234e+06
4.06824e+06
3.78272e+06
4.77558e+06
5.92975e+06
9.35485e+06
1.27032e+07
9.4076e+06
3.6531e+06
1.50347e+06
3.53096e+06
7.39202e+06
8.12559e+06
5.40399e+06
3.79008e+06
4.83831e+06
7.84622e+06
9.19786e+06
7.9632e+06
7.84057e+06
9.79538e+06
1.31597e+07
1.29238e+07
9.16241e+06
7.3274e+06
8.35433e+06
9.78702e+06
8.63379e+06
7.33793e+06
7.92521e+06
9.3869e+06
8.36417e+06
6.12915e+06
8.18076e+06
1.3993e+07
1.55993e+07
1.23579e+07
1.27567e+07
1.7856e+07
1.97872e+07
1.61975e+07
1.1778e+07
8.01824e+06
5.19915e+06
5.13429e+06
1.07219e+07
1.67854e+07
1.47302e+07
1.12131e+07
1.52225e+07
1.72324e+07
1.57182e+07
1.15385e+07
1.21065e+07
1.33996e+07
1.48635e+07
1.94446e+07
1.73329e+07
1.29153e+07
1.16708e+07
1.18793e+07
9.82594e+06
6.09366e+06
5.79668e+06
7.89936e+06
9.90103e+06
1.35048e+07
1.58539e+07
1.67847e+07
1.69991e+07
1.13432e+07
7.97355e+06
9.81668e+06
1.14825e+07
1.06695e+07
9.62732e+06
7.15306e+06
5.75326e+06
7.37604e+06
8.67659e+06
4.76284e+06
1.8806e+06
3.68639e+06
7.65595e+06
1.04052e+07
1.21225e+07
1.5039e+07
1.32414e+07
6.91604e+06
2.08643e+06
2.2828e+06
4.71059e+06
3.94024e+06
1.19443e+06
655390
862373
692903
1.95704e+06
2.8763e+06
5.12148e+06
7.98587e+06
8.20464e+06
5.35166e+06
1.9209e+06
1.33765e+06
1.36954e+06
235024
1529
0
0
12
359
10046
120922
774988
2.44128e+06
3.57266e+06
2.01957e+06
317097
14033
332
0
0
0
0
0
0
59
1289
19222
119879
269241
105382
0
0
0
0
0
0
0
0
0
0
0
0
0
0
0
0
0
0
0
0
0
0
0
0
0
0
0
0
0
0
0
0
0
0
0
0
0
0
0
0
0
0
0
0
0
0
0
0
0
0
0
0
0
0
0
0
0
0
0
0
0
0
0
0
0
0
0
0
0
0
0
0
0
0
0
0
0
0
0
0
0
0
0
0
0
0
0
0
0
0
0
0
0
0
0
0
0
0
0
0
0
0
0
0
0
0
0
0
0
0
0
0
0
0
0
0
0
0
0
0
0
0
0
0
0
0
0
0
0
0
0
0
0
0
0
0
0
0
0
0
0
0
0
0
0
0
0
0
0
0
0
0
0
0
0
0
0
0
0
0
0
0
0
0
0
0
0
0
0
0
0
0
0
0
0
0
0
0
0
0
0
0
0
0
0
0
0
0
0
0
0
0
0
0
0
0
0
0
0
0
