1.04858e+06
0
0
0
0
0
0
0
0
0
0
0
0
0
0
0
0
2167
248726
1.77756e+06
2.58654e+06
1.31607e+06
316534
40990
4005
16164
124466
508467
1.02243e+06
955011
419691
96373
145234
1.04868e+06
3.33894e+06
4.51553e+06
2.67619e+06
764127
324008
1.11719e+06
2.18577e+06
1.86831e+06
856132
923717
2.60287e+06
4.23425e+06
3.32264e+06
1.40243e+06
849355
1.35585e+06
1.41063e+06
1.4101e+06
3.78466e+06
7.88476e+06
7.96469e+06
4.00905e+06
1.51515e+06
1.17926e+06
1.28721e+06
2.47552e+06
5.27452e+06
6.39508e+06
4.56994e+06
3.88131e+06
4.48467e+06
3.81083e+06
3.64258e+06
4.54173e+06
4.14109e+06
3.85091e+06
4.86025e+06
6.03536e+06
9.52305e+06
1.29306e+07
9.57712e+06
3.71749e+06
1.52991e+06
3.59457e+06
7.52339e+06
8.27201e+06
5.50043e+06
3.85797e+06
4.92485e+06
7.98663e+06
9.36163e+06
8.10648e+06
7.98028e+06
9.97173e+06
1.33944e+07
1.31544e+07
9.32708e+06
7.45837e+06
8.50419e+06
9.96165e+06
8.78868e+06
7.46861e+06
8.06728e+06
9.55509e+06
8.51393e+06
6.23869e+06
8.32743e+06
1.42431e+07
1.58771e+07
1.25798e+07
1.29855e+07
1.81758e+07
2.01413e+07
1.64876e+07
1.19869e+07
8.1634e+06
5.29103e+06
5.22664e+06
1.09144e+07
1.70847e+07
1.49943e+07
1.14149e+07
1.54954e+07
1.75392e+07
1.59999e+07
1.17441e+07
1.23214e+07
1.36405e+07
1.51306e+07
1.97925e+07
1.76417e+07
1.31477e+07
1.188e+07
1.20903e+07
1.00014e+07
6.20368e+06
5.90031e+06
8.04174e+06
1.00788e+07
1.37453e+07
1.61367e+07
1.70866e+07
1.7302e+07
1.15455e+07
8.11744e+06
9.99172e+06
1.1688e+07
1.08612e+07
9.79958e+06
7.28076e+06
5.85613e+06
7.50901e+06
8.83081e+06
4.84767e+06
1.91479e+06
3.75251e+06
7.79292e+06
1.05895e+07
1.23411e+07
1.5309e+07
1.34784e+07
7.03887e+06
2.12372e+06
2.32349e+06
4.79547e+06
4.00984e+06
1.21614e+06
667176
877791
705176
1.99228e+06
2.92755e+06
5.21364e+06
8.12838e+06
8.35157e+06
5.44675e+06
1.95574e+06
1.36144e+06
1.3941e+06
239213
1571
1
0
12
365
10246
123021
788574
2.48496e+06
3.63736e+06
2.05531e+06
322740
14266
340
0
0
0
0
0
0
59
1332
19565
121973
274062
107297
0
0
0
0
0
0
0
0
0
0
0
0
0
0
0
0
0
0
0
0
0
0
0
0
0
0
0
0
0
0
0
0
0
0
0
0
0
0
0
0
0
0
0
0
0
0
0
0
0
0
0
0
0
0
0
0
0
0
0
0
0
0
0
0
0
0
0
0
0
0
0
0
0
0
0
0
0
0
0
0
0
0
0
0
0
0
0
0
0
0
0
0
0
0
0
0
0
0
0
0
0
0
0
0
0
0
0
0
0
0
0
0
0
0
0
0
0
0
0
0
0
0
0
0
0
0
0
0
0
0
0
0
0
0
0
0
0
0
0
0
0
0
0
0
0
0
0
0
0
0
0
0
0
0
0
0
0
0
0
0
0
0
0
0
0
0
0
0
0
0
0
0
0
0
0
0
0
0
0
0
0
0
0
0
0
0
0
0
0
0
0
0
0
0
0
0
0
0
0
0
