2.01114e+06
0
0
0
0
0
0
0
0
0
0
0
0
0
0
0
2
4039
475754
3.41148e+06
4.95845e+06
2.52824e+06
605922
77352
7658
30545
236060
977009
1.96357e+06
1.83318e+06
804515
182651
275422
2.00947e+06
6.41189e+06
8.65521e+06
5.14486e+06
1.45918e+06
616331
2.14337e+06
4.19042e+06
3.58998e+06
1.63989e+06
1.7615e+06
4.9985e+06
8.11826e+06
6.39309e+06
2.67922e+06
1.62064e+06
2.60202e+06
2.70868e+06
2.68937e+06
7.25151e+06
1.51391e+07
1.53099e+07
7.68412e+06
2.8921e+06
2.24905e+06
2.46024e+06
4.7373e+06
1.01422e+07
1.22717e+07
8.76469e+06
7.44042e+06
8.59255e+06
7.31055e+06
6.98223e+06
8.7151e+06
7.94706e+06
7.38525e+06
9.30459e+06
1.15756e+07
1.82923e+07
2.47899e+07
1.84071e+07
7.10157e+06
2.90388e+06
6.89447e+06
1.44571e+07
1.58676e+07
1.05472e+07
7.37989e+06
9.43088e+06
1.53486e+07
1.79547e+07
1.55688e+07
1.52669e+07
1.91379e+07
2.56883e+07
2.52454e+07
1.79001e+07
1.4271e+07
1.63358e+07
1.90803e+07
1.68816e+07
1.43015e+07
1.54808e+07
1.83312e+07
1.63312e+07
1.19573e+07
1.5954e+07
2.73354e+07
3.04516e+07
2.414e+07
2.48996e+07
3.48726e+07
3.86116e+07
3.16579e+07
2.29703e+07
1.56603e+07
1.01203e+07
1.00069e+07
2.09831e+07
3.27207e+07
2.87867e+07
2.1896e+07
2.97295e+07
3.36173e+07
3.06979e+07
2.25429e+07
2.36044e+07
2.61779e+07
2.90095e+07
3.79896e+07
3.38185e+07
2.52111e+07
2.28054e+07
2.31541e+07
1.92034e+07
1.18936e+07
1.13064e+07
1.54416e+07
1.93226e+07
2.63437e+07
3.09521e+07
3.28021e+07
3.31763e+07
2.21196e+07
1.55876e+07
1.91663e+07
2.24226e+07
2.08508e+07
1.87669e+07
1.39665e+07
1.12386e+07
1.43884e+07
1.69579e+07
9.28001e+06
3.66555e+06
7.20118e+06
1.49597e+07
2.02734e+07
2.37017e+07
2.93861e+07
2.58554e+07
1.34751e+07
4.06278e+06
4.46052e+06
9.21879e+06
7.67329e+06
2.32773e+06
1.27788e+06
1.68619e+06
1.34443e+06
3.82111e+06
5.60944e+06
1.00085e+07
1.5618e+07
1.60365e+07
1.04075e+07
3.75113e+06
2.61129e+06
2.6747e+06
456652
2983
2
0
13
644
18040
231147
1.5098e+06
4.77197e+06
6.98107e+06
3.94138e+06
619557
26067
531
3
0
0
0
0
0
88
2319
35688
233062
527915
206496
0
0
0
0
0
0
0
0
0
0
0
0
0
0
0
0
0
0
0
0
0
0
0
0
0
0
0
0
0
0
0
0
0
0
0
0
0
0
0
0
0
0
0
0
0
0
0
0
0
0
0
0
0
0
0
0
0
0
0
0
0
0
0
0
0
0
0
0
0
0
0
0
0
0
0
0
0
0
0
0
0
0
0
0
0
0
0
0
0
0
0
0
0
0
0
0
0
0
0
0
0
0
0
0
0
0
0
0
0
0
0
0
0
0
0
0
0
0
0
0
0
0
0
0
0
0
0
0
0
0
0
0
0
0
0
0
0
0
0
0
0
0
0
0
0
0
0
0
0
0
0
0
0
0
0
0
0
0
0
0
0
0
0
0
0
0
0
0
0
0
0
0
0
0
0
0
0
0
0
0
0
0
0
0
0
0
0
0
0
0
0
0
0
0
0
0
0
0
0
0
