444416
0
0
0
0
0
0
0
0
0
0
0
0
0
0
0
0
913
106184
750161
1.10003e+06
556541
134181
17180
1816
6530
53182
214530
434098
405503
177596
40702
62972
445991
1.40781e+06
1.91968e+06
1.12965e+06
325639
138395
471429
931238
790005
361067
389880
1.09728e+06
1.81006e+06
1.40574e+06
591891
357261
574113
600956
597662
1.59526e+06
3.34976e+06
3.38194e+06
1.68847e+06
641614
504867
545602
1.04283e+06
2.23439e+06
2.72932e+06
1.92322e+06
1.63792e+06
1.9149e+06
1.60894e+06
1.53666e+06
1.93682e+06
1.75147e+06
1.62192e+06
2.07824e+06
2.55369e+06
4.01672e+06
5.51206e+06
4.04341e+06
1.56814e+06
650315
1.51466e+06
3.20222e+06
3.52064e+06
2.3172e+06
1.63513e+06
2.07616e+06
3.38824e+06
3.98645e+06
3.41473e+06
3.39699e+06
4.20137e+06
5.69742e+06
5.58835e+06
3.93452e+06
3.17474e+06
3.5855e+06
4.24034e+06
3.70571e+06
3.18026e+06
3.40684e+06
4.06113e+06
3.61151e+06
2.6333e+06
3.51649e+06
6.05624e+06
6.7496e+06
5.30767e+06
5.48055e+06
7.72033e+06
8.55982e+06
6.97358e+06
5.0815e+06
3.45764e+06
2.24571e+06
2.2052e+06
4.60798e+06
7.29109e+06
6.33297e+06
4.81356e+06
6.56106e+06
7.46577e+06
6.77119e+06
4.97282e+06
5.24075e+06
5.77125e+06
6.39584e+06
8.39158e+06
7.50859e+06
5.55429e+06
5.02304e+06
5.14321e+06
4.23108e+06
2.62295e+06
2.50415e+06
3.40367e+06
4.26585e+06
5.84437e+06
6.83714e+06
7.21974e+06
7.36456e+06
4.8978e+06
3.41776e+06
4.24255e+06
4.95904e+06
4.58591e+06
4.16952e+06
3.07991e+06
2.48114e+06
3.18575e+06
3.73671e+06
2.05677e+06
806377
1.58162e+06
3.30369e+06
4.52962e+06
5.19695e+06
6.48652e+06
5.71976e+06
2.99324e+06
894189
978257
2.0258e+06
1.71441e+06
511679
281426
372180
298854
837558
1.23832e+06
2.20491e+06
3.45648e+06
3.53505e+06
2.32476e+06
821633
570803
593808
103735
714
0
0
3
154
4355
50705
328588
1.04511e+06
1.55245e+06
877577
134927
5757
116
0
0
0
0
0
0
15
502
7832
50226
115560
48073
0
0
0
0
0
0
0
0
0
0
0
0
0
0
0
0
0
0
0
0
0
0
0
0
0
0
0
0
0
0
0
0
0
0
0
0
0
0
0
0
0
0
0
0
0
0
0
0
0
0
0
0
0
0
0
0
0
0
0
0
0
0
0
0
0
0
0
0
0
0
0
0
0
0
0
0
0
0
0
0
0
0
0
0
0
0
0
0
0
0
0
0
0
0
0
0
0
0
0
0
0
0
0
0
0
0
0
0
0
0
0
0
0
0
0
0
0
0
0
0
0
0
0
0
0
0
0
0
0
0
0
0
0
0
0
0
0
0
0
0
0
0
0
0
0
0
0
0
0
0
0
0
0
0
0
0
0
0
0
0
0
0
0
0
0
0
0
0
0
0
0
0
0
0
0
0
0
0
0
0
0
0
0
0
0
0
0
0
0
0
0
0
0
0
0
0
0
0
0
0
