1.21856e+06
0
0
0
0
0
0
0
0
0
0
0
0
0
0
0
0
2509
288870
2.06598e+06
3.00612e+06
1.52968e+06
367456
47402
4635
18558
143739
591667
1.189e+06
1.11049e+06
487161
111558
167159
1.21816e+06
3.88236e+06
5.24756e+06
3.11341e+06
885480
374865
1.29823e+06
2.53971e+06
2.17356e+06
993257
1.07041e+06
3.02585e+06
4.92312e+06
3.86661e+06
1.6265e+06
983553
1.57687e+06
1.63972e+06
1.63363e+06
4.39427e+06
9.17068e+06
9.26692e+06
4.6558e+06
1.75564e+06
1.36732e+06
1.49452e+06
2.87247e+06
6.13638e+06
7.43647e+06
5.30791e+06
4.50858e+06
5.21404e+06
4.42729e+06
4.23214e+06
5.27907e+06
4.81053e+06
4.47556e+06
5.64466e+06
7.00544e+06
1.10741e+07
1.50398e+07
1.11406e+07
4.30624e+06
1.76787e+06
4.17414e+06
8.75172e+06
9.61678e+06
6.39105e+06
4.47787e+06
5.71828e+06
9.29252e+06
1.08781e+07
9.41922e+06
9.26596e+06
1.15905e+07
1.55705e+07
1.52938e+07
1.08363e+07
8.6569e+06
9.88874e+06
1.15781e+07
1.02199e+07
8.66904e+06
9.37369e+06
1.11119e+07
9.89764e+06
7.2392e+06
9.66905e+06
1.65616e+07
1.84561e+07
1.46171e+07
1.50827e+07
2.11279e+07
2.34131e+07
1.91656e+07
1.39244e+07
9.48943e+06
6.13921e+06
6.05735e+06
1.26911e+07
1.98654e+07
1.74362e+07
1.32489e+07
1.80114e+07
2.03845e+07
1.8594e+07
1.36463e+07
1.43097e+07
1.58544e+07
1.75755e+07
2.30113e+07
2.05132e+07
1.52719e+07
1.38099e+07
1.40451e+07
1.1627e+07
7.20051e+06
6.85199e+06
9.34541e+06
1.17117e+07
1.59819e+07
1.87575e+07
1.98553e+07
2.01122e+07
1.34067e+07
9.4314e+06
1.16124e+07
1.35882e+07
1.26212e+07
1.13861e+07
8.46154e+06
6.80153e+06
8.72484e+06
1.0277e+07
5.62902e+06
2.2197e+06
4.35956e+06
9.05968e+06
1.22928e+07
1.43401e+07
1.78018e+07
1.56774e+07
8.17527e+06
2.45964e+06
2.69485e+06
5.58265e+06
4.6617e+06
1.40971e+06
773268
1.02208e+06
815712
2.31537e+06
3.40237e+06
6.05869e+06
9.44626e+06
9.71345e+06
6.325e+06
2.27193e+06
1.58011e+06
1.62446e+06
277477
1783
2
0
12
401
11461
141285
915234
2.8902e+06
4.22719e+06
2.38931e+06
375146
16430
373
0
0
0
0
0
0
61
1477
22405
141625
318796
124916
0
0
0
0
0
0
0
0
0
0
0
0
0
0
0
0
0
0
0
0
0
0
0
0
0
0
0
0
0
0
0
0
0
0
0
0
0
0
0
0
0
0
0
0
0
0
0
0
0
0
0
0
0
0
0
0
0
0
0
0
0
0
0
0
0
0
0
0
0
0
0
0
0
0
0
0
0
0
0
0
0
0
0
0
0
0
0
0
0
0
0
0
0
0
0
0
0
0
0
0
0
0
0
0
0
0
0
0
0
0
0
0
0
0
0
0
0
0
0
0
0
0
0
0
0
0
0
0
0
0
0
0
0
0
0
0
0
0
0
0
0
0
0
0
0
0
0
0
0
0
0
0
0
0
0
0
0
0
0
0
0
0
0
0
0
0
0
0
0
0
0
0
0
0
0
0
0
0
0
0
0
0
0
0
0
0
0
0
0
0
0
0
0
0
0
0
0
0
0
0
