1.99885e+06
0
0
0
0
0
0
0
0
0
0
0
0
0
0
0
2
4003
472909
3.39061e+06
4.92822e+06
2.51256e+06
602359
76910
7593
30338
234618
971107
1.95155e+06
1.82198e+06
799554
181521
273843
1.99711e+06
6.37283e+06
8.6022e+06
5.11368e+06
1.45007e+06
612504
2.13027e+06
4.16512e+06
3.56768e+06
1.62992e+06
1.75089e+06
4.96797e+06
8.06836e+06
6.35395e+06
2.66313e+06
1.61068e+06
2.58612e+06
2.69234e+06
2.67301e+06
7.20636e+06
1.50474e+07
1.52166e+07
7.63664e+06
2.87444e+06
2.23549e+06
2.44494e+06
4.70903e+06
1.00795e+07
1.2197e+07
8.71094e+06
7.39521e+06
8.54033e+06
7.26556e+06
6.9394e+06
8.66169e+06
7.89917e+06
7.33961e+06
9.24839e+06
1.15047e+07
1.81801e+07
2.46386e+07
1.82941e+07
7.05808e+06
2.88644e+06
6.8527e+06
1.43682e+07
1.57711e+07
1.04827e+07
7.33486e+06
9.37331e+06
1.52547e+07
1.78452e+07
1.54732e+07
1.51745e+07
1.90197e+07
2.55323e+07
2.50911e+07
1.77901e+07
1.41841e+07
1.62358e+07
1.89649e+07
1.67768e+07
1.42149e+07
1.53865e+07
1.82193e+07
1.62305e+07
1.18844e+07
1.58563e+07
2.71691e+07
3.02663e+07
2.39915e+07
2.47474e+07
3.46599e+07
3.83752e+07
3.14645e+07
2.28306e+07
1.55642e+07
1.00579e+07
9.94628e+06
2.08542e+07
3.2522e+07
2.86103e+07
2.17614e+07
2.95483e+07
3.34124e+07
3.05103e+07
2.24046e+07
2.34608e+07
2.60177e+07
2.88319e+07
3.77584e+07
3.36119e+07
2.5057e+07
2.2665e+07
2.30135e+07
1.90857e+07
1.18208e+07
1.12375e+07
1.53475e+07
1.92042e+07
2.61829e+07
3.07637e+07
3.26011e+07
3.29739e+07
2.19845e+07
1.5492e+07
1.90493e+07
2.2285e+07
2.07235e+07
1.86528e+07
1.38811e+07
1.11698e+07
1.43003e+07
1.68544e+07
9.22304e+06
3.6432e+06
7.15762e+06
1.48678e+07
2.01505e+07
2.35564e+07
2.92061e+07
2.56977e+07
1.33928e+07
4.03827e+06
4.43293e+06
9.16181e+06
7.6272e+06
2.31351e+06
1.26988e+06
1.67627e+06
1.33612e+06
3.7972e+06
5.57572e+06
9.9468e+06
1.55227e+07
1.59383e+07
1.03446e+07
3.72786e+06
2.59563e+06
2.65823e+06
453850
2965
2
0
13
642
17918
229782
1.50049e+06
4.74261e+06
6.93862e+06
3.91726e+06
615847
25928
530
3
0
0
0
0
0
86
2306
35474
231673
524639
205246
0
0
0
0
0
0
0
0
0
0
0
0
0
0
0
0
0
0
0
0
0
0
0
0
0
0
0
0
0
0
0
0
0
0
0
0
0
0
0
0
0
0
0
0
0
0
0
0
0
0
0
0
0
0
0
0
0
0
0
0
0
0
0
0
0
0
0
0
0
0
0
0
0
0
0
0
0
0
0
0
0
0
0
0
0
0
0
0
0
0
0
0
0
0
0
0
0
0
0
0
0
0
0
0
0
0
0
0
0
0
0
0
0
0
0
0
0
0
0
0
0
0
0
0
0
0
0
0
0
0
0
0
0
0
0
0
0
0
0
0
0
0
0
0
0
0
0
0
0
0
0
0
0
0
0
0
0
0
0
0
0
0
0
0
0
0
0
0
0
0
0
0
0
0
0
0
0
0
0
0
0
0
0
0
0
0
0
0
0
0
0
0
0
0
0
0
0
0
0
0
