1.38854e+06
0
0
0
0
0
0
0
0
0
0
0
0
0
0
0
0
2874
328967
2.3541e+06
3.42504e+06
1.74457e+06
418462
53433
5293
20950
163092
673665
1.35701e+06
1.26601e+06
554600
126422
189398
1.38598e+06
4.42564e+06
5.98256e+06
3.5499e+06
1.00665e+06
424235
1.47962e+06
2.89533e+06
2.479e+06
1.12952e+06
1.21432e+06
3.44753e+06
5.61848e+06
4.4109e+06
1.84716e+06
1.11749e+06
1.79825e+06
1.86979e+06
1.85528e+06
5.0005e+06
1.0461e+07
1.05736e+07
5.30118e+06
1.99236e+06
1.55629e+06
1.70081e+06
3.26673e+06
6.99982e+06
8.48283e+06
6.04238e+06
5.13505e+06
5.94634e+06
5.04285e+06
4.81656e+06
6.02192e+06
5.481e+06
5.09685e+06
6.43184e+06
7.97547e+06
1.26204e+07
1.71517e+07
1.27097e+07
4.89275e+06
1.99872e+06
4.75197e+06
9.98566e+06
1.09696e+07
7.27759e+06
5.09198e+06
6.50726e+06
1.05992e+07
1.24041e+07
1.07332e+07
1.05448e+07
1.32046e+07
1.77526e+07
1.74398e+07
1.2346e+07
9.85193e+06
1.12666e+07
1.31992e+07
1.16483e+07
9.8689e+06
1.0681e+07
1.267e+07
1.1287e+07
8.23559e+06
1.09976e+07
1.88866e+07
2.10499e+07
1.66427e+07
1.71676e+07
2.40912e+07
2.6698e+07
2.18447e+07
1.58604e+07
1.08107e+07
6.98521e+06
6.87617e+06
1.44644e+07
2.26637e+07
1.9881e+07
1.50629e+07
2.05274e+07
2.3243e+07
2.1193e+07
1.55391e+07
1.6297e+07
1.80621e+07
2.00112e+07
2.62512e+07
2.33858e+07
1.7399e+07
1.57321e+07
1.60051e+07
1.32476e+07
8.19431e+06
7.79648e+06
1.06541e+07
1.33442e+07
1.82201e+07
2.13782e+07
2.2624e+07
2.29272e+07
1.52797e+07
1.07344e+07
1.323e+07
1.54906e+07
1.43775e+07
1.29732e+07
9.64688e+06
7.74274e+06
9.94062e+06
1.17307e+07
6.4101e+06
2.51914e+06
4.96321e+06
1.03297e+07
1.40031e+07
1.63325e+07
2.02955e+07
1.78774e+07
9.31623e+06
2.79296e+06
3.0612e+06
6.36868e+06
5.32039e+06
1.60197e+06
879413
1.16532e+06
924458
2.63482e+06
3.87736e+06
6.90685e+06
1.0768e+07
1.10761e+07
7.20576e+06
2.58457e+06
1.79946e+06
1.85311e+06
316272
2040
2
0
12
427
12700
159294
1.03834e+06
3.29321e+06
4.82266e+06
2.72505e+06
426447
18354
399
0
0
0
0
0
0
61
1620
25031
160704
364260
142596
0
0
0
0
0
0
0
0
0
0
0
0
0
0
0
0
0
0
0
0
0
0
0
0
0
0
0
0
0
0
0
0
0
0
0
0
0
0
0
0
0
0
0
0
0
0
0
0
0
0
0
0
0
0
0
0
0
0
0
0
0
0
0
0
0
0
0
0
0
0
0
0
0
0
0
0
0
0
0
0
0
0
0
0
0
0
0
0
0
0
0
0
0
0
0
0
0
0
0
0
0
0
0
0
0
0
0
0
0
0
0
0
0
0
0
0
0
0
0
0
0
0
0
0
0
0
0
0
0
0
0
0
0
0
0
0
0
0
0
0
0
0
0
0
0
0
0
0
0
0
0
0
0
0
0
0
0
0
0
0
0
0
0
0
0
0
0
0
0
0
0
0
0
0
0
0
0
0
0
0
0
0
0
0
0
0
0
0
0
0
0
0
0
0
0
0
0
0
0
0
