493568
0
0
0
0
0
0
0
0
0
0
0
0
0
0
0
0
1020
117747
834006
1.22067e+06
618274
149043
19216
2003
7258
58936
238975
481508
450136
197114
45372
69819
495433
1.56438e+06
2.13137e+06
1.25423e+06
361820
154306
524253
1.03215e+06
877378
401704
433818
1.22084e+06
2.00566e+06
1.56148e+06
657843
397564
638565
666686
664641
1.77402e+06
3.71638e+06
3.7534e+06
1.87763e+06
713697
560062
606702
1.16022e+06
2.48112e+06
3.02512e+06
2.13961e+06
1.82134e+06
2.12294e+06
1.78771e+06
1.70903e+06
2.14888e+06
1.94592e+06
1.80266e+06
2.30592e+06
2.83853e+06
4.46487e+06
6.10964e+06
4.49264e+06
1.74579e+06
723993
1.68532e+06
3.55111e+06
3.90635e+06
2.57666e+06
1.81753e+06
2.30867e+06
3.76166e+06
4.42223e+06
3.79646e+06
3.77124e+06
4.67241e+06
6.32026e+06
6.20291e+06
4.3736e+06
3.52624e+06
3.98506e+06
4.70392e+06
4.11866e+06
3.53109e+06
3.78527e+06
4.50889e+06
4.00894e+06
2.92974e+06
3.91082e+06
6.71812e+06
7.48861e+06
5.90162e+06
6.09641e+06
8.5677e+06
9.4972e+06
7.74668e+06
5.64517e+06
3.84047e+06
2.49614e+06
2.45519e+06
5.11772e+06
8.08576e+06
7.03757e+06
5.35652e+06
7.28695e+06
8.28156e+06
7.52157e+06
5.5251e+06
5.81621e+06
6.4119e+06
7.11043e+06
9.31654e+06
8.32815e+06
6.17234e+06
5.58346e+06
5.70818e+06
4.70068e+06
2.91588e+06
2.78108e+06
3.78234e+06
4.73732e+06
6.48666e+06
7.59481e+06
8.02035e+06
8.17143e+06
5.43558e+06
3.80454e+06
4.71109e+06
5.50594e+06
5.0965e+06
4.62699e+06
3.42081e+06
2.75715e+06
3.53745e+06
4.15006e+06
2.28466e+06
898987
1.75975e+06
3.66729e+06
5.01734e+06
5.78144e+06
7.20541e+06
6.3477e+06
3.32124e+06
996531
1.08881e+06
2.25078e+06
1.89973e+06
569311
313652
412821
332382
933317
1.3772e+06
2.44932e+06
3.83562e+06
3.92318e+06
2.57835e+06
915716
636009
657994
114620
803
0
0
8
199
4959
57318
367655
1.16277e+06
1.71858e+06
973283
150659
6524
157
0
0
0
0
0
0
25
578
8990
56078
128283
52830
0
0
0
0
0
0
0
0
0
0
0
0
0
0
0
0
0
0
0
0
0
0
0
0
0
0
0
0
0
0
0
0
0
0
0
0
0
0
0
0
0
0
0
0
0
0
0
0
0
0
0
0
0
0
0
0
0
0
0
0
0
0
0
0
0
0
0
0
0
0
0
0
0
0
0
0
0
0
0
0
0
0
0
0
0
0
0
0
0
0
0
0
0
0
0
0
0
0
0
0
0
0
0
0
0
0
0
0
0
0
0
0
0
0
0
0
0
0
0
0
0
0
0
0
0
0
0
0
0
0
0
0
0
0
0
0
0
0
0
0
0
0
0
0
0
0
0
0
0
0
0
0
0
0
0
0
0
0
0
0
0
0
0
0
0
0
0
0
0
0
0
0
0
0
0
0
0
0
0
0
0
0
0
0
0
0
0
0
0
0
0
0
0
0
0
0
0
0
0
0
