1.86368e+06
0
0
0
0
0
0
0
0
0
0
0
0
0
0
0
2
3754
441181
3.16136e+06
4.59387e+06
2.34325e+06
561964
71648
6939
28234
219195
905504
1.81864e+06
1.699e+06
745754
169365
255149
1.86219e+06
5.94111e+06
8.02046e+06
4.7691e+06
1.35205e+06
570473
1.98608e+06
3.8839e+06
3.32594e+06
1.52007e+06
1.63231e+06
4.63196e+06
7.52371e+06
5.9233e+06
2.48367e+06
1.50263e+06
2.41024e+06
2.50928e+06
2.4919e+06
6.71921e+06
1.40303e+07
1.41887e+07
7.1201e+06
2.67964e+06
2.08465e+06
2.28005e+06
4.38985e+06
9.39672e+06
1.13731e+07
8.12124e+06
6.89507e+06
7.96408e+06
6.77344e+06
6.47298e+06
8.07449e+06
7.36236e+06
6.84339e+06
8.62493e+06
1.07253e+07
1.69486e+07
2.29772e+07
1.70566e+07
6.58176e+06
2.68967e+06
6.388e+06
1.33954e+07
1.47077e+07
9.77255e+06
6.83819e+06
8.74164e+06
1.42206e+07
1.66415e+07
1.44254e+07
1.41454e+07
1.77321e+07
2.38089e+07
2.33961e+07
1.65868e+07
1.3225e+07
1.51323e+07
1.76892e+07
1.56427e+07
1.32527e+07
1.43422e+07
1.69897e+07
1.51375e+07
1.10763e+07
1.47818e+07
2.53304e+07
2.82226e+07
2.237e+07
2.30679e+07
3.2319e+07
3.57871e+07
2.93344e+07
2.12896e+07
1.45101e+07
9.37493e+06
9.2687e+06
1.94389e+07
3.03366e+07
2.66787e+07
2.0283e+07
2.75458e+07
3.11577e+07
2.84477e+07
2.08836e+07
2.18745e+07
2.42558e+07
2.68809e+07
3.52073e+07
3.13469e+07
2.33618e+07
2.1133e+07
2.14585e+07
1.779e+07
1.10183e+07
1.04761e+07
1.43092e+07
1.79085e+07
2.44155e+07
2.86839e+07
3.03926e+07
3.07503e+07
2.04995e+07
1.4437e+07
1.7758e+07
2.07819e+07
1.93221e+07
1.73935e+07
1.29425e+07
1.04134e+07
1.33331e+07
1.57192e+07
8.59915e+06
3.39553e+06
6.67295e+06
1.38593e+07
1.8788e+07
2.19617e+07
2.72254e+07
2.39671e+07
1.24929e+07
3.76188e+06
4.1304e+06
8.54158e+06
7.11729e+06
2.15553e+06
1.18458e+06
1.56215e+06
1.24579e+06
3.54025e+06
5.19832e+06
9.27502e+06
1.4467e+07
1.4859e+07
9.65269e+06
3.47443e+06
2.42e+06
2.47951e+06
423034
2753
2
0
13
586
16830
214066
1.39872e+06
4.4206e+06
6.47089e+06
3.65287e+06
573848
24197
492
3
0
0
0
0
0
72
2137
33159
216112
489153
191207
0
0
0
0
0
0
0
0
0
0
0
0
0
0
0
0
0
0
0
0
0
0
0
0
0
0
0
0
0
0
0
0
0
0
0
0
0
0
0
0
0
0
0
0
0
0
0
0
0
0
0
0
0
0
0
0
0
0
0
0
0
0
0
0
0
0
0
0
0
0
0
0
0
0
0
0
0
0
0
0
0
0
0
0
0
0
0
0
0
0
0
0
0
0
0
0
0
0
0
0
0
0
0
0
0
0
0
0
0
0
0
0
0
0
0
0
0
0
0
0
0
0
0
0
0
0
0
0
0
0
0
0
0
0
0
0
0
0
0
0
0
0
0
0
0
0
0
0
0
0
0
0
0
0
0
0
0
0
0
0
0
0
0
0
0
0
0
0
0
0
0
0
0
0
0
0
0
0
0
0
0
0
0
0
0
0
0
0
0
0
0
0
0
0
0
0
0
0
0
0
