1.15507e+06
0
0
0
0
0
0
0
0
0
0
0
0
0
0
0
0
2378
273934
1.95856e+06
2.84862e+06
1.45e+06
348795
44961
4414
17811
136439
560821
1.12629e+06
1.05242e+06
462041
106096
158996
1.15534e+06
3.67852e+06
4.97396e+06
2.95034e+06
840466
355818
1.23097e+06
2.40702e+06
2.05909e+06
942901
1.01584e+06
2.86881e+06
4.66447e+06
3.66166e+06
1.54448e+06
933647
1.49396e+06
1.55488e+06
1.54978e+06
4.16706e+06
8.68902e+06
8.78023e+06
4.41488e+06
1.66626e+06
1.29735e+06
1.41694e+06
2.72474e+06
5.81437e+06
7.04608e+06
5.03248e+06
4.27467e+06
4.94143e+06
4.19718e+06
4.01202e+06
5.0034e+06
4.56104e+06
4.24335e+06
5.35096e+06
6.64365e+06
1.04949e+07
1.42495e+07
1.05561e+07
4.0881e+06
1.68028e+06
3.95786e+06
8.29186e+06
9.113e+06
6.05994e+06
4.24636e+06
5.42209e+06
8.80421e+06
1.03124e+07
8.92793e+06
8.78729e+06
1.09866e+07
1.4756e+07
1.44928e+07
1.02744e+07
8.20978e+06
9.37212e+06
1.09735e+07
9.68343e+06
8.22363e+06
8.88448e+06
1.05292e+07
9.38231e+06
6.86727e+06
9.16864e+06
1.56922e+07
1.7491e+07
1.3861e+07
1.42992e+07
2.00217e+07
2.2193e+07
1.81642e+07
1.3201e+07
8.9943e+06
5.82371e+06
5.74854e+06
1.20252e+07
1.88261e+07
1.65258e+07
1.25656e+07
1.70692e+07
1.93216e+07
1.76259e+07
1.29355e+07
1.35681e+07
1.50272e+07
1.66624e+07
2.18089e+07
1.94403e+07
1.44788e+07
1.30886e+07
1.33138e+07
1.10217e+07
6.82858e+06
6.49685e+06
8.85709e+06
1.11009e+07
1.51478e+07
1.7779e+07
1.88227e+07
1.90601e+07
1.27104e+07
8.94307e+06
1.10064e+07
1.28777e+07
1.19652e+07
1.07914e+07
8.02204e+06
6.44922e+06
8.27039e+06
9.73572e+06
5.33776e+06
2.10743e+06
4.13258e+06
8.58599e+06
1.16548e+07
1.35942e+07
1.6871e+07
1.48565e+07
7.75019e+06
2.33511e+06
2.55587e+06
5.28803e+06
4.41882e+06
1.33768e+06
733407
967942
774525
2.19514e+06
3.22599e+06
5.74388e+06
8.95228e+06
9.20457e+06
5.99612e+06
2.15451e+06
1.49822e+06
1.5386e+06
263383
1698
2
0
12
394
10992
134794
868202
2.73963e+06
4.00618e+06
2.26322e+06
356148
15711
363
0
0
0
0
0
0
61
1411
21501
134349
301777
118437
0
0
0
0
0
0
0
0
0
0
0
0
0
0
0
0
0
0
0
0
0
0
0
0
0
0
0
0
0
0
0
0
0
0
0
0
0
0
0
0
0
0
0
0
0
0
0
0
0
0
0
0
0
0
0
0
0
0
0
0
0
0
0
0
0
0
0
0
0
0
0
0
0
0
0
0
0
0
0
0
0
0
0
0
0
0
0
0
0
0
0
0
0
0
0
0
0
0
0
0
0
0
0
0
0
0
0
0
0
0
0
0
0
0
0
0
0
0
0
0
0
0
0
0
0
0
0
0
0
0
0
0
0
0
0
0
0
0
0
0
0
0
0
0
0
0
0
0
0
0
0
0
0
0
0
0
0
0
0
0
0
0
0
0
0
0
0
0
0
0
0
0
0
0
0
0
0
0
0
0
0
0
0
0
0
0
0
0
0
0
0
0
0
0
0
0
0
0
0
0
