753664
0
0
0
0
0
0
0
0
0
0
0
0
0
0
0
0
1565
179321
1.27573e+06
1.86128e+06
945491
227176
29303
2993
11419
89655
364535
736557
685780
301320
69551
104840
753808
2.39544e+06
3.25191e+06
1.921e+06
548544
233917
801375
1.57337e+06
1.34175e+06
614560
663574
1.86846e+06
3.05134e+06
2.3851e+06
1.00609e+06
609429
975713
1.0164e+06
1.01247e+06
2.71371e+06
5.67238e+06
5.73026e+06
2.87433e+06
1.08896e+06
850093
925537
1.77535e+06
3.79196e+06
4.60428e+06
3.27643e+06
2.78736e+06
3.23168e+06
2.73263e+06
2.61583e+06
3.27373e+06
2.97317e+06
2.76218e+06
3.50434e+06
4.33404e+06
6.83431e+06
9.30996e+06
6.8751e+06
2.66825e+06
1.10224e+06
2.5776e+06
5.41342e+06
5.95442e+06
3.94538e+06
2.77476e+06
3.53302e+06
5.74469e+06
6.73675e+06
5.81359e+06
5.74473e+06
7.15574e+06
9.63618e+06
9.46323e+06
6.69031e+06
5.3666e+06
6.10484e+06
7.17007e+06
6.30797e+06
5.37778e+06
5.78997e+06
6.87224e+06
6.12217e+06
4.47621e+06
5.97768e+06
1.02528e+07
1.14231e+07
9.02565e+06
9.32035e+06
1.30744e+07
1.44885e+07
1.18392e+07
8.62045e+06
5.86791e+06
3.80316e+06
3.74785e+06
7.83418e+06
1.23105e+07
1.07684e+07
8.18699e+06
1.11358e+07
1.26221e+07
1.14957e+07
8.441e+06
8.8638e+06
9.80104e+06
1.08617e+07
1.42291e+07
1.26948e+07
9.44159e+06
8.53197e+06
8.70499e+06
7.18441e+06
4.45141e+06
4.24037e+06
5.77616e+06
7.2394e+06
9.89283e+06
1.16062e+07
1.2262e+07
1.24516e+07
8.29839e+06
5.82299e+06
7.18799e+06
8.40479e+06
7.79621e+06
7.04936e+06
5.23194e+06
4.20816e+06
5.39753e+06
6.347e+06
3.4855e+06
1.37139e+06
2.69312e+06
5.60331e+06
7.62817e+06
8.85058e+06
1.1009e+07
9.69266e+06
5.06274e+06
1.52243e+06
1.66321e+06
3.44474e+06
2.89226e+06
872193
478657
630929
504022
1.42705e+06
2.10449e+06
3.74591e+06
5.8508e+06
5.999e+06
3.92394e+06
1.40188e+06
973796
1.00438e+06
173888
1173
0
0
12
282
7344
87361
561584
1.78047e+06
2.6217e+06
1.48281e+06
231108
10047
258
0
0
0
0
0
0
54
867
13840
86878
196711
78482
0
0
0
0
0
0
0
0
0
0
0
0
0
0
0
0
0
0
0
0
0
0
0
0
0
0
0
0
0
0
0
0
0
0
0
0
0
0
0
0
0
0
0
0
0
0
0
0
0
0
0
0
0
0
0
0
0
0
0
0
0
0
0
0
0
0
0
0
0
0
0
0
0
0
0
0
0
0
0
0
0
0
0
0
0
0
0
0
0
0
0
0
0
0
0
0
0
0
0
0
0
0
0
0
0
0
0
0
0
0
0
0
0
0
0
0
0
0
0
0
0
0
0
0
0
0
0
0
0
0
0
0
0
0
0
0
0
0
0
0
0
0
0
0
0
0
0
0
0
0
0
0
0
0
0
0
0
0
0
0
0
0
0
0
0
0
0
0
0
0
0
0
0
0
0
0
0
0
0
0
0
0
0
0
0
0
0
0
0
0
0
0
0
0
0
0
0
0
0
0
