610304
0
0
0
0
0
0
0
0
0
0
0
0
0
0
0
0
1256
145528
1.03205e+06
1.50867e+06
764803
184029
23720
2462
9096
72713
295650
595568
556270
243440
56510
85762
611403
1.9371e+06
2.63409e+06
1.55339e+06
445979
189909
648775
1.27487e+06
1.08564e+06
497794
536423
1.51041e+06
2.47797e+06
1.92974e+06
813550
493356
789041
824617
819996
2.19542e+06
4.59414e+06
4.64227e+06
2.32415e+06
882184
690465
749791
1.435e+06
3.07088e+06
3.73369e+06
2.64887e+06
2.25577e+06
2.6208e+06
2.21041e+06
2.11675e+06
2.65435e+06
2.40731e+06
2.23201e+06
2.84494e+06
3.50905e+06
5.53068e+06
7.54301e+06
5.56204e+06
2.15981e+06
894306
2.08601e+06
4.38678e+06
4.82613e+06
3.18995e+06
2.24723e+06
2.85739e+06
4.65215e+06
5.46182e+06
4.70225e+06
4.65753e+06
5.78725e+06
7.80615e+06
7.66731e+06
5.41495e+06
4.35005e+06
4.93653e+06
5.81199e+06
5.09997e+06
4.36006e+06
4.68368e+06
5.57148e+06
4.95776e+06
3.6237e+06
4.83794e+06
8.30704e+06
9.25254e+06
7.30436e+06
7.54224e+06
1.05908e+07
1.17352e+07
9.58487e+06
6.98143e+06
4.75038e+06
3.08212e+06
3.0357e+06
6.33776e+06
9.98198e+06
8.7103e+06
6.62669e+06
9.01526e+06
1.02307e+07
9.30327e+06
6.83544e+06
7.18468e+06
7.93504e+06
8.79057e+06
1.15193e+07
1.02914e+07
7.63879e+06
6.90532e+06
7.05497e+06
5.81626e+06
3.60301e+06
3.43561e+06
4.67813e+06
5.86076e+06
8.01405e+06
9.39574e+06
9.92325e+06
1.00948e+07
6.7204e+06
4.70815e+06
5.82363e+06
6.80944e+06
6.30703e+06
5.71504e+06
4.23198e+06
3.40916e+06
4.37194e+06
5.134e+06
2.82534e+06
1.11002e+06
2.17733e+06
4.5389e+06
6.19107e+06
7.15553e+06
8.91135e+06
7.85195e+06
4.10405e+06
1.23076e+06
1.34549e+06
2.78724e+06
2.34632e+06
704905
387696
510335
408723
1.15384e+06
1.70454e+06
3.03187e+06
4.73934e+06
4.856e+06
3.18313e+06
1.13298e+06
786930
813841
141578
963
0
0
12
242
5970
70322
453112
1.44098e+06
2.12558e+06
1.20186e+06
186401
8056
205
0
0
0
0
0
0
31
704
11076
69524
159313
64504
0
0
0
0
0
0
0
0
0
0
0
0
0
0
0
0
0
0
0
0
0
0
0
0
0
0
0
0
0
0
0
0
0
0
0
0
0
0
0
0
0
0
0
0
0
0
0
0
0
0
0
0
0
0
0
0
0
0
0
0
0
0
0
0
0
0
0
0
0
0
0
0
0
0
0
0
0
0
0
0
0
0
0
0
0
0
0
0
0
0
0
0
0
0
0
0
0
0
0
0
0
0
0
0
0
0
0
0
0
0
0
0
0
0
0
0
0
0
0
0
0
0
0
0
0
0
0
0
0
0
0
0
0
0
0
0
0
0
0
0
0
0
0
0
0
0
0
0
0
0
0
0
0
0
0
0
0
0
0
0
0
0
0
0
0
0
0
0
0
0
0
0
0
0
0
0
0
0
0
0
0
0
0
0
0
0
0
0
0
0
0
0
0
0
0
0
0
0
0
0
