1.39264e+06
0
0
0
0
0
0
0
0
0
0
0
0
0
0
0
0
2880
329913
2.36106e+06
3.43517e+06
1.74972e+06
419693
53565
5315
21001
163563
675609
1.36108e+06
1.26983e+06
556168
126760
189989
1.38991e+06
4.43866e+06
6.00048e+06
3.56035e+06
1.00958e+06
425422
1.48397e+06
2.9038e+06
2.48652e+06
1.13284e+06
1.21762e+06
3.45772e+06
5.63541e+06
4.42396e+06
1.85248e+06
1.12068e+06
1.80354e+06
1.87532e+06
1.86071e+06
5.01479e+06
1.04921e+07
1.06055e+07
5.31661e+06
1.99794e+06
1.56099e+06
1.70569e+06
3.27612e+06
7.02061e+06
8.50822e+06
6.06004e+06
5.14999e+06
5.96427e+06
5.05771e+06
4.83056e+06
6.03966e+06
5.49718e+06
5.11192e+06
6.45074e+06
7.99861e+06
1.26574e+07
1.72035e+07
1.27472e+07
4.90679e+06
2.0042e+06
4.76558e+06
1.00156e+07
1.10027e+07
7.29855e+06
5.1067e+06
6.52627e+06
1.06306e+07
1.24409e+07
1.07647e+07
1.05757e+07
1.32432e+07
1.78053e+07
1.74916e+07
1.23826e+07
9.88047e+06
1.12994e+07
1.32387e+07
1.16829e+07
9.89756e+06
1.07123e+07
1.27082e+07
1.13201e+07
8.2597e+06
1.10292e+07
1.89428e+07
2.11126e+07
1.66916e+07
1.72174e+07
2.41627e+07
2.67772e+07
2.19094e+07
1.59074e+07
1.08422e+07
7.0057e+06
6.8956e+06
1.4507e+07
2.27312e+07
1.99403e+07
1.51061e+07
2.05881e+07
2.33118e+07
2.12556e+07
1.55848e+07
1.63451e+07
1.81156e+07
2.00694e+07
2.63293e+07
2.34556e+07
1.74501e+07
1.57782e+07
1.60527e+07
1.32866e+07
8.21818e+06
7.81904e+06
1.06857e+07
1.33834e+07
1.82742e+07
2.14412e+07
2.26907e+07
2.29956e+07
1.53247e+07
1.07653e+07
1.32691e+07
1.55368e+07
1.44196e+07
1.30113e+07
9.67556e+06
7.76514e+06
9.96992e+06
1.17662e+07
6.42886e+06
2.52604e+06
4.97762e+06
1.03605e+07
1.40446e+07
1.63801e+07
2.03558e+07
1.79309e+07
9.34364e+06
2.80067e+06
3.06988e+06
6.38771e+06
5.33658e+06
1.60643e+06
881951
1.16876e+06
927050
2.64247e+06
3.88845e+06
6.92762e+06
1.08e+07
1.1109e+07
7.22695e+06
2.592e+06
1.80458e+06
1.85877e+06
317231
2043
2
0
12
427
12717
159678
1.04117e+06
3.30286e+06
4.83731e+06
2.73319e+06
427598
18396
399
0
0
0
0
0
0
61
1622
25083
161148
365344
143062
0
0
0
0
0
0
0
0
0
0
0
0
0
0
0
0
0
0
0
0
0
0
0
0
0
0
0
0
0
0
0
0
0
0
0
0
0
0
0
0
0
0
0
0
0
0
0
0
0
0
0
0
0
0
0
0
0
0
0
0
0
0
0
0
0
0
0
0
0
0
0
0
0
0
0
0
0
0
0
0
0
0
0
0
0
0
0
0
0
0
0
0
0
0
0
0
0
0
0
0
0
0
0
0
0
0
0
0
0
0
0
0
0
0
0
0
0
0
0
0
0
0
0
0
0
0
0
0
0
0
0
0
0
0
0
0
0
0
0
0
0
0
0
0
0
0
0
0
0
0
0
0
0
0
0
0
0
0
0
0
0
0
0
0
0
0
0
0
0
0
0
0
0
0
0
0
0
0
0
0
0
0
0
0
0
0
0
0
0
0
0
0
0
0
0
0
0
0
0
0
