65536
0
0
0
0
0
0
0
0
0
0
0
0
0
0
0
0
222
16073
107884
167354
78235
19929
3105
519
1199
7778
29199
67186
59929
25037
6318
10120
65039
200055
297236
157745
48660
22543
67135
141194
115198
51945
57322
153685
284248
200439
84636
52157
85606
91916
88943
224288
501820
504641
237187
96111
80499
81057
148099
322046
424143
270164
233054
303822
228828
216084
301528
252204
229597
326479
367544
561422
864075
574579
226251
101347
213447
475035
534315
326641
251801
295056
496847
609045
478389
525948
593114
854233
833047
561521
483952
504476
661813
522157
479623
486303
615735
536161
381951
503028
899477
1.01758e+06
765010
796146
1.14309e+06
1.28358e+06
1.01031e+06
754490
510173
340434
318678
642351
1.14299e+06
910209
689178
950371
1.14434e+06
980299
727329
793590
834788
931155
1.22742e+06
1.14984e+06
804755
721893
787409
610102
380285
375765
494705
624402
893957
997050
1.03924e+06
1.10832e+06
724954
485942
641367
729030
657739
633211
447703
367555
471963
545604
307600
121188
232376
475247
705029
727863
954714
850599
450854
132421
141563
285799
268260
73852
41024
55163
46646
117927
184814
324295
508672
508946
361848
116977
82088
88502
17071
96
0
0
0
38
808
8381
48400
146903
232327
132374
19603
967
23
0
0
0
0
0
0
7
142
1236
7342
15697
8344
0
0
0
0
0
0
0
0
0
0
0
0
0
0
0
0
0
0
0
0
0
0
0
0
0
0
0
0
0
0
0
0
0
0
0
0
0
0
0
0
0
0
0
0
0
0
0
0
0
0
0
0
0
0
0
0
0
0
0
0
0
0
0
0
0
0
0
0
0
0
0
0
0
0
0
0
0
0
0
0
0
0
0
0
0
0
0
0
0
0
0
0
0
0
0
0
0
0
0
0
0
0
0
0
0
0
0
0
0
0
0
0
0
0
0
0
0
0
0
0
0
0
0
0
0
0
0
0
0
0
0
0
0
0
0
0
0
0
0
0
0
0
0
0
0
0
0
0
0
0
0
0
0
0
0
0
0
0
0
0
0
0
0
0
0
0
0
0
0
0
0
0
0
0
0
0
0
0
0
0
0
0
0
0
0
0
0
0
0
0
0
0
0
0
0
0
0
0
0
0
