1.58515e+06
0
0
0
0
0
0
0
0
0
0
0
0
0
0
0
2
3219
375088
2.68864e+06
3.9086e+06
1.99205e+06
477967
60990
5988
23858
186387
770196
1.5479e+06
1.44423e+06
633874
144539
216671
1.58286e+06
5.05283e+06
6.82606e+06
4.0537e+06
1.14972e+06
484732
1.69013e+06
3.3038e+06
2.82902e+06
1.29128e+06
1.3878e+06
3.93682e+06
6.40826e+06
5.03586e+06
2.10993e+06
1.27708e+06
2.05256e+06
2.13411e+06
2.1187e+06
5.70871e+06
1.1941e+07
1.2071e+07
6.05034e+06
2.27827e+06
1.77529e+06
1.9394e+06
3.73205e+06
7.99328e+06
9.67811e+06
6.90051e+06
5.86282e+06
6.78455e+06
5.75734e+06
5.50323e+06
6.87134e+06
6.25749e+06
5.82001e+06
7.33914e+06
9.11304e+06
1.44119e+07
1.95646e+07
1.45062e+07
5.59119e+06
2.28423e+06
5.42799e+06
1.14011e+07
1.25154e+07
8.30745e+06
5.81435e+06
7.43267e+06
1.20994e+07
1.41568e+07
1.22581e+07
1.20359e+07
1.50808e+07
2.0258e+07
1.99025e+07
1.41038e+07
1.12449e+07
1.28641e+07
1.50602e+07
1.33022e+07
1.12677e+07
1.21956e+07
1.446e+07
1.28795e+07
9.41097e+06
1.25623e+07
2.15506e+07
2.40168e+07
1.90167e+07
1.96087e+07
2.74952e+07
3.04596e+07
2.49427e+07
1.81124e+07
1.23384e+07
7.97108e+06
7.86212e+06
1.65255e+07
2.58466e+07
2.26941e+07
1.72176e+07
2.34316e+07
2.65214e+07
2.41898e+07
1.77504e+07
1.86093e+07
2.06253e+07
2.28509e+07
2.99591e+07
2.66806e+07
1.98633e+07
1.79684e+07
1.82642e+07
1.51267e+07
9.3593e+06
8.9073e+06
1.21644e+07
1.523e+07
2.07859e+07
2.4402e+07
2.58393e+07
2.61688e+07
1.74389e+07
1.22585e+07
1.51071e+07
1.76861e+07
1.64193e+07
1.48046e+07
1.10063e+07
8.84581e+06
1.13481e+07
1.33849e+07
7.31348e+06
2.87851e+06
5.66989e+06
1.17922e+07
1.59864e+07
1.86515e+07
2.31667e+07
2.04072e+07
1.0628e+07
3.18913e+06
3.50092e+06
7.26992e+06
6.0681e+06
1.82976e+06
1.00516e+06
1.32947e+06
1.05646e+06
3.0078e+06
4.4249e+06
7.88789e+06
1.22967e+07
1.26426e+07
8.22203e+06
2.94956e+06
2.05524e+06
2.1136e+06
360780
2355
2
0
12
477
14333
181608
1.18672e+06
3.76058e+06
5.50594e+06
3.10832e+06
487278
20671
429
3
0
0
0
0
0
63
1813
28355
183069
416342
162934
0
0
0
0
0
0
0
0
0
0
0
0
0
0
0
0
0
0
0
0
0
0
0
0
0
0
0
0
0
0
0
0
0
0
0
0
0
0
0
0
0
0
0
0
0
0
0
0
0
0
0
0
0
0
0
0
0
0
0
0
0
0
0
0
0
0
0
0
0
0
0
0
0
0
0
0
0
0
0
0
0
0
0
0
0
0
0
0
0
0
0
0
0
0
0
0
0
0
0
0
0
0
0
0
0
0
0
0
0
0
0
0
0
0
0
0
0
0
0
0
0
0
0
0
0
0
0
0
0
0
0
0
0
0
0
0
0
0
0
0
0
0
0
0
0
0
0
0
0
0
0
0
0
0
0
0
0
0
0
0
0
0
0
0
0
0
0
0
0
0
0
0
0
0
0
0
0
0
0
0
0
0
0
0
0
0
0
0
0
0
0
0
0
0
0
0
0
0
0
0
