1.26362e+06
0
0
0
0
0
0
0
0
0
0
0
0
0
0
0
0
2612
299451
2.14244e+06
3.11702e+06
1.58691e+06
380751
49029
4822
19233
148891
613841
1.23288e+06
1.15158e+06
505353
115400
173180
1.26267e+06
4.02593e+06
5.44298e+06
3.22887e+06
917498
387935
1.3463e+06
2.63432e+06
2.25424e+06
1.02947e+06
1.10879e+06
3.13775e+06
5.1063e+06
4.01152e+06
1.68488e+06
1.01897e+06
1.63575e+06
1.7007e+06
1.69242e+06
4.55561e+06
9.5133e+06
9.61159e+06
4.82669e+06
1.8192e+06
1.41704e+06
1.54943e+06
2.97715e+06
6.3649e+06
7.71373e+06
5.50364e+06
4.6733e+06
5.4083e+06
4.59063e+06
4.38715e+06
5.47595e+06
4.98807e+06
4.64014e+06
5.85407e+06
7.26219e+06
1.14846e+07
1.55993e+07
1.15542e+07
4.46337e+06
1.82993e+06
4.32676e+06
9.07781e+06
9.9757e+06
6.62637e+06
4.64166e+06
5.92817e+06
9.63592e+06
1.12827e+07
9.76882e+06
9.60516e+06
1.20186e+07
1.61488e+07
1.5862e+07
1.12356e+07
8.97424e+06
1.02551e+07
1.20069e+07
1.05983e+07
8.9874e+06
9.72002e+06
1.1525e+07
1.02655e+07
7.50292e+06
1.00234e+07
1.71774e+07
1.91424e+07
1.51536e+07
1.56382e+07
2.19138e+07
2.428e+07
1.98753e+07
1.44378e+07
9.84004e+06
6.36349e+06
6.27625e+06
1.31608e+07
2.06066e+07
1.80835e+07
1.37331e+07
1.86753e+07
2.11427e+07
1.92829e+07
1.41493e+07
1.48341e+07
1.6442e+07
1.82215e+07
2.38711e+07
2.12733e+07
1.58331e+07
1.43202e+07
1.45646e+07
1.2056e+07
7.4648e+06
7.10382e+06
9.69156e+06
1.21431e+07
1.65762e+07
1.94543e+07
2.05872e+07
2.08572e+07
1.39037e+07
9.77677e+06
1.20414e+07
1.40924e+07
1.30872e+07
1.1806e+07
8.77636e+06
7.05057e+06
9.04708e+06
1.06624e+07
5.83594e+06
2.2982e+06
4.52022e+06
9.39699e+06
1.27473e+07
1.48656e+07
1.84645e+07
1.62608e+07
8.47682e+06
2.5481e+06
2.79132e+06
5.79121e+06
4.83659e+06
1.46049e+06
801129
1.06042e+06
844021
2.39993e+06
3.52794e+06
6.28365e+06
9.79724e+06
1.00749e+07
6.55891e+06
2.35456e+06
1.6376e+06
1.68521e+06
287815
1854
2
0
12
408
11804
145885
947346
2.99639e+06
4.38641e+06
2.47872e+06
388248
16955
374
0
0
0
0
0
0
61
1501
23076
146494
331057
129619
0
0
0
0
0
0
0
0
0
0
0
0
0
0
0
0
0
0
0
0
0
0
0
0
0
0
0
0
0
0
0
0
0
0
0
0
0
0
0
0
0
0
0
0
0
0
0
0
0
0
0
0
0
0
0
0
0
0
0
0
0
0
0
0
0
0
0
0
0
0
0
0
0
0
0
0
0
0
0
0
0
0
0
0
0
0
0
0
0
0
0
0
0
0
0
0
0
0
0
0
0
0
0
0
0
0
0
0
0
0
0
0
0
0
0
0
0
0
0
0
0
0
0
0
0
0
0
0
0
0
0
0
0
0
0
0
0
0
0
0
0
0
0
0
0
0
0
0
0
0
0
0
0
0
0
0
0
0
0
0
0
0
0
0
0
0
0
0
0
0
0
0
0
0
0
0
0
0
0
0
0
0
0
0
0
0
0
0
0
0
0
0
0
0
0
0
0
0
0
0
