1.23494e+06
0
0
0
0
0
0
0
0
0
0
0
0
0
0
0
0
2545
292691
2.09391e+06
3.04638e+06
1.55036e+06
372333
48055
4711
18804
145580
599771
1.20489e+06
1.12556e+06
493708
112916
169434
1.23446e+06
3.9341e+06
5.3187e+06
3.15571e+06
897047
379584
1.31597e+06
2.5736e+06
2.20324e+06
1.00642e+06
1.08408e+06
3.06629e+06
4.99025e+06
3.91929e+06
1.64783e+06
996335
1.59813e+06
1.66199e+06
1.65491e+06
4.4531e+06
9.29492e+06
9.39247e+06
4.718e+06
1.77873e+06
1.38543e+06
1.51466e+06
2.91002e+06
6.21972e+06
7.53758e+06
5.37896e+06
4.56836e+06
5.28475e+06
4.4867e+06
4.28878e+06
5.35021e+06
4.87524e+06
4.53496e+06
5.72133e+06
7.09846e+06
1.12233e+07
1.52441e+07
1.12912e+07
4.36279e+06
1.7904e+06
4.22902e+06
8.87111e+06
9.74729e+06
6.47629e+06
4.53764e+06
5.79454e+06
9.41761e+06
1.10253e+07
9.54606e+06
9.38929e+06
1.17455e+07
1.57819e+07
1.55003e+07
1.09812e+07
8.77212e+06
1.00217e+07
1.17346e+07
1.03577e+07
8.78463e+06
9.49912e+06
1.12625e+07
1.00315e+07
7.33496e+06
9.79778e+06
1.67856e+07
1.87058e+07
1.48121e+07
1.52834e+07
2.14154e+07
2.37278e+07
1.94239e+07
1.41114e+07
9.61683e+06
6.22025e+06
6.13667e+06
1.28617e+07
2.01358e+07
1.76721e+07
1.34244e+07
1.8252e+07
2.06609e+07
1.88445e+07
1.38284e+07
1.45011e+07
1.60679e+07
1.78107e+07
2.33243e+07
2.07892e+07
1.54756e+07
1.39952e+07
1.4235e+07
1.17833e+07
7.29594e+06
6.94315e+06
9.4721e+06
1.18681e+07
1.61988e+07
1.90096e+07
2.01217e+07
2.03833e+07
1.35881e+07
9.55663e+06
1.17682e+07
1.37714e+07
1.27909e+07
1.15397e+07
8.57564e+06
6.89135e+06
8.84189e+06
1.0418e+07
5.70355e+06
2.24855e+06
4.41754e+06
9.18229e+06
1.2459e+07
1.45308e+07
1.80428e+07
1.58891e+07
8.28537e+06
2.4917e+06
2.72983e+06
5.65859e+06
4.72488e+06
1.42836e+06
783422
1.03627e+06
825800
2.34617e+06
3.44755e+06
6.14082e+06
9.57438e+06
9.8442e+06
6.41033e+06
2.30216e+06
1.60114e+06
1.64631e+06
281226
1814
2
0
12
404
11569
142835
926939
2.92865e+06
4.28554e+06
2.42157e+06
379956
16648
373
0
0
0
0
0
0
61
1487
22646
143405
323167
126706
0
0
0
0
0
0
0
0
0
0
0
0
0
0
0
0
0
0
0
0
0
0
0
0
0
0
0
0
0
0
0
0
0
0
0
0
0
0
0
0
0
0
0
0
0
0
0
0
0
0
0
0
0
0
0
0
0
0
0
0
0
0
0
0
0
0
0
0
0
0
0
0
0
0
0
0
0
0
0
0
0
0
0
0
0
0
0
0
0
0
0
0
0
0
0
0
0
0
0
0
0
0
0
0
0
0
0
0
0
0
0
0
0
0
0
0
0
0
0
0
0
0
0
0
0
0
0
0
0
0
0
0
0
0
0
0
0
0
0
0
0
0
0
0
0
0
0
0
0
0
0
0
0
0
0
0
0
0
0
0
0
0
0
0
0
0
0
0
0
0
0
0
0
0
0
0
0
0
0
0
0
0
0
0
0
0
0
0
0
0
0
0
0
0
0
0
0
0
0
0
