1.07725e+06
0
0
0
0
0
0
0
0
0
0
0
0
0
0
0
0
2219
255400
1.82646e+06
2.65718e+06
1.35195e+06
325381
41985
4084
16601
127709
522572
1.05021e+06
981492
430974
99013
148917
1.0773e+06
3.4303e+06
4.63928e+06
2.75002e+06
784694
332320
1.14798e+06
2.24504e+06
1.91979e+06
879520
948171
2.67476e+06
4.35067e+06
3.41386e+06
1.44043e+06
872004
1.39266e+06
1.44956e+06
1.44747e+06
3.88769e+06
8.10155e+06
8.18489e+06
4.1182e+06
1.55535e+06
1.211e+06
1.32209e+06
2.54206e+06
5.41995e+06
6.57154e+06
4.69388e+06
3.98704e+06
4.60893e+06
3.91404e+06
3.74096e+06
4.66706e+06
4.25412e+06
3.95573e+06
4.9929e+06
6.19854e+06
9.78423e+06
1.3288e+07
9.84117e+06
3.81612e+06
1.56938e+06
3.69115e+06
7.7326e+06
8.49866e+06
5.65075e+06
3.96197e+06
5.0571e+06
8.20865e+06
9.61825e+06
8.32657e+06
8.19672e+06
1.02452e+07
1.37625e+07
1.35148e+07
9.58195e+06
7.65994e+06
8.73741e+06
1.02358e+07
9.02875e+06
7.67118e+06
8.28692e+06
9.81931e+06
8.7474e+06
6.40651e+06
8.55166e+06
1.46355e+07
1.63139e+07
1.29233e+07
1.33367e+07
1.86751e+07
2.06962e+07
1.69373e+07
1.23138e+07
8.38647e+06
5.43426e+06
5.36608e+06
1.12116e+07
1.75578e+07
1.5406e+07
1.17204e+07
1.59194e+07
1.80226e+07
1.6439e+07
1.2063e+07
1.26566e+07
1.40128e+07
1.55407e+07
2.03397e+07
1.81266e+07
1.35054e+07
1.22034e+07
1.24222e+07
1.02756e+07
6.37062e+06
6.0603e+06
8.26152e+06
1.03541e+07
1.41235e+07
1.65788e+07
1.7553e+07
1.77784e+07
1.1859e+07
8.3377e+06
1.02648e+07
1.2009e+07
1.1158e+07
1.0068e+07
7.47935e+06
6.01506e+06
7.71436e+06
9.0747e+06
4.97987e+06
1.96551e+06
3.85373e+06
8.00765e+06
1.08785e+07
1.26776e+07
1.57291e+07
1.385e+07
7.23117e+06
2.1796e+06
2.38487e+06
4.92901e+06
4.12021e+06
1.24858e+06
685290
901885
723901
2.04592e+06
3.00683e+06
5.3565e+06
8.35091e+06
8.58258e+06
5.59525e+06
2.00863e+06
1.3975e+06
1.43353e+06
245752
1603
2
0
12
365
10426
125769
809456
2.55301e+06
3.73844e+06
2.11147e+06
331291
14637
355
0
0
0
0
0
0
59
1356
20046
125215
281451
110497
0
0
0
0
0
0
0
0
0
0
0
0
0
0
0
0
0
0
0
0
0
0
0
0
0
0
0
0
0
0
0
0
0
0
0
0
0
0
0
0
0
0
0
0
0
0
0
0
0
0
0
0
0
0
0
0
0
0
0
0
0
0
0
0
0
0
0
0
0
0
0
0
0
0
0
0
0
0
0
0
0
0
0
0
0
0
0
0
0
0
0
0
0
0
0
0
0
0
0
0
0
0
0
0
0
0
0
0
0
0
0
0
0
0
0
0
0
0
0
0
0
0
0
0
0
0
0
0
0
0
0
0
0
0
0
0
0
0
0
0
0
0
0
0
0
0
0
0
0
0
0
0
0
0
0
0
0
0
0
0
0
0
0
0
0
0
0
0
0
0
0
0
0
0
0
0
0
0
0
0
0
0
0
0
0
0
0
0
0
0
0
0
0
0
0
0
0
0
0
0
