1.21242e+06
0
0
0
0
0
0
0
0
0
0
0
0
0
0
0
0
2500
287424
2.05543e+06
2.991e+06
1.52205e+06
365620
47150
4600
18483
143024
588702
1.18293e+06
1.10488e+06
484738
111010
166306
1.21195e+06
3.86288e+06
5.22116e+06
3.09754e+06
881057
373025
1.29168e+06
2.52688e+06
2.16267e+06
988238
1.0652e+06
3.01069e+06
4.898e+06
3.84672e+06
1.61856e+06
978753
1.56904e+06
1.63129e+06
1.62552e+06
4.37217e+06
9.12416e+06
9.21992e+06
4.63245e+06
1.7471e+06
1.36033e+06
1.48707e+06
2.8583e+06
6.10536e+06
7.3983e+06
5.28155e+06
4.48573e+06
5.18758e+06
4.40506e+06
4.21095e+06
5.25268e+06
4.786e+06
4.45326e+06
5.616e+06
6.97028e+06
1.10185e+07
1.49631e+07
1.10841e+07
4.28523e+06
1.75943e+06
4.15332e+06
8.70688e+06
9.568e+06
6.35921e+06
4.45529e+06
5.68977e+06
9.24521e+06
1.08234e+07
9.37161e+06
9.21979e+06
1.15321e+07
1.54913e+07
1.52167e+07
1.07816e+07
8.61376e+06
9.83845e+06
1.15201e+07
1.01676e+07
8.62606e+06
9.32648e+06
1.10553e+07
9.84758e+06
7.20314e+06
9.62102e+06
1.64773e+07
1.83626e+07
1.4544e+07
1.50076e+07
2.10198e+07
2.32953e+07
1.90686e+07
1.38545e+07
9.44146e+06
6.10878e+06
6.02777e+06
1.26264e+07
1.97647e+07
1.73481e+07
1.31829e+07
1.79202e+07
2.02813e+07
1.85005e+07
1.35775e+07
1.42382e+07
1.57745e+07
1.74875e+07
2.28943e+07
2.04093e+07
1.51954e+07
1.37404e+07
1.3974e+07
1.15688e+07
7.16428e+06
6.8177e+06
9.29821e+06
1.16527e+07
1.59006e+07
1.86631e+07
1.97558e+07
2.00101e+07
1.33389e+07
9.38411e+06
1.15541e+07
1.35193e+07
1.25577e+07
1.13286e+07
8.41862e+06
6.76795e+06
8.68092e+06
1.02244e+07
5.60095e+06
2.2087e+06
4.33788e+06
9.01367e+06
1.22307e+07
1.42681e+07
1.77118e+07
1.5598e+07
8.13394e+06
2.44762e+06
2.68161e+06
5.55411e+06
4.63816e+06
1.40275e+06
769458
1.01673e+06
811793
2.30378e+06
3.38528e+06
6.02843e+06
9.39834e+06
9.66408e+06
6.29311e+06
2.26047e+06
1.57233e+06
1.61612e+06
276112
1777
2
0
12
399
11409
140713
910692
2.87583e+06
4.20558e+06
2.37707e+06
373313
16356
373
0
0
0
0
0
0
61
1471
22310
140943
317157
124266
0
0
0
0
0
0
0
0
0
0
0
0
0
0
0
0
0
0
0
0
0
0
0
0
0
0
0
0
0
0
0
0
0
0
0
0
0
0
0
0
0
0
0
0
0
0
0
0
0
0
0
0
0
0
0
0
0
0
0
0
0
0
0
0
0
0
0
0
0
0
0
0
0
0
0
0
0
0
0
0
0
0
0
0
0
0
0
0
0
0
0
0
0
0
0
0
0
0
0
0
0
0
0
0
0
0
0
0
0
0
0
0
0
0
0
0
0
0
0
0
0
0
0
0
0
0
0
0
0
0
0
0
0
0
0
0
0
0
0
0
0
0
0
0
0
0
0
0
0
0
0
0
0
0
0
0
0
0
0
0
0
0
0
0
0
0
0
0
0
0
0
0
0
0
0
0
0
0
0
0
0
0
0
0
0
0
0
0
0
0
0
0
0
0
0
0
0
0
0
0
