1.55238e+06
0
0
0
0
0
0
0
0
0
0
0
0
0
0
0
2
3164
367308
2.63302e+06
3.82783e+06
1.95116e+06
467880
59666
5868
23323
182357
754164
1.5163e+06
1.41476e+06
620487
141355
212024
1.54986e+06
4.94824e+06
6.68619e+06
3.96982e+06
1.12571e+06
474105
1.65501e+06
3.23604e+06
2.77106e+06
1.2637e+06
1.35804e+06
3.85582e+06
6.27801e+06
4.93185e+06
2.06512e+06
1.25032e+06
2.01017e+06
2.0907e+06
2.0742e+06
5.58857e+06
1.16964e+07
1.1823e+07
5.92512e+06
2.22961e+06
1.73903e+06
1.89854e+06
3.65498e+06
7.82786e+06
9.47923e+06
6.75718e+06
5.7416e+06
6.64583e+06
5.63758e+06
5.38805e+06
6.73015e+06
6.12918e+06
5.69844e+06
7.18761e+06
8.92135e+06
1.41151e+07
1.91639e+07
1.42086e+07
5.4737e+06
2.23436e+06
5.31389e+06
1.11666e+07
1.22605e+07
8.13527e+06
5.69216e+06
7.27672e+06
1.18503e+07
1.38675e+07
1.20028e+07
1.17863e+07
1.47666e+07
1.98429e+07
1.94928e+07
1.38105e+07
1.10125e+07
1.25967e+07
1.47508e+07
1.30265e+07
1.1035e+07
1.19416e+07
1.41625e+07
1.26153e+07
9.21367e+06
1.22986e+07
2.11078e+07
2.35278e+07
1.86191e+07
1.91977e+07
2.69291e+07
2.98358e+07
2.44275e+07
1.77353e+07
1.2084e+07
7.80614e+06
7.69433e+06
1.61812e+07
2.53196e+07
2.22281e+07
1.68533e+07
2.29455e+07
2.59798e+07
2.36908e+07
1.73801e+07
1.82245e+07
2.01982e+07
2.23779e+07
2.93403e+07
2.61323e+07
1.94533e+07
1.75953e+07
1.78886e+07
1.48135e+07
9.16362e+06
8.72116e+06
1.19119e+07
1.49143e+07
2.03623e+07
2.38969e+07
2.53033e+07
2.56313e+07
1.70785e+07
1.20011e+07
1.47955e+07
1.73222e+07
1.60786e+07
1.44988e+07
1.07791e+07
8.6612e+06
1.11132e+07
1.31123e+07
7.1625e+06
2.81621e+06
5.55085e+06
1.15494e+07
1.5658e+07
1.82622e+07
2.26879e+07
1.99896e+07
1.04104e+07
3.12027e+06
3.42528e+06
7.12165e+06
5.94515e+06
1.7912e+06
983616
1.30215e+06
1.03412e+06
2.9453e+06
4.33247e+06
7.72375e+06
1.2044e+07
1.23819e+07
8.05395e+06
2.8875e+06
2.01157e+06
2.07129e+06
353427
2280
2
0
12
461
14104
177812
1.16103e+06
3.68218e+06
5.39291e+06
3.04572e+06
476590
20216
418
0
0
0
0
0
0
63
1790
27753
179178
407804
159604
0
0
0
0
0
0
0
0
0
0
0
0
0
0
0
0
0
0
0
0
0
0
0
0
0
0
0
0
0
0
0
0
0
0
0
0
0
0
0
0
0
0
0
0
0
0
0
0
0
0
0
0
0
0
0
0
0
0
0
0
0
0
0
0
0
0
0
0
0
0
0
0
0
0
0
0
0
0
0
0
0
0
0
0
0
0
0
0
0
0
0
0
0
0
0
0
0
0
0
0
0
0
0
0
0
0
0
0
0
0
0
0
0
0
0
0
0
0
0
0
0
0
0
0
0
0
0
0
0
0
0
0
0
0
0
0
0
0
0
0
0
0
0
0
0
0
0
0
0
0
0
0
0
0
0
0
0
0
0
0
0
0
0
0
0
0
0
0
0
0
0
0
0
0
0
0
0
0
0
0
0
0
0
0
0
0
0
0
0
0
0
0
0
0
0
0
0
0
0
0
