1.68346e+06
0
0
0
0
0
0
0
0
0
0
0
0
0
0
0
2
3423
398361
2.85568e+06
4.15036e+06
2.11577e+06
507837
64702
6289
25383
198088
818410
1.6428e+06
1.5339e+06
673686
153448
230199
1.68182e+06
5.36743e+06
7.24548e+06
4.30574e+06
1.22219e+06
515230
1.79469e+06
3.50806e+06
3.00419e+06
1.37223e+06
1.47489e+06
4.18251e+06
6.79991e+06
5.3489e+06
2.24319e+06
1.35718e+06
2.17816e+06
2.26594e+06
2.25168e+06
6.06671e+06
1.26764e+07
1.28157e+07
6.42992e+06
2.42124e+06
1.88362e+06
2.0596e+06
3.966e+06
8.48911e+06
1.0274e+07
7.33147e+06
6.2275e+06
7.20026e+06
6.11683e+06
5.84621e+06
7.29461e+06
6.64655e+06
6.18152e+06
7.79437e+06
9.68404e+06
1.53078e+07
2.07645e+07
1.54033e+07
5.94409e+06
2.42955e+06
5.7689e+06
1.21027e+07
1.32859e+07
8.82543e+06
6.17807e+06
7.89652e+06
1.28463e+07
1.50312e+07
1.30239e+07
1.27813e+07
1.60169e+07
2.15123e+07
2.11327e+07
1.49799e+07
1.19446e+07
1.36643e+07
1.59875e+07
1.41301e+07
1.1969e+07
1.29545e+07
1.53505e+07
1.3675e+07
1.00001e+07
1.33503e+07
2.28829e+07
2.54944e+07
2.02027e+07
2.08358e+07
2.9195e+07
3.23355e+07
2.64928e+07
1.92356e+07
1.31041e+07
8.46517e+06
8.36383e+06
1.75571e+07
2.74234e+07
2.40996e+07
1.83069e+07
2.48837e+07
2.8153e+07
2.56915e+07
1.88559e+07
1.97636e+07
2.19111e+07
2.42765e+07
3.1806e+07
2.8324e+07
2.10977e+07
1.9086e+07
1.93928e+07
1.60645e+07
9.94666e+06
9.46376e+06
1.29232e+07
1.61763e+07
2.20611e+07
2.59111e+07
2.74473e+07
2.77878e+07
1.85193e+07
1.30289e+07
1.60391e+07
1.87799e+07
1.74469e+07
1.57188e+07
1.16883e+07
9.39983e+06
1.20472e+07
1.42065e+07
7.76847e+06
3.06152e+06
6.02412e+06
1.252e+07
1.69752e+07
1.98237e+07
2.45976e+07
2.16619e+07
1.12868e+07
3.39178e+06
3.72326e+06
7.71758e+06
6.43906e+06
1.94442e+06
1.0689e+06
1.4111e+06
1.12458e+06
3.19567e+06
4.69577e+06
8.37688e+06
1.30637e+07
1.34256e+07
8.72769e+06
3.13401e+06
2.18416e+06
2.24234e+06
382466
2475
2
0
12
501
15233
193086
1.26178e+06
3.9921e+06
5.84759e+06
3.30077e+06
517860
21733
437
3
0
0
0
0
0
64
1909
30069
194678
442180
172828
0
0
0
0
0
0
0
0
0
0
0
0
0
0
0
0
0
0
0
0
0
0
0
0
0
0
0
0
0
0
0
0
0
0
0
0
0
0
0
0
0
0
0
0
0
0
0
0
0
0
0
0
0
0
0
0
0
0
0
0
0
0
0
0
0
0
0
0
0
0
0
0
0
0
0
0
0
0
0
0
0
0
0
0
0
0
0
0
0
0
0
0
0
0
0
0
0
0
0
0
0
0
0
0
0
0
0
0
0
0
0
0
0
0
0
0
0
0
0
0
0
0
0
0
0
0
0
0
0
0
0
0
0
0
0
0
0
0
0
0
0
0
0
0
0
0
0
0
0
0
0
0
0
0
0
0
0
0
0
0
0
0
0
0
0
0
0
0
0
0
0
0
0
0
0
0
0
0
0
0
0
0
0
0
0
0
0
0
0
0
0
0
0
0
0
0
0
0
0
0
