1.4807e+06
0
0
0
0
0
0
0
0
0
0
0
0
0
0
0
2
3028
350483
2.51097e+06
3.65182e+06
1.86062e+06
446494
56757
5614
22234
173883
718826
1.44667e+06
1.34996e+06
591787
134538
201892
1.47788e+06
4.71915e+06
6.3804e+06
3.78563e+06
1.07326e+06
451595
1.57871e+06
3.08744e+06
2.64265e+06
1.20516e+06
1.29483e+06
3.67681e+06
5.99118e+06
4.70357e+06
1.96928e+06
1.19174e+06
1.91788e+06
1.99423e+06
1.97719e+06
5.33013e+06
1.11589e+07
1.1277e+07
5.6521e+06
2.12503e+06
1.65845e+06
1.8114e+06
3.48528e+06
7.46621e+06
9.04258e+06
6.4456e+06
5.47603e+06
6.33992e+06
5.37697e+06
5.13752e+06
6.42106e+06
5.84554e+06
5.43534e+06
6.85595e+06
8.50668e+06
1.34618e+07
1.82863e+07
1.3554e+07
5.2171e+06
2.12976e+06
5.06821e+06
1.06516e+07
1.16964e+07
7.75817e+06
5.42897e+06
6.93981e+06
1.13035e+07
1.32283e+07
1.14476e+07
1.12412e+07
1.40841e+07
1.89307e+07
1.85937e+07
1.31694e+07
1.0504e+07
1.20121e+07
1.40755e+07
1.24242e+07
1.05236e+07
1.13902e+07
1.35103e+07
1.20342e+07
8.78386e+06
1.17283e+07
2.01369e+07
2.24456e+07
1.77533e+07
1.83079e+07
2.56888e+07
2.84647e+07
2.32975e+07
1.69162e+07
1.15272e+07
7.44494e+06
7.33313e+06
1.54284e+07
2.4162e+07
2.12042e+07
1.60657e+07
2.1888e+07
2.47851e+07
2.25974e+07
1.65723e+07
1.7381e+07
1.92654e+07
2.13369e+07
2.79934e+07
2.49345e+07
1.85521e+07
1.67779e+07
1.70664e+07
1.41296e+07
8.73788e+06
8.31407e+06
1.13601e+07
1.42274e+07
1.9428e+07
2.27965e+07
2.41291e+07
2.44505e+07
1.62921e+07
1.1444e+07
1.4112e+07
1.65215e+07
1.53315e+07
1.3831e+07
1.02854e+07
8.25906e+06
1.05991e+07
1.25109e+07
6.83401e+06
2.68442e+06
5.29384e+06
1.10156e+07
1.4934e+07
1.74147e+07
2.16432e+07
1.9068e+07
9.93196e+06
2.97604e+06
3.26442e+06
6.79336e+06
5.6725e+06
1.70858e+06
937279
1.24261e+06
985466
2.80883e+06
4.13361e+06
7.36769e+06
1.14862e+07
1.18102e+07
7.68301e+06
2.75507e+06
1.9182e+06
1.97659e+06
336857
2171
2
0
12
449
13490
169554
1.10651e+06
3.51177e+06
5.14508e+06
2.90545e+06
454238
19381
409
0
0
0
0
0
0
63
1704
26504
171216
388658
152207
0
0
0
0
0
0
0
0
0
0
0
0
0
0
0
0
0
0
0
0
0
0
0
0
0
0
0
0
0
0
0
0
0
0
0
0
0
0
0
0
0
0
0
0
0
0
0
0
0
0
0
0
0
0
0
0
0
0
0
0
0
0
0
0
0
0
0
0
0
0
0
0
0
0
0
0
0
0
0
0
0
0
0
0
0
0
0
0
0
0
0
0
0
0
0
0
0
0
0
0
0
0
0
0
0
0
0
0
0
0
0
0
0
0
0
0
0
0
0
0
0
0
0
0
0
0
0
0
0
0
0
0
0
0
0
0
0
0
0
0
0
0
0
0
0
0
0
0
0
0
0
0
0
0
0
0
0
0
0
0
0
0
0
0
0
0
0
0
0
0
0
0
0
0
0
0
0
0
0
0
0
0
0
0
0
0
0
0
0
0
0
0
0
0
0
0
0
0
0
0
