342016
0
0
0
0
0
0
0
0
0
0
0
0
0
0
0
0
737
81732
576911
847932
426151
103957
13636
1461
5150
41320
163958
334737
312101
136479
31448
49238
344929
1.08055e+06
1.47778e+06
866598
252404
108161
361826
717786
606742
278295
301318
840909
1.39805e+06
1.07804e+06
455653
276101
441581
462667
462580
1.22803e+06
2.57578e+06
2.59727e+06
1.2991e+06
497157
390074
421466
802929
1.71504e+06
2.10411e+06
1.47756e+06
1.25906e+06
1.47829e+06
1.23627e+06
1.18091e+06
1.49438e+06
1.34459e+06
1.24882e+06
1.60346e+06
1.96658e+06
3.08382e+06
4.24691e+06
3.10186e+06
1.2103e+06
506477
1.16638e+06
2.46156e+06
2.71049e+06
1.77845e+06
1.26403e+06
1.59816e+06
2.60589e+06
3.0687e+06
2.62263e+06
2.62224e+06
3.2296e+06
4.38491e+06
4.29827e+06
3.02663e+06
2.45055e+06
2.75061e+06
3.27059e+06
2.8449e+06
2.45307e+06
2.62229e+06
3.12313e+06
2.77655e+06
2.03272e+06
2.70809e+06
4.65742e+06
5.19292e+06
4.08563e+06
4.2182e+06
5.93842e+06
6.5903e+06
5.35793e+06
3.91321e+06
2.66341e+06
1.73236e+06
1.70382e+06
3.53847e+06
5.61649e+06
4.86459e+06
3.71229e+06
5.04434e+06
5.74668e+06
5.20757e+06
3.8319e+06
4.03861e+06
4.43803e+06
4.92379e+06
6.44822e+06
5.78469e+06
4.27317e+06
3.86148e+06
3.96379e+06
3.25165e+06
2.02214e+06
1.93272e+06
2.61778e+06
3.28295e+06
4.4998e+06
5.25721e+06
5.55154e+06
5.66948e+06
3.77052e+06
2.62906e+06
3.26705e+06
3.815e+06
3.52871e+06
3.21181e+06
2.36829e+06
1.9133e+06
2.45139e+06
2.86727e+06
1.5852e+06
623373
1.21985e+06
2.53853e+06
3.49694e+06
3.98919e+06
4.99108e+06
4.399e+06
2.30443e+06
692427
757347
1.55143e+06
1.32043e+06
393743
217244
287135
232110
643566
953015
1.69707e+06
2.65595e+06
2.71754e+06
1.79417e+06
632505
439887
455418
80100
538
0
0
3
133
3555
39890
254599
802979
1.19358e+06
674192
104598
4513
106
0
0
0
0
0
0
15
441
6207
38880
88494
36971
0
0
0
0
0
0
0
0
0
0
0
0
0
0
0
0
0
0
0
0
0
0
0
0
0
0
0
0
0
0
0
0
0
0
0
0
0
0
0
0
0
0
0
0
0
0
0
0
0
0
0
0
0
0
0
0
0
0
0
0
0
0
0
0
0
0
0
0
0
0
0
0
0
0
0
0
0
0
0
0
0
0
0
0
0
0
0
0
0
0
0
0
0
0
0
0
0
0
0
0
0
0
0
0
0
0
0
0
0
0
0
0
0
0
0
0
0
0
0
0
0
0
0
0
0
0
0
0
0
0
0
0
0
0
0
0
0
0
0
0
0
0
0
0
0
0
0
0
0
0
0
0
0
0
0
0
0
0
0
0
0
0
0
0
0
0
0
0
0
0
0
0
0
0
0
0
0
0
0
0
0
0
0
0
0
0
0
0
0
0
0
0
0
0
0
0
0
0
0
0
