1.40083e+06
0
0
0
0
0
0
0
0
0
0
0
0
0
0
0
0
2898
331775
2.37512e+06
3.45532e+06
1.76e+06
422213
53813
5341
21075
164482
679572
1.3692e+06
1.27759e+06
559155
127493
191081
1.39771e+06
4.46481e+06
6.03649e+06
3.58151e+06
1.01508e+06
427831
1.49248e+06
2.92099e+06
2.50147e+06
1.13929e+06
1.22418e+06
3.47801e+06
5.66969e+06
4.45006e+06
1.86292e+06
1.12697e+06
1.8144e+06
1.88632e+06
1.87116e+06
5.04375e+06
1.05543e+07
1.06696e+07
5.34726e+06
2.00916e+06
1.57022e+06
1.71539e+06
3.29503e+06
7.06216e+06
8.55937e+06
6.09522e+06
5.17981e+06
5.99966e+06
5.08778e+06
4.85865e+06
6.0751e+06
5.52947e+06
5.1418e+06
6.48879e+06
8.04494e+06
1.27314e+07
1.73069e+07
1.28229e+07
4.93461e+06
2.01474e+06
4.79316e+06
1.00756e+07
1.10689e+07
7.34057e+06
5.13601e+06
6.56431e+06
1.06936e+07
1.25147e+07
1.08278e+07
1.06373e+07
1.33204e+07
1.79115e+07
1.75954e+07
1.2455e+07
9.938e+06
1.13648e+07
1.33179e+07
1.1752e+07
9.95475e+06
1.07751e+07
1.27843e+07
1.13864e+07
8.30751e+06
1.10929e+07
1.90549e+07
2.12385e+07
1.67888e+07
1.73173e+07
2.4306e+07
2.69358e+07
2.20385e+07
1.6001e+07
1.09058e+07
7.04604e+06
6.93447e+06
1.45924e+07
2.28667e+07
2.00586e+07
1.51928e+07
2.07092e+07
2.34497e+07
2.13811e+07
1.56762e+07
1.64412e+07
1.82219e+07
2.0186e+07
2.64853e+07
2.3595e+07
1.7552e+07
1.5871e+07
1.61476e+07
1.33651e+07
8.26517e+06
7.8641e+06
1.07481e+07
1.34621e+07
1.83823e+07
2.15673e+07
2.28247e+07
2.31324e+07
1.54145e+07
1.08271e+07
1.33478e+07
1.56287e+07
1.4504e+07
1.30876e+07
9.7326e+06
7.81001e+06
1.00287e+07
1.18372e+07
6.46602e+06
2.53979e+06
5.00633e+06
1.04218e+07
1.41277e+07
1.64758e+07
2.04757e+07
1.80383e+07
9.3984e+06
2.81599e+06
3.08695e+06
6.42615e+06
5.3686e+06
1.61571e+06
886862
1.17574e+06
932100
2.6576e+06
3.9111e+06
6.96856e+06
1.08648e+07
1.11742e+07
7.26986e+06
2.60658e+06
1.81484e+06
1.87005e+06
319255
2053
2
0
12
427
12760
160474
1.04674e+06
3.32216e+06
4.86655e+06
2.74962e+06
429875
18471
399
0
0
0
0
0
0
61
1623
25205
162008
367474
144045
0
0
0
0
0
0
0
0
0
0
0
0
0
0
0
0
0
0
0
0
0
0
0
0
0
0
0
0
0
0
0
0
0
0
0
0
0
0
0
0
0
0
0
0
0
0
0
0
0
0
0
0
0
0
0
0
0
0
0
0
0
0
0
0
0
0
0
0
0
0
0
0
0
0
0
0
0
0
0
0
0
0
0
0
0
0
0
0
0
0
0
0
0
0
0
0
0
0
0
0
0
0
0
0
0
0
0
0
0
0
0
0
0
0
0
0
0
0
0
0
0
0
0
0
0
0
0
0
0
0
0
0
0
0
0
0
0
0
0
0
0
0
0
0
0
0
0
0
0
0
0
0
0
0
0
0
0
0
0
0
0
0
0
0
0
0
0
0
0
0
0
0
0
0
0
0
0
0
0
0
0
0
0
0
0
0
0
0
0
0
0
0
0
0
0
0
0
0
0
0
