1.28819e+06
0
0
0
0
0
0
0
0
0
0
0
0
0
0
0
0
2664
305236
2.18417e+06
3.17782e+06
1.61737e+06
388327
49987
4949
19498
151637
625840
1.25756e+06
1.17376e+06
514852
117644
176476
1.28685e+06
4.10525e+06
5.5485e+06
3.29152e+06
935348
395126
1.37259e+06
2.68621e+06
2.29806e+06
1.04874e+06
1.13017e+06
3.1993e+06
5.20645e+06
4.08904e+06
1.71685e+06
1.03879e+06
1.66796e+06
1.73376e+06
1.72496e+06
4.64417e+06
9.69887e+06
9.79942e+06
4.92003e+06
1.85418e+06
1.44449e+06
1.57905e+06
3.03585e+06
6.48908e+06
7.86284e+06
5.61066e+06
4.76543e+06
5.51211e+06
4.68002e+06
4.4721e+06
5.58303e+06
5.08521e+06
4.73098e+06
5.96721e+06
7.40359e+06
1.17096e+07
1.59001e+07
1.178e+07
4.55061e+06
1.86491e+06
4.41216e+06
9.25334e+06
1.01695e+07
6.7548e+06
4.73212e+06
6.04336e+06
9.82461e+06
1.1502e+07
9.95824e+06
9.79151e+06
1.22534e+07
1.64618e+07
1.61715e+07
1.14538e+07
9.14849e+06
1.04535e+07
1.22411e+07
1.08047e+07
9.16237e+06
9.91025e+06
1.17468e+07
1.0466e+07
7.64977e+06
1.02171e+07
1.7513e+07
1.95124e+07
1.54492e+07
1.5943e+07
2.23402e+07
2.47519e+07
2.02618e+07
1.47192e+07
1.00313e+07
6.48607e+06
6.3975e+06
1.34188e+07
2.10066e+07
1.84356e+07
1.40006e+07
1.90386e+07
2.1553e+07
1.96585e+07
1.44247e+07
1.51208e+07
1.67606e+07
1.8577e+07
2.43366e+07
2.16853e+07
1.61437e+07
1.45984e+07
1.48467e+07
1.22899e+07
7.61018e+06
7.24156e+06
9.8812e+06
1.23798e+07
1.68989e+07
1.98322e+07
2.09873e+07
2.12617e+07
1.41748e+07
9.96811e+06
1.22747e+07
1.43653e+07
1.33429e+07
1.20352e+07
8.94769e+06
7.18773e+06
9.2229e+06
1.08706e+07
5.94891e+06
2.34347e+06
4.60836e+06
9.57973e+06
1.29941e+07
1.51554e+07
1.8822e+07
1.6578e+07
8.64126e+06
2.59869e+06
2.84571e+06
5.9035e+06
4.93068e+06
1.4889e+06
816616
1.08104e+06
860837
2.44667e+06
3.59721e+06
6.40568e+06
9.98773e+06
1.02697e+07
6.68552e+06
2.40154e+06
1.66973e+06
1.71765e+06
293535
1891
2
0
12
420
12053
148775
966337
3.05525e+06
4.47048e+06
2.52667e+06
396069
17278
381
0
0
0
0
0
0
61
1518
23534
149517
337441
132025
0
0
0
0
0
0
0
0
0
0
0
0
0
0
0
0
0
0
0
0
0
0
0
0
0
0
0
0
0
0
0
0
0
0
0
0
0
0
0
0
0
0
0
0
0
0
0
0
0
0
0
0
0
0
0
0
0
0
0
0
0
0
0
0
0
0
0
0
0
0
0
0
0
0
0
0
0
0
0
0
0
0
0
0
0
0
0
0
0
0
0
0
0
0
0
0
0
0
0
0
0
0
0
0
0
0
0
0
0
0
0
0
0
0
0
0
0
0
0
0
0
0
0
0
0
0
0
0
0
0
0
0
0
0
0
0
0
0
0
0
0
0
0
0
0
0
0
0
0
0
0
0
0
0
0
0
0
0
0
0
0
0
0
0
0
0
0
0
0
0
0
0
0
0
0
0
0
0
0
0
0
0
0
0
0
0
0
0
0
0
0
0
0
0
0
0
0
0
0
0
