1.57696e+06
0
0
0
0
0
0
0
0
0
0
0
0
0
0
0
2
3211
373262
2.67457e+06
3.88835e+06
1.98182e+06
475524
60681
5969
23739
185384
766203
1.53998e+06
1.43682e+06
630496
143819
215578
1.57468e+06
5.02658e+06
6.79094e+06
4.03261e+06
1.14386e+06
482256
1.68141e+06
3.28662e+06
2.81455e+06
1.28449e+06
1.38049e+06
3.91643e+06
6.37581e+06
5.00949e+06
2.09874e+06
1.27059e+06
2.04197e+06
2.12329e+06
2.10792e+06
5.67867e+06
1.18793e+07
1.20088e+07
6.01895e+06
2.26649e+06
1.76624e+06
1.92946e+06
3.71283e+06
7.95165e+06
9.62823e+06
6.86483e+06
5.83274e+06
6.7494e+06
5.7275e+06
5.47448e+06
6.83628e+06
6.22534e+06
5.78966e+06
7.30121e+06
9.06544e+06
1.43373e+07
1.94643e+07
1.44313e+07
5.56235e+06
2.27221e+06
5.39948e+06
1.13424e+07
1.24513e+07
8.26426e+06
5.78415e+06
7.39412e+06
1.20369e+07
1.40839e+07
1.21945e+07
1.19741e+07
1.50024e+07
2.01535e+07
1.97999e+07
1.40308e+07
1.11867e+07
1.27975e+07
1.49827e+07
1.32332e+07
1.12095e+07
1.21326e+07
1.4385e+07
1.28138e+07
9.36146e+06
1.24967e+07
2.14395e+07
2.38948e+07
1.89175e+07
1.95061e+07
2.73534e+07
3.03032e+07
2.48133e+07
1.80185e+07
1.2275e+07
7.93037e+06
7.8204e+06
1.64392e+07
2.57145e+07
2.25778e+07
1.71263e+07
2.33103e+07
2.63859e+07
2.40653e+07
1.76571e+07
1.85139e+07
2.05186e+07
2.27328e+07
2.98036e+07
2.65432e+07
1.97615e+07
1.78751e+07
1.81701e+07
1.50482e+07
9.31072e+06
8.86094e+06
1.21013e+07
1.51509e+07
2.06805e+07
2.4275e+07
2.5706e+07
2.60336e+07
1.73486e+07
1.21946e+07
1.50296e+07
1.75951e+07
1.63338e+07
1.47281e+07
1.09493e+07
8.79996e+06
1.12896e+07
1.33162e+07
7.27544e+06
2.86352e+06
5.64029e+06
1.17313e+07
1.59045e+07
1.85539e+07
2.30469e+07
2.03025e+07
1.05736e+07
3.17221e+06
3.48221e+06
7.23261e+06
6.03734e+06
1.82023e+06
999649
1.32283e+06
1.05084e+06
2.99239e+06
4.40164e+06
7.84712e+06
1.22333e+07
1.25773e+07
8.17986e+06
2.93433e+06
2.04432e+06
2.10294e+06
358952
2345
2
0
12
467
14282
180747
1.18016e+06
3.74122e+06
5.47761e+06
3.0925e+06
484633
20576
426
3
0
0
0
0
0
63
1803
28190
182101
414219
162104
0
0
0
0
0
0
0
0
0
0
0
0
0
0
0
0
0
0
0
0
0
0
0
0
0
0
0
0
0
0
0
0
0
0
0
0
0
0
0
0
0
0
0
0
0
0
0
0
0
0
0
0
0
0
0
0
0
0
0
0
0
0
0
0
0
0
0
0
0
0
0
0
0
0
0
0
0
0
0
0
0
0
0
0
0
0
0
0
0
0
0
0
0
0
0
0
0
0
0
0
0
0
0
0
0
0
0
0
0
0
0
0
0
0
0
0
0
0
0
0
0
0
0
0
0
0
0
0
0
0
0
0
0
0
0
0
0
0
0
0
0
0
0
0
0
0
0
0
0
0
0
0
0
0
0
0
0
0
0
0
0
0
0
0
0
0
0
0
0
0
0
0
0
0
0
0
0
0
0
0
0
0
0
0
0
0
0
0
0
0
0
0
0
0
0
0
0
0
0
0
