1.72442e+06
0
0
0
0
0
0
0
0
0
0
0
0
0
0
0
2
3497
408038
2.92511e+06
4.25114e+06
2.16797e+06
519835
66184
6440
25937
202810
838325
1.68268e+06
1.57189e+06
690076
156712
235357
1.72228e+06
5.49863e+06
7.4231e+06
4.41078e+06
1.25104e+06
527272
1.83784e+06
3.59411e+06
3.07773e+06
1.40528e+06
1.50923e+06
4.28596e+06
6.9656e+06
5.47941e+06
2.29719e+06
1.38923e+06
2.23199e+06
2.32122e+06
2.30426e+06
6.21352e+06
1.29883e+07
1.3129e+07
6.58578e+06
2.47841e+06
1.93006e+06
2.10868e+06
4.06058e+06
8.69766e+06
1.05256e+07
7.50954e+06
6.37794e+06
7.37595e+06
6.26395e+06
5.98881e+06
7.47377e+06
6.8087e+06
6.33026e+06
7.98297e+06
9.9196e+06
1.56813e+07
2.12724e+07
1.57794e+07
6.08646e+06
2.48598e+06
5.90862e+06
1.23998e+07
1.36102e+07
9.03904e+06
6.32662e+06
8.08804e+06
1.31612e+07
1.53976e+07
1.3341e+07
1.30908e+07
1.6405e+07
2.20377e+07
2.16494e+07
1.53433e+07
1.22328e+07
1.39968e+07
1.63786e+07
1.44733e+07
1.22597e+07
1.32689e+07
1.57244e+07
1.4009e+07
1.02414e+07
1.3673e+07
2.34429e+07
2.61158e+07
2.06933e+07
2.13411e+07
2.99065e+07
3.31233e+07
2.71391e+07
1.9703e+07
1.34215e+07
8.67014e+06
8.56502e+06
1.79842e+07
2.80946e+07
2.46865e+07
1.87495e+07
2.54881e+07
2.88401e+07
2.63176e+07
1.93152e+07
2.02423e+07
2.24419e+07
2.48663e+07
3.25842e+07
2.90144e+07
2.16109e+07
1.95504e+07
1.98623e+07
1.6457e+07
1.01877e+07
9.69146e+06
1.32385e+07
1.65703e+07
2.25983e+07
2.65424e+07
2.8116e+07
2.84643e+07
1.89683e+07
1.33441e+07
1.64309e+07
1.92364e+07
1.78719e+07
1.61011e+07
1.19732e+07
9.62862e+06
1.23391e+07
1.45535e+07
7.95733e+06
3.13605e+06
6.17084e+06
1.2825e+07
1.73846e+07
2.03077e+07
2.51986e+07
2.21889e+07
1.15607e+07
3.47389e+06
3.81326e+06
7.90608e+06
6.59544e+06
1.99178e+06
1.0946e+06
1.44587e+06
1.15098e+06
3.27383e+06
4.8106e+06
8.58044e+06
1.3383e+07
1.37526e+07
8.93903e+06
3.20985e+06
2.23761e+06
2.29681e+06
391708
2511
2
0
12
530
15628
197836
1.29222e+06
4.0891e+06
5.99097e+06
3.38015e+06
530658
22189
449
3
0
0
0
0
0
71
1965
30749
199417
452812
177194
0
0
0
0
0
0
0
0
0
0
0
0
0
0
0
0
0
0
0
0
0
0
0
0
0
0
0
0
0
0
0
0
0
0
0
0
0
0
0
0
0
0
0
0
0
0
0
0
0
0
0
0
0
0
0
0
0
0
0
0
0
0
0
0
0
0
0
0
0
0
0
0
0
0
0
0
0
0
0
0
0
0
0
0
0
0
0
0
0
0
0
0
0
0
0
0
0
0
0
0
0
0
0
0
0
0
0
0
0
0
0
0
0
0
0
0
0
0
0
0
0
0
0
0
0
0
0
0
0
0
0
0
0
0
0
0
0
0
0
0
0
0
0
0
0
0
0
0
0
0
0
0
0
0
0
0
0
0
0
0
0
0
0
0
0
0
0
0
0
0
0
0
0
0
0
0
0
0
0
0
0
0
0
0
0
0
0
0
0
0
0
0
0
0
0
0
0
0
0
0
