618496
0
0
0
0
0
0
0
0
0
0
0
0
0
0
0
0
1286
147453
1.04591e+06
1.52881e+06
775210
186477
24025
2496
9224
73732
299534
603676
563538
246774
57302
86922
619372
1.9633e+06
2.66952e+06
1.57429e+06
451885
192520
657444
1.29193e+06
1.10017e+06
504574
543822
1.53054e+06
2.51102e+06
1.95555e+06
824571
499980
799932
835588
830843
2.22526e+06
4.65512e+06
4.70495e+06
2.35547e+06
893974
699701
759995
1.4544e+06
3.11161e+06
3.78387e+06
2.68449e+06
2.2862e+06
2.65596e+06
2.2402e+06
2.14508e+06
2.68979e+06
2.43975e+06
2.26228e+06
2.88263e+06
3.55632e+06
5.60484e+06
7.64361e+06
5.63766e+06
2.18903e+06
906296
2.11352e+06
4.44567e+06
4.89049e+06
3.2331e+06
2.27799e+06
2.89548e+06
4.71466e+06
5.53492e+06
4.76556e+06
4.72003e+06
5.86514e+06
7.91021e+06
7.7709e+06
5.48702e+06
4.408e+06
5.00348e+06
5.88954e+06
5.16945e+06
4.41834e+06
4.74608e+06
5.6461e+06
5.02472e+06
3.67271e+06
4.9027e+06
8.4187e+06
9.37579e+06
7.40318e+06
7.64332e+06
1.07324e+07
1.1893e+07
9.71368e+06
7.07504e+06
4.81422e+06
3.12375e+06
3.07632e+06
6.42206e+06
1.01165e+07
8.82833e+06
6.71599e+06
9.13569e+06
1.03674e+07
9.42804e+06
6.92774e+06
7.2805e+06
8.04173e+06
8.90861e+06
1.16737e+07
1.04297e+07
7.74198e+06
6.99727e+06
7.14956e+06
5.89473e+06
3.6514e+06
3.48111e+06
4.74074e+06
5.93976e+06
8.12213e+06
9.52191e+06
1.00555e+07
1.02299e+07
6.81124e+06
4.77198e+06
5.90138e+06
6.90054e+06
6.39167e+06
5.79111e+06
4.28987e+06
3.45492e+06
4.42966e+06
5.2038e+06
2.86348e+06
1.12512e+06
2.20694e+06
4.5991e+06
6.27268e+06
7.25227e+06
9.0319e+06
7.95724e+06
4.1586e+06
1.24767e+06
1.36343e+06
2.82475e+06
2.37776e+06
714304
392776
517396
414157
1.16958e+06
1.72764e+06
3.07301e+06
4.80247e+06
4.92096e+06
3.22524e+06
1.14865e+06
797726
824575
143483
986
0
0
12
251
6040
71463
459547
1.46012e+06
2.154e+06
1.21762e+06
189029
8181
207
0
0
0
0
0
0
35
709
11276
70554
161383
65291
0
0
0
0
0
0
0
0
0
0
0
0
0
0
0
0
0
0
0
0
0
0
0
0
0
0
0
0
0
0
0
0
0
0
0
0
0
0
0
0
0
0
0
0
0
0
0
0
0
0
0
0
0
0
0
0
0
0
0
0
0
0
0
0
0
0
0
0
0
0
0
0
0
0
0
0
0
0
0
0
0
0
0
0
0
0
0
0
0
0
0
0
0
0
0
0
0
0
0
0
0
0
0
0
0
0
0
0
0
0
0
0
0
0
0
0
0
0
0
0
0
0
0
0
0
0
0
0
0
0
0
0
0
0
0
0
0
0
0
0
0
0
0
0
0
0
0
0
0
0
0
0
0
0
0
0
0
0
0
0
0
0
0
0
0
0
0
0
0
0
0
0
0
0
0
0
0
0
0
0
0
0
0
0
0
0
0
0
0
0
0
0
0
0
0
0
0
0
0
0
