907264
0
0
0
0
0
0
0
0
0
0
0
0
0
0
0
0
1900
215268
1.53794e+06
2.23843e+06
1.13791e+06
273816
35762
3528
13916
108179
439337
885130
825886
362958
83674
126354
907304
2.88822e+06
3.90838e+06
2.31198e+06
662411
281738
966525
1.89179e+06
1.61531e+06
740387
801219
2.25134e+06
3.66428e+06
2.87185e+06
1.21415e+06
735808
1.17341e+06
1.22147e+06
1.22111e+06
3.27486e+06
6.8218e+06
6.88717e+06
3.46602e+06
1.31428e+06
1.02229e+06
1.11495e+06
2.143e+06
4.56242e+06
5.53225e+06
3.95176e+06
3.35855e+06
3.88266e+06
3.29377e+06
3.15252e+06
3.93283e+06
3.58179e+06
3.3309e+06
4.21077e+06
5.22358e+06
8.23453e+06
1.1186e+07
8.27836e+06
3.2204e+06
1.33078e+06
3.11055e+06
6.50832e+06
7.15634e+06
4.75667e+06
3.34338e+06
4.26075e+06
6.90802e+06
8.10105e+06
7.0082e+06
6.91456e+06
8.62194e+06
1.15885e+07
1.13808e+07
8.06732e+06
6.46116e+06
7.35624e+06
8.61845e+06
7.59913e+06
6.46967e+06
6.97783e+06
8.26684e+06
7.36471e+06
5.40037e+06
7.20718e+06
1.23257e+07
1.37355e+07
1.08795e+07
1.12368e+07
1.57282e+07
1.74271e+07
1.42571e+07
1.03754e+07
7.06358e+06
4.58325e+06
4.52639e+06
9.44021e+06
1.47828e+07
1.29649e+07
9.87911e+06
1.34087e+07
1.51773e+07
1.38416e+07
1.01639e+07
1.06628e+07
1.18023e+07
1.30889e+07
1.7124e+07
1.52691e+07
1.137e+07
1.02749e+07
1.0468e+07
8.6527e+06
5.36733e+06
5.10987e+06
6.95826e+06
8.71786e+06
1.18957e+07
1.39623e+07
1.4775e+07
1.49707e+07
9.99347e+06
7.02488e+06
8.64483e+06
1.01115e+07
9.39648e+06
8.48125e+06
6.29858e+06
5.06967e+06
6.49613e+06
7.63416e+06
4.19724e+06
1.6588e+06
3.24788e+06
6.74212e+06
9.16878e+06
1.06736e+07
1.32441e+07
1.16576e+07
6.0903e+06
1.84189e+06
2.01102e+06
4.14533e+06
3.47127e+06
1.05187e+06
578307
759149
610759
1.72305e+06
2.5342e+06
4.50977e+06
7.03414e+06
7.2217e+06
4.71545e+06
1.6933e+06
1.17726e+06
1.20572e+06
207246
1349
0
0
12
341
8995
107160
682847
2.14891e+06
3.14546e+06
1.77917e+06
279778
12399
301
0
0
0
0
0
0
57
1132
17017
105731
236720
92975
0
0
0
0
0
0
0
0
0
0
0
0
0
0
0
0
0
0
0
0
0
0
0
0
0
0
0
0
0
0
0
0
0
0
0
0
0
0
0
0
0
0
0
0
0
0
0
0
0
0
0
0
0
0
0
0
0
0
0
0
0
0
0
0
0
0
0
0
0
0
0
0
0
0
0
0
0
0
0
0
0
0
0
0
0
0
0
0
0
0
0
0
0
0
0
0
0
0
0
0
0
0
0
0
0
0
0
0
0
0
0
0
0
0
0
0
0
0
0
0
0
0
0
0
0
0
0
0
0
0
0
0
0
0
0
0
0
0
0
0
0
0
0
0
0
0
0
0
0
0
0
0
0
0
0
0
0
0
0
0
0
0
0
0
0
0
0
0
0
0
0
0
0
0
0
0
0
0
0
0
0
0
0
0
0
0
0
0
0
0
0
0
0
0
0
0
0
0
0
0
