376832
0
0
0
0
0
0
0
0
0
0
0
0
0
0
0
0
795
90094
635433
934151
470468
114197
14741
1564
5602
45396
181203
368453
343817
150379
34664
53836
379412
1.19186e+06
1.62768e+06
956482
277201
118306
399217
790497
668676
306824
331843
927839
1.53778e+06
1.18875e+06
502436
303657
486783
509731
508461
1.35325e+06
2.83919e+06
2.86326e+06
1.43179e+06
546925
428314
463895
885346
1.89093e+06
2.3157e+06
1.63011e+06
1.38799e+06
1.62499e+06
1.36364e+06
1.30202e+06
1.64525e+06
1.48342e+06
1.3756e+06
1.76452e+06
2.16793e+06
3.4016e+06
4.67331e+06
3.4216e+06
1.33327e+06
557123
1.28522e+06
2.71182e+06
2.98416e+06
1.96268e+06
1.39026e+06
1.76187e+06
2.87035e+06
3.38065e+06
2.8945e+06
2.88576e+06
3.55992e+06
4.82986e+06
4.7355e+06
3.33569e+06
2.69673e+06
3.0347e+06
3.6015e+06
3.13705e+06
2.70061e+06
2.88907e+06
3.44072e+06
3.05964e+06
2.23917e+06
2.98476e+06
5.13064e+06
5.7207e+06
4.50356e+06
4.64759e+06
6.5431e+06
7.25804e+06
5.90856e+06
4.31092e+06
2.93406e+06
1.90629e+06
1.87483e+06
3.90279e+06
6.18417e+06
5.36467e+06
4.08915e+06
5.55878e+06
6.32902e+06
5.74019e+06
4.22047e+06
4.44729e+06
4.8931e+06
5.42277e+06
7.10709e+06
6.37106e+06
4.70987e+06
4.25709e+06
4.36369e+06
3.58392e+06
2.2276e+06
2.12639e+06
2.88431e+06
3.61864e+06
4.95476e+06
5.79538e+06
6.11923e+06
6.24518e+06
4.15425e+06
2.89775e+06
3.59855e+06
4.20288e+06
3.88948e+06
3.53639e+06
2.60958e+06
2.10716e+06
2.70164e+06
3.16302e+06
1.74512e+06
685595
1.34248e+06
2.79753e+06
3.84891e+06
4.40279e+06
5.49869e+06
4.84635e+06
2.53904e+06
760760
832498
1.71327e+06
1.45379e+06
434076
239247
315736
254801
709588
1.04933e+06
1.86949e+06
2.9294e+06
2.99559e+06
1.97511e+06
696278
484162
502273
88147
587
0
0
3
139
3862
43508
279215
885160
1.31612e+06
743531
114901
4941
106
0
0
0
0
0
0
15
465
6761
42550
97652
40973
0
0
0
0
0
0
0
0
0
0
0
0
0
0
0
0
0
0
0
0
0
0
0
0
0
0
0
0
0
0
0
0
0
0
0
0
0
0
0
0
0
0
0
0
0
0
0
0
0
0
0
0
0
0
0
0
0
0
0
0
0
0
0
0
0
0
0
0
0
0
0
0
0
0
0
0
0
0
0
0
0
0
0
0
0
0
0
0
0
0
0
0
0
0
0
0
0
0
0
0
0
0
0
0
0
0
0
0
0
0
0
0
0
0
0
0
0
0
0
0
0
0
0
0
0
0
0
0
0
0
0
0
0
0
0
0
0
0
0
0
0
0
0
0
0
0
0
0
0
0
0
0
0
0
0
0
0
0
0
0
0
0
0
0
0
0
0
0
0
0
0
0
0
0
0
0
0
0
0
0
0
0
0
0
0
0
0
0
0
0
0
0
0
0
0
0
0
0
0
0
