888832
0
0
0
0
0
0
0
0
0
0
0
0
0
0
0
0
1857
210875
1.50635e+06
2.1937e+06
1.11472e+06
268051
34929
3472
13549
105826
430300
867774
809105
355412
81920
123585
888046
2.82954e+06
3.83108e+06
2.2649e+06
648187
275571
946633
1.85389e+06
1.58263e+06
725199
783636
2.20564e+06
3.59272e+06
2.81279e+06
1.1887e+06
720314
1.1501e+06
1.19682e+06
1.1953e+06
3.20645e+06
6.68593e+06
6.74958e+06
3.3942e+06
1.2865e+06
1.00146e+06
1.09209e+06
2.09802e+06
4.47053e+06
5.42263e+06
3.86968e+06
3.2901e+06
3.80501e+06
3.22584e+06
3.08798e+06
3.85379e+06
3.509e+06
3.26209e+06
4.12547e+06
5.11684e+06
8.06611e+06
1.09636e+07
8.11045e+06
3.1527e+06
1.3019e+06
3.04542e+06
6.37962e+06
7.01327e+06
4.65791e+06
3.2742e+06
4.17326e+06
6.76881e+06
7.93878e+06
6.86405e+06
6.77228e+06
8.44658e+06
1.13549e+07
1.11522e+07
7.90154e+06
6.3301e+06
7.20496e+06
8.44459e+06
7.4448e+06
6.33811e+06
6.83581e+06
8.10034e+06
7.21506e+06
5.28814e+06
7.05774e+06
1.20773e+07
1.3463e+07
1.06548e+07
1.10046e+07
1.54109e+07
1.70762e+07
1.39674e+07
1.01643e+07
6.91964e+06
4.48895e+06
4.43128e+06
9.2477e+06
1.44878e+07
1.2701e+07
9.67461e+06
1.31359e+07
1.4872e+07
1.3561e+07
9.95611e+06
1.04455e+07
1.15629e+07
1.28205e+07
1.67785e+07
1.49601e+07
1.11389e+07
1.00652e+07
1.02572e+07
8.47677e+06
5.25661e+06
5.00489e+06
6.8159e+06
8.5399e+06
1.16561e+07
1.36815e+07
1.44724e+07
1.46691e+07
9.7901e+06
6.87925e+06
8.46942e+06
9.9078e+06
9.20391e+06
8.3103e+06
6.1706e+06
4.96526e+06
6.36452e+06
7.48058e+06
4.11213e+06
1.62359e+06
3.18108e+06
6.60548e+06
8.98388e+06
1.04548e+07
1.29757e+07
1.1423e+07
5.96687e+06
1.80319e+06
1.96825e+06
4.06135e+06
3.40285e+06
1.03026e+06
566276
743627
597484
1.68736e+06
2.48298e+06
4.41813e+06
6.89205e+06
7.07608e+06
4.62037e+06
1.65789e+06
1.15298e+06
1.1815e+06
203192
1320
0
0
12
336
8777
104753
668004
2.10439e+06
3.08309e+06
1.7439e+06
273845
12083
291
0
0
0
0
0
0
57
1098
16614
103520
231875
91252
0
0
0
0
0
0
0
0
0
0
0
0
0
0
0
0
0
0
0
0
0
0
0
0
0
0
0
0
0
0
0
0
0
0
0
0
0
0
0
0
0
0
0
0
0
0
0
0
0
0
0
0
0
0
0
0
0
0
0
0
0
0
0
0
0
0
0
0
0
0
0
0
0
0
0
0
0
0
0
0
0
0
0
0
0
0
0
0
0
0
0
0
0
0
0
0
0
0
0
0
0
0
0
0
0
0
0
0
0
0
0
0
0
0
0
0
0
0
0
0
0
0
0
0
0
0
0
0
0
0
0
0
0
0
0
0
0
0
0
0
0
0
0
0
0
0
0
0
0
0
0
0
0
0
0
0
0
0
0
0
0
0
0
0
0
0
0
0
0
0
0
0
0
0
0
0
0
0
0
0
0
0
0
0
0
0
0
0
0
0
0
0
0
0
0
0
0
0
0
0
