718848
0
0
0
0
0
0
0
0
0
0
0
0
0
0
0
0
1490
171123
1.21635e+06
1.77595e+06
901432
216800
27927
2854
10802
85526
347593
702663
654630
286954
66288
99927
718936
2.28486e+06
3.10198e+06
1.83187e+06
523302
223038
764503
1.50064e+06
1.2797e+06
586104
632107
1.78071e+06
2.91466e+06
2.27479e+06
958351
581155
929865
970087
965012
2.58716e+06
5.41238e+06
5.46713e+06
2.74001e+06
1.03745e+06
811583
882912
1.69115e+06
3.61806e+06
4.39448e+06
3.1228e+06
2.65763e+06
3.08468e+06
2.60567e+06
2.49421e+06
3.12345e+06
2.83513e+06
2.63355e+06
3.34406e+06
4.13298e+06
6.51667e+06
8.88389e+06
6.55838e+06
2.54283e+06
1.04894e+06
2.45708e+06
5.16633e+06
5.68285e+06
3.76206e+06
2.64426e+06
3.36807e+06
5.48049e+06
6.42786e+06
5.54305e+06
5.47926e+06
6.82259e+06
9.19372e+06
9.02973e+06
6.37876e+06
5.11984e+06
5.82042e+06
6.8394e+06
6.01471e+06
5.1315e+06
5.52056e+06
6.55679e+06
5.84158e+06
4.26674e+06
5.6993e+06
9.7833e+06
1.08958e+07
8.60575e+06
8.88522e+06
1.24746e+07
1.38239e+07
1.12914e+07
8.22099e+06
5.59591e+06
3.62768e+06
3.57347e+06
7.46834e+06
1.17488e+07
1.02694e+07
7.80525e+06
1.06193e+07
1.20445e+07
1.09652e+07
8.04958e+06
8.45366e+06
9.34763e+06
1.03567e+07
1.35735e+07
1.2114e+07
9.00326e+06
8.13567e+06
8.30429e+06
6.85315e+06
4.24369e+06
4.04416e+06
5.51004e+06
6.90482e+06
9.43602e+06
1.10693e+07
1.16933e+07
1.1882e+07
7.91542e+06
5.55119e+06
6.85596e+06
8.0184e+06
7.43389e+06
6.7251e+06
4.98954e+06
4.01425e+06
5.14682e+06
6.05396e+06
3.3259e+06
1.30663e+06
2.56795e+06
5.34516e+06
7.28042e+06
8.43798e+06
1.0499e+07
9.2462e+06
4.8317e+06
1.45026e+06
1.58549e+06
3.2849e+06
2.76076e+06
831365
456725
601182
480595
1.35989e+06
2.00707e+06
3.5725e+06
5.58099e+06
5.72229e+06
3.74514e+06
1.33559e+06
927846
959082
165911
1136
0
0
12
268
6940
82956
534253
1.69789e+06
2.50217e+06
1.41503e+06
220429
9453
231
0
0
0
0
0
0
42
806
13138
82505
187770
75163
0
0
0
0
0
0
0
0
0
0
0
0
0
0
0
0
0
0
0
0
0
0
0
0
0
0
0
0
0
0
0
0
0
0
0
0
0
0
0
0
0
0
0
0
0
0
0
0
0
0
0
0
0
0
0
0
0
0
0
0
0
0
0
0
0
0
0
0
0
0
0
0
0
0
0
0
0
0
0
0
0
0
0
0
0
0
0
0
0
0
0
0
0
0
0
0
0
0
0
0
0
0
0
0
0
0
0
0
0
0
0
0
0
0
0
0
0
0
0
0
0
0
0
0
0
0
0
0
0
0
0
0
0
0
0
0
0
0
0
0
0
0
0
0
0
0
0
0
0
0
0
0
0
0
0
0
0
0
0
0
0
0
0
0
0
0
0
0
0
0
0
0
0
0
0
0
0
0
0
0
0
0
0
0
0
0
0
0
0
0
0
0
0
0
0
0
0
0
0
0
