1.71622e+06
0
0
0
0
0
0
0
0
0
0
0
0
0
0
0
2
3479
406057
2.91107e+06
4.23135e+06
2.15748e+06
517342
65894
6395
25841
201837
834263
1.6748e+06
1.56433e+06
686750
156050
234210
1.71402e+06
5.47254e+06
7.38794e+06
4.38991e+06
1.24496e+06
524744
1.829e+06
3.57717e+06
3.06332e+06
1.39837e+06
1.50215e+06
4.26519e+06
6.93317e+06
5.45297e+06
2.28627e+06
1.38268e+06
2.22148e+06
2.31021e+06
2.29328e+06
6.18378e+06
1.29265e+07
1.30673e+07
6.55419e+06
2.4666e+06
1.92077e+06
2.0988e+06
4.04102e+06
8.65649e+06
1.04762e+07
7.47324e+06
6.3477e+06
7.34125e+06
6.23397e+06
5.9603e+06
7.43874e+06
6.77578e+06
6.30023e+06
7.94549e+06
9.87173e+06
1.56068e+07
2.1172e+07
1.57046e+07
6.05698e+06
2.4744e+06
5.88064e+06
1.23408e+07
1.35455e+07
8.99585e+06
6.29703e+06
8.04957e+06
1.30986e+07
1.53243e+07
1.32776e+07
1.30286e+07
1.63273e+07
2.19331e+07
2.15463e+07
1.52703e+07
1.21749e+07
1.39302e+07
1.63009e+07
1.44049e+07
1.22013e+07
1.32058e+07
1.56499e+07
1.3942e+07
1.01926e+07
1.36084e+07
2.3331e+07
2.59926e+07
2.05945e+07
2.12389e+07
2.97655e+07
3.29662e+07
2.70092e+07
1.96099e+07
1.33577e+07
8.62903e+06
8.52414e+06
1.78986e+07
2.79618e+07
2.45694e+07
1.86597e+07
2.53671e+07
2.87032e+07
2.61922e+07
1.92233e+07
2.01465e+07
2.2336e+07
2.47477e+07
3.24289e+07
2.88775e+07
2.15074e+07
1.94575e+07
1.97687e+07
1.63783e+07
1.0139e+07
9.64625e+06
1.31751e+07
1.64913e+07
2.24913e+07
2.64164e+07
2.79819e+07
2.83298e+07
1.88786e+07
1.32801e+07
1.63527e+07
1.91452e+07
1.77865e+07
1.60253e+07
1.19163e+07
9.58224e+06
1.22809e+07
1.44845e+07
7.91947e+06
3.12072e+06
6.14158e+06
1.27637e+07
1.73032e+07
2.02104e+07
2.50783e+07
2.20846e+07
1.15058e+07
3.45707e+06
3.79517e+06
7.86786e+06
6.56477e+06
1.98232e+06
1.08942e+06
1.43886e+06
1.14562e+06
3.25792e+06
4.78768e+06
8.53989e+06
1.33193e+07
1.3687e+07
8.89723e+06
3.19452e+06
2.2268e+06
2.2859e+06
389956
2503
2
0
12
527
15533
196843
1.28593e+06
4.06951e+06
5.96272e+06
3.36437e+06
528017
22102
443
3
0
0
0
0
0
71
1954
30612
198462
450617
176396
0
0
0
0
0
0
0
0
0
0
0
0
0
0
0
0
0
0
0
0
0
0
0
0
0
0
0
0
0
0
0
0
0
0
0
0
0
0
0
0
0
0
0
0
0
0
0
0
0
0
0
0
0
0
0
0
0
0
0
0
0
0
0
0
0
0
0
0
0
0
0
0
0
0
0
0
0
0
0
0
0
0
0
0
0
0
0
0
0
0
0
0
0
0
0
0
0
0
0
0
0
0
0
0
0
0
0
0
0
0
0
0
0
0
0
0
0
0
0
0
0
0
0
0
0
0
0
0
0
0
0
0
0
0
0
0
0
0
0
0
0
0
0
0
0
0
0
0
0
0
0
0
0
0
0
0
0
0
0
0
0
0
0
0
0
0
0
0
0
0
0
0
0
0
0
0
0
0
0
0
0
0
0
0
0
0
0
0
0
0
0
0
0
0
0
0
0
0
0
0
