1.91488e+06
0
0
0
0
0
0
0
0
0
0
0
0
0
0
0
2
3847
453133
3.24853e+06
4.71998e+06
2.40764e+06
577305
73614
7211
29058
225041
930325
1.869e+06
1.74554e+06
765963
174132
262447
1.91321e+06
6.10484e+06
8.23972e+06
4.90031e+06
1.38931e+06
586324
2.04067e+06
3.99065e+06
3.4173e+06
1.56204e+06
1.6772e+06
4.75959e+06
7.72908e+06
6.08569e+06
2.55195e+06
1.54428e+06
2.47689e+06
2.57878e+06
2.56088e+06
6.90387e+06
1.44144e+07
1.4578e+07
7.31613e+06
2.75322e+06
2.14235e+06
2.34318e+06
4.51027e+06
9.65509e+06
1.16842e+07
8.34492e+06
7.08545e+06
8.18133e+06
6.95952e+06
6.64926e+06
8.29879e+06
7.56617e+06
7.03017e+06
8.86262e+06
1.10203e+07
1.74152e+07
2.36038e+07
1.75236e+07
6.76454e+06
2.76662e+06
6.56423e+06
1.37625e+07
1.51084e+07
1.00413e+07
7.028e+06
8.98101e+06
1.4613e+07
1.70978e+07
1.48226e+07
1.45357e+07
1.82205e+07
2.44596e+07
2.40361e+07
1.70421e+07
1.35913e+07
1.55496e+07
1.81724e+07
1.60719e+07
1.36173e+07
1.47399e+07
1.7453e+07
1.55484e+07
1.13859e+07
1.51909e+07
2.60264e+07
2.89952e+07
2.29867e+07
2.37043e+07
3.3204e+07
3.67629e+07
3.01429e+07
2.18727e+07
1.49104e+07
9.63466e+06
9.52876e+06
1.99768e+07
3.11596e+07
2.7408e+07
2.08469e+07
2.83048e+07
3.20102e+07
2.92258e+07
2.14623e+07
2.24782e+07
2.49253e+07
2.76201e+07
3.61696e+07
3.22012e+07
2.40054e+07
2.17165e+07
2.20447e+07
1.82807e+07
1.13257e+07
1.07657e+07
1.47013e+07
1.83995e+07
2.50826e+07
2.94726e+07
3.12293e+07
3.15911e+07
2.1062e+07
1.48387e+07
1.82462e+07
2.1352e+07
1.98526e+07
1.78701e+07
1.32975e+07
1.07009e+07
1.37004e+07
1.61453e+07
8.83569e+06
3.49094e+06
6.85698e+06
1.42403e+07
1.9307e+07
2.2566e+07
2.79744e+07
2.46203e+07
1.28333e+07
3.86861e+06
4.24597e+06
8.77508e+06
7.30909e+06
2.21613e+06
1.21736e+06
1.60537e+06
1.28053e+06
3.63683e+06
5.34201e+06
9.52906e+06
1.48657e+07
1.52693e+07
9.91428e+06
3.57072e+06
2.48635e+06
2.54672e+06
434755
2847
2
0
13
609
17235
219992
1.43769e+06
4.54238e+06
6.64694e+06
3.75387e+06
589799
24885
515
3
0
0
0
0
0
72
2197
34037
221926
502810
196398
0
0
0
0
0
0
0
0
0
0
0
0
0
0
0
0
0
0
0
0
0
0
0
0
0
0
0
0
0
0
0
0
0
0
0
0
0
0
0
0
0
0
0
0
0
0
0
0
0
0
0
0
0
0
0
0
0
0
0
0
0
0
0
0
0
0
0
0
0
0
0
0
0
0
0
0
0
0
0
0
0
0
0
0
0
0
0
0
0
0
0
0
0
0
0
0
0
0
0
0
0
0
0
0
0
0
0
0
0
0
0
0
0
0
0
0
0
0
0
0
0
0
0
0
0
0
0
0
0
0
0
0
0
0
0
0
0
0
0
0
0
0
0
0
0
0
0
0
0
0
0
0
0
0
0
0
0
0
0
0
0
0
0
0
0
0
0
0
0
0
0
0
0
0
0
0
0
0
0
0
0
0
0
0
0
0
0
0
0
0
0
0
0
0
0
0
0
0
0
0
