1.19194e+06
0
0
0
0
0
0
0
0
0
0
0
0
0
0
0
0
2449
282693
2.02069e+06
2.94016e+06
1.49648e+06
359578
46317
4508
18251
140613
578602
1.16288e+06
1.08644e+06
476361
109221
163648
1.19166e+06
3.7968e+06
5.13342e+06
3.04506e+06
866404
366754
1.26979e+06
2.48406e+06
2.12602e+06
972045
1.04741e+06
2.95998e+06
4.81467e+06
3.78067e+06
1.59216e+06
962537
1.54233e+06
1.60418e+06
1.59784e+06
4.29862e+06
8.96954e+06
9.06312e+06
4.55504e+06
1.71765e+06
1.33778e+06
1.46194e+06
2.8105e+06
6.00144e+06
7.27256e+06
5.19288e+06
4.41014e+06
5.09953e+06
4.33074e+06
4.13993e+06
5.16404e+06
4.70562e+06
4.37814e+06
5.52109e+06
6.85329e+06
1.0832e+07
1.47085e+07
1.08959e+07
4.21475e+06
1.73101e+06
4.08333e+06
8.55837e+06
9.40512e+06
6.25309e+06
4.38034e+06
5.59427e+06
9.08725e+06
1.06409e+07
9.21397e+06
9.06476e+06
1.13377e+07
1.52289e+07
1.49582e+07
1.05999e+07
8.46976e+06
9.67126e+06
1.1325e+07
9.99538e+06
8.48228e+06
9.16823e+06
1.08676e+07
9.68104e+06
7.08296e+06
9.46015e+06
1.61967e+07
1.80519e+07
1.42996e+07
1.47538e+07
2.06635e+07
2.29029e+07
1.87453e+07
1.36209e+07
9.28177e+06
6.0069e+06
5.9276e+06
1.2412e+07
1.94293e+07
1.70539e+07
1.29631e+07
1.76161e+07
1.99382e+07
1.81884e+07
1.33483e+07
1.39995e+07
1.55079e+07
1.71924e+07
2.25063e+07
2.00622e+07
1.49404e+07
1.35082e+07
1.37377e+07
1.13742e+07
7.04378e+06
6.70321e+06
9.14002e+06
1.1456e+07
1.56313e+07
1.83481e+07
1.94236e+07
1.96692e+07
1.31143e+07
9.22683e+06
1.13587e+07
1.3291e+07
1.23453e+07
1.1137e+07
8.27625e+06
6.65438e+06
8.53522e+06
1.00496e+07
5.50644e+06
2.17283e+06
4.26462e+06
8.86146e+06
1.20241e+07
1.40266e+07
1.74133e+07
1.53324e+07
7.99682e+06
2.40721e+06
2.63688e+06
5.45938e+06
4.55977e+06
1.37931e+06
756613
999411
798233
2.26512e+06
3.32874e+06
5.92707e+06
9.23836e+06
9.50017e+06
6.18691e+06
2.22257e+06
1.54603e+06
1.58846e+06
271527
1750
2
0
12
397
11257
138594
895821
2.82709e+06
4.1342e+06
2.33655e+06
367011
16121
366
0
0
0
0
0
0
61
1451
22012
138634
311700
122110
0
0
0
0
0
0
0
0
0
0
0
0
0
0
0
0
0
0
0
0
0
0
0
0
0
0
0
0
0
0
0
0
0
0
0
0
0
0
0
0
0
0
0
0
0
0
0
0
0
0
0
0
0
0
0
0
0
0
0
0
0
0
0
0
0
0
0
0
0
0
0
0
0
0
0
0
0
0
0
0
0
0
0
0
0
0
0
0
0
0
0
0
0
0
0
0
0
0
0
0
0
0
0
0
0
0
0
0
0
0
0
0
0
0
0
0
0
0
0
0
0
0
0
0
0
0
0
0
0
0
0
0
0
0
0
0
0
0
0
0
0
0
0
0
0
0
0
0
0
0
0
0
0
0
0
0
0
0
0
0
0
0
0
0
0
0
0
0
0
0
0
0
0
0
0
0
0
0
0
0
0
0
0
0
0
0
0
0
0
0
0
0
0
0
0
0
0
0
0
0
