258048
0
0
0
0
0
0
0
0
0
0
0
0
0
0
0
0
591
62016
434306
640554
321271
78404
10363
1077
3907
30780
122929
254052
236030
102284
23585
37136
259645
814193
1.11871e+06
651338
190819
81584
272572
542450
457909
209294
226272
631739
1.06191e+06
812404
342042
207479
333113
350249
348197
922970
1.94738e+06
1.9627e+06
975922
374965
296310
316808
603775
1.2929e+06
1.59544e+06
1.1097e+06
946574
1.12254e+06
929843
888295
1.13226e+06
1.01145e+06
939175
1.21836e+06
1.4768e+06
2.31992e+06
3.22358e+06
2.33249e+06
910132
381473
876492
1.86052e+06
2.05295e+06
1.33524e+06
953637
1.20104e+06
1.96802e+06
2.32402e+06
1.97042e+06
1.9827e+06
2.42738e+06
3.317e+06
3.24766e+06
2.27703e+06
1.853e+06
2.06664e+06
2.47759e+06
2.13858e+06
1.85612e+06
1.97364e+06
2.36223e+06
2.09507e+06
1.53018e+06
2.03809e+06
3.51679e+06
3.92644e+06
3.07638e+06
3.17543e+06
4.48324e+06
4.98395e+06
4.03699e+06
2.95408e+06
2.00831e+06
1.3079e+06
1.28085e+06
2.65956e+06
4.26119e+06
3.66154e+06
2.79164e+06
3.80426e+06
4.35023e+06
3.92157e+06
2.88923e+06
3.05476e+06
3.34089e+06
3.71007e+06
4.86641e+06
4.37749e+06
3.21813e+06
2.90757e+06
3.0009e+06
2.45007e+06
1.52126e+06
1.45931e+06
1.972e+06
2.47417e+06
3.40773e+06
3.96408e+06
4.18152e+06
4.28486e+06
2.84489e+06
1.97524e+06
2.46883e+06
2.88169e+06
2.65465e+06
2.42981e+06
1.78561e+06
1.44162e+06
1.84949e+06
2.16405e+06
1.1984e+06
468694
919625
1.91468e+06
2.64893e+06
2.99419e+06
3.76735e+06
3.323e+06
1.74245e+06
520785
569449
1.16949e+06
1.00032e+06
296279
163492
216524
175226
484132
718472
1.28041e+06
2.00436e+06
2.04802e+06
1.3595e+06
474805
331381
344917
60487
425
0
0
3
114
2651
30123
191982
603961
901383
509978
78663
3495
79
0
0
0
0
0
0
9
339
4830
29326
66348
28172
0
0
0
0
0
0
0
0
0
0
0
0
0
0
0
0
0
0
0
0
0
0
0
0
0
0
0
0
0
0
0
0
0
0
0
0
0
0
0
0
0
0
0
0
0
0
0
0
0
0
0
0
0
0
0
0
0
0
0
0
0
0
0
0
0
0
0
0
0
0
0
0
0
0
0
0
0
0
0
0
0
0
0
0
0
0
0
0
0
0
0
0
0
0
0
0
0
0
0
0
0
0
0
0
0
0
0
0
0
0
0
0
0
0
0
0
0
0
0
0
0
0
0
0
0
0
0
0
0
0
0
0
0
0
0
0
0
0
0
0
0
0
0
0
0
0
0
0
0
0
0
0
0
0
0
0
0
0
0
0
0
0
0
0
0
0
0
0
0
0
0
0
0
0
0
0
0
0
0
0
0
0
0
0
0
0
0
0
0
0
0
0
0
0
0
0
0
0
0
0
