1.37011e+06
0
0
0
0
0
0
0
0
0
0
0
0
0
0
0
0
2838
324547
2.32283e+06
3.3799e+06
1.72121e+06
412802
52786
5196
20676
160908
664959
1.33872e+06
1.24928e+06
547160
124769
186626
1.36776e+06
4.36733e+06
5.90329e+06
3.50233e+06
993122
418721
1.45962e+06
2.85767e+06
2.44568e+06
1.11432e+06
1.19881e+06
3.4019e+06
5.54346e+06
4.35142e+06
1.82336e+06
1.10282e+06
1.7743e+06
1.84471e+06
1.8307e+06
4.93589e+06
1.03211e+07
1.04319e+07
5.23071e+06
1.96683e+06
1.53569e+06
1.67818e+06
3.22418e+06
6.90603e+06
8.36955e+06
5.96336e+06
5.06646e+06
5.86691e+06
4.97572e+06
4.75355e+06
5.94182e+06
5.40815e+06
5.02947e+06
6.34581e+06
7.87032e+06
1.24537e+07
1.69229e+07
1.2539e+07
4.82912e+06
1.97325e+06
4.68977e+06
9.85172e+06
1.08228e+07
7.18191e+06
5.02471e+06
6.42208e+06
1.04575e+07
1.22386e+07
1.05903e+07
1.04066e+07
1.30299e+07
1.75158e+07
1.72084e+07
1.21808e+07
9.72209e+06
1.11178e+07
1.30231e+07
1.14927e+07
9.73968e+06
1.05396e+07
1.24994e+07
1.11373e+07
8.1275e+06
1.08534e+07
1.86359e+07
2.07681e+07
1.64212e+07
1.6942e+07
2.37725e+07
2.63401e+07
2.15536e+07
1.56506e+07
1.06676e+07
6.8935e+06
6.78746e+06
1.42727e+07
2.23604e+07
1.96146e+07
1.48667e+07
2.02543e+07
2.29335e+07
2.0912e+07
1.53331e+07
1.60807e+07
1.78231e+07
1.97479e+07
2.58998e+07
2.30738e+07
1.71689e+07
1.55235e+07
1.57922e+07
1.30718e+07
8.08631e+06
7.69453e+06
1.05125e+07
1.31672e+07
1.79781e+07
2.10941e+07
2.2323e+07
2.26215e+07
1.50771e+07
1.0593e+07
1.30542e+07
1.52844e+07
1.41871e+07
1.28011e+07
9.51874e+06
7.64093e+06
9.80814e+06
1.15726e+07
6.32596e+06
2.48712e+06
4.89786e+06
1.01918e+07
1.38168e+07
1.61164e+07
2.0026e+07
1.76383e+07
9.19237e+06
2.75762e+06
3.02116e+06
6.283e+06
5.2491e+06
1.58122e+06
867706
1.1501e+06
912785
2.6002e+06
3.82648e+06
6.81404e+06
1.06248e+07
1.09281e+07
7.11027e+06
2.55075e+06
1.77591e+06
1.82804e+06
312076
2017
2
0
12
427
12591
157622
1.02547e+06
3.24854e+06
4.75828e+06
2.6885e+06
421003
18164
396
0
0
0
0
0
0
61
1594
24809
158711
359293
140588
0
0
0
0
0
0
0
0
0
0
0
0
0
0
0
0
0
0
0
0
0
0
0
0
0
0
0
0
0
0
0
0
0
0
0
0
0
0
0
0
0
0
0
0
0
0
0
0
0
0
0
0
0
0
0
0
0
0
0
0
0
0
0
0
0
0
0
0
0
0
0
0
0
0
0
0
0
0
0
0
0
0
0
0
0
0
0
0
0
0
0
0
0
0
0
0
0
0
0
0
0
0
0
0
0
0
0
0
0
0
0
0
0
0
0
0
0
0
0
0
0
0
0
0
0
0
0
0
0
0
0
0
0
0
0
0
0
0
0
0
0
0
0
0
0
0
0
0
0
0
0
0
0
0
0
0
0
0
0
0
0
0
0
0
0
0
0
0
0
0
0
0
0
0
0
0
0
0
0
0
0
0
0
0
0
0
0
0
0
0
0
0
0
0
0
0
0
0
0
0
