1.88621e+06
0
0
0
0
0
0
0
0
0
0
0
0
0
0
0
2
3792
446310
3.19965e+06
4.64979e+06
2.37158e+06
568514
72464
7062
28552
221676
916422
1.84099e+06
1.71976e+06
754346
171425
258285
1.88393e+06
6.01334e+06
8.11839e+06
4.82631e+06
1.36825e+06
577344
2.00977e+06
3.93109e+06
3.36646e+06
1.53831e+06
1.65148e+06
4.68797e+06
7.61558e+06
5.99484e+06
2.51295e+06
1.52051e+06
2.43977e+06
2.54034e+06
2.52175e+06
6.79918e+06
1.42004e+07
1.43619e+07
7.20558e+06
2.71142e+06
2.11009e+06
2.30754e+06
4.44215e+06
9.51078e+06
1.1511e+07
8.21929e+06
6.97791e+06
8.06062e+06
6.85501e+06
6.55004e+06
8.17384e+06
7.4523e+06
6.92519e+06
8.7299e+06
1.08543e+07
1.71526e+07
2.32556e+07
1.72626e+07
6.661e+06
2.72275e+06
6.46476e+06
1.35581e+07
1.48851e+07
9.88988e+06
6.92205e+06
8.846e+06
1.43935e+07
1.68434e+07
1.45996e+07
1.43173e+07
1.79464e+07
2.40958e+07
2.36781e+07
1.67866e+07
1.33851e+07
1.5316e+07
1.79034e+07
1.58315e+07
1.34126e+07
1.45157e+07
1.71948e+07
1.53192e+07
1.12113e+07
1.49604e+07
2.56386e+07
2.85631e+07
2.26404e+07
2.33467e+07
3.27093e+07
3.62179e+07
2.96893e+07
2.15468e+07
1.46861e+07
9.48866e+06
9.38104e+06
1.96757e+07
3.07025e+07
2.69997e+07
2.05272e+07
2.78798e+07
3.15356e+07
2.87892e+07
2.11372e+07
2.21404e+07
2.45515e+07
2.72038e+07
3.56317e+07
3.17249e+07
2.36432e+07
2.13905e+07
2.17169e+07
1.80055e+07
1.11532e+07
1.06028e+07
1.44815e+07
1.81238e+07
2.47113e+07
2.90303e+07
3.07604e+07
3.11217e+07
2.07467e+07
1.46127e+07
1.79731e+07
2.10327e+07
1.95551e+07
1.76033e+07
1.30991e+07
1.054e+07
1.34934e+07
1.59081e+07
8.70288e+06
3.4371e+06
6.7535e+06
1.40275e+07
1.90167e+07
2.22267e+07
2.75557e+07
2.4255e+07
1.26426e+07
3.80855e+06
4.18085e+06
8.64439e+06
7.20209e+06
2.18219e+06
1.19876e+06
1.58147e+06
1.26075e+06
3.58241e+06
5.2618e+06
9.3869e+06
1.46425e+07
1.50398e+07
9.76773e+06
3.51667e+06
2.44894e+06
2.50946e+06
428204
2809
2
0
13
604
17012
216482
1.41567e+06
4.47422e+06
6.54862e+06
3.69722e+06
581023
24516
494
3
0
0
0
0
0
72
2163
33552
218534
495387
193396
0
0
0
0
0
0
0
0
0
0
0
0
0
0
0
0
0
0
0
0
0
0
0
0
0
0
0
0
0
0
0
0
0
0
0
0
0
0
0
0
0
0
0
0
0
0
0
0
0
0
0
0
0
0
0
0
0
0
0
0
0
0
0
0
0
0
0
0
0
0
0
0
0
0
0
0
0
0
0
0
0
0
0
0
0
0
0
0
0
0
0
0
0
0
0
0
0
0
0
0
0
0
0
0
0
0
0
0
0
0
0
0
0
0
0
0
0
0
0
0
0
0
0
0
0
0
0
0
0
0
0
0
0
0
0
0
0
0
0
0
0
0
0
0
0
0
0
0
0
0
0
0
0
0
0
0
0
0
0
0
0
0
0
0
0
0
0
0
0
0
0
0
0
0
0
0
0
0
0
0
0
0
0
0
0
0
0
0
0
0
0
0
0
0
0
0
0
0
0
0
