1.96608e+06
0
0
0
0
0
0
0
0
0
0
0
0
0
0
0
2
3931
465251
3.33468e+06
4.8476e+06
2.47153e+06
592375
75719
7439
29852
230742
955087
1.91958e+06
1.79234e+06
786229
178641
269177
1.96434e+06
6.26828e+06
8.4613e+06
5.03032e+06
1.42601e+06
602104
2.09514e+06
4.09796e+06
3.50883e+06
1.60321e+06
1.72149e+06
4.88642e+06
7.93706e+06
6.24993e+06
2.61878e+06
1.58473e+06
2.54377e+06
2.64755e+06
2.62858e+06
7.08763e+06
1.4803e+07
1.49681e+07
7.50998e+06
2.82666e+06
2.19962e+06
2.40442e+06
4.63083e+06
9.91497e+06
1.1998e+07
8.56704e+06
7.27418e+06
8.40119e+06
7.1453e+06
6.82594e+06
8.52066e+06
7.76895e+06
7.21881e+06
9.09794e+06
1.13141e+07
1.78825e+07
2.42374e+07
1.79939e+07
6.941e+06
2.83904e+06
6.7394e+06
1.41337e+07
1.55136e+07
1.03094e+07
7.21385e+06
9.21967e+06
1.5006e+07
1.75552e+07
1.52171e+07
1.49244e+07
1.87081e+07
2.51141e+07
2.46814e+07
1.74965e+07
1.39528e+07
1.59674e+07
1.86572e+07
1.6501e+07
1.39807e+07
1.51346e+07
1.79206e+07
1.59657e+07
1.1687e+07
1.55952e+07
2.67268e+07
2.97711e+07
2.35982e+07
2.43377e+07
3.40932e+07
3.77486e+07
3.09483e+07
2.24567e+07
1.53095e+07
9.89176e+06
9.78084e+06
2.05105e+07
3.19951e+07
2.81419e+07
2.13992e+07
2.90646e+07
3.28687e+07
3.00079e+07
2.20347e+07
2.30787e+07
2.55907e+07
2.83556e+07
3.71409e+07
3.30645e+07
2.4646e+07
2.22929e+07
2.26366e+07
1.87721e+07
1.16265e+07
1.10518e+07
1.50946e+07
1.88902e+07
2.57554e+07
3.02601e+07
3.20642e+07
3.24372e+07
2.16252e+07
1.52344e+07
1.8736e+07
2.19218e+07
2.03828e+07
1.83483e+07
1.3653e+07
1.09864e+07
1.4066e+07
1.65776e+07
9.0729e+06
3.58259e+06
7.03951e+06
1.46236e+07
1.9823e+07
2.31689e+07
2.87245e+07
2.52786e+07
1.31758e+07
3.97079e+06
4.35889e+06
9.01128e+06
7.50358e+06
2.2755e+06
1.24946e+06
1.64866e+06
1.31431e+06
3.73384e+06
5.48412e+06
9.78387e+06
1.52662e+07
1.56789e+07
1.01769e+07
3.66577e+06
2.55269e+06
2.6149e+06
446499
2923
2
0
13
633
17649
225746
1.47519e+06
4.66398e+06
6.8264e+06
3.85362e+06
605469
25488
524
3
0
0
0
0
0
82
2281
34878
227663
516171
201965
0
0
0
0
0
0
0
0
0
0
0
0
0
0
0
0
0
0
0
0
0
0
0
0
0
0
0
0
0
0
0
0
0
0
0
0
0
0
0
0
0
0
0
0
0
0
0
0
0
0
0
0
0
0
0
0
0
0
0
0
0
0
0
0
0
0
0
0
0
0
0
0
0
0
0
0
0
0
0
0
0
0
0
0
0
0
0
0
0
0
0
0
0
0
0
0
0
0
0
0
0
0
0
0
0
0
0
0
0
0
0
0
0
0
0
0
0
0
0
0
0
0
0
0
0
0
0
0
0
0
0
0
0
0
0
0
0
0
0
0
0
0
0
0
0
0
0
0
0
0
0
0
0
0
0
0
0
0
0
0
0
0
0
0
0
0
0
0
0
0
0
0
0
0
0
0
0
0
0
0
0
0
0
0
0
0
0
0
0
0
0
0
0
0
0
0
0
0
0
0
