329728
0
0
0
0
0
0
0
0
0
0
0
0
0
0
0
0
718
78896
555935
817651
410762
100241
13168
1397
4971
39752
157858
322968
301155
131463
30226
47459
332585
1.04119e+06
1.42542e+06
835373
243202
104298
348622
691949
585300
268113
289772
810446
1.34964e+06
1.03939e+06
438823
265742
425566
446142
445777
1.18272e+06
2.48488e+06
2.50492e+06
1.25118e+06
479116
376556
406004
772784
1.65382e+06
2.03095e+06
1.42291e+06
1.21316e+06
1.42681e+06
1.19187e+06
1.13732e+06
1.44168e+06
1.29515e+06
1.20361e+06
1.54677e+06
1.89413e+06
2.97234e+06
4.09943e+06
2.99046e+06
1.16418e+06
486960
1.12338e+06
2.37504e+06
2.61586e+06
1.71253e+06
1.21808e+06
1.54026e+06
2.51242e+06
2.95984e+06
2.52669e+06
2.52815e+06
3.11148e+06
4.2303e+06
4.14572e+06
2.91647e+06
2.36243e+06
2.65009e+06
3.1549e+06
2.7413e+06
2.36537e+06
2.52755e+06
3.01296e+06
2.67757e+06
1.95744e+06
2.60882e+06
4.49132e+06
5.00861e+06
3.93624e+06
4.06528e+06
5.72662e+06
6.357e+06
5.16499e+06
3.77249e+06
2.56647e+06
1.66985e+06
1.64008e+06
3.40926e+06
5.42188e+06
4.68897e+06
3.57459e+06
4.86328e+06
5.54402e+06
5.01932e+06
3.69228e+06
3.8943e+06
4.27682e+06
4.74564e+06
6.21907e+06
5.57937e+06
4.11805e+06
3.72218e+06
3.82335e+06
3.13393e+06
1.94768e+06
1.86304e+06
2.52378e+06
3.16475e+06
4.34124e+06
5.06762e+06
5.35016e+06
5.46742e+06
3.63563e+06
2.53267e+06
3.1504e+06
3.67833e+06
3.40098e+06
3.09727e+06
2.28297e+06
1.84397e+06
2.36315e+06
2.7654e+06
1.52858e+06
600349
1.17585e+06
2.4467e+06
3.37286e+06
3.84293e+06
4.81299e+06
4.242e+06
2.22221e+06
666767
729111
1.49662e+06
1.27366e+06
379433
209195
276734
223661
620441
918712
1.63564e+06
2.5608e+06
2.6196e+06
1.73089e+06
609146
423766
439779
77208
529
0
0
3
132
3425
38552
245462
773782
1.15058e+06
650293
100850
4364
106
0
0
0
0
0
0
15
430
6013
37496
85325
35585
0
0
0
0
0
0
0
0
0
0
0
0
0
0
0
0
0
0
0
0
0
0
0
0
0
0
0
0
0
0
0
0
0
0
0
0
0
0
0
0
0
0
0
0
0
0
0
0
0
0
0
0
0
0
0
0
0
0
0
0
0
0
0
0
0
0
0
0
0
0
0
0
0
0
0
0
0
0
0
0
0
0
0
0
0
0
0
0
0
0
0
0
0
0
0
0
0
0
0
0
0
0
0
0
0
0
0
0
0
0
0
0
0
0
0
0
0
0
0
0
0
0
0
0
0
0
0
0
0
0
0
0
0
0
0
0
0
0
0
0
0
0
0
0
0
0
0
0
0
0
0
0
0
0
0
0
0
0
0
0
0
0
0
0
0
0
0
0
0
0
0
0
0
0
0
0
0
0
0
0
0
0
0
0
0
0
0
0
0
0
0
0
0
0
0
0
0
0
0
0
