1.1735e+06
0
0
0
0
0
0
0
0
0
0
0
0
0
0
0
0
2413
278203
1.98967e+06
2.89474e+06
1.47288e+06
354331
45585
4448
18032
138481
569529
1.14499e+06
1.06924e+06
469312
107582
161227
1.17352e+06
3.73772e+06
5.05361e+06
2.99775e+06
853599
361026
1.25045e+06
2.44556e+06
2.09259e+06
957549
1.03136e+06
2.91433e+06
4.73987e+06
3.72136e+06
1.56842e+06
947787
1.51784e+06
1.57979e+06
1.5736e+06
4.23337e+06
8.82886e+06
8.92177e+06
4.48543e+06
1.69159e+06
1.31749e+06
1.43931e+06
2.76756e+06
5.90802e+06
7.15947e+06
5.11277e+06
4.3423e+06
5.02032e+06
4.26417e+06
4.07589e+06
5.08346e+06
4.63351e+06
4.3109e+06
5.43615e+06
6.74773e+06
1.06638e+07
1.44791e+07
1.07266e+07
4.15126e+06
1.70523e+06
4.02047e+06
8.42506e+06
9.25926e+06
6.15691e+06
4.31288e+06
5.5085e+06
8.94566e+06
1.04759e+07
9.07123e+06
8.92594e+06
1.11632e+07
1.49918e+07
1.47255e+07
1.04373e+07
8.3398e+06
9.52137e+06
1.11492e+07
9.83966e+06
8.35305e+06
9.02619e+06
1.06987e+07
9.53173e+06
6.97498e+06
9.31424e+06
1.59441e+07
1.77718e+07
1.40803e+07
1.45262e+07
2.03429e+07
2.25481e+07
1.84551e+07
1.34109e+07
9.13742e+06
5.91558e+06
5.83786e+06
1.22187e+07
1.91266e+07
1.67911e+07
1.27645e+07
1.73422e+07
1.96294e+07
1.79074e+07
1.31431e+07
1.37834e+07
1.52668e+07
1.69285e+07
2.21566e+07
1.97505e+07
1.47109e+07
1.3299e+07
1.35249e+07
1.1198e+07
6.9368e+06
6.59949e+06
8.99832e+06
1.12784e+07
1.53892e+07
1.80641e+07
1.91241e+07
1.93632e+07
1.29126e+07
9.08558e+06
1.11818e+07
1.30841e+07
1.21561e+07
1.09637e+07
8.14896e+06
6.55179e+06
8.40337e+06
9.8928e+06
5.42146e+06
2.14054e+06
4.1981e+06
8.72398e+06
1.18393e+07
1.38101e+07
1.71425e+07
1.50949e+07
7.87318e+06
2.37107e+06
2.59654e+06
5.37389e+06
4.4889e+06
1.35861e+06
745044
983632
786332
2.22994e+06
3.27788e+06
5.83568e+06
9.09499e+06
9.35238e+06
6.09121e+06
2.18878e+06
1.52214e+06
1.56343e+06
267478
1717
2
0
12
394
11138
136624
882191
2.78352e+06
4.06971e+06
2.30013e+06
361546
15912
366
0
0
0
0
0
0
61
1437
21766
136574
306649
120265
0
0
0
0
0
0
0
0
0
0
0
0
0
0
0
0
0
0
0
0
0
0
0
0
0
0
0
0
0
0
0
0
0
0
0
0
0
0
0
0
0
0
0
0
0
0
0
0
0
0
0
0
0
0
0
0
0
0
0
0
0
0
0
0
0
0
0
0
0
0
0
0
0
0
0
0
0
0
0
0
0
0
0
0
0
0
0
0
0
0
0
0
0
0
0
0
0
0
0
0
0
0
0
0
0
0
0
0
0
0
0
0
0
0
0
0
0
0
0
0
0
0
0
0
0
0
0
0
0
0
0
0
0
0
0
0
0
0
0
0
0
0
0
0
0
0
0
0
0
0
0
0
0
0
0
0
0
0
0
0
0
0
0
0
0
0
0
0
0
0
0
0
0
0
0
0
0
0
0
0
0
0
0
0
0
0
0
0
0
0
0
0
0
0
0
0
0
0
0
0
