1.65069e+06
0
0
0
0
0
0
0
0
0
0
0
0
0
0
0
2
3352
390753
2.79983e+06
4.06955e+06
2.07486e+06
497826
63458
6161
24851
194220
802536
1.6109e+06
1.50393e+06
660596
150486
225785
1.64913e+06
5.26212e+06
7.10521e+06
4.22252e+06
1.19764e+06
505390
1.75928e+06
3.44008e+06
2.94592e+06
1.3454e+06
1.44562e+06
4.10045e+06
6.67014e+06
5.24449e+06
2.19857e+06
1.3305e+06
2.13606e+06
2.22198e+06
2.20752e+06
5.94653e+06
1.24312e+07
1.25683e+07
6.30364e+06
2.37314e+06
1.84806e+06
2.01916e+06
3.88742e+06
8.32363e+06
1.00763e+07
7.18805e+06
6.10505e+06
7.06281e+06
5.99753e+06
5.73055e+06
7.15353e+06
6.51689e+06
6.06051e+06
7.64237e+06
9.49457e+06
1.50077e+07
2.03658e+07
1.51062e+07
5.82546e+06
2.38002e+06
5.65484e+06
1.18688e+07
1.30305e+07
8.65291e+06
6.05645e+06
7.74099e+06
1.25972e+07
1.47407e+07
1.2769e+07
1.25312e+07
1.57049e+07
2.10946e+07
2.07239e+07
1.46886e+07
1.171e+07
1.33957e+07
1.56805e+07
1.38557e+07
1.17323e+07
1.27023e+07
1.50542e+07
1.34106e+07
9.80296e+06
1.3086e+07
2.24382e+07
2.50044e+07
1.98073e+07
2.04253e+07
2.86284e+07
3.17107e+07
2.59774e+07
1.88619e+07
1.28485e+07
8.2988e+06
8.19573e+06
1.72126e+07
2.68987e+07
2.36338e+07
1.79425e+07
2.43994e+07
2.76092e+07
2.51907e+07
1.84878e+07
1.93779e+07
2.14842e+07
2.37999e+07
3.11881e+07
2.77787e+07
2.06872e+07
1.87123e+07
1.90178e+07
1.57516e+07
9.74927e+06
9.27859e+06
1.26705e+07
1.58603e+07
2.16357e+07
2.54093e+07
2.69107e+07
2.72478e+07
1.81615e+07
1.27706e+07
1.5728e+07
1.84163e+07
1.71035e+07
1.54146e+07
1.14602e+07
9.21525e+06
1.18147e+07
1.39336e+07
7.61588e+06
3.00066e+06
5.906e+06
1.22767e+07
1.66459e+07
1.94321e+07
2.41195e+07
2.12463e+07
1.10677e+07
3.32309e+06
3.64885e+06
7.56836e+06
6.31618e+06
1.90609e+06
1.04788e+06
1.38348e+06
1.10166e+06
3.13351e+06
4.60493e+06
8.21435e+06
1.28074e+07
1.31646e+07
8.55976e+06
3.07247e+06
2.1409e+06
2.19979e+06
375148
2427
2
0
12
500
14980
189349
1.23658e+06
3.91533e+06
5.73344e+06
3.23652e+06
507655
21389
434
3
0
0
0
0
0
63
1885
29490
190778
433716
169412
0
0
0
0
0
0
0
0
0
0
0
0
0
0
0
0
0
0
0
0
0
0
0
0
0
0
0
0
0
0
0
0
0
0
0
0
0
0
0
0
0
0
0
0
0
0
0
0
0
0
0
0
0
0
0
0
0
0
0
0
0
0
0
0
0
0
0
0
0
0
0
0
0
0
0
0
0
0
0
0
0
0
0
0
0
0
0
0
0
0
0
0
0
0
0
0
0
0
0
0
0
0
0
0
0
0
0
0
0
0
0
0
0
0
0
0
0
0
0
0
0
0
0
0
0
0
0
0
0
0
0
0
0
0
0
0
0
0
0
0
0
0
0
0
0
0
0
0
0
0
0
0
0
0
0
0
0
0
0
0
0
0
0
0
0
0
0
0
0
0
0
0
0
0
0
0
0
0
0
0
0
0
0
0
0
0
0
0
0
0
0
0
0
0
0
0
0
0
0
0
