1.4377e+06
0
0
0
0
0
0
0
0
0
0
0
0
0
0
0
0
2953
340372
2.43763e+06
3.54622e+06
1.80688e+06
433069
55087
5471
21552
168609
697371
1.40596e+06
1.311e+06
573837
130727
195848
1.43378e+06
4.58227e+06
6.19769e+06
3.67562e+06
1.04083e+06
438318
1.53208e+06
2.99826e+06
2.56701e+06
1.16918e+06
1.25539e+06
3.57004e+06
5.82064e+06
4.56732e+06
1.91079e+06
1.15617e+06
1.86262e+06
1.93638e+06
1.91842e+06
5.17404e+06
1.0836e+07
1.09542e+07
5.48604e+06
2.06076e+06
1.61101e+06
1.75904e+06
3.38155e+06
7.24929e+06
8.78629e+06
6.25528e+06
5.31491e+06
6.15794e+06
5.22174e+06
4.9856e+06
6.23615e+06
5.67487e+06
5.27638e+06
6.65874e+06
8.25587e+06
1.30665e+07
1.7767e+07
1.31627e+07
5.06059e+06
2.06454e+06
4.9178e+06
1.03441e+07
1.13634e+07
7.53202e+06
5.26858e+06
6.73563e+06
1.09764e+07
1.28468e+07
1.11126e+07
1.09137e+07
1.36722e+07
1.83855e+07
1.80589e+07
1.27827e+07
1.01972e+07
1.16631e+07
1.36697e+07
1.20626e+07
1.02155e+07
1.10573e+07
1.31221e+07
1.16872e+07
8.52398e+06
1.13824e+07
1.9557e+07
2.18011e+07
1.723e+07
1.77709e+07
2.49472e+07
2.7647e+07
2.26189e+07
1.6422e+07
1.11924e+07
7.2285e+06
7.11221e+06
1.49787e+07
2.34725e+07
2.05886e+07
1.55874e+07
2.12527e+07
2.40716e+07
2.19439e+07
1.60865e+07
1.68759e+07
1.87019e+07
2.07109e+07
2.71876e+07
2.42175e+07
1.80132e+07
1.6287e+07
1.65732e+07
1.37189e+07
8.47987e+06
8.06878e+06
1.10295e+07
1.38144e+07
1.88701e+07
2.21375e+07
2.34227e+07
2.37452e+07
1.58196e+07
1.1108e+07
1.37007e+07
1.60422e+07
1.48826e+07
1.34328e+07
9.98817e+06
8.01521e+06
1.02921e+07
1.21526e+07
6.63535e+06
2.60326e+06
5.13735e+06
1.06979e+07
1.45014e+07
1.69033e+07
2.10167e+07
1.85186e+07
9.646e+06
2.88702e+06
3.1655e+06
6.59804e+06
5.51094e+06
1.65768e+06
909375
1.20704e+06
955246
2.72707e+06
4.0133e+06
7.15298e+06
1.11522e+07
1.14691e+07
7.46254e+06
2.67333e+06
1.86138e+06
1.92087e+06
327478
2103
2
0
12
440
12996
164154
1.07337e+06
3.40861e+06
4.99718e+06
2.82241e+06
440887
18812
401
0
0
0
0
0
0
61
1642
25743
166092
377231
148079
0
0
0
0
0
0
0
0
0
0
0
0
0
0
0
0
0
0
0
0
0
0
0
0
0
0
0
0
0
0
0
0
0
0
0
0
0
0
0
0
0
0
0
0
0
0
0
0
0
0
0
0
0
0
0
0
0
0
0
0
0
0
0
0
0
0
0
0
0
0
0
0
0
0
0
0
0
0
0
0
0
0
0
0
0
0
0
0
0
0
0
0
0
0
0
0
0
0
0
0
0
0
0
0
0
0
0
0
0
0
0
0
0
0
0
0
0
0
0
0
0
0
0
0
0
0
0
0
0
0
0
0
0
0
0
0
0
0
0
0
0
0
0
0
0
0
0
0
0
0
0
0
0
0
0
0
0
0
0
0
0
0
0
0
0
0
0
0
0
0
0
0
0
0
0
0
0
0
0
0
0
0
0
0
0
0
0
0
0
0
0
0
0
0
0
0
0
0
0
0
