1.14074e+06
0
0
0
0
0
0
0
0
0
0
0
0
0
0
0
0
2345
270422
1.93428e+06
2.81348e+06
1.4319e+06
344458
44381
4378
17611
134749
553905
1.1123e+06
1.03932e+06
456131
104859
157031
1.14097e+06
3.63317e+06
4.91227e+06
2.91336e+06
829976
351430
1.21572e+06
2.37749e+06
2.03327e+06
931188
1.0034e+06
2.83356e+06
4.60625e+06
3.61559e+06
1.52537e+06
922545
1.47536e+06
1.53529e+06
1.53088e+06
4.11556e+06
8.58138e+06
8.67057e+06
4.35993e+06
1.64578e+06
1.28149e+06
1.39943e+06
2.69094e+06
5.74223e+06
6.95822e+06
4.97007e+06
4.222e+06
4.87999e+06
4.14484e+06
3.96248e+06
4.94106e+06
4.50482e+06
4.19032e+06
5.28507e+06
6.56148e+06
1.03641e+07
1.40729e+07
1.04235e+07
4.03814e+06
1.66002e+06
3.90855e+06
8.18882e+06
9e+06
5.98416e+06
4.19449e+06
5.3547e+06
8.69448e+06
1.01842e+07
8.81811e+06
8.67858e+06
1.08493e+07
1.45731e+07
1.43126e+07
1.01463e+07
8.1086e+06
9.25547e+06
1.0838e+07
9.56301e+06
8.12151e+06
8.77406e+06
1.03987e+07
9.26549e+06
6.78205e+06
9.05453e+06
1.54973e+07
1.72756e+07
1.36882e+07
1.41213e+07
1.97731e+07
2.19177e+07
1.79389e+07
1.30372e+07
8.88192e+06
5.75235e+06
5.67712e+06
1.18753e+07
1.85937e+07
1.63199e+07
1.24079e+07
1.68573e+07
1.90838e+07
1.74074e+07
1.27742e+07
1.33998e+07
1.48404e+07
1.64558e+07
2.1538e+07
1.91995e+07
1.42989e+07
1.29256e+07
1.31495e+07
1.0885e+07
6.74346e+06
6.41553e+06
8.74738e+06
1.09637e+07
1.49595e+07
1.75584e+07
1.85888e+07
1.88239e+07
1.25541e+07
8.83062e+06
1.08701e+07
1.27179e+07
1.18155e+07
1.06592e+07
7.92239e+06
6.36831e+06
8.1673e+06
9.61489e+06
5.27231e+06
2.08089e+06
4.0807e+06
8.47938e+06
1.15123e+07
1.34254e+07
1.66603e+07
1.46712e+07
7.65516e+06
2.30614e+06
2.52363e+06
5.22171e+06
4.36519e+06
1.32071e+06
724542
955772
765087
2.16736e+06
3.1858e+06
5.67215e+06
8.8421e+06
9.08972e+06
5.92287e+06
2.12742e+06
1.47914e+06
1.5197e+06
260216
1677
2
0
12
382
10873
133000
857066
2.7054e+06
3.95697e+06
2.23539e+06
351682
15483
360
0
0
0
0
0
0
61
1402
21135
132646
298127
116997
0
0
0
0
0
0
0
0
0
0
0
0
0
0
0
0
0
0
0
0
0
0
0
0
0
0
0
0
0
0
0
0
0
0
0
0
0
0
0
0
0
0
0
0
0
0
0
0
0
0
0
0
0
0
0
0
0
0
0
0
0
0
0
0
0
0
0
0
0
0
0
0
0
0
0
0
0
0
0
0
0
0
0
0
0
0
0
0
0
0
0
0
0
0
0
0
0
0
0
0
0
0
0
0
0
0
0
0
0
0
0
0
0
0
0
0
0
0
0
0
0
0
0
0
0
0
0
0
0
0
0
0
0
0
0
0
0
0
0
0
0
0
0
0
0
0
0
0
0
0
0
0
0
0
0
0
0
0
0
0
0
0
0
0
0
0
0
0
0
0
0
0
0
0
0
0
0
0
0
0
0
0
0
0
0
0
0
0
0
0
0
0
0
0
0
0
0
0
0
0
