1.77766e+06
0
0
0
0
0
0
0
0
0
0
0
0
0
0
0
2
3578
420860
3.01532e+06
4.38231e+06
2.2349e+06
535943
68226
6601
26712
208761
864199
1.73505e+06
1.6207e+06
711181
161404
242650
1.77561e+06
5.66831e+06
7.65213e+06
4.54739e+06
1.28944e+06
543557
1.89392e+06
3.70588e+06
3.17293e+06
1.44822e+06
1.55539e+06
4.41898e+06
7.18019e+06
5.64974e+06
2.36801e+06
1.43176e+06
2.30073e+06
2.39237e+06
2.37539e+06
6.40548e+06
1.33892e+07
1.35361e+07
6.78888e+06
2.55456e+06
1.98872e+06
2.17428e+06
4.1854e+06
8.96502e+06
1.08522e+07
7.74261e+06
6.57522e+06
7.60139e+06
6.45886e+06
6.17379e+06
7.70281e+06
7.01989e+06
6.5268e+06
8.2278e+06
1.02266e+07
1.61652e+07
2.19284e+07
1.62708e+07
6.27294e+06
2.5604e+06
6.0898e+06
1.27833e+07
1.40344e+07
9.31816e+06
6.51956e+06
8.33695e+06
1.35672e+07
1.58741e+07
1.37552e+07
1.34921e+07
1.69099e+07
2.27201e+07
2.232e+07
1.5817e+07
1.26114e+07
1.44292e+07
1.68813e+07
1.4921e+07
1.26368e+07
1.36802e+07
1.621e+07
1.44423e+07
1.05561e+07
1.40928e+07
2.41679e+07
2.69277e+07
2.1329e+07
2.19974e+07
3.08338e+07
3.41466e+07
2.79781e+07
2.03085e+07
1.38372e+07
8.93685e+06
8.83013e+06
1.85391e+07
2.89583e+07
2.54502e+07
1.93288e+07
2.6273e+07
2.97313e+07
2.71348e+07
1.99127e+07
2.08629e+07
2.31338e+07
2.56345e+07
3.35931e+07
2.99103e+07
2.22801e+07
2.01542e+07
2.04706e+07
1.69681e+07
1.05027e+07
9.98871e+06
1.36488e+07
1.70808e+07
2.32964e+07
2.73644e+07
2.89835e+07
2.93399e+07
1.95564e+07
1.37581e+07
1.69387e+07
1.9827e+07
1.84252e+07
1.65965e+07
1.23444e+07
9.92689e+06
1.27198e+07
1.50027e+07
8.20205e+06
3.234e+06
6.36135e+06
1.32211e+07
1.79189e+07
2.09382e+07
2.59783e+07
2.2871e+07
1.19167e+07
3.58255e+06
3.9326e+06
8.15088e+06
6.7961e+06
2.05359e+06
1.12844e+06
1.49056e+06
1.18657e+06
3.37526e+06
4.95901e+06
8.84568e+06
1.37981e+07
1.41773e+07
9.21252e+06
3.31014e+06
2.30695e+06
2.36716e+06
403475
2603
2
0
13
550
16040
203668
1.3324e+06
4.21609e+06
6.17502e+06
3.48464e+06
547336
22764
465
3
0
0
0
0
0
72
2017
31549
205911
466853
182430
0
0
0
0
0
0
0
0
0
0
0
0
0
0
0
0
0
0
0
0
0
0
0
0
0
0
0
0
0
0
0
0
0
0
0
0
0
0
0
0
0
0
0
0
0
0
0
0
0
0
0
0
0
0
0
0
0
0
0
0
0
0
0
0
0
0
0
0
0
0
0
0
0
0
0
0
0
0
0
0
0
0
0
0
0
0
0
0
0
0
0
0
0
0
0
0
0
0
0
0
0
0
0
0
0
0
0
0
0
0
0
0
0
0
0
0
0
0
0
0
0
0
0
0
0
0
0
0
0
0
0
0
0
0
0
0
0
0
0
0
0
0
0
0
0
0
0
0
0
0
0
0
0
0
0
0
0
0
0
0
0
0
0
0
0
0
0
0
0
0
0
0
0
0
0
0
0
0
0
0
0
0
0
0
0
0
0
0
0
0
0
0
0
0
0
0
0
0
0
0
