1.52576e+06
0
0
0
0
0
0
0
0
0
0
0
0
0
0
0
2
3117
361000
2.58796e+06
3.7624e+06
1.91703e+06
460214
58610
5795
22910
179168
741178
1.49041e+06
1.39075e+06
609665
138874
208207
1.52329e+06
4.8633e+06
6.57231e+06
3.9011e+06
1.1066e+06
465827
1.62692e+06
3.18047e+06
2.7232e+06
1.24173e+06
1.33487e+06
3.78947e+06
6.17166e+06
4.84685e+06
2.02965e+06
1.22852e+06
1.97561e+06
2.055e+06
2.03802e+06
5.49325e+06
1.14967e+07
1.16189e+07
5.82411e+06
2.19105e+06
1.7094e+06
1.86574e+06
3.59261e+06
7.6937e+06
9.31627e+06
6.64128e+06
5.64314e+06
6.5331e+06
5.54047e+06
5.2945e+06
6.61521e+06
6.02431e+06
5.60059e+06
7.06361e+06
8.76752e+06
1.38739e+07
1.88369e+07
1.39655e+07
5.37814e+06
2.1959e+06
5.22202e+06
1.09759e+07
1.20512e+07
7.99549e+06
5.59379e+06
7.1514e+06
1.16477e+07
1.363e+07
1.1796e+07
1.15843e+07
1.45129e+07
1.95041e+07
1.91588e+07
1.35722e+07
1.08248e+07
1.23797e+07
1.44986e+07
1.28029e+07
1.08449e+07
1.17373e+07
1.392e+07
1.23999e+07
9.05409e+06
1.20864e+07
2.07474e+07
2.31253e+07
1.82983e+07
1.88672e+07
2.64666e+07
2.93281e+07
2.40072e+07
1.74312e+07
1.18771e+07
7.67209e+06
7.56079e+06
1.59022e+07
2.48882e+07
2.18477e+07
1.65612e+07
2.25517e+07
2.55379e+07
2.32836e+07
1.7081e+07
1.791e+07
1.98528e+07
2.19928e+07
2.88372e+07
2.5688e+07
1.91183e+07
1.72915e+07
1.75836e+07
1.45596e+07
9.00537e+06
8.57098e+06
1.17067e+07
1.46595e+07
2.00146e+07
2.34885e+07
2.48661e+07
2.51925e+07
1.67874e+07
1.17951e+07
1.45405e+07
1.70236e+07
1.58026e+07
1.42506e+07
1.05954e+07
8.51238e+06
1.09209e+07
1.28888e+07
7.04101e+06
2.76723e+06
5.45547e+06
1.13518e+07
1.53901e+07
1.7947e+07
2.2299e+07
1.96463e+07
1.02333e+07
3.06726e+06
3.36565e+06
6.99972e+06
5.8435e+06
1.76056e+06
966403
1.28001e+06
1.01666e+06
2.89405e+06
4.25832e+06
7.59162e+06
1.18376e+07
1.21697e+07
7.91548e+06
2.83818e+06
1.97728e+06
2.03582e+06
347283
2229
2
0
12
459
13875
174757
1.14055e+06
3.61881e+06
5.30135e+06
2.99375e+06
467975
19889
414
0
0
0
0
0
0
63
1765
27267
176134
400681
156970
0
0
0
0
0
0
0
0
0
0
0
0
0
0
0
0
0
0
0
0
0
0
0
0
0
0
0
0
0
0
0
0
0
0
0
0
0
0
0
0
0
0
0
0
0
0
0
0
0
0
0
0
0
0
0
0
0
0
0
0
0
0
0
0
0
0
0
0
0
0
0
0
0
0
0
0
0
0
0
0
0
0
0
0
0
0
0
0
0
0
0
0
0
0
0
0
0
0
0
0
0
0
0
0
0
0
0
0
0
0
0
0
0
0
0
0
0
0
0
0
0
0
0
0
0
0
0
0
0
0
0
0
0
0
0
0
0
0
0
0
0
0
0
0
0
0
0
0
0
0
0
0
0
0
0
0
0
0
0
0
0
0
0
0
0
0
0
0
0
0
0
0
0
0
0
0
0
0
0
0
0
0
0
0
0
0
0
0
0
0
0
0
0
0
0
0
0
0
0
0
