1.84934e+06
0
0
0
0
0
0
0
0
0
0
0
0
0
0
0
2
3717
437722
3.13695e+06
4.55896e+06
2.32512e+06
557503
71067
6875
27996
217372
898635
1.80471e+06
1.68618e+06
739803
168099
252964
1.84763e+06
5.89554e+06
7.95948e+06
4.73263e+06
1.34103e+06
565942
1.97056e+06
3.85444e+06
3.30055e+06
1.50783e+06
1.61968e+06
4.5961e+06
7.46622e+06
5.87881e+06
2.46412e+06
1.49061e+06
2.39181e+06
2.48979e+06
2.47241e+06
6.66666e+06
1.39233e+07
1.40811e+07
7.0651e+06
2.65811e+06
2.06836e+06
2.26239e+06
4.35589e+06
9.32462e+06
1.12861e+07
8.05908e+06
6.84132e+06
7.90347e+06
6.72128e+06
6.42302e+06
8.01268e+06
7.3053e+06
6.78967e+06
8.5587e+06
1.06427e+07
1.6818e+07
2.28022e+07
1.69276e+07
6.52987e+06
2.66702e+06
6.33788e+06
1.32935e+07
1.45958e+07
9.69813e+06
6.78408e+06
8.67411e+06
1.41111e+07
1.65138e+07
1.43134e+07
1.40369e+07
1.75941e+07
2.36276e+07
2.32188e+07
1.64581e+07
1.31227e+07
1.50151e+07
1.75535e+07
1.55232e+07
1.31494e+07
1.42321e+07
1.68594e+07
1.50225e+07
1.09896e+07
1.46655e+07
2.51367e+07
2.8008e+07
2.21963e+07
2.28876e+07
3.20723e+07
3.55161e+07
2.91079e+07
2.1126e+07
1.4397e+07
9.30203e+06
9.19511e+06
1.92877e+07
3.01073e+07
2.6476e+07
2.01225e+07
2.7333e+07
3.09205e+07
2.82293e+07
2.07214e+07
2.17056e+07
2.40689e+07
2.66707e+07
3.49401e+07
3.11106e+07
2.31804e+07
2.0969e+07
2.12942e+07
1.76531e+07
1.09314e+07
1.03943e+07
1.4199e+07
1.77714e+07
2.42289e+07
2.84647e+07
3.01565e+07
3.05165e+07
2.03431e+07
1.43228e+07
1.76214e+07
2.06225e+07
1.91723e+07
1.7261e+07
1.2843e+07
1.03317e+07
1.32314e+07
1.56011e+07
8.53235e+06
3.36792e+06
6.62113e+06
1.37526e+07
1.86435e+07
2.17914e+07
2.70172e+07
2.37846e+07
1.23975e+07
3.73138e+06
4.09722e+06
8.4772e+06
7.06358e+06
2.13843e+06
1.17522e+06
1.55008e+06
1.23606e+06
3.51265e+06
5.15806e+06
9.20348e+06
1.43554e+07
1.47458e+07
9.57969e+06
3.44656e+06
2.40155e+06
2.46062e+06
419822
2722
2
0
13
581
16717
212390
1.38757e+06
4.38649e+06
6.42106e+06
3.62546e+06
569350
23987
481
3
0
0
0
0
0
72
2119
32916
214446
485334
189785
0
0
0
0
0
0
0
0
0
0
0
0
0
0
0
0
0
0
0
0
0
0
0
0
0
0
0
0
0
0
0
0
0
0
0
0
0
0
0
0
0
0
0
0
0
0
0
0
0
0
0
0
0
0
0
0
0
0
0
0
0
0
0
0
0
0
0
0
0
0
0
0
0
0
0
0
0
0
0
0
0
0
0
0
0
0
0
0
0
0
0
0
0
0
0
0
0
0
0
0
0
0
0
0
0
0
0
0
0
0
0
0
0
0
0
0
0
0
0
0
0
0
0
0
0
0
0
0
0
0
0
0
0
0
0
0
0
0
0
0
0
0
0
0
0
0
0
0
0
0
0
0
0
0
0
0
0
0
0
0
0
0
0
0
0
0
0
0
0
0
0
0
0
0
0
0
0
0
0
0
0
0
0
0
0
0
0
0
0
0
0
0
0
0
0
0
0
0
0
0
