1.0752e+06
0
0
0
0
0
0
0
0
0
0
0
0
0
0
0
0
2213
254939
1.82305e+06
2.652e+06
1.34936e+06
324810
41907
4080
16563
127484
521597
1.04819e+06
979598
430157
98845
148667
1.07531e+06
3.42376e+06
4.63038e+06
2.74467e+06
783312
331751
1.14583e+06
2.24067e+06
1.91615e+06
877902
946471
2.66964e+06
4.34227e+06
3.40728e+06
1.43778e+06
870442
1.38999e+06
1.44678e+06
1.44489e+06
3.88035e+06
8.08592e+06
8.16905e+06
4.1105e+06
1.55253e+06
1.20873e+06
1.31966e+06
2.53738e+06
5.40946e+06
6.55878e+06
4.6851e+06
3.97962e+06
4.6e+06
3.90661e+06
3.73407e+06
4.65802e+06
4.24594e+06
3.94833e+06
4.98349e+06
6.1869e+06
9.76566e+06
1.32621e+07
9.82231e+06
3.8092e+06
1.56674e+06
3.68428e+06
7.71754e+06
8.48226e+06
5.64014e+06
3.95458e+06
5.04781e+06
8.19279e+06
9.59957e+06
8.31111e+06
8.18132e+06
1.02256e+07
1.37363e+07
1.34887e+07
9.56392e+06
7.6457e+06
8.72078e+06
1.02161e+07
9.01164e+06
7.65679e+06
8.27123e+06
9.80039e+06
8.7306e+06
6.39478e+06
8.53575e+06
1.46071e+07
1.62827e+07
1.2899e+07
1.33118e+07
1.86394e+07
2.06563e+07
1.69049e+07
1.22907e+07
8.37062e+06
5.42404e+06
5.35635e+06
1.11904e+07
1.75237e+07
1.53766e+07
1.16988e+07
1.58892e+07
1.79879e+07
1.64077e+07
1.20404e+07
1.26325e+07
1.39863e+07
1.55117e+07
2.03003e+07
1.80918e+07
1.34799e+07
1.21804e+07
1.23985e+07
1.02558e+07
6.35893e+06
6.04898e+06
8.24595e+06
1.03344e+07
1.40963e+07
1.6547e+07
1.75198e+07
1.77442e+07
1.18367e+07
8.32205e+06
1.02452e+07
1.19861e+07
1.11367e+07
1.0049e+07
7.46504e+06
6.00376e+06
7.6997e+06
9.05715e+06
4.97042e+06
1.96197e+06
3.84662e+06
7.99228e+06
1.08579e+07
1.26539e+07
1.5699e+07
1.38231e+07
7.21744e+06
2.17572e+06
2.38056e+06
4.91938e+06
4.11222e+06
1.24633e+06
684029
900136
722677
2.04205e+06
3.00118e+06
5.34634e+06
8.33495e+06
8.56607e+06
5.58456e+06
2.0049e+06
1.39495e+06
1.43067e+06
245285
1599
2
0
12
365
10413
125576
808033
2.54818e+06
3.73114e+06
2.10744e+06
330669
14615
355
0
0
0
0
0
0
59
1355
20004
125011
280890
110281
0
0
0
0
0
0
0
0
0
0
0
0
0
0
0
0
0
0
0
0
0
0
0
0
0
0
0
0
0
0
0
0
0
0
0
0
0
0
0
0
0
0
0
0
0
0
0
0
0
0
0
0
0
0
0
0
0
0
0
0
0
0
0
0
0
0
0
0
0
0
0
0
0
0
0
0
0
0
0
0
0
0
0
0
0
0
0
0
0
0
0
0
0
0
0
0
0
0
0
0
0
0
0
0
0
0
0
0
0
0
0
0
0
0
0
0
0
0
0
0
0
0
0
0
0
0
0
0
0
0
0
0
0
0
0
0
0
0
0
0
0
0
0
0
0
0
0
0
0
0
0
0
0
0
0
0
0
0
0
0
0
0
0
0
0
0
0
0
0
0
0
0
0
0
0
0
0
0
0
0
0
0
0
0
0
0
0
0
0
0
0
0
0
0
0
0
0
0
0
0
