1.15917e+06
0
0
0
0
0
0
0
0
0
0
0
0
0
0
0
0
2384
274932
1.96543e+06
2.8588e+06
1.45514e+06
350031
45112
4426
17868
136934
562717
1.13038e+06
1.05618e+06
463679
106436
159518
1.15946e+06
3.69158e+06
4.9915e+06
2.96101e+06
843410
357018
1.23533e+06
2.41547e+06
2.0665e+06
946215
1.01933e+06
2.879e+06
4.68101e+06
3.67505e+06
1.54982e+06
936762
1.49928e+06
1.56037e+06
1.55517e+06
4.18197e+06
8.71992e+06
8.81135e+06
4.43078e+06
1.67192e+06
1.30186e+06
1.42192e+06
2.73449e+06
5.83494e+06
7.0711e+06
5.05042e+06
4.28979e+06
4.95891e+06
4.21222e+06
4.02618e+06
5.02093e+06
4.57726e+06
4.25855e+06
5.36973e+06
6.66684e+06
1.05326e+07
1.43002e+07
1.05939e+07
4.10231e+06
1.68588e+06
3.97197e+06
8.32127e+06
9.14529e+06
6.08173e+06
4.26112e+06
5.4414e+06
8.83565e+06
1.03487e+07
8.95969e+06
8.81805e+06
1.10262e+07
1.48081e+07
1.45444e+07
1.03108e+07
8.23882e+06
9.40517e+06
1.10125e+07
9.71818e+06
8.25239e+06
8.91606e+06
1.05668e+07
9.41541e+06
6.89152e+06
9.20112e+06
1.5748e+07
1.75527e+07
1.39104e+07
1.43499e+07
2.00929e+07
2.22715e+07
1.8229e+07
1.32475e+07
9.02631e+06
5.84412e+06
5.76884e+06
1.20679e+07
1.88927e+07
1.65847e+07
1.26103e+07
1.71299e+07
1.93896e+07
1.76883e+07
1.2982e+07
1.36158e+07
1.50806e+07
1.67217e+07
2.18858e+07
1.9509e+07
1.45308e+07
1.31351e+07
1.33609e+07
1.10606e+07
6.85277e+06
6.51987e+06
8.8884e+06
1.11405e+07
1.52014e+07
1.78421e+07
1.88898e+07
1.91274e+07
1.27553e+07
8.97489e+06
1.10454e+07
1.29236e+07
1.20078e+07
1.08295e+07
8.05023e+06
6.47226e+06
8.29987e+06
9.77047e+06
5.35633e+06
2.11498e+06
4.14718e+06
8.61662e+06
1.16956e+07
1.36424e+07
1.69312e+07
1.49092e+07
7.77744e+06
2.3433e+06
2.56512e+06
5.30696e+06
4.43427e+06
1.34235e+06
736045
971422
777177
2.203e+06
3.23758e+06
5.76418e+06
8.98399e+06
9.23737e+06
6.01714e+06
2.1622e+06
1.50364e+06
1.54395e+06
264296
1703
2
0
12
394
11038
135181
871452
2.74943e+06
4.02018e+06
2.27129e+06
357407
15758
363
0
0
0
0
0
0
61
1419
21575
134855
302831
118843
0
0
0
0
0
0
0
0
0
0
0
0
0
0
0
0
0
0
0
0
0
0
0
0
0
0
0
0
0
0
0
0
0
0
0
0
0
0
0
0
0
0
0
0
0
0
0
0
0
0
0
0
0
0
0
0
0
0
0
0
0
0
0
0
0
0
0
0
0
0
0
0
0
0
0
0
0
0
0
0
0
0
0
0
0
0
0
0
0
0
0
0
0
0
0
0
0
0
0
0
0
0
0
0
0
0
0
0
0
0
0
0
0
0
0
0
0
0
0
0
0
0
0
0
0
0
0
0
0
0
0
0
0
0
0
0
0
0
0
0
0
0
0
0
0
0
0
0
0
0
0
0
0
0
0
0
0
0
0
0
0
0
0
0
0
0
0
0
0
0
0
0
0
0
0
0
0
0
0
0
0
0
0
0
0
0
0
0
0
0
0
0
0
0
0
0
0
0
0
0
