1.50733e+06
0
0
0
0
0
0
0
0
0
0
0
0
0
0
0
2
3077
356600
2.55682e+06
3.7167e+06
1.89411e+06
454748
57758
5720
22644
176956
731990
1.4727e+06
1.37393e+06
602437
137042
205638
1.50478e+06
4.80417e+06
6.4938e+06
3.85401e+06
1.09282e+06
460046
1.60712e+06
3.14252e+06
2.6904e+06
1.2267e+06
1.31823e+06
3.74369e+06
6.09802e+06
4.78786e+06
2.00495e+06
1.21359e+06
1.95178e+06
2.03033e+06
2.01328e+06
5.42647e+06
1.1358e+07
1.14795e+07
5.75353e+06
2.164e+06
1.6888e+06
1.84356e+06
3.5485e+06
7.60112e+06
9.20411e+06
6.56085e+06
5.57516e+06
6.4538e+06
5.47358e+06
5.23002e+06
6.53579e+06
5.95161e+06
5.53306e+06
6.97873e+06
8.66081e+06
1.37057e+07
1.86106e+07
1.37977e+07
5.31164e+06
2.16942e+06
5.1589e+06
1.08439e+07
1.19058e+07
7.89767e+06
5.52677e+06
7.06531e+06
1.15065e+07
1.34663e+07
1.16524e+07
1.14441e+07
1.43374e+07
1.92703e+07
1.89273e+07
1.34073e+07
1.06936e+07
1.22302e+07
1.4324e+07
1.26485e+07
1.0713e+07
1.15962e+07
1.37526e+07
1.22496e+07
8.94389e+06
1.19397e+07
2.04984e+07
2.28472e+07
1.80751e+07
1.86376e+07
2.61487e+07
2.89758e+07
2.37162e+07
1.72198e+07
1.17345e+07
7.57951e+06
7.46743e+06
1.5709e+07
2.45913e+07
2.15837e+07
1.6358e+07
2.22804e+07
2.52304e+07
2.30029e+07
1.68733e+07
1.76923e+07
1.96133e+07
2.17245e+07
2.84916e+07
2.53801e+07
1.8887e+07
1.7081e+07
1.73721e+07
1.43835e+07
8.89594e+06
8.46596e+06
1.15653e+07
1.44828e+07
1.97746e+07
2.32049e+07
2.4565e+07
2.48888e+07
1.65839e+07
1.16525e+07
1.43648e+07
1.68178e+07
1.56103e+07
1.40796e+07
1.04678e+07
8.40944e+06
1.07889e+07
1.27343e+07
6.95584e+06
2.73409e+06
5.38895e+06
1.12146e+07
1.52033e+07
1.773e+07
2.203e+07
1.94096e+07
1.01102e+07
3.03008e+06
3.32412e+06
6.91538e+06
5.77318e+06
1.73941e+06
954683
1.26467e+06
1.00383e+06
2.85947e+06
4.20682e+06
7.50058e+06
1.16938e+07
1.20227e+07
7.81983e+06
2.80433e+06
1.95303e+06
2.01173e+06
342968
2214
2
0
12
459
13714
172658
1.12655e+06
3.57471e+06
5.2377e+06
2.95778e+06
462280
19679
414
0
0
0
0
0
0
63
1745
26942
174094
395736
155084
0
0
0
0
0
0
0
0
0
0
0
0
0
0
0
0
0
0
0
0
0
0
0
0
0
0
0
0
0
0
0
0
0
0
0
0
0
0
0
0
0
0
0
0
0
0
0
0
0
0
0
0
0
0
0
0
0
0
0
0
0
0
0
0
0
0
0
0
0
0
0
0
0
0
0
0
0
0
0
0
0
0
0
0
0
0
0
0
0
0
0
0
0
0
0
0
0
0
0
0
0
0
0
0
0
0
0
0
0
0
0
0
0
0
0
0
0
0
0
0
0
0
0
0
0
0
0
0
0
0
0
0
0
0
0
0
0
0
0
0
0
0
0
0
0
0
0
0
0
0
0
0
0
0
0
0
0
0
0
0
0
0
0
0
0
0
0
0
0
0
0
0
0
0
0
0
0
0
0
0
0
0
0
0
0
0
0
0
0
0
0
0
0
0
0
0
0
0
0
0
