1.81862e+06
0
0
0
0
0
0
0
0
0
0
0
0
0
0
0
2
3665
430466
3.0851e+06
4.48287e+06
2.28651e+06
548355
69826
6762
27407
213786
884132
1.77434e+06
1.65819e+06
727603
165282
248572
1.81719e+06
5.79752e+06
7.82764e+06
4.65361e+06
1.31886e+06
556514
1.93729e+06
3.79086e+06
3.24604e+06
1.48228e+06
1.59235e+06
4.52032e+06
7.34285e+06
5.78117e+06
2.42273e+06
1.46533e+06
2.35325e+06
2.44744e+06
2.43138e+06
6.55452e+06
1.36936e+07
1.38477e+07
6.94758e+06
2.61352e+06
2.03419e+06
2.22419e+06
4.28331e+06
9.17e+06
1.11006e+07
7.92347e+06
6.72672e+06
7.77457e+06
6.60931e+06
6.31556e+06
7.87985e+06
7.18245e+06
6.67765e+06
8.41714e+06
1.04648e+07
1.65373e+07
2.24277e+07
1.66462e+07
6.42034e+06
2.62041e+06
6.23139e+06
1.30757e+07
1.4356e+07
9.53482e+06
6.67052e+06
8.52895e+06
1.38779e+07
1.62407e+07
1.40738e+07
1.38029e+07
1.72998e+07
2.32397e+07
2.28358e+07
1.61824e+07
1.29033e+07
1.47639e+07
1.72637e+07
1.5267e+07
1.29288e+07
1.39955e+07
1.65819e+07
1.47746e+07
1.08028e+07
1.44188e+07
2.47214e+07
2.75471e+07
2.18232e+07
2.25042e+07
3.1544e+07
3.49302e+07
2.86238e+07
2.07746e+07
1.41576e+07
9.14553e+06
9.03672e+06
1.89665e+07
2.96175e+07
2.60364e+07
1.97797e+07
2.68782e+07
3.04131e+07
2.77602e+07
2.03736e+07
2.13445e+07
2.36677e+07
2.62254e+07
3.43642e+07
3.05994e+07
2.27934e+07
2.06178e+07
2.09414e+07
1.73607e+07
1.07464e+07
1.02207e+07
1.39635e+07
1.74767e+07
2.38286e+07
2.79927e+07
2.96518e+07
3.00144e+07
2.00071e+07
1.40792e+07
1.73292e+07
2.02804e+07
1.88527e+07
1.69771e+07
1.26294e+07
1.01576e+07
1.30121e+07
1.53455e+07
8.39027e+06
3.31082e+06
6.51038e+06
1.35243e+07
1.83326e+07
2.14253e+07
2.65719e+07
2.33936e+07
1.21911e+07
3.66775e+06
4.02702e+06
8.33757e+06
6.94868e+06
2.10222e+06
1.15502e+06
1.52463e+06
1.21491e+06
3.45422e+06
5.07256e+06
9.04948e+06
1.41162e+07
1.45025e+07
9.42263e+06
3.38822e+06
2.36114e+06
2.42024e+06
412887
2678
2
0
13
564
16460
208657
1.36399e+06
4.31344e+06
6.31525e+06
3.5652e+06
559965
23596
481
3
0
0
0
0
0
72
2048
32402
210675
477395
186720
0
0
0
0
0
0
0
0
0
0
0
0
0
0
0
0
0
0
0
0
0
0
0
0
0
0
0
0
0
0
0
0
0
0
0
0
0
0
0
0
0
0
0
0
0
0
0
0
0
0
0
0
0
0
0
0
0
0
0
0
0
0
0
0
0
0
0
0
0
0
0
0
0
0
0
0
0
0
0
0
0
0
0
0
0
0
0
0
0
0
0
0
0
0
0
0
0
0
0
0
0
0
0
0
0
0
0
0
0
0
0
0
0
0
0
0
0
0
0
0
0
0
0
0
0
0
0
0
0
0
0
0
0
0
0
0
0
0
0
0
0
0
0
0
0
0
0
0
0
0
0
0
0
0
0
0
0
0
0
0
0
0
0
0
0
0
0
0
0
0
0
0
0
0
0
0
0
0
0
0
0
0
0
0
0
0
0
0
0
0
0
0
0
0
0
0
0
0
0
0
