483328
0
0
0
0
0
0
0
0
0
0
0
0
0
0
0
0
1008
115272
816614
1.19554e+06
605365
146020
18757
1951
7154
57712
233897
471570
440902
193022
44385
68306
485254
1.53167e+06
2.08743e+06
1.22812e+06
354364
150923
513351
1.01112e+06
859133
393202
424684
1.1951e+06
1.96481e+06
1.5291e+06
644127
389070
625412
652800
650676
1.7369e+06
3.64005e+06
3.67578e+06
1.83834e+06
698499
548698
594104
1.13588e+06
2.42977e+06
2.96278e+06
2.09472e+06
1.78372e+06
2.07921e+06
1.75049e+06
1.67346e+06
2.10453e+06
1.90534e+06
1.76483e+06
2.2587e+06
2.77912e+06
4.37141e+06
5.98503e+06
4.39866e+06
1.70941e+06
708499
1.65008e+06
3.47797e+06
3.82626e+06
2.52269e+06
1.77941e+06
2.26041e+06
3.68368e+06
4.33117e+06
3.71733e+06
3.69266e+06
4.57439e+06
6.1908e+06
6.07468e+06
4.28221e+06
3.45354e+06
3.90146e+06
4.6073e+06
4.03252e+06
3.45773e+06
3.7067e+06
4.41602e+06
3.92564e+06
2.86838e+06
3.82956e+06
6.57862e+06
7.33479e+06
5.77843e+06
5.96826e+06
8.39081e+06
9.30174e+06
7.5855e+06
5.52781e+06
3.76086e+06
2.4441e+06
2.40308e+06
5.01189e+06
7.91977e+06
6.89064e+06
5.24376e+06
7.13575e+06
8.1111e+06
7.36543e+06
5.41009e+06
5.69649e+06
6.27755e+06
6.9621e+06
9.12443e+06
8.15713e+06
6.04352e+06
5.46651e+06
5.5902e+06
4.60303e+06
2.85514e+06
2.72336e+06
3.704e+06
4.63895e+06
6.35327e+06
7.43594e+06
7.8542e+06
8.00182e+06
5.3241e+06
3.72531e+06
4.6129e+06
5.39134e+06
4.99032e+06
4.53212e+06
3.34992e+06
2.69971e+06
3.46393e+06
4.0636e+06
2.23724e+06
880120
1.72321e+06
3.59068e+06
4.91546e+06
5.66043e+06
7.05579e+06
6.21682e+06
3.25209e+06
975529
1.06612e+06
2.20395e+06
1.8605e+06
557421
307003
404410
325295
913583
1.34841e+06
2.39853e+06
3.75608e+06
3.84264e+06
2.52512e+06
896383
622419
644473
112371
794
0
0
8
179
4778
55907
359758
1.13814e+06
1.68398e+06
953288
147419
6340
151
0
0
0
0
0
0
18
558
8685
54912
125645
51846
0
0
0
0
0
0
0
0
0
0
0
0
0
0
0
0
0
0
0
0
0
0
0
0
0
0
0
0
0
0
0
0
0
0
0
0
0
0
0
0
0
0
0
0
0
0
0
0
0
0
0
0
0
0
0
0
0
0
0
0
0
0
0
0
0
0
0
0
0
0
0
0
0
0
0
0
0
0
0
0
0
0
0
0
0
0
0
0
0
0
0
0
0
0
0
0
0
0
0
0
0
0
0
0
0
0
0
0
0
0
0
0
0
0
0
0
0
0
0
0
0
0
0
0
0
0
0
0
0
0
0
0
0
0
0
0
0
0
0
0
0
0
0
0
0
0
0
0
0
0
0
0
0
0
0
0
0
0
0
0
0
0
0
0
0
0
0
0
0
0
0
0
0
0
0
0
0
0
0
0
0
0
0
0
0
0
0
0
0
0
0
0
0
0
0
0
0
0
0
0
