837632
0
0
0
0
0
0
0
0
0
0
0
0
0
0
0
0
1758
198951
1.41855e+06
2.06858e+06
1.05027e+06
252368
32981
3255
12721
99772
405385
817740
762760
334929
77174
116489
837494
2.66427e+06
3.61181e+06
2.13518e+06
610536
259494
891839
1.74788e+06
1.49075e+06
683472
737970
2.07796e+06
3.38834e+06
2.65042e+06
1.11946e+06
678277
1.08423e+06
1.12823e+06
1.12636e+06
3.01992e+06
6.30151e+06
6.36243e+06
3.19863e+06
1.21166e+06
944421
1.02833e+06
1.97538e+06
4.21465e+06
5.11208e+06
3.64464e+06
3.10005e+06
3.58827e+06
3.03882e+06
2.90926e+06
3.63292e+06
3.30588e+06
3.07398e+06
3.89023e+06
4.81952e+06
7.59989e+06
1.03377e+07
7.6425e+06
2.96868e+06
1.22525e+06
2.86852e+06
6.01631e+06
6.61117e+06
4.38737e+06
3.08531e+06
3.93088e+06
6.38054e+06
7.48263e+06
6.46604e+06
6.3835e+06
7.95663e+06
1.07062e+07
1.05108e+07
7.44424e+06
5.96588e+06
6.78755e+06
7.96075e+06
7.01316e+06
5.97401e+06
6.44256e+06
7.63584e+06
6.79956e+06
4.97742e+06
6.65071e+06
1.13873e+07
1.26909e+07
1.00376e+07
1.03647e+07
1.45258e+07
1.60988e+07
1.31618e+07
9.57678e+06
6.52125e+06
4.2293e+06
4.17335e+06
8.71499e+06
1.36592e+07
1.19669e+07
9.11207e+06
1.23797e+07
1.40173e+07
1.27811e+07
9.38213e+06
9.84748e+06
1.08948e+07
1.20773e+07
1.58132e+07
1.41033e+07
1.04949e+07
9.48649e+06
9.66676e+06
7.98581e+06
4.95375e+06
4.71706e+06
6.42233e+06
8.04886e+06
1.09836e+07
1.28942e+07
1.36388e+07
1.38286e+07
9.22525e+06
6.47862e+06
7.98378e+06
9.3374e+06
8.67264e+06
7.8338e+06
5.81383e+06
4.67842e+06
5.99782e+06
7.05123e+06
3.87384e+06
1.52839e+06
2.99615e+06
6.22686e+06
8.47188e+06
9.84736e+06
1.22292e+07
1.07669e+07
5.62469e+06
1.69692e+06
1.85357e+06
3.82756e+06
3.20791e+06
971233
533152
700900
562231
1.5881e+06
2.33931e+06
4.16352e+06
6.49684e+06
6.66999e+06
4.3565e+06
1.56081e+06
1.08494e+06
1.11416e+06
191990
1262
0
0
12
296
8213
98138
627180
1.98153e+06
2.90881e+06
1.6452e+06
257764
11266
272
0
0
0
0
0
0
54
1008
15532
97196
218579
86447
0
0
0
0
0
0
0
0
0
0
0
0
0
0
0
0
0
0
0
0
0
0
0
0
0
0
0
0
0
0
0
0
0
0
0
0
0
0
0
0
0
0
0
0
0
0
0
0
0
0
0
0
0
0
0
0
0
0
0
0
0
0
0
0
0
0
0
0
0
0
0
0
0
0
0
0
0
0
0
0
0
0
0
0
0
0
0
0
0
0
0
0
0
0
0
0
0
0
0
0
0
0
0
0
0
0
0
0
0
0
0
0
0
0
0
0
0
0
0
0
0
0
0
0
0
0
0
0
0
0
0
0
0
0
0
0
0
0
0
0
0
0
0
0
0
0
0
0
0
0
0
0
0
0
0
0
0
0
0
0
0
0
0
0
0
0
0
0
0
0
0
0
0
0
0
0
0
0
0
0
0
0
0
0
0
0
0
0
0
0
0
0
0
0
0
0
0
0
0
0
