1.22061e+06
0
0
0
0
0
0
0
0
0
0
0
0
0
0
0
0
2513
289351
2.06952e+06
3.01113e+06
1.53223e+06
368059
47491
4647
18591
143962
592664
1.19099e+06
1.1124e+06
487961
111744
167441
1.22023e+06
3.88881e+06
5.25639e+06
3.11868e+06
886987
375451
1.30046e+06
2.54391e+06
2.17725e+06
994925
1.07216e+06
3.0309e+06
4.93145e+06
3.87325e+06
1.62914e+06
985174
1.57947e+06
1.64252e+06
1.63631e+06
4.40164e+06
9.18625e+06
9.28252e+06
4.66364e+06
1.75845e+06
1.36964e+06
1.497e+06
2.8772e+06
6.14671e+06
7.44921e+06
5.31669e+06
4.51614e+06
5.22287e+06
4.43472e+06
4.23923e+06
5.28792e+06
4.81868e+06
4.48292e+06
5.65429e+06
7.01711e+06
1.10927e+07
1.50654e+07
1.11594e+07
4.31334e+06
1.77072e+06
4.18103e+06
8.76665e+06
9.63301e+06
6.40173e+06
4.48544e+06
5.72772e+06
9.3083e+06
1.08964e+07
9.43502e+06
9.28158e+06
1.16098e+07
1.55968e+07
1.53196e+07
1.08544e+07
8.67126e+06
9.90544e+06
1.15976e+07
1.02372e+07
8.68343e+06
9.38935e+06
1.11307e+07
9.91434e+06
7.25124e+06
9.68512e+06
1.65896e+07
1.84873e+07
1.46415e+07
1.51077e+07
2.11639e+07
2.34524e+07
1.91979e+07
1.39478e+07
9.50542e+06
6.14932e+06
6.06727e+06
1.27126e+07
1.98991e+07
1.74657e+07
1.32708e+07
1.80417e+07
2.0419e+07
1.86251e+07
1.36692e+07
1.43336e+07
1.58811e+07
1.76049e+07
2.30503e+07
2.05477e+07
1.52973e+07
1.38332e+07
1.40688e+07
1.16465e+07
7.21252e+06
6.86343e+06
9.36122e+06
1.17313e+07
1.6009e+07
1.8789e+07
1.98886e+07
2.0146e+07
1.34294e+07
9.44707e+06
1.1632e+07
1.3611e+07
1.26425e+07
1.14053e+07
8.47568e+06
6.81284e+06
8.73954e+06
1.02945e+07
5.63845e+06
2.2233e+06
4.36683e+06
9.07493e+06
1.23136e+07
1.4364e+07
1.78317e+07
1.5704e+07
8.18902e+06
2.46366e+06
2.69929e+06
5.59209e+06
4.66954e+06
1.41208e+06
774549
1.02387e+06
816997
2.31924e+06
3.40805e+06
6.0688e+06
9.46232e+06
9.72984e+06
6.33562e+06
2.27573e+06
1.58269e+06
1.62721e+06
277956
1787
2
0
12
403
11478
141460
916746
2.89502e+06
4.23444e+06
2.39331e+06
375773
16452
373
0
0
0
0
0
0
61
1478
22441
141846
319342
125136
0
0
0
0
0
0
0
0
0
0
0
0
0
0
0
0
0
0
0
0
0
0
0
0
0
0
0
0
0
0
0
0
0
0
0
0
0
0
0
0
0
0
0
0
0
0
0
0
0
0
0
0
0
0
0
0
0
0
0
0
0
0
0
0
0
0
0
0
0
0
0
0
0
0
0
0
0
0
0
0
0
0
0
0
0
0
0
0
0
0
0
0
0
0
0
0
0
0
0
0
0
0
0
0
0
0
0
0
0
0
0
0
0
0
0
0
0
0
0
0
0
0
0
0
0
0
0
0
0
0
0
0
0
0
0
0
0
0
0
0
0
0
0
0
0
0
0
0
0
0
0
0
0
0
0
0
0
0
0
0
0
0
0
0
0
0
0
0
0
0
0
0
0
0
0
0
0
0
0
0
0
0
0
0
0
0
0
0
0
0
0
0
0
0
0
0
0
0
0
0
