382976
0
0
0
0
0
0
0
0
0
0
0
0
0
0
0
0
810
91600
645922
949067
478328
116015
14978
1595
5704
46051
184290
374429
349280
152916
35257
54726
385532
1.21145e+06
1.65399e+06
972319
281637
120127
405910
803172
679736
311830
336991
943243
1.56272e+06
1.20823e+06
510679
308613
494558
518056
516565
1.3751e+06
2.88591e+06
2.91072e+06
1.45466e+06
555396
435517
471365
899442
1.9222e+06
2.35351e+06
1.65663e+06
1.41059e+06
1.65152e+06
1.38597e+06
1.32311e+06
1.67174e+06
1.50804e+06
1.39796e+06
1.79305e+06
2.20284e+06
3.45733e+06
4.75004e+06
3.47835e+06
1.35412e+06
565740
1.30596e+06
2.75629e+06
3.03311e+06
1.995e+06
1.41258e+06
1.79016e+06
2.91728e+06
3.43603e+06
2.94157e+06
2.93273e+06
3.61777e+06
4.90902e+06
4.81282e+06
3.39018e+06
2.7398e+06
3.08497e+06
3.66002e+06
3.18884e+06
2.74373e+06
2.9362e+06
3.49698e+06
3.11038e+06
2.275e+06
3.03258e+06
5.21444e+06
5.8152e+06
4.5762e+06
4.72281e+06
6.65073e+06
7.37623e+06
6.00588e+06
4.38109e+06
2.98127e+06
1.937e+06
1.90449e+06
3.96648e+06
6.28594e+06
5.45329e+06
4.15375e+06
5.64986e+06
6.43299e+06
5.83378e+06
4.28833e+06
4.51975e+06
4.973e+06
5.50994e+06
7.22486e+06
6.47558e+06
4.78607e+06
4.32655e+06
4.43494e+06
3.6426e+06
2.26313e+06
2.16024e+06
2.9318e+06
3.67762e+06
5.03578e+06
5.89001e+06
6.21892e+06
6.3478e+06
4.22174e+06
2.94434e+06
3.6576e+06
4.27165e+06
3.95193e+06
3.59433e+06
2.65264e+06
2.14099e+06
2.74551e+06
3.21585e+06
1.77329e+06
696386
1.36422e+06
2.8433e+06
3.91094e+06
4.47454e+06
5.58876e+06
4.92623e+06
2.58033e+06
772502
845579
1.74223e+06
1.47744e+06
441043
243031
320865
258718
721334
1.06661e+06
1.89975e+06
2.97774e+06
3.04413e+06
2.00708e+06
707632
492062
510696
89540
596
0
0
3
139
3918
44215
283576
899754
1.33748e+06
755885
116673
5033
106
0
0
0
0
0
0
15
477
6846
43215
99249
41686
0
0
0
0
0
0
0
0
0
0
0
0
0
0
0
0
0
0
0
0
0
0
0
0
0
0
0
0
0
0
0
0
0
0
0
0
0
0
0
0
0
0
0
0
0
0
0
0
0
0
0
0
0
0
0
0
0
0
0
0
0
0
0
0
0
0
0
0
0
0
0
0
0
0
0
0
0
0
0
0
0
0
0
0
0
0
0
0
0
0
0
0
0
0
0
0
0
0
0
0
0
0
0
0
0
0
0
0
0
0
0
0
0
0
0
0
0
0
0
0
0
0
0
0
0
0
0
0
0
0
0
0
0
0
0
0
0
0
0
0
0
0
0
0
0
0
0
0
0
0
0
0
0
0
0
0
0
0
0
0
0
0
0
0
0
0
0
0
0
0
0
0
0
0
0
0
0
0
0
0
0
0
0
0
0
0
0
0
0
0
0
0
0
0
0
0
0
0
0
0
