1.93126e+06
0
0
0
0
0
0
0
0
0
0
0
0
0
0
0
2
3881
456891
3.2762e+06
4.76077e+06
2.42815e+06
582163
74264
7278
29310
226888
938068
1.88525e+06
1.76066e+06
772509
175480
264650
1.92955e+06
6.15707e+06
8.31027e+06
4.94242e+06
1.40104e+06
591231
2.05815e+06
4.02468e+06
3.44697e+06
1.57529e+06
1.69126e+06
4.79986e+06
7.79552e+06
6.13891e+06
2.57317e+06
1.557e+06
2.49843e+06
2.60073e+06
2.58254e+06
6.96263e+06
1.45387e+07
1.47028e+07
7.37853e+06
2.77678e+06
2.16047e+06
2.36285e+06
4.54874e+06
9.73822e+06
1.17844e+07
8.41639e+06
7.14579e+06
8.25148e+06
7.01909e+06
6.70581e+06
8.36961e+06
7.63118e+06
7.09064e+06
8.93798e+06
1.11144e+07
1.7565e+07
2.38054e+07
1.76743e+07
6.82181e+06
2.78944e+06
6.62029e+06
1.38813e+07
1.52383e+07
1.01267e+07
7.08779e+06
9.05713e+06
1.47392e+07
1.7244e+07
1.49488e+07
1.46601e+07
1.83769e+07
2.46687e+07
2.42422e+07
1.71879e+07
1.37076e+07
1.56828e+07
1.83269e+07
1.62092e+07
1.37337e+07
1.48671e+07
1.76025e+07
1.5681e+07
1.14824e+07
1.53214e+07
2.62499e+07
2.92431e+07
2.31831e+07
2.39067e+07
3.34884e+07
3.7077e+07
3.0402e+07
2.20599e+07
1.50385e+07
9.71591e+06
9.60954e+06
2.01473e+07
3.14271e+07
2.76433e+07
2.10237e+07
2.85481e+07
3.22838e+07
2.94766e+07
2.16454e+07
2.26713e+07
2.5137e+07
2.78567e+07
3.64804e+07
3.24763e+07
2.42103e+07
2.19014e+07
2.22345e+07
1.84376e+07
1.14219e+07
1.08573e+07
1.48273e+07
1.85561e+07
2.52984e+07
2.97242e+07
3.14971e+07
3.18621e+07
2.12419e+07
1.49647e+07
1.84036e+07
2.15342e+07
2.00226e+07
1.80231e+07
1.34115e+07
1.07914e+07
1.38179e+07
1.62839e+07
8.91104e+06
3.5204e+06
6.91558e+06
1.43629e+07
1.94723e+07
2.27587e+07
2.82146e+07
2.48309e+07
1.29427e+07
3.90139e+06
4.2822e+06
8.85074e+06
7.37108e+06
2.23517e+06
1.22773e+06
1.61922e+06
1.29107e+06
3.66784e+06
5.38734e+06
9.61096e+06
1.49936e+07
1.54011e+07
9.99824e+06
3.60081e+06
2.5078e+06
2.5684e+06
438472
2876
2
0
13
609
17320
221646
1.44952e+06
4.58173e+06
6.70423e+06
3.78592e+06
594786
25079
515
3
0
0
0
0
0
72
2212
34238
223803
507209
198098
0
0
0
0
0
0
0
0
0
0
0
0
0
0
0
0
0
0
0
0
0
0
0
0
0
0
0
0
0
0
0
0
0
0
0
0
0
0
0
0
0
0
0
0
0
0
0
0
0
0
0
0
0
0
0
0
0
0
0
0
0
0
0
0
0
0
0
0
0
0
0
0
0
0
0
0
0
0
0
0
0
0
0
0
0
0
0
0
0
0
0
0
0
0
0
0
0
0
0
0
0
0
0
0
0
0
0
0
0
0
0
0
0
0
0
0
0
0
0
0
0
0
0
0
0
0
0
0
0
0
0
0
0
0
0
0
0
0
0
0
0
0
0
0
0
0
0
0
0
0
0
0
0
0
0
0
0
0
0
0
0
0
0
0
0
0
0
0
0
0
0
0
0
0
0
0
0
0
0
0
0
0
0
0
0
0
0
0
0
0
0
0
0
0
0
0
0
0
0
0
