587776
0
0
0
0
0
0
0
0
0
0
0
0
0
0
0
0
1231
140113
993585
1.45366e+06
736236
177260
22851
2368
8727
69925
284850
573753
535794
234296
54378
82499
588903
1.8651e+06
2.53789e+06
1.49578e+06
429272
182918
624309
1.2286e+06
1.04564e+06
479038
515918
1.45453e+06
2.38813e+06
1.85856e+06
782893
474716
760307
794176
789977
2.113e+06
4.42571e+06
4.47196e+06
2.23696e+06
849099
665873
722263
1.38088e+06
2.95743e+06
3.59828e+06
2.54998e+06
2.17139e+06
2.52513e+06
2.12839e+06
2.03777e+06
2.55799e+06
2.31808e+06
2.14832e+06
2.74174e+06
3.37895e+06
5.32434e+06
7.26819e+06
5.35572e+06
2.07885e+06
861448
2.00763e+06
4.22647e+06
4.65054e+06
3.07066e+06
2.16336e+06
2.7504e+06
4.48085e+06
5.26287e+06
4.52671e+06
4.48616e+06
5.57152e+06
7.52075e+06
7.38546e+06
5.21307e+06
4.19155e+06
4.75254e+06
5.5983e+06
4.90839e+06
4.20146e+06
4.50979e+06
5.36743e+06
4.7749e+06
3.48835e+06
4.65771e+06
8.00235e+06
8.91486e+06
7.03224e+06
7.26023e+06
1.02029e+07
1.13034e+07
9.22987e+06
6.72346e+06
4.57456e+06
2.96984e+06
2.92257e+06
6.10251e+06
9.61574e+06
8.38699e+06
6.379e+06
8.68405e+06
9.85494e+06
8.96026e+06
6.58201e+06
6.92247e+06
7.64031e+06
8.4639e+06
1.10959e+07
9.91341e+06
7.35474e+06
6.64995e+06
6.79432e+06
5.60174e+06
3.47014e+06
3.3098e+06
4.50517e+06
5.64297e+06
7.71939e+06
9.04922e+06
9.55617e+06
9.72554e+06
6.4711e+06
4.53293e+06
5.60934e+06
6.55784e+06
6.07412e+06
5.50552e+06
4.07477e+06
3.28228e+06
4.21073e+06
4.94554e+06
2.71996e+06
1.06788e+06
2.09546e+06
4.37274e+06
5.96783e+06
6.88939e+06
8.58117e+06
7.56146e+06
3.95381e+06
1.18454e+06
1.29517e+06
2.68431e+06
2.26062e+06
678639
372968
491584
393934
1.11025e+06
1.64033e+06
2.9197e+06
4.56615e+06
4.67685e+06
3.06717e+06
1.0903e+06
757057
784067
136706
927
0
0
12
227
5735
67325
435545
1.38693e+06
2.04852e+06
1.15854e+06
179231
7731
192
0
0
0
0
0
0
30
658
10577
66726
153484
62413
0
0
0
0
0
0
0
0
0
0
0
0
0
0
0
0
0
0
0
0
0
0
0
0
0
0
0
0
0
0
0
0
0
0
0
0
0
0
0
0
0
0
0
0
0
0
0
0
0
0
0
0
0
0
0
0
0
0
0
0
0
0
0
0
0
0
0
0
0
0
0
0
0
0
0
0
0
0
0
0
0
0
0
0
0
0
0
0
0
0
0
0
0
0
0
0
0
0
0
0
0
0
0
0
0
0
0
0
0
0
0
0
0
0
0
0
0
0
0
0
0
0
0
0
0
0
0
0
0
0
0
0
0
0
0
0
0
0
0
0
0
0
0
0
0
0
0
0
0
0
0
0
0
0
0
0
0
0
0
0
0
0
0
0
0
0
0
0
0
0
0
0
0
0
0
0
0
0
0
0
0
0
0
0
0
0
0
0
0
0
0
0
0
0
0
0
0
0
0
0
