1.3312e+06
0
0
0
0
0
0
0
0
0
0
0
0
0
0
0
0
2754
315326
2.25718e+06
3.28363e+06
1.672e+06
401250
51384
5085
20116
156418
646053
1.30067e+06
1.21357e+06
531678
121248
181661
1.3295e+06
4.24306e+06
5.73461e+06
3.40229e+06
965489
407383
1.41828e+06
2.77639e+06
2.37581e+06
1.0828e+06
1.16615e+06
3.30543e+06
5.38397e+06
4.22696e+06
1.77254e+06
1.07242e+06
1.72378e+06
1.79155e+06
1.78039e+06
4.79755e+06
1.00255e+07
1.01318e+07
5.08327e+06
1.9132e+06
1.49214e+06
1.63085e+06
3.13492e+06
6.70826e+06
8.12883e+06
5.79549e+06
4.92416e+06
5.69772e+06
4.8352e+06
4.62074e+06
5.77112e+06
5.25412e+06
4.88762e+06
6.16613e+06
7.6484e+06
1.21011e+07
1.6436e+07
1.21797e+07
4.69686e+06
1.92061e+06
4.55804e+06
9.56832e+06
1.0512e+07
6.97938e+06
4.88533e+06
6.243e+06
1.01556e+07
1.18889e+07
1.02902e+07
1.01151e+07
1.26601e+07
1.70159e+07
1.67147e+07
1.18369e+07
9.44948e+06
1.08017e+07
1.26501e+07
1.11676e+07
9.46553e+06
1.02416e+07
1.21403e+07
1.0819e+07
7.90009e+06
1.05527e+07
1.8102e+07
2.01701e+07
1.59598e+07
1.64689e+07
2.30923e+07
2.55839e+07
2.09407e+07
1.52075e+07
1.03661e+07
6.70013e+06
6.6025e+06
1.3866e+07
2.17174e+07
1.90551e+07
1.4457e+07
1.96759e+07
2.22771e+07
2.03173e+07
1.49003e+07
1.56255e+07
1.73178e+07
1.91932e+07
2.51564e+07
2.24133e+07
1.66831e+07
1.50839e+07
1.5342e+07
1.27016e+07
7.86028e+06
7.47913e+06
1.02128e+07
1.27936e+07
1.74649e+07
2.0495e+07
2.16898e+07
2.19731e+07
1.46489e+07
1.02974e+07
1.2683e+07
1.48469e+07
1.37876e+07
1.24359e+07
9.24786e+06
7.42663e+06
9.53008e+06
1.12387e+07
6.14699e+06
2.41962e+06
4.7607e+06
9.90036e+06
1.34254e+07
1.56607e+07
1.94554e+07
1.71324e+07
8.93017e+06
2.683e+06
2.93857e+06
6.10242e+06
5.09739e+06
1.53724e+06
843533
1.11735e+06
888314
2.52735e+06
3.71858e+06
6.61993e+06
1.03218e+07
1.06143e+07
6.90867e+06
2.47992e+06
1.72581e+06
1.77547e+06
303220
1961
2
0
12
421
12335
153535
997819
3.15702e+06
4.62055e+06
2.61156e+06
409435
17725
390
0
0
0
0
0
0
61
1550
24173
154493
348784
136539
0
0
0
0
0
0
0
0
0
0
0
0
0
0
0
0
0
0
0
0
0
0
0
0
0
0
0
0
0
0
0
0
0
0
0
0
0
0
0
0
0
0
0
0
0
0
0
0
0
0
0
0
0
0
0
0
0
0
0
0
0
0
0
0
0
0
0
0
0
0
0
0
0
0
0
0
0
0
0
0
0
0
0
0
0
0
0
0
0
0
0
0
0
0
0
0
0
0
0
0
0
0
0
0
0
0
0
0
0
0
0
0
0
0
0
0
0
0
0
0
0
0
0
0
0
0
0
0
0
0
0
0
0
0
0
0
0
0
0
0
0
0
0
0
0
0
0
0
0
0
0
0
0
0
0
0
0
0
0
0
0
0
0
0
0
0
0
0
0
0
0
0
0
0
0
0
0
0
0
0
0
0
0
0
0
0
0
0
0
0
0
0
0
0
0
0
0
0
0
0
