602112
0
0
0
0
0
0
0
0
0
0
0
0
0
0
0
0
1244
143555
1.0181e+06
1.48864e+06
754377
181588
23416
2420
8966
71676
291799
587477
548997
240079
55704
84601
603023
1.91113e+06
2.59899e+06
1.53267e+06
439683
187421
639911
1.25794e+06
1.07126e+06
490861
528985
1.49017e+06
2.44524e+06
1.90391e+06
802395
486496
778651
813347
809145
2.16558e+06
4.53297e+06
4.58021e+06
2.29247e+06
870112
681605
739657
1.41535e+06
3.02979e+06
3.6842e+06
2.61293e+06
2.2253e+06
2.5859e+06
2.18049e+06
2.08816e+06
2.61919e+06
2.37483e+06
2.2015e+06
2.80772e+06
3.46136e+06
5.4565e+06
7.44261e+06
5.48692e+06
2.13023e+06
882246
2.05782e+06
4.32874e+06
4.7619e+06
3.14674e+06
2.2166e+06
2.8184e+06
4.59006e+06
5.38922e+06
4.63846e+06
4.59533e+06
5.7089e+06
7.70258e+06
7.56431e+06
5.34172e+06
4.29245e+06
4.86945e+06
5.7347e+06
5.02999e+06
4.30238e+06
4.62051e+06
5.49728e+06
4.89152e+06
3.57412e+06
4.7723e+06
8.19609e+06
9.13008e+06
7.20536e+06
7.43988e+06
1.04499e+07
1.15777e+07
9.45596e+06
6.8879e+06
4.68591e+06
3.0414e+06
2.99458e+06
6.25272e+06
9.84829e+06
8.59281e+06
6.5365e+06
8.8947e+06
1.00948e+07
9.17821e+06
6.74327e+06
7.08915e+06
7.82778e+06
8.67195e+06
1.1365e+07
1.01541e+07
7.53599e+06
6.8122e+06
6.96009e+06
5.73848e+06
3.55436e+06
3.38993e+06
4.61539e+06
5.7814e+06
7.90694e+06
9.26948e+06
9.79045e+06
9.96025e+06
6.62949e+06
4.64433e+06
5.74596e+06
6.71823e+06
6.22241e+06
5.63873e+06
4.17448e+06
3.36308e+06
4.31336e+06
5.06521e+06
2.78716e+06
1.09477e+06
2.1476e+06
4.4788e+06
6.10943e+06
7.05875e+06
8.79143e+06
7.74632e+06
4.04964e+06
1.21381e+06
1.32703e+06
2.74986e+06
2.31522e+06
695354
382425
503382
403406
1.13795e+06
1.68126e+06
2.99113e+06
4.67589e+06
4.79122e+06
3.14095e+06
1.11749e+06
775916
803152
139811
949
0
0
12
232
5873
69153
446714
1.42143e+06
2.09757e+06
1.18618e+06
183730
7912
199
0
0
0
0
0
0
30
681
10872
68536
157255
63682
0
0
0
0
0
0
0
0
0
0
0
0
0
0
0
0
0
0
0
0
0
0
0
0
0
0
0
0
0
0
0
0
0
0
0
0
0
0
0
0
0
0
0
0
0
0
0
0
0
0
0
0
0
0
0
0
0
0
0
0
0
0
0
0
0
0
0
0
0
0
0
0
0
0
0
0
0
0
0
0
0
0
0
0
0
0
0
0
0
0
0
0
0
0
0
0
0
0
0
0
0
0
0
0
0
0
0
0
0
0
0
0
0
0
0
0
0
0
0
0
0
0
0
0
0
0
0
0
0
0
0
0
0
0
0
0
0
0
0
0
0
0
0
0
0
0
0
0
0
0
0
0
0
0
0
0
0
0
0
0
0
0
0
0
0
0
0
0
0
0
0
0
0
0
0
0
0
0
0
0
0
0
0
0
0
0
0
0
0
0
0
0
0
0
0
0
0
0
0
0
