155648
0
0
0
0
0
0
0
0
0
0
0
0
0
0
0
0
401
37652
260373
388532
193132
46832
6408
738
2399
18529
73038
154793
142765
60811
14358
22749
155964
486696
683377
388829
114901
49574
163732
328794
275944
124750
135918
379219
649308
484903
205162
125427
201337
211929
210479
551945
1.1788e+06
1.18593e+06
584235
226233
181971
190154
361962
776025
973394
663164
567492
685853
556414
532105
688793
608317
562664
742694
887555
1.38548e+06
1.96757e+06
1.39682e+06
546368
233195
525485
1.12273e+06
1.24267e+06
798748
581237
720541
1.18404e+06
1.41206e+06
1.17814e+06
1.2062e+06
1.4545e+06
2.00554e+06
1.96195e+06
1.36625e+06
1.1207e+06
1.23728e+06
1.51287e+06
1.28102e+06
1.12382e+06
1.1812e+06
1.43167e+06
1.26413e+06
920268
1.22566e+06
2.12349e+06
2.37699e+06
1.84895e+06
1.91548e+06
2.70139e+06
3.0093e+06
2.42907e+06
1.7874e+06
1.21016e+06
791738
773441
1.58981e+06
2.59659e+06
2.19725e+06
1.6789e+06
2.28443e+06
2.64341e+06
2.35434e+06
1.7412e+06
1.85528e+06
2.01065e+06
2.23609e+06
2.92209e+06
2.65578e+06
1.9384e+06
1.74731e+06
1.82207e+06
1.47129e+06
915726
883386
1.18448e+06
1.48862e+06
2.06971e+06
2.3882e+06
2.51249e+06
2.59353e+06
1.71503e+06
1.18407e+06
1.49857e+06
1.7358e+06
1.59334e+06
1.47271e+06
1.07174e+06
872969
1.11752e+06
1.30029e+06
724789
283107
555093
1.14845e+06
1.61766e+06
1.78873e+06
2.27137e+06
2.00827e+06
1.05369e+06
313388
342820
699987
609465
178368
98038
131038
106545
289104
434447
771788
1.2084e+06
1.23095e+06
829101
283315
199752
207548
37488
276
0
0
3
69
1602
18319
114965
362214
544828
309376
47349
2063
44
0
0
0
0
0
0
7
237
2821
17736
39434
17589
0
0
0
0
0
0
0
0
0
0
0
0
0
0
0
0
0
0
0
0
0
0
0
0
0
0
0
0
0
0
0
0
0
0
0
0
0
0
0
0
0
0
0
0
0
0
0
0
0
0
0
0
0
0
0
0
0
0
0
0
0
0
0
0
0
0
0
0
0
0
0
0
0
0
0
0
0
0
0
0
0
0
0
0
0
0
0
0
0
0
0
0
0
0
0
0
0
0
0
0
0
0
0
0
0
0
0
0
0
0
0
0
0
0
0
0
0
0
0
0
0
0
0
0
0
0
0
0
0
0
0
0
0
0
0
0
0
0
0
0
0
0
0
0
0
0
0
0
0
0
0
0
0
0
0
0
0
0
0
0
0
0
0
0
0
0
0
0
0
0
0
0
0
0
0
0
0
0
0
0
0
0
0
0
0
0
0
0
0
0
0
0
0
0
0
0
0
0
0
0
