1.20422e+06
0
0
0
0
0
0
0
0
0
0
0
0
0
0
0
0
2474
285513
2.04145e+06
2.97081e+06
1.51181e+06
363173
46812
4571
18393
142061
584702
1.17484e+06
1.09755e+06
481336
110334
165187
1.20373e+06
3.83679e+06
5.18591e+06
3.07646e+06
875290
370500
1.28293e+06
2.50964e+06
2.14818e+06
981649
1.05828e+06
2.99025e+06
4.86462e+06
3.82016e+06
1.60811e+06
972375
1.5584e+06
1.62029e+06
1.61444e+06
4.34269e+06
9.06241e+06
9.15736e+06
4.6013e+06
1.73543e+06
1.35126e+06
1.47715e+06
2.8391e+06
6.06391e+06
7.34772e+06
5.24623e+06
4.45525e+06
5.15258e+06
4.37528e+06
4.18262e+06
5.21749e+06
4.7536e+06
4.42319e+06
5.57783e+06
6.92369e+06
1.09442e+07
1.48608e+07
1.10089e+07
4.25714e+06
1.74829e+06
4.12515e+06
8.64727e+06
9.50308e+06
6.31656e+06
4.42535e+06
5.65174e+06
9.18226e+06
1.07501e+07
9.30846e+06
9.15801e+06
1.14547e+07
1.53855e+07
1.51138e+07
1.07087e+07
8.55661e+06
9.77125e+06
1.14419e+07
1.00988e+07
8.56888e+06
9.26295e+06
1.09802e+07
9.78108e+06
7.15485e+06
9.55675e+06
1.63651e+07
1.82382e+07
1.44464e+07
1.49064e+07
2.08771e+07
2.31381e+07
1.8939e+07
1.37614e+07
9.37767e+06
6.06792e+06
5.98795e+06
1.25404e+07
1.96302e+07
1.72307e+07
1.30952e+07
1.77989e+07
2.01433e+07
1.83758e+07
1.34859e+07
1.41425e+07
1.56685e+07
1.73693e+07
2.27389e+07
2.02702e+07
1.50938e+07
1.36472e+07
1.38797e+07
1.14907e+07
7.11608e+06
6.77204e+06
9.2352e+06
1.15742e+07
1.57918e+07
1.85378e+07
1.96232e+07
1.98735e+07
1.32487e+07
9.32152e+06
1.14758e+07
1.34281e+07
1.24727e+07
1.12521e+07
8.36145e+06
6.7226e+06
8.62259e+06
1.01545e+07
5.56302e+06
2.19448e+06
4.30875e+06
8.95271e+06
1.21475e+07
1.41722e+07
1.75921e+07
1.54918e+07
8.07899e+06
2.43149e+06
2.66388e+06
5.51616e+06
4.60682e+06
1.39328e+06
764455
1.0097e+06
806281
2.28848e+06
3.36257e+06
5.98808e+06
9.33411e+06
9.59858e+06
6.25058e+06
2.24524e+06
1.56193e+06
1.60501e+06
274327
1759
2
0
12
399
11348
139889
904757
2.85635e+06
4.17689e+06
2.36094e+06
370788
16273
370
0
0
0
0
0
0
61
1464
22172
140064
314989
123362
0
0
0
0
0
0
0
0
0
0
0
0
0
0
0
0
0
0
0
0
0
0
0
0
0
0
0
0
0
0
0
0
0
0
0
0
0
0
0
0
0
0
0
0
0
0
0
0
0
0
0
0
0
0
0
0
0
0
0
0
0
0
0
0
0
0
0
0
0
0
0
0
0
0
0
0
0
0
0
0
0
0
0
0
0
0
0
0
0
0
0
0
0
0
0
0
0
0
0
0
0
0
0
0
0
0
0
0
0
0
0
0
0
0
0
0
0
0
0
0
0
0
0
0
0
0
0
0
0
0
0
0
0
0
0
0
0
0
0
0
0
0
0
0
0
0
0
0
0
0
0
0
0
0
0
0
0
0
0
0
0
0
0
0
0
0
0
0
0
0
0
0
0
0
0
0
0
0
0
0
0
0
0
0
0
0
0
0
0
0
0
0
0
0
0
0
0
0
0
0
