1.50528e+06
0
0
0
0
0
0
0
0
0
0
0
0
0
0
0
2
3075
356109
2.55333e+06
3.71164e+06
1.89158e+06
454131
57666
5710
22618
176698
731005
1.47069e+06
1.37209e+06
601628
136845
205349
1.50268e+06
4.79763e+06
6.48512e+06
3.84875e+06
1.09129e+06
459414
1.60492e+06
3.13831e+06
2.6867e+06
1.22504e+06
1.31644e+06
3.73854e+06
6.08979e+06
4.78139e+06
2.00219e+06
1.21193e+06
1.94911e+06
2.0276e+06
2.0105e+06
5.41905e+06
1.13428e+07
1.14638e+07
5.74576e+06
2.16098e+06
1.68651e+06
1.84112e+06
3.54358e+06
7.5908e+06
9.19165e+06
6.552e+06
5.56756e+06
6.44503e+06
5.46607e+06
5.22293e+06
6.52699e+06
5.94349e+06
5.52551e+06
6.96934e+06
8.64894e+06
1.3687e+07
1.85855e+07
1.3779e+07
5.30441e+06
2.1664e+06
5.15189e+06
1.08292e+07
1.18895e+07
7.88694e+06
5.51927e+06
7.05565e+06
1.1491e+07
1.3448e+07
1.16366e+07
1.14284e+07
1.4318e+07
1.92441e+07
1.89016e+07
1.3389e+07
1.06791e+07
1.22135e+07
1.43047e+07
1.26312e+07
1.06983e+07
1.15804e+07
1.37342e+07
1.22328e+07
8.93165e+06
1.19234e+07
2.04707e+07
2.2816e+07
1.80505e+07
1.86121e+07
2.61132e+07
2.89367e+07
2.36839e+07
1.71964e+07
1.17186e+07
7.56925e+06
7.45701e+06
1.56876e+07
2.45581e+07
2.15544e+07
1.63356e+07
2.22502e+07
2.51962e+07
2.29717e+07
1.68502e+07
1.76682e+07
1.95866e+07
2.16946e+07
2.84535e+07
2.53457e+07
1.88612e+07
1.70576e+07
1.73487e+07
1.4364e+07
8.88384e+06
8.45412e+06
1.15496e+07
1.44634e+07
1.97478e+07
2.31734e+07
2.45316e+07
2.48551e+07
1.65613e+07
1.16365e+07
1.43455e+07
1.67948e+07
1.55891e+07
1.40604e+07
1.04537e+07
8.39784e+06
1.07744e+07
1.2717e+07
6.94646e+06
2.73032e+06
5.38167e+06
1.11991e+07
1.51826e+07
1.77057e+07
2.20003e+07
1.93834e+07
1.00963e+07
3.02591e+06
3.31954e+06
6.90605e+06
5.76538e+06
1.73706e+06
953320
1.263e+06
1.0024e+06
2.85555e+06
4.20114e+06
7.4905e+06
1.16776e+07
1.20065e+07
7.8093e+06
2.80053e+06
1.95038e+06
2.00902e+06
342509
2213
2
0
12
459
13694
172429
1.12502e+06
3.56986e+06
5.23058e+06
2.95377e+06
461642
19651
413
0
0
0
0
0
0
63
1741
26915
173873
395179
154869
0
0
0
0
0
0
0
0
0
0
0
0
0
0
0
0
0
0
0
0
0
0
0
0
0
0
0
0
0
0
0
0
0
0
0
0
0
0
0
0
0
0
0
0
0
0
0
0
0
0
0
0
0
0
0
0
0
0
0
0
0
0
0
0
0
0
0
0
0
0
0
0
0
0
0
0
0
0
0
0
0
0
0
0
0
0
0
0
0
0
0
0
0
0
0
0
0
0
0
0
0
0
0
0
0
0
0
0
0
0
0
0
0
0
0
0
0
0
0
0
0
0
0
0
0
0
0
0
0
0
0
0
0
0
0
0
0
0
0
0
0
0
0
0
0
0
0
0
0
0
0
0
0
0
0
0
0
0
0
0
0
0
0
0
0
0
0
0
0
0
0
0
0
0
0
0
0
0
0
0
0
0
0
0
0
0
0
0
0
0
0
0
0
0
0
0
0
0
0
0
