1.77971e+06
0
0
0
0
0
0
0
0
0
0
0
0
0
0
0
2
3583
421291
3.0188e+06
4.38748e+06
2.2374e+06
536577
68289
6605
26743
208987
865175
1.73709e+06
1.62261e+06
711960
161577
242894
1.77766e+06
5.67486e+06
7.66099e+06
4.55273e+06
1.29083e+06
544123
1.89609e+06
3.7102e+06
3.17659e+06
1.44984e+06
1.55716e+06
4.42407e+06
7.18847e+06
5.65642e+06
2.3706e+06
1.4334e+06
2.30337e+06
2.39514e+06
2.37805e+06
6.41284e+06
1.34046e+07
1.35518e+07
6.79674e+06
2.55732e+06
1.99104e+06
2.17676e+06
4.19011e+06
8.97543e+06
1.08648e+07
7.75163e+06
6.58265e+06
7.61019e+06
6.46627e+06
6.18087e+06
7.7117e+06
7.028e+06
6.53432e+06
8.23727e+06
1.02384e+07
1.61837e+07
2.19539e+07
1.62896e+07
6.28017e+06
2.56311e+06
6.09668e+06
1.27981e+07
1.4051e+07
9.32885e+06
6.52682e+06
8.34635e+06
1.35829e+07
1.58926e+07
1.3771e+07
1.35075e+07
1.69292e+07
2.27466e+07
2.23459e+07
1.58351e+07
1.26259e+07
1.44459e+07
1.69004e+07
1.49383e+07
1.26513e+07
1.36958e+07
1.62288e+07
1.4459e+07
1.05681e+07
1.41087e+07
2.4196e+07
2.69592e+07
2.13533e+07
2.20224e+07
3.08694e+07
3.41862e+07
2.80104e+07
2.03317e+07
1.38531e+07
8.947e+06
8.84014e+06
1.85605e+07
2.89918e+07
2.54795e+07
1.93508e+07
2.63031e+07
2.9766e+07
2.71662e+07
1.99355e+07
2.0887e+07
2.31604e+07
2.56637e+07
3.36322e+07
2.99449e+07
2.23058e+07
2.01773e+07
2.04942e+07
1.69878e+07
1.05147e+07
1.00001e+07
1.36644e+07
1.71005e+07
2.33233e+07
2.7396e+07
2.90167e+07
2.9374e+07
1.95789e+07
1.37741e+07
1.6958e+07
1.98497e+07
1.84465e+07
1.66156e+07
1.23588e+07
9.93836e+06
1.27344e+07
1.502e+07
8.21145e+06
3.23768e+06
6.36869e+06
1.32364e+07
1.79396e+07
2.09622e+07
2.60082e+07
2.28976e+07
1.19303e+07
3.58666e+06
3.9372e+06
8.16037e+06
6.80378e+06
2.05593e+06
1.12972e+06
1.49231e+06
1.18792e+06
3.37912e+06
4.9647e+06
8.85594e+06
1.3814e+07
1.41936e+07
9.22316e+06
3.3139e+06
2.3096e+06
2.36989e+06
403956
2606
2
0
13
550
16053
203871
1.3339e+06
4.2209e+06
6.18215e+06
3.48882e+06
547898
22785
465
3
0
0
0
0
0
72
2017
31578
206136
467421
182632
0
0
0
0
0
0
0
0
0
0
0
0
0
0
0
0
0
0
0
0
0
0
0
0
0
0
0
0
0
0
0
0
0
0
0
0
0
0
0
0
0
0
0
0
0
0
0
0
0
0
0
0
0
0
0
0
0
0
0
0
0
0
0
0
0
0
0
0
0
0
0
0
0
0
0
0
0
0
0
0
0
0
0
0
0
0
0
0
0
0
0
0
0
0
0
0
0
0
0
0
0
0
0
0
0
0
0
0
0
0
0
0
0
0
0
0
0
0
0
0
0
0
0
0
0
0
0
0
0
0
0
0
0
0
0
0
0
0
0
0
0
0
0
0
0
0
0
0
0
0
0
0
0
0
0
0
0
0
0
0
0
0
0
0
0
0
0
0
0
0
0
0
0
0
0
0
0
0
0
0
0
0
0
0
0
0
0
0
0
0
0
0
0
0
0
0
0
0
0
0
