1.20218e+06
0
0
0
0
0
0
0
0
0
0
0
0
0
0
0
0
2470
285045
2.038e+06
2.96572e+06
1.50923e+06
362561
46737
4562
18368
141826
583677
1.17281e+06
1.09577e+06
480473
110152
164914
1.20172e+06
3.83016e+06
5.17711e+06
3.07126e+06
873802
369892
1.28069e+06
2.50544e+06
2.14443e+06
980091
1.05646e+06
2.98519e+06
4.85634e+06
3.81348e+06
1.60548e+06
970803
1.55569e+06
1.61759e+06
1.61163e+06
4.33534e+06
9.04699e+06
9.1417e+06
4.59353e+06
1.73246e+06
1.349e+06
1.4747e+06
2.83426e+06
6.0535e+06
7.33515e+06
5.23736e+06
4.44768e+06
5.14383e+06
4.36785e+06
4.17547e+06
5.20864e+06
4.74558e+06
4.41564e+06
5.56837e+06
6.91196e+06
1.09255e+07
1.48353e+07
1.09901e+07
4.25007e+06
1.7455e+06
4.11813e+06
8.63233e+06
9.48687e+06
6.30592e+06
4.41793e+06
5.64218e+06
9.16635e+06
1.07319e+07
9.29278e+06
9.14242e+06
1.14352e+07
1.53592e+07
1.5088e+07
1.06905e+07
8.54231e+06
9.75443e+06
1.14225e+07
1.00815e+07
8.55444e+06
9.24718e+06
1.09614e+07
9.76453e+06
7.14278e+06
9.54064e+06
1.63371e+07
1.82071e+07
1.4422e+07
1.4881e+07
2.08414e+07
2.30989e+07
1.89066e+07
1.37382e+07
9.36163e+06
6.05769e+06
5.97798e+06
1.2519e+07
1.95965e+07
1.72013e+07
1.30733e+07
1.77686e+07
2.0109e+07
1.83445e+07
1.3463e+07
1.41187e+07
1.56418e+07
1.73397e+07
2.27001e+07
2.02355e+07
1.50684e+07
1.3624e+07
1.3856e+07
1.14713e+07
7.10398e+06
6.76059e+06
9.21934e+06
1.15545e+07
1.57648e+07
1.85064e+07
1.95899e+07
1.98394e+07
1.32263e+07
9.30577e+06
1.14563e+07
1.34053e+07
1.24513e+07
1.12329e+07
8.34738e+06
6.71112e+06
8.60809e+06
1.0137e+07
5.55356e+06
2.19092e+06
4.30144e+06
8.93751e+06
1.21268e+07
1.4148e+07
1.75622e+07
1.54653e+07
8.06525e+06
2.42749e+06
2.65937e+06
5.50668e+06
4.59898e+06
1.39094e+06
763189
1.00796e+06
804909
2.28462e+06
3.35697e+06
5.97782e+06
9.31815e+06
9.58223e+06
6.23999e+06
2.24143e+06
1.55933e+06
1.6022e+06
273881
1756
2
0
12
399
11334
139682
903263
2.8515e+06
4.16974e+06
2.35688e+06
370154
16251
369
0
0
0
0
0
0
61
1463
22144
139840
314447
123133
0
0
0
0
0
0
0
0
0
0
0
0
0
0
0
0
0
0
0
0
0
0
0
0
0
0
0
0
0
0
0
0
0
0
0
0
0
0
0
0
0
0
0
0
0
0
0
0
0
0
0
0
0
0
0
0
0
0
0
0
0
0
0
0
0
0
0
0
0
0
0
0
0
0
0
0
0
0
0
0
0
0
0
0
0
0
0
0
0
0
0
0
0
0
0
0
0
0
0
0
0
0
0
0
0
0
0
0
0
0
0
0
0
0
0
0
0
0
0
0
0
0
0
0
0
0
0
0
0
0
0
0
0
0
0
0
0
0
0
0
0
0
0
0
0
0
0
0
0
0
0
0
0
0
0
0
0
0
0
0
0
0
0
0
0
0
0
0
0
0
0
0
0
0
0
0
0
0
0
0
0
0
0
0
0
0
0
0
0
0
0
0
0
0
0
0
0
0
0
0
