1.47046e+06
0
0
0
0
0
0
0
0
0
0
0
0
0
0
0
0
3004
348152
2.49368e+06
3.62629e+06
1.84784e+06
443435
56345
5578
22082
172707
713798
1.43676e+06
1.34063e+06
587576
133654
200528
1.46772e+06
4.68632e+06
6.33621e+06
3.75978e+06
1.06568e+06
448487
1.56786e+06
3.06592e+06
2.62447e+06
1.19677e+06
1.28581e+06
3.65137e+06
5.9499e+06
4.67102e+06
1.95573e+06
1.18345e+06
1.90454e+06
1.98033e+06
1.96382e+06
5.29339e+06
1.10808e+07
1.11995e+07
5.6133e+06
2.11008e+06
1.64683e+06
1.79929e+06
3.46095e+06
7.41382e+06
8.98104e+06
6.40118e+06
5.43783e+06
6.29562e+06
5.34067e+06
5.10165e+06
6.37624e+06
5.80541e+06
5.39806e+06
6.80803e+06
8.44776e+06
1.33677e+07
1.81612e+07
1.34607e+07
5.1808e+06
2.11466e+06
5.03291e+06
1.05771e+07
1.16171e+07
7.70469e+06
5.39074e+06
6.89221e+06
1.12247e+07
1.31368e+07
1.13683e+07
1.1164e+07
1.39866e+07
1.87997e+07
1.84656e+07
1.30785e+07
1.04309e+07
1.19282e+07
1.39789e+07
1.23389e+07
1.04505e+07
1.13108e+07
1.34165e+07
1.1952e+07
8.72304e+06
1.16464e+07
1.99978e+07
2.22916e+07
1.76295e+07
1.8181e+07
2.55115e+07
2.82686e+07
2.31365e+07
1.67985e+07
1.14473e+07
7.3938e+06
7.28178e+06
1.53206e+07
2.3996e+07
2.10589e+07
1.59534e+07
2.17363e+07
2.46133e+07
2.24426e+07
1.64571e+07
1.72607e+07
1.91315e+07
2.11891e+07
2.78002e+07
2.47632e+07
1.84241e+07
1.66612e+07
1.69483e+07
1.40323e+07
8.67697e+06
8.25566e+06
1.12818e+07
1.41288e+07
1.92939e+07
2.26406e+07
2.39607e+07
2.42815e+07
1.61804e+07
1.1364e+07
1.40139e+07
1.6408e+07
1.52248e+07
1.37355e+07
1.02145e+07
8.20143e+06
1.0526e+07
1.24248e+07
6.78752e+06
2.66494e+06
5.25745e+06
1.09392e+07
1.48302e+07
1.72938e+07
2.14944e+07
1.89363e+07
9.86363e+06
2.95543e+06
3.24136e+06
6.74645e+06
5.63371e+06
1.69652e+06
930849
1.23397e+06
978331
2.78962e+06
4.10518e+06
7.31666e+06
1.1407e+07
1.17283e+07
7.62966e+06
2.73627e+06
1.90489e+06
1.96304e+06
334646
2152
2
0
12
441
13388
168306
1.09877e+06
3.4876e+06
5.10935e+06
2.88549e+06
451169
19243
403
0
0
0
0
0
0
61
1681
26319
170060
385929
151182
0
0
0
0
0
0
0
0
0
0
0
0
0
0
0
0
0
0
0
0
0
0
0
0
0
0
0
0
0
0
0
0
0
0
0
0
0
0
0
0
0
0
0
0
0
0
0
0
0
0
0
0
0
0
0
0
0
0
0
0
0
0
0
0
0
0
0
0
0
0
0
0
0
0
0
0
0
0
0
0
0
0
0
0
0
0
0
0
0
0
0
0
0
0
0
0
0
0
0
0
0
0
0
0
0
0
0
0
0
0
0
0
0
0
0
0
0
0
0
0
0
0
0
0
0
0
0
0
0
0
0
0
0
0
0
0
0
0
0
0
0
0
0
0
0
0
0
0
0
0
0
0
0
0
0
0
0
0
0
0
0
0
0
0
0
0
0
0
0
0
0
0
0
0
0
0
0
0
0
0
0
0
0
0
0
0
0
0
0
0
0
0
0
0
0
0
0
0
0
0
