1.04038e+06
0
0
0
0
0
0
0
0
0
0
0
0
0
0
0
0
2153
246757
1.76365e+06
2.5666e+06
1.3056e+06
314007
40695
3971
16034
123581
504348
1.01443e+06
947734
416343
95574
144120
1.04041e+06
3.31279e+06
4.48064e+06
2.65524e+06
757902
321533
1.10826e+06
2.16909e+06
1.85353e+06
849418
916631
2.58222e+06
4.2015e+06
3.29665e+06
1.39132e+06
842863
1.34515e+06
1.39958e+06
1.39905e+06
3.75503e+06
7.82344e+06
7.90241e+06
3.97742e+06
1.50344e+06
1.17013e+06
1.27725e+06
2.45604e+06
5.23326e+06
6.34523e+06
4.53406e+06
3.85092e+06
4.44962e+06
3.78132e+06
3.61399e+06
4.50644e+06
4.10872e+06
3.82061e+06
4.82253e+06
5.98852e+06
9.44804e+06
1.28299e+07
9.50159e+06
3.68902e+06
1.51796e+06
3.5662e+06
7.46518e+06
8.20698e+06
5.45775e+06
3.82764e+06
4.88629e+06
7.92419e+06
9.28888e+06
8.04277e+06
7.91833e+06
9.89317e+06
1.32902e+07
1.30524e+07
9.25342e+06
7.40022e+06
8.43738e+06
9.88414e+06
8.71996e+06
7.4105e+06
8.00396e+06
9.4805e+06
8.44753e+06
6.18978e+06
8.26223e+06
1.41321e+07
1.57538e+07
1.24809e+07
1.2884e+07
1.80338e+07
1.99837e+07
1.63588e+07
1.18939e+07
8.09898e+06
5.25026e+06
5.1854e+06
1.08289e+07
1.69516e+07
1.48772e+07
1.13251e+07
1.53741e+07
1.74028e+07
1.58743e+07
1.16531e+07
1.22259e+07
1.35336e+07
1.50115e+07
1.96379e+07
1.75049e+07
1.30442e+07
1.17867e+07
1.19968e+07
9.9233e+06
6.15491e+06
5.85391e+06
7.97858e+06
9.99981e+06
1.36384e+07
1.60111e+07
1.69525e+07
1.71673e+07
1.14555e+07
8.05349e+06
9.91401e+06
1.15963e+07
1.07762e+07
9.72315e+06
7.22392e+06
5.81043e+06
7.4498e+06
8.76241e+06
4.81006e+06
1.89955e+06
3.72311e+06
7.73205e+06
1.05075e+07
1.22437e+07
1.51891e+07
1.33735e+07
6.98422e+06
2.10698e+06
2.30542e+06
4.75773e+06
3.97889e+06
1.20662e+06
661889
870928
699669
1.97668e+06
2.90495e+06
5.17257e+06
8.06506e+06
8.28617e+06
5.40451e+06
1.9403e+06
1.35071e+06
1.38331e+06
237327
1554
0
0
12
365
10160
122118
782534
2.46559e+06
3.60848e+06
2.03942e+06
320291
14159
338
0
0
0
0
0
0
59
1315
19411
121028
271986
106393
0
0
0
0
0
0
0
0
0
0
0
0
0
0
0
0
0
0
0
0
0
0
0
0
0
0
0
0
0
0
0
0
0
0
0
0
0
0
0
0
0
0
0
0
0
0
0
0
0
0
0
0
0
0
0
0
0
0
0
0
0
0
0
0
0
0
0
0
0
0
0
0
0
0
0
0
0
0
0
0
0
0
0
0
0
0
0
0
0
0
0
0
0
0
0
0
0
0
0
0
0
0
0
0
0
0
0
0
0
0
0
0
0
0
0
0
0
0
0
0
0
0
0
0
0
0
0
0
0
0
0
0
0
0
0
0
0
0
0
0
0
0
0
0
0
0
0
0
0
0
0
0
0
0
0
0
0
0
0
0
0
0
0
0
0
0
0
0
0
0
0
0
0
0
0
0
0
0
0
0
0
0
0
0
0
0
0
0
0
0
0
0
0
0
0
0
0
0
0
0
