1.6425e+06
0
0
0
0
0
0
0
0
0
0
0
0
0
0
0
2
3335
388738
2.78601e+06
4.04932e+06
2.06472e+06
495248
63126
6135
24731
193231
798525
1.60287e+06
1.49663e+06
657285
149682
224648
1.64095e+06
5.23578e+06
7.07037e+06
4.20163e+06
1.19152e+06
502783
1.75056e+06
3.42286e+06
2.93167e+06
1.33855e+06
1.43822e+06
4.07979e+06
6.6378e+06
5.21874e+06
2.18727e+06
1.32373e+06
2.12546e+06
2.21104e+06
2.19652e+06
5.91654e+06
1.23698e+07
1.25069e+07
6.27183e+06
2.36105e+06
1.83916e+06
2.00899e+06
3.86764e+06
8.28245e+06
1.00273e+07
7.15178e+06
6.07451e+06
7.02836e+06
5.96784e+06
5.70151e+06
7.1181e+06
6.48476e+06
6.03024e+06
7.60448e+06
9.44679e+06
1.4933e+07
2.02662e+07
1.50317e+07
5.79565e+06
2.3676e+06
5.62647e+06
1.18108e+07
1.2966e+07
8.60983e+06
6.0264e+06
7.7021e+06
1.25349e+07
1.46679e+07
1.27054e+07
1.24688e+07
1.56267e+07
2.09907e+07
2.06208e+07
1.4616e+07
1.16514e+07
1.33288e+07
1.56035e+07
1.37869e+07
1.16737e+07
1.26392e+07
1.49802e+07
1.33444e+07
9.75351e+06
1.30198e+07
2.23274e+07
2.4882e+07
1.97081e+07
2.03224e+07
2.84875e+07
3.15541e+07
2.58487e+07
1.8768e+07
1.27848e+07
8.25742e+06
8.15358e+06
1.71268e+07
2.67675e+07
2.35172e+07
1.78515e+07
2.42787e+07
2.7472e+07
2.50657e+07
1.83961e+07
1.92814e+07
2.13767e+07
2.36814e+07
3.10343e+07
2.76417e+07
2.05847e+07
1.8619e+07
1.89241e+07
1.56736e+07
9.69975e+06
9.23206e+06
1.26077e+07
1.57809e+07
2.153e+07
2.5283e+07
2.67768e+07
2.71132e+07
1.80717e+07
1.27061e+07
1.56497e+07
1.83259e+07
1.70178e+07
1.53383e+07
1.14031e+07
9.16905e+06
1.17565e+07
1.38655e+07
7.57798e+06
2.98548e+06
5.87633e+06
1.22161e+07
1.65629e+07
1.93345e+07
2.40009e+07
2.11412e+07
1.10128e+07
3.30651e+06
3.6299e+06
7.53121e+06
6.28558e+06
1.89654e+06
1.04245e+06
1.37677e+06
1.09591e+06
3.11807e+06
4.5825e+06
8.17368e+06
1.27427e+07
1.30997e+07
8.51742e+06
3.05705e+06
2.1305e+06
2.18899e+06
373347
2422
2
0
12
498
14913
188379
1.23032e+06
3.89616e+06
5.7049e+06
3.22037e+06
505162
21307
434
3
0
0
0
0
0
63
1879
29386
189820
431517
168583
0
0
0
0
0
0
0
0
0
0
0
0
0
0
0
0
0
0
0
0
0
0
0
0
0
0
0
0
0
0
0
0
0
0
0
0
0
0
0
0
0
0
0
0
0
0
0
0
0
0
0
0
0
0
0
0
0
0
0
0
0
0
0
0
0
0
0
0
0
0
0
0
0
0
0
0
0
0
0
0
0
0
0
0
0
0
0
0
0
0
0
0
0
0
0
0
0
0
0
0
0
0
0
0
0
0
0
0
0
0
0
0
0
0
0
0
0
0
0
0
0
0
0
0
0
0
0
0
0
0
0
0
0
0
0
0
0
0
0
0
0
0
0
0
0
0
0
0
0
0
0
0
0
0
0
0
0
0
0
0
0
0
0
0
0
0
0
0
0
0
0
0
0
0
0
0
0
0
0
0
0
0
0
0
0
0
0
0
0
0
0
0
0
0
0
0
0
0
0
0
