1.39469e+06
0
0
0
0
0
0
0
0
0
0
0
0
0
0
0
0
2884
330381
2.36457e+06
3.44025e+06
1.75224e+06
420332
53627
5324
21022
163797
676588
1.36312e+06
1.27175e+06
556933
126950
190287
1.39186e+06
4.44517e+06
6.00952e+06
3.56557e+06
1.011e+06
426023
1.48609e+06
2.90808e+06
2.49026e+06
1.13448e+06
1.21926e+06
3.46279e+06
5.64394e+06
4.4305e+06
1.8551e+06
1.12227e+06
1.8062e+06
1.8781e+06
1.86337e+06
5.022e+06
1.05077e+07
1.06216e+07
5.32423e+06
2.00073e+06
1.56335e+06
1.70811e+06
3.28084e+06
7.03098e+06
8.52095e+06
6.06889e+06
5.1574e+06
5.97315e+06
5.06522e+06
4.83766e+06
6.04845e+06
5.50529e+06
5.11938e+06
6.46028e+06
8.01008e+06
1.2676e+07
1.72293e+07
1.2766e+07
4.9138e+06
2.00688e+06
4.77241e+06
1.00306e+07
1.10193e+07
7.30899e+06
5.11408e+06
6.53576e+06
1.06463e+07
1.24594e+07
1.07805e+07
1.05912e+07
1.32626e+07
1.78317e+07
1.75176e+07
1.24008e+07
9.8948e+06
1.13158e+07
1.32585e+07
1.17001e+07
9.9119e+06
1.0728e+07
1.27272e+07
1.13367e+07
8.2717e+06
1.10451e+07
1.89709e+07
2.11439e+07
1.6716e+07
1.72423e+07
2.41987e+07
2.68169e+07
2.19416e+07
1.59308e+07
1.08579e+07
7.01595e+06
6.90531e+06
1.45283e+07
2.27651e+07
1.997e+07
1.51277e+07
2.06183e+07
2.33463e+07
2.1287e+07
1.56076e+07
1.63692e+07
1.81423e+07
2.00985e+07
2.63682e+07
2.34906e+07
1.74755e+07
1.58014e+07
1.60764e+07
1.33062e+07
8.22992e+06
7.83033e+06
1.07013e+07
1.34031e+07
1.83012e+07
2.14726e+07
2.27242e+07
2.30299e+07
1.53471e+07
1.07807e+07
1.32887e+07
1.55598e+07
1.44407e+07
1.30304e+07
9.68985e+06
7.77635e+06
9.9846e+06
1.17838e+07
6.43826e+06
2.52947e+06
4.98484e+06
1.03758e+07
1.40653e+07
1.6404e+07
2.03858e+07
1.79578e+07
9.3573e+06
2.80453e+06
3.07414e+06
6.39727e+06
5.34462e+06
1.60874e+06
883182
1.1705e+06
928337
2.64626e+06
3.89408e+06
6.93793e+06
1.08161e+07
1.11254e+07
7.23756e+06
2.59566e+06
1.80714e+06
1.86159e+06
317733
2046
2
0
12
427
12727
159877
1.04259e+06
3.30765e+06
4.84465e+06
2.73729e+06
428159
18414
399
0
0
0
0
0
0
61
1622
25112
161375
365871
143303
0
0
0
0
0
0
0
0
0
0
0
0
0
0
0
0
0
0
0
0
0
0
0
0
0
0
0
0
0
0
0
0
0
0
0
0
0
0
0
0
0
0
0
0
0
0
0
0
0
0
0
0
0
0
0
0
0
0
0
0
0
0
0
0
0
0
0
0
0
0
0
0
0
0
0
0
0
0
0
0
0
0
0
0
0
0
0
0
0
0
0
0
0
0
0
0
0
0
0
0
0
0
0
0
0
0
0
0
0
0
0
0
0
0
0
0
0
0
0
0
0
0
0
0
0
0
0
0
0
0
0
0
0
0
0
0
0
0
0
0
0
0
0
0
0
0
0
0
0
0
0
0
0
0
0
0
0
0
0
0
0
0
0
0
0
0
0
0
0
0
0
0
0
0
0
0
0
0
0
0
0
0
0
0
0
0
0
0
0
0
0
0
0
0
0
0
0
0
0
0
