1.6896e+06
0
0
0
0
0
0
0
0
0
0
0
0
0
0
0
2
3435
399873
2.86604e+06
4.16543e+06
2.12358e+06
509696
64928
6301
25483
198857
821371
1.64872e+06
1.53956e+06
676151
153975
231093
1.68803e+06
5.387e+06
7.27155e+06
4.32186e+06
1.22654e+06
517145
1.80112e+06
3.52094e+06
3.0152e+06
1.37719e+06
1.48024e+06
4.19809e+06
6.82448e+06
5.36831e+06
2.25145e+06
1.362e+06
2.18636e+06
2.27404e+06
2.2599e+06
6.08909e+06
1.27223e+07
1.28626e+07
6.45368e+06
2.42979e+06
1.89054e+06
2.06724e+06
3.9802e+06
8.52002e+06
1.03119e+07
7.35809e+06
6.25045e+06
7.22638e+06
6.13869e+06
5.86761e+06
7.32166e+06
6.67081e+06
6.20423e+06
7.82231e+06
9.71962e+06
1.5364e+07
2.08396e+07
1.54597e+07
5.9659e+06
2.43861e+06
5.79013e+06
1.2147e+07
1.33335e+07
8.85767e+06
6.20103e+06
7.92566e+06
1.2893e+07
1.50857e+07
1.3072e+07
1.28277e+07
1.60756e+07
2.15905e+07
2.12094e+07
1.50348e+07
1.19879e+07
1.37148e+07
1.60457e+07
1.41817e+07
1.20128e+07
1.30018e+07
1.54062e+07
1.37245e+07
1.0037e+07
1.33998e+07
2.29661e+07
2.55865e+07
2.02771e+07
2.09122e+07
2.93014e+07
3.2453e+07
2.65895e+07
1.93058e+07
1.31516e+07
8.49612e+06
8.39492e+06
1.76217e+07
2.75229e+07
2.41872e+07
1.83746e+07
2.49743e+07
2.82551e+07
2.57855e+07
1.89251e+07
1.98355e+07
2.19908e+07
2.4366e+07
3.19218e+07
2.8427e+07
2.11749e+07
1.91559e+07
1.94627e+07
1.61234e+07
9.98342e+06
9.49813e+06
1.29706e+07
1.62355e+07
2.21416e+07
2.60048e+07
2.75482e+07
2.78886e+07
1.85868e+07
1.3077e+07
1.60972e+07
1.88483e+07
1.75114e+07
1.57761e+07
1.17308e+07
9.43429e+06
1.2091e+07
1.42582e+07
7.79663e+06
3.07312e+06
6.04641e+06
1.25652e+07
1.70366e+07
1.98971e+07
2.46873e+07
2.17405e+07
1.1328e+07
3.40443e+06
3.73706e+06
7.74529e+06
6.46245e+06
1.95165e+06
1.07277e+06
1.41634e+06
1.12867e+06
3.20731e+06
4.71308e+06
8.40745e+06
1.31116e+07
1.34743e+07
8.75942e+06
3.14565e+06
2.19208e+06
2.25042e+06
383881
2486
2
0
12
506
15299
193846
1.26636e+06
4.00667e+06
5.86896e+06
3.3128e+06
519708
21796
440
3
0
0
0
0
0
67
1927
30145
195432
443755
173474
0
0
0
0
0
0
0
0
0
0
0
0
0
0
0
0
0
0
0
0
0
0
0
0
0
0
0
0
0
0
0
0
0
0
0
0
0
0
0
0
0
0
0
0
0
0
0
0
0
0
0
0
0
0
0
0
0
0
0
0
0
0
0
0
0
0
0
0
0
0
0
0
0
0
0
0
0
0
0
0
0
0
0
0
0
0
0
0
0
0
0
0
0
0
0
0
0
0
0
0
0
0
0
0
0
0
0
0
0
0
0
0
0
0
0
0
0
0
0
0
0
0
0
0
0
0
0
0
0
0
0
0
0
0
0
0
0
0
0
0
0
0
0
0
0
0
0
0
0
0
0
0
0
0
0
0
0
0
0
0
0
0
0
0
0
0
0
0
0
0
0
0
0
0
0
0
0
0
0
0
0
0
0
0
0
0
0
0
0
0
0
0
0
0
0
0
0
0
0
0
