874496
0
0
0
0
0
0
0
0
0
0
0
0
0
0
0
0
1821
207574
1.48164e+06
2.15877e+06
1.09673e+06
263576
34424
3387
13302
104031
423406
853847
796206
349554
80608
121479
873823
2.78342e+06
3.76981e+06
2.22864e+06
637605
270924
931060
1.82443e+06
1.557e+06
713248
770719
2.16984e+06
3.53616e+06
2.7675e+06
1.16881e+06
708548
1.13154e+06
1.17782e+06
1.17566e+06
3.15362e+06
6.57942e+06
6.64174e+06
3.3386e+06
1.26546e+06
985645
1.07399e+06
2.06353e+06
4.39869e+06
5.33669e+06
3.80606e+06
3.23691e+06
3.7449e+06
3.17271e+06
3.03801e+06
3.79223e+06
3.45232e+06
3.20955e+06
4.05911e+06
5.03232e+06
7.93638e+06
1.079e+07
7.97976e+06
3.09986e+06
1.28003e+06
2.99549e+06
6.27855e+06
6.90151e+06
4.5817e+06
3.22058e+06
4.10478e+06
6.66145e+06
7.81081e+06
6.75258e+06
6.66305e+06
8.30886e+06
1.11748e+07
1.09727e+07
7.77306e+06
6.22732e+06
7.08805e+06
8.31026e+06
7.32326e+06
6.23567e+06
6.72618e+06
7.97054e+06
7.09878e+06
5.20036e+06
6.94292e+06
1.1885e+07
1.32483e+07
1.04812e+07
1.08242e+07
1.51642e+07
1.68028e+07
1.37424e+07
9.99931e+06
6.80767e+06
4.41618e+06
4.35799e+06
9.09867e+06
1.42569e+07
1.24956e+07
9.51576e+06
1.2925e+07
1.46328e+07
1.33427e+07
9.79532e+06
1.02781e+07
1.13755e+07
1.26114e+07
1.65096e+07
1.47201e+07
1.09586e+07
9.90328e+06
1.00923e+07
8.33876e+06
5.17198e+06
4.92406e+06
6.70507e+06
8.40186e+06
1.14692e+07
1.3462e+07
1.4238e+07
1.44348e+07
9.63143e+06
6.76613e+06
8.3339e+06
9.74877e+06
9.05444e+06
8.17661e+06
6.07123e+06
4.88471e+06
6.26135e+06
7.36076e+06
4.04603e+06
1.59632e+06
3.12905e+06
6.50066e+06
8.83925e+06
1.02847e+07
1.27668e+07
1.12409e+07
5.87016e+06
1.77323e+06
1.9357e+06
3.99623e+06
3.34842e+06
1.01346e+06
556988
731706
587508
1.6596e+06
2.44277e+06
4.34722e+06
6.78118e+06
6.96292e+06
4.54573e+06
1.63094e+06
1.1339e+06
1.16269e+06
200088
1298
0
0
12
325
8611
102877
656467
2.07009e+06
3.03456e+06
1.71608e+06
269321
11831
285
0
0
0
0
0
0
57
1070
16281
101711
228232
89897
0
0
0
0
0
0
0
0
0
0
0
0
0
0
0
0
0
0
0
0
0
0
0
0
0
0
0
0
0
0
0
0
0
0
0
0
0
0
0
0
0
0
0
0
0
0
0
0
0
0
0
0
0
0
0
0
0
0
0
0
0
0
0
0
0
0
0
0
0
0
0
0
0
0
0
0
0
0
0
0
0
0
0
0
0
0
0
0
0
0
0
0
0
0
0
0
0
0
0
0
0
0
0
0
0
0
0
0
0
0
0
0
0
0
0
0
0
0
0
0
0
0
0
0
0
0
0
0
0
0
0
0
0
0
0
0
0
0
0
0
0
0
0
0
0
0
0
0
0
0
0
0
0
0
0
0
0
0
0
0
0
0
0
0
0
0
0
0
0
0
0
0
0
0
0
0
0
0
0
0
0
0
0
0
0
0
0
0
0
0
0
0
0
0
0
0
0
0
0
0
