1.68755e+06
0
0
0
0
0
0
0
0
0
0
0
0
0
0
0
2
3429
399368
2.86256e+06
4.16044e+06
2.12098e+06
509080
64846
6298
25450
198598
820397
1.64673e+06
1.53768e+06
675324
153808
230801
1.68596e+06
5.38048e+06
7.26282e+06
4.3165e+06
1.2251e+06
516492
1.79899e+06
3.51666e+06
3.01151e+06
1.37555e+06
1.47843e+06
4.19295e+06
6.81626e+06
5.36182e+06
2.24871e+06
1.36043e+06
2.18357e+06
2.27137e+06
2.25715e+06
6.08168e+06
1.27069e+07
1.2847e+07
6.44574e+06
2.42698e+06
1.88822e+06
2.0647e+06
3.97544e+06
8.50979e+06
1.02992e+07
7.34917e+06
6.24278e+06
7.21774e+06
6.13144e+06
5.86044e+06
7.31266e+06
6.66269e+06
6.19669e+06
7.81299e+06
9.70781e+06
1.53453e+07
2.08144e+07
1.5441e+07
5.95862e+06
2.43562e+06
5.78308e+06
1.21322e+07
1.33176e+07
8.84687e+06
6.19344e+06
7.91593e+06
1.28775e+07
1.50674e+07
1.3056e+07
1.28123e+07
1.6056e+07
2.15644e+07
2.11838e+07
1.50165e+07
1.19734e+07
1.3698e+07
1.60263e+07
1.41645e+07
1.19982e+07
1.2986e+07
1.53877e+07
1.3708e+07
1.00246e+07
1.33833e+07
2.29382e+07
2.55559e+07
2.02523e+07
2.08868e+07
2.92659e+07
3.24138e+07
2.65573e+07
1.92825e+07
1.31358e+07
8.48568e+06
8.38468e+06
1.76002e+07
2.74897e+07
2.4158e+07
1.83522e+07
2.49441e+07
2.8221e+07
2.57541e+07
1.8902e+07
1.98116e+07
2.19642e+07
2.43362e+07
3.18833e+07
2.83925e+07
2.11492e+07
1.91326e+07
1.94395e+07
1.61037e+07
9.97112e+06
9.4867e+06
1.29548e+07
1.62158e+07
2.21149e+07
2.59733e+07
2.75147e+07
2.78549e+07
1.85644e+07
1.3061e+07
1.60778e+07
1.88255e+07
1.749e+07
1.5757e+07
1.17166e+07
9.42287e+06
1.20764e+07
1.42409e+07
7.78727e+06
3.06924e+06
6.039e+06
1.25501e+07
1.70162e+07
1.98727e+07
2.46574e+07
2.17143e+07
1.13142e+07
3.40024e+06
3.73248e+06
7.73604e+06
6.45468e+06
1.94921e+06
1.07148e+06
1.4146e+06
1.12729e+06
3.20347e+06
4.70727e+06
8.39732e+06
1.30956e+07
1.34581e+07
8.7488e+06
3.14181e+06
2.18945e+06
2.24768e+06
383427
2482
2
0
12
505
15279
193592
1.26481e+06
4.00184e+06
5.86184e+06
3.30877e+06
519095
21777
439
3
0
0
0
0
0
66
1922
30117
195185
443220
173266
0
0
0
0
0
0
0
0
0
0
0
0
0
0
0
0
0
0
0
0
0
0
0
0
0
0
0
0
0
0
0
0
0
0
0
0
0
0
0
0
0
0
0
0
0
0
0
0
0
0
0
0
0
0
0
0
0
0
0
0
0
0
0
0
0
0
0
0
0
0
0
0
0
0
0
0
0
0
0
0
0
0
0
0
0
0
0
0
0
0
0
0
0
0
0
0
0
0
0
0
0
0
0
0
0
0
0
0
0
0
0
0
0
0
0
0
0
0
0
0
0
0
0
0
0
0
0
0
0
0
0
0
0
0
0
0
0
0
0
0
0
0
0
0
0
0
0
0
0
0
0
0
0
0
0
0
0
0
0
0
0
0
0
0
0
0
0
0
0
0
0
0
0
0
0
0
0
0
0
0
0
0
0
0
0
0
0
0
0
0
0
0
0
0
0
0
0
0
0
0
