1.80429e+06
0
0
0
0
0
0
0
0
0
0
0
0
0
0
0
2
3639
427138
3.06031e+06
4.44837e+06
2.26809e+06
544074
69199
6714
27145
211934
877260
1.76069e+06
1.64503e+06
721772
163949
246333
1.80276e+06
5.75208e+06
7.7667e+06
4.61666e+06
1.30819e+06
551796
1.92208e+06
3.76125e+06
3.22058e+06
1.47021e+06
1.5791e+06
4.48522e+06
7.28595e+06
5.73537e+06
2.40335e+06
1.45331e+06
2.33514e+06
2.42833e+06
2.41152e+06
6.50162e+06
1.35876e+07
1.37399e+07
6.89138e+06
2.59242e+06
2.01844e+06
2.20653e+06
4.24866e+06
9.09876e+06
1.10139e+07
7.86005e+06
6.67336e+06
7.71437e+06
6.55658e+06
6.2656e+06
7.81835e+06
7.12558e+06
6.62394e+06
8.35163e+06
1.03807e+07
1.64069e+07
2.22543e+07
1.65152e+07
6.36806e+06
2.59822e+06
6.18167e+06
1.29742e+07
1.4245e+07
9.45816e+06
6.61697e+06
8.46119e+06
1.37695e+07
1.61132e+07
1.3962e+07
1.36934e+07
1.71625e+07
2.30599e+07
2.26557e+07
1.60538e+07
1.28007e+07
1.46466e+07
1.71306e+07
1.51456e+07
1.28263e+07
1.38848e+07
1.64532e+07
1.46581e+07
1.07152e+07
1.43037e+07
2.45285e+07
2.73314e+07
2.16495e+07
2.23259e+07
3.12963e+07
3.46566e+07
2.83986e+07
2.06111e+07
1.40454e+07
9.07168e+06
8.9631e+06
1.88167e+07
2.93898e+07
2.58298e+07
1.96207e+07
2.66667e+07
3.01761e+07
2.75412e+07
2.02111e+07
2.11764e+07
2.34805e+07
2.60171e+07
3.40965e+07
3.03589e+07
2.26131e+07
2.04549e+07
2.07777e+07
1.72232e+07
1.06602e+07
1.01389e+07
1.3853e+07
1.73385e+07
2.3643e+07
2.7773e+07
2.94171e+07
2.97797e+07
1.98497e+07
1.39653e+07
1.71926e+07
2.01225e+07
1.87024e+07
1.6844e+07
1.253e+07
1.00759e+07
1.29101e+07
1.52265e+07
8.32422e+06
3.28326e+06
6.4579e+06
1.34188e+07
1.81884e+07
2.12532e+07
2.63648e+07
2.32115e+07
1.20954e+07
3.63723e+06
3.99349e+06
8.27258e+06
6.89585e+06
2.08483e+06
1.14554e+06
1.51282e+06
1.20458e+06
3.4266e+06
5.03264e+06
8.97876e+06
1.40042e+07
1.43887e+07
9.35015e+06
3.3606e+06
2.3419e+06
2.40179e+06
409657
2656
2
0
13
558
16287
206827
1.35266e+06
4.27958e+06
6.26626e+06
3.53733e+06
555350
23257
473
3
0
0
0
0
0
72
2032
32092
208974
473802
185172
0
0
0
0
0
0
0
0
0
0
0
0
0
0
0
0
0
0
0
0
0
0
0
0
0
0
0
0
0
0
0
0
0
0
0
0
0
0
0
0
0
0
0
0
0
0
0
0
0
0
0
0
0
0
0
0
0
0
0
0
0
0
0
0
0
0
0
0
0
0
0
0
0
0
0
0
0
0
0
0
0
0
0
0
0
0
0
0
0
0
0
0
0
0
0
0
0
0
0
0
0
0
0
0
0
0
0
0
0
0
0
0
0
0
0
0
0
0
0
0
0
0
0
0
0
0
0
0
0
0
0
0
0
0
0
0
0
0
0
0
0
0
0
0
0
0
0
0
0
0
0
0
0
0
0
0
0
0
0
0
0
0
0
0
0
0
0
0
0
0
0
0
0
0
0
0
0
0
0
0
0
0
0
0
0
0
0
0
0
0
0
0
0
0
0
0
0
0
0
0
