266240
0
0
0
0
0
0
0
0
0
0
0
0
0
0
0
0
602
63832
448247
661009
331514
80787
10652
1092
4014
31768
126858
262118
243559
105593
24236
38195
267855
840110
1.15409e+06
672745
196553
83866
281159
559877
472434
216022
233034
652225
1.0954e+06
838471
352948
213881
343661
361182
359101
952527
2.00891e+06
2.02555e+06
1.00772e+06
386110
305330
326803
622585
1.33454e+06
1.64612e+06
1.14505e+06
976726
1.15752e+06
959870
916409
1.16797e+06
1.04406e+06
968882
1.25603e+06
1.52388e+06
2.39435e+06
3.32501e+06
2.40854e+06
938335
392709
904156
1.91993e+06
2.11808e+06
1.37847e+06
983080
1.23911e+06
2.03085e+06
2.39716e+06
2.03396e+06
2.04416e+06
2.50513e+06
3.4229e+06
3.35067e+06
2.35003e+06
1.9106e+06
2.13306e+06
2.55517e+06
2.20734e+06
1.91429e+06
2.03712e+06
2.43634e+06
2.16241e+06
1.57817e+06
2.10224e+06
3.62893e+06
4.05193e+06
3.17361e+06
3.27482e+06
4.6267e+06
5.14288e+06
4.16659e+06
3.0462e+06
2.07217e+06
1.34918e+06
1.31995e+06
2.74518e+06
4.3959e+06
3.7789e+06
2.87928e+06
3.92547e+06
4.48778e+06
4.04722e+06
2.98105e+06
3.15021e+06
3.44712e+06
3.82698e+06
5.02301e+06
4.51591e+06
3.32099e+06
3.00024e+06
3.09487e+06
2.52795e+06
1.56885e+06
1.50522e+06
2.03478e+06
2.55366e+06
3.51546e+06
4.08937e+06
4.31551e+06
4.42066e+06
2.93581e+06
2.0376e+06
2.54685e+06
2.97287e+06
2.7394e+06
2.50647e+06
1.8428e+06
1.487e+06
1.90852e+06
2.23338e+06
1.23636e+06
483067
948916
1.97537e+06
2.73114e+06
3.09081e+06
3.88777e+06
3.4288e+06
1.79733e+06
536900
587218
1.20718e+06
1.0321e+06
305575
168626
223472
180555
499445
741509
1.32135e+06
2.06782e+06
2.1131e+06
1.40244e+06
489886
341835
355993
62468
439
0
0
3
114
2733
31005
198082
623432
929812
526021
81277
3594
87
0
0
0
0
0
0
9
346
4956
30284
68462
29063
0
0
0
0
0
0
0
0
0
0
0
0
0
0
0
0
0
0
0
0
0
0
0
0
0
0
0
0
0
0
0
0
0
0
0
0
0
0
0
0
0
0
0
0
0
0
0
0
0
0
0
0
0
0
0
0
0
0
0
0
0
0
0
0
0
0
0
0
0
0
0
0
0
0
0
0
0
0
0
0
0
0
0
0
0
0
0
0
0
0
0
0
0
0
0
0
0
0
0
0
0
0
0
0
0
0
0
0
0
0
0
0
0
0
0
0
0
0
0
0
0
0
0
0
0
0
0
0
0
0
0
0
0
0
0
0
0
0
0
0
0
0
0
0
0
0
0
0
0
0
0
0
0
0
0
0
0
0
0
0
0
0
0
0
0
0
0
0
0
0
0
0
0
0
0
0
0
0
0
0
0
0
0
0
0
0
0
0
0
0
0
0
0
0
0
0
0
0
0
0
