1.67731e+06
0
0
0
0
0
0
0
0
0
0
0
0
0
0
0
2
3414
396929
2.84518e+06
4.13535e+06
2.10788e+06
506023
64507
6264
25315
197336
815369
1.63689e+06
1.52828e+06
671260
152851
229364
1.6758e+06
5.34757e+06
7.2193e+06
4.28998e+06
1.21762e+06
513400
1.78808e+06
3.49533e+06
2.99323e+06
1.36717e+06
1.46958e+06
4.16696e+06
6.77542e+06
5.32952e+06
2.23477e+06
1.35227e+06
2.17026e+06
2.25754e+06
2.24362e+06
6.04428e+06
1.26303e+07
1.2769e+07
6.40625e+06
2.4126e+06
1.87679e+06
2.05206e+06
3.9515e+06
8.45793e+06
1.02365e+07
7.30494e+06
6.20447e+06
7.17428e+06
6.09473e+06
5.82468e+06
7.26798e+06
6.62213e+06
6.15895e+06
7.76593e+06
9.64835e+06
1.52519e+07
2.06896e+07
1.53473e+07
5.9219e+06
2.42042e+06
5.74754e+06
1.20586e+07
1.32381e+07
8.79356e+06
6.15482e+06
7.86762e+06
1.27994e+07
1.49767e+07
1.29758e+07
1.27347e+07
1.59584e+07
2.1434e+07
2.10559e+07
1.49255e+07
1.1901e+07
1.36138e+07
1.59296e+07
1.40784e+07
1.1925e+07
1.29073e+07
1.52946e+07
1.36251e+07
9.96387e+06
1.33006e+07
2.27995e+07
2.54022e+07
2.01287e+07
2.07589e+07
2.90891e+07
3.2218e+07
2.6396e+07
1.91653e+07
1.30565e+07
8.43415e+06
8.33269e+06
1.74925e+07
2.73241e+07
2.40125e+07
1.82388e+07
2.4793e+07
2.80509e+07
2.55979e+07
1.87865e+07
1.96914e+07
2.18312e+07
2.41874e+07
3.16897e+07
2.82217e+07
2.1021e+07
1.90157e+07
1.93227e+07
1.6006e+07
9.90969e+06
9.42909e+06
1.28761e+07
1.61169e+07
2.19806e+07
2.58176e+07
2.73464e+07
2.76868e+07
1.84517e+07
1.29811e+07
1.59811e+07
1.87115e+07
1.73826e+07
1.56612e+07
1.16459e+07
9.36546e+06
1.20035e+07
1.41551e+07
7.73994e+06
3.05007e+06
6.00189e+06
1.24745e+07
1.69135e+07
1.97504e+07
2.4508e+07
2.15835e+07
1.12457e+07
3.37898e+06
3.70956e+06
7.68976e+06
6.41548e+06
1.93734e+06
1.06509e+06
1.40584e+06
1.12042e+06
3.18397e+06
4.67888e+06
8.34584e+06
1.30161e+07
1.33767e+07
8.69618e+06
3.12237e+06
2.17618e+06
2.23427e+06
381133
2465
2
0
12
500
15174
192343
1.25716e+06
3.97761e+06
5.82607e+06
3.28886e+06
515971
21666
437
3
0
0
0
0
0
63
1899
29952
193939
440633
172170
0
0
0
0
0
0
0
0
0
0
0
0
0
0
0
0
0
0
0
0
0
0
0
0
0
0
0
0
0
0
0
0
0
0
0
0
0
0
0
0
0
0
0
0
0
0
0
0
0
0
0
0
0
0
0
0
0
0
0
0
0
0
0
0
0
0
0
0
0
0
0
0
0
0
0
0
0
0
0
0
0
0
0
0
0
0
0
0
0
0
0
0
0
0
0
0
0
0
0
0
0
0
0
0
0
0
0
0
0
0
0
0
0
0
0
0
0
0
0
0
0
0
0
0
0
0
0
0
0
0
0
0
0
0
0
0
0
0
0
0
0
0
0
0
0
0
0
0
0
0
0
0
0
0
0
0
0
0
0
0
0
0
0
0
0
0
0
0
0
0
0
0
0
0
0
0
0
0
0
0
0
0
0
0
0
0
0
0
0
0
0
0
0
0
0
0
0
0
0
0
