1.42336e+06
0
0
0
0
0
0
0
0
0
0
0
0
0
0
0
0
2943
336960
2.41341e+06
3.51084e+06
1.78868e+06
428822
54585
5414
21346
166908
690490
1.39182e+06
1.29808e+06
567983
129447
193924
1.41963e+06
4.53694e+06
6.13504e+06
3.63902e+06
1.03067e+06
434197
1.51657e+06
2.96854e+06
2.54134e+06
1.15755e+06
1.24289e+06
3.53412e+06
5.76278e+06
4.52183e+06
1.89186e+06
1.14463e+06
1.84394e+06
1.91686e+06
1.8996e+06
5.12342e+06
1.0727e+07
1.08438e+07
5.43197e+06
2.04034e+06
1.59511e+06
1.74186e+06
3.34764e+06
7.17735e+06
8.69834e+06
6.19244e+06
5.26227e+06
6.09668e+06
5.16975e+06
4.936e+06
6.17343e+06
5.61845e+06
5.22394e+06
6.59257e+06
8.17334e+06
1.29359e+07
1.75895e+07
1.30314e+07
5.01064e+06
2.04419e+06
4.86904e+06
1.02408e+07
1.12489e+07
7.45768e+06
5.21625e+06
6.669e+06
1.08666e+07
1.27183e+07
1.10013e+07
1.08058e+07
1.35353e+07
1.82017e+07
1.78793e+07
1.26551e+07
1.00954e+07
1.15471e+07
1.35337e+07
1.19417e+07
1.01133e+07
1.09478e+07
1.29915e+07
1.15701e+07
8.43876e+06
1.12692e+07
1.93629e+07
2.15831e+07
1.70575e+07
1.7594e+07
2.46973e+07
2.73726e+07
2.23932e+07
1.62578e+07
1.10807e+07
7.15716e+06
7.04125e+06
1.4829e+07
2.32393e+07
2.03822e+07
1.54324e+07
2.10416e+07
2.38304e+07
2.17252e+07
1.59263e+07
1.67069e+07
1.85146e+07
2.05061e+07
2.69159e+07
2.39761e+07
1.78333e+07
1.6125e+07
1.64088e+07
1.3581e+07
8.39556e+06
7.98852e+06
1.09195e+07
1.36776e+07
1.86812e+07
2.19168e+07
2.3189e+07
2.3508e+07
1.56619e+07
1.09984e+07
1.35632e+07
1.58818e+07
1.4735e+07
1.3299e+07
9.88829e+06
7.93477e+06
1.01899e+07
1.20312e+07
6.56914e+06
2.57788e+06
5.08534e+06
1.05917e+07
1.43565e+07
1.67362e+07
2.0807e+07
1.83324e+07
9.55001e+06
2.8585e+06
3.13411e+06
6.53214e+06
5.4561e+06
1.64097e+06
900619
1.1948e+06
946150
2.69981e+06
3.97323e+06
7.08101e+06
1.1041e+07
1.13548e+07
7.38799e+06
2.64692e+06
1.84289e+06
1.90154e+06
324326
2081
2
0
12
440
12895
162589
1.0625e+06
3.37508e+06
4.94673e+06
2.79446e+06
436496
18638
399
0
0
0
0
0
0
61
1636
25517
164450
373453
146563
0
0
0
0
0
0
0
0
0
0
0
0
0
0
0
0
0
0
0
0
0
0
0
0
0
0
0
0
0
0
0
0
0
0
0
0
0
0
0
0
0
0
0
0
0
0
0
0
0
0
0
0
0
0
0
0
0
0
0
0
0
0
0
0
0
0
0
0
0
0
0
0
0
0
0
0
0
0
0
0
0
0
0
0
0
0
0
0
0
0
0
0
0
0
0
0
0
0
0
0
0
0
0
0
0
0
0
0
0
0
0
0
0
0
0
0
0
0
0
0
0
0
0
0
0
0
0
0
0
0
0
0
0
0
0
0
0
0
0
0
0
0
0
0
0
0
0
0
0
0
0
0
0
0
0
0
0
0
0
0
0
0
0
0
0
0
0
0
0
0
0
0
0
0
0
0
0
0
0
0
0
0
0
0
0
0
0
0
0
0
0
0
0
0
0
0
0
0
0
0
