1.66298e+06
0
0
0
0
0
0
0
0
0
0
0
0
0
0
0
2
3380
393517
2.8208e+06
4.09998e+06
2.0901e+06
501580
63949
6211
25059
195695
808404
1.62299e+06
1.51516e+06
665432
151596
227442
1.66138e+06
5.30188e+06
7.15767e+06
4.25344e+06
1.207e+06
509145
1.77255e+06
3.46552e+06
2.96781e+06
1.35533e+06
1.45682e+06
4.13114e+06
6.71873e+06
5.28372e+06
2.21526e+06
1.34062e+06
2.15172e+06
2.23836e+06
2.22426e+06
5.99163e+06
1.25232e+07
1.26609e+07
6.35102e+06
2.39139e+06
1.86137e+06
2.0342e+06
3.91716e+06
8.38548e+06
1.015e+07
7.24235e+06
6.1509e+06
7.11404e+06
6.04261e+06
5.7738e+06
7.20671e+06
6.56516e+06
6.1061e+06
7.69913e+06
9.56552e+06
1.51206e+07
2.05155e+07
1.52174e+07
5.86975e+06
2.3986e+06
5.69759e+06
1.19564e+07
1.31267e+07
8.71794e+06
6.10129e+06
7.79961e+06
1.26905e+07
1.48496e+07
1.28644e+07
1.2625e+07
1.58219e+07
2.12517e+07
2.08766e+07
1.4798e+07
1.17987e+07
1.34961e+07
1.57954e+07
1.39582e+07
1.18216e+07
1.27971e+07
1.51648e+07
1.35098e+07
9.87728e+06
1.3185e+07
2.26046e+07
2.51881e+07
1.99558e+07
2.05792e+07
2.88412e+07
3.19449e+07
2.61703e+07
1.90019e+07
1.29446e+07
8.36127e+06
8.25922e+06
1.73417e+07
2.70945e+07
2.38086e+07
1.80791e+07
2.45813e+07
2.7813e+07
2.53789e+07
1.86254e+07
1.95231e+07
2.16445e+07
2.39783e+07
3.1419e+07
2.79838e+07
2.08414e+07
1.88522e+07
1.91586e+07
1.58688e+07
9.82386e+06
9.34742e+06
1.27653e+07
1.5979e+07
2.17948e+07
2.55978e+07
2.71117e+07
2.74501e+07
1.82957e+07
1.2868e+07
1.5845e+07
1.85523e+07
1.72325e+07
1.55277e+07
1.15461e+07
9.28508e+06
1.19015e+07
1.40359e+07
7.6732e+06
3.02325e+06
5.95007e+06
1.23683e+07
1.67692e+07
1.95799e+07
2.42981e+07
2.14022e+07
1.11498e+07
3.34874e+06
3.67714e+06
7.6243e+06
6.36171e+06
1.92064e+06
1.05586e+06
1.39373e+06
1.11035e+06
3.15681e+06
4.6391e+06
8.27451e+06
1.29046e+07
1.32621e+07
8.62289e+06
3.09528e+06
2.15711e+06
2.21572e+06
378003
2446
2
0
12
500
15069
190692
1.24606e+06
3.94399e+06
5.77601e+06
3.26104e+06
511456
21514
437
3
0
0
0
0
0
63
1885
29693
192246
436956
170645
0
0
0
0
0
0
0
0
0
0
0
0
0
0
0
0
0
0
0
0
0
0
0
0
0
0
0
0
0
0
0
0
0
0
0
0
0
0
0
0
0
0
0
0
0
0
0
0
0
0
0
0
0
0
0
0
0
0
0
0
0
0
0
0
0
0
0
0
0
0
0
0
0
0
0
0
0
0
0
0
0
0
0
0
0
0
0
0
0
0
0
0
0
0
0
0
0
0
0
0
0
0
0
0
0
0
0
0
0
0
0
0
0
0
0
0
0
0
0
0
0
0
0
0
0
0
0
0
0
0
0
0
0
0
0
0
0
0
0
0
0
0
0
0
0
0
0
0
0
0
0
0
0
0
0
0
0
0
0
0
0
0
0
0
0
0
0
0
0
0
0
0
0
0
0
0
0
0
0
0
0
0
0
0
0
0
0
0
0
0
0
0
0
0
0
0
0
0
0
0
