432128
0
0
0
0
0
0
0
0
0
0
0
0
0
0
0
0
893
103190
729209
1.07018e+06
540954
130364
16722
1772
6348
51528
208446
422552
394430
172517
39488
61167
433317
1.36909e+06
1.86736e+06
1.09796e+06
316546
134387
458218
906070
768114
351026
378544
1.06639e+06
1.76175e+06
1.36686e+06
574933
347000
558416
584399
580893
1.54991e+06
3.25888e+06
3.28963e+06
1.64052e+06
623483
491198
530264
1.01304e+06
2.17285e+06
2.65611e+06
1.86889e+06
1.59175e+06
1.8633e+06
1.56391e+06
1.49315e+06
1.88457e+06
1.70259e+06
1.5767e+06
2.02166e+06
2.48174e+06
3.90411e+06
5.36413e+06
3.93146e+06
1.52331e+06
631380
1.47239e+06
3.11423e+06
3.42513e+06
2.25203e+06
1.58919e+06
2.01758e+06
3.29523e+06
3.8776e+06
3.31972e+06
3.3032e+06
4.08421e+06
5.54121e+06
5.43499e+06
3.82433e+06
3.08656e+06
3.48577e+06
4.12488e+06
3.60282e+06
3.09168e+06
3.31244e+06
3.94926e+06
3.51227e+06
2.559e+06
3.41776e+06
5.89058e+06
6.56548e+06
5.15941e+06
5.3257e+06
7.50885e+06
8.3263e+06
6.77923e+06
4.94156e+06
3.36225e+06
2.18253e+06
2.14122e+06
4.4799e+06
7.09509e+06
6.15747e+06
4.67616e+06
6.37965e+06
7.26227e+06
6.58387e+06
4.83349e+06
5.09739e+06
5.61039e+06
6.21754e+06
8.16009e+06
7.30399e+06
5.40105e+06
4.8826e+06
5.00238e+06
4.11374e+06
2.54842e+06
2.43364e+06
3.3095e+06
4.14858e+06
5.68344e+06
6.64869e+06
7.0202e+06
7.16314e+06
4.76202e+06
3.32017e+06
4.12591e+06
4.82291e+06
4.45848e+06
4.05484e+06
2.99342e+06
2.41288e+06
3.09798e+06
3.63442e+06
2.0001e+06
782660
1.53708e+06
3.21233e+06
4.40637e+06
5.05003e+06
6.30846e+06
5.56419e+06
2.91076e+06
867918
950320
1.97032e+06
1.66807e+06
497225
273373
362001
290309
813956
1.20392e+06
2.14327e+06
3.36101e+06
3.43804e+06
2.26211e+06
798032
554585
577835
101018
699
0
0
3
144
4226
49073
319086
1.0158e+06
1.51007e+06
853926
131139
5570
111
0
0
0
0
0
0
15
494
7545
48821
112272
46917
0
0
0
0
0
0
0
0
0
0
0
0
0
0
0
0
0
0
0
0
0
0
0
0
0
0
0
0
0
0
0
0
0
0
0
0
0
0
0
0
0
0
0
0
0
0
0
0
0
0
0
0
0
0
0
0
0
0
0
0
0
0
0
0
0
0
0
0
0
0
0
0
0
0
0
0
0
0
0
0
0
0
0
0
0
0
0
0
0
0
0
0
0
0
0
0
0
0
0
0
0
0
0
0
0
0
0
0
0
0
0
0
0
0
0
0
0
0
0
0
0
0
0
0
0
0
0
0
0
0
0
0
0
0
0
0
0
0
0
0
0
0
0
0
0
0
0
0
0
0
0
0
0
0
0
0
0
0
0
0
0
0
0
0
0
0
0
0
0
0
0
0
0
0
0
0
0
0
0
0
0
0
0
0
0
0
0
0
0
0
0
0
0
0
0
0
0
0
0
0
