2.01933e+06
0
0
0
0
0
0
0
0
0
0
0
0
0
0
0
2
4063
477771
3.42517e+06
4.97873e+06
2.53867e+06
608327
77622
7703
30697
236998
980936
1.9716e+06
1.84065e+06
807794
183410
276540
2.0176e+06
6.43806e+06
8.69058e+06
5.16564e+06
1.46524e+06
618754
2.15238e+06
4.2071e+06
3.60461e+06
1.64676e+06
1.76873e+06
5.01862e+06
8.15152e+06
6.41914e+06
2.69007e+06
1.62729e+06
2.61256e+06
2.7197e+06
2.70035e+06
7.28111e+06
1.52005e+07
1.53721e+07
7.71578e+06
2.90384e+06
2.25818e+06
2.47035e+06
4.7567e+06
1.01834e+07
1.23214e+07
8.80093e+06
7.47043e+06
8.62726e+06
7.34095e+06
7.01049e+06
8.75058e+06
7.97908e+06
7.41563e+06
9.34248e+06
1.16226e+07
1.83663e+07
2.48908e+07
1.8483e+07
7.13032e+06
2.91542e+06
6.92245e+06
1.45161e+07
1.59324e+07
1.05899e+07
7.40999e+06
9.4694e+06
1.5411e+07
1.80277e+07
1.56325e+07
1.53289e+07
1.92163e+07
2.57931e+07
2.53476e+07
1.79737e+07
1.43291e+07
1.64018e+07
1.91578e+07
1.69508e+07
1.43595e+07
1.55434e+07
1.84065e+07
1.63977e+07
1.20063e+07
1.60189e+07
2.74462e+07
3.05755e+07
2.4239e+07
2.5001e+07
3.50139e+07
3.87692e+07
3.17872e+07
2.30638e+07
1.57242e+07
1.01617e+07
1.00475e+07
2.10685e+07
3.28528e+07
2.89054e+07
2.19847e+07
2.98504e+07
3.37548e+07
3.08228e+07
2.2635e+07
2.37e+07
2.62841e+07
2.91283e+07
3.81439e+07
3.39566e+07
2.53139e+07
2.28985e+07
2.32478e+07
1.92821e+07
1.19421e+07
1.13522e+07
1.5504e+07
1.94013e+07
2.64509e+07
3.10786e+07
3.29364e+07
3.3311e+07
2.22096e+07
1.56511e+07
1.92446e+07
2.25135e+07
2.09358e+07
1.88436e+07
1.4023e+07
1.12847e+07
1.44466e+07
1.70274e+07
9.31794e+06
3.68009e+06
7.23052e+06
1.50205e+07
2.0356e+07
2.37983e+07
2.95062e+07
2.59607e+07
1.353e+07
4.07887e+06
4.47903e+06
9.25645e+06
7.70448e+06
2.337e+06
1.28315e+06
1.69302e+06
1.34997e+06
3.83664e+06
5.63203e+06
1.00498e+07
1.56814e+07
1.61017e+07
1.045e+07
3.76651e+06
2.62168e+06
2.68583e+06
458481
2997
2
0
13
645
18099
232007
1.51612e+06
4.79128e+06
7.00958e+06
3.95747e+06
622066
26129
536
3
0
0
0
0
0
88
2326
35830
234025
530089
207306
0
0
0
0
0
0
0
0
0
0
0
0
0
0
0
0
0
0
0
0
0
0
0
0
0
0
0
0
0
0
0
0
0
0
0
0
0
0
0
0
0
0
0
0
0
0
0
0
0
0
0
0
0
0
0
0
0
0
0
0
0
0
0
0
0
0
0
0
0
0
0
0
0
0
0
0
0
0
0
0
0
0
0
0
0
0
0
0
0
0
0
0
0
0
0
0
0
0
0
0
0
0
0
0
0
0
0
0
0
0
0
0
0
0
0
0
0
0
0
0
0
0
0
0
0
0
0
0
0
0
0
0
0
0
0
0
0
0
0
0
0
0
0
0
0
0
0
0
0
0
0
0
0
0
0
0
0
0
0
0
0
0
0
0
0
0
0
0
0
0
0
0
0
0
0
0
0
0
0
0
0
0
0
0
0
0
0
0
0
0
0
0
0
0
0
0
0
0
0
0
