1.38035e+06
0
0
0
0
0
0
0
0
0
0
0
0
0
0
0
0
2848
327054
2.34017e+06
3.40502e+06
1.73409e+06
415982
53143
5256
20823
162165
669752
1.34896e+06
1.25846e+06
551308
125733
188164
1.3779e+06
4.39953e+06
5.94762e+06
3.52861e+06
1.00062e+06
421853
1.47072e+06
2.8786e+06
2.46405e+06
1.1228e+06
1.20758e+06
3.42705e+06
5.5853e+06
4.38451e+06
1.83645e+06
1.11098e+06
1.78759e+06
1.85875e+06
1.84418e+06
4.97199e+06
1.03989e+07
1.05104e+07
5.26989e+06
1.98107e+06
1.54708e+06
1.69084e+06
3.24774e+06
6.95834e+06
8.43231e+06
6.00716e+06
5.10487e+06
5.91073e+06
5.01316e+06
4.78846e+06
5.98624e+06
5.44882e+06
5.0669e+06
6.39366e+06
7.9287e+06
1.25462e+07
1.70501e+07
1.26335e+07
4.86463e+06
1.98746e+06
4.72416e+06
9.92627e+06
1.09042e+07
7.2353e+06
5.06195e+06
6.46948e+06
1.05365e+07
1.23302e+07
1.06697e+07
1.04834e+07
1.31268e+07
1.76474e+07
1.73372e+07
1.22723e+07
9.79422e+06
1.12006e+07
1.31212e+07
1.15787e+07
9.81186e+06
1.06179e+07
1.25943e+07
1.12205e+07
8.18737e+06
1.09334e+07
1.87754e+07
2.09246e+07
1.65443e+07
1.70671e+07
2.39495e+07
2.65391e+07
2.17152e+07
1.57671e+07
1.07472e+07
6.94462e+06
6.83651e+06
1.43792e+07
2.25294e+07
1.9762e+07
1.49756e+07
2.04064e+07
2.31055e+07
2.10681e+07
1.54473e+07
1.6201e+07
1.79557e+07
1.98943e+07
2.60951e+07
2.3247e+07
1.72967e+07
1.56393e+07
1.59106e+07
1.31695e+07
8.1461e+06
7.75122e+06
1.05911e+07
1.32657e+07
1.81128e+07
2.1252e+07
2.24895e+07
2.27918e+07
1.51896e+07
1.06714e+07
1.31519e+07
1.53988e+07
1.4293e+07
1.28968e+07
9.58977e+06
7.69756e+06
9.8817e+06
1.16607e+07
6.37232e+06
2.50515e+06
4.93434e+06
1.02683e+07
1.39203e+07
1.62364e+07
2.01757e+07
1.7771e+07
9.26123e+06
2.77734e+06
3.04346e+06
6.3305e+06
5.28874e+06
1.5927e+06
874266
1.15857e+06
919242
2.61947e+06
3.85475e+06
6.86555e+06
1.07042e+07
1.10103e+07
7.16353e+06
2.56935e+06
1.78911e+06
1.84195e+06
314404
2031
2
0
12
427
12669
158541
1.03263e+06
3.27323e+06
4.79412e+06
2.70879e+06
424085
18269
399
0
0
0
0
0
0
61
1614
24940
159787
362067
141707
0
0
0
0
0
0
0
0
0
0
0
0
0
0
0
0
0
0
0
0
0
0
0
0
0
0
0
0
0
0
0
0
0
0
0
0
0
0
0
0
0
0
0
0
0
0
0
0
0
0
0
0
0
0
0
0
0
0
0
0
0
0
0
0
0
0
0
0
0
0
0
0
0
0
0
0
0
0
0
0
0
0
0
0
0
0
0
0
0
0
0
0
0
0
0
0
0
0
0
0
0
0
0
0
0
0
0
0
0
0
0
0
0
0
0
0
0
0
0
0
0
0
0
0
0
0
0
0
0
0
0
0
0
0
0
0
0
0
0
0
0
0
0
0
0
0
0
0
0
0
0
0
0
0
0
0
0
0
0
0
0
0
0
0
0
0
0
0
0
0
0
0
0
0
0
0
0
0
0
0
0
0
0
0
0
0
0
0
0
0
0
0
0
0
0
0
0
0
0
0
