1.12435e+06
0
0
0
0
0
0
0
0
0
0
0
0
0
0
0
0
2320
266547
1.90662e+06
2.77297e+06
1.41111e+06
339617
43793
4338
17312
133024
546057
1.09595e+06
1.02422e+06
449720
103441
154933
1.12468e+06
3.58124e+06
4.84133e+06
2.87071e+06
818594
346638
1.19854e+06
2.34316e+06
2.00386e+06
917685
989635
2.79287e+06
4.5394e+06
3.56315e+06
1.50398e+06
909835
1.45363e+06
1.51337e+06
1.50908e+06
4.05769e+06
8.45735e+06
8.54428e+06
4.29763e+06
1.62299e+06
1.26304e+06
1.37937e+06
2.65286e+06
5.65946e+06
6.85751e+06
4.89891e+06
4.16196e+06
4.80994e+06
4.08505e+06
3.90521e+06
4.87044e+06
4.44018e+06
4.13012e+06
5.20935e+06
6.46732e+06
1.02154e+07
1.38693e+07
1.02735e+07
3.98122e+06
1.63651e+06
3.85291e+06
8.07114e+06
8.86964e+06
5.89847e+06
4.13474e+06
5.27811e+06
8.5688e+06
1.00378e+07
8.69183e+06
8.55399e+06
1.06939e+07
1.43634e+07
1.41061e+07
1.00017e+07
7.99204e+06
9.12187e+06
1.06834e+07
9.42467e+06
8.00551e+06
8.64838e+06
1.02494e+07
9.13052e+06
6.685e+06
8.9247e+06
1.52754e+07
1.70295e+07
1.34897e+07
1.39177e+07
1.94905e+07
2.1602e+07
1.76816e+07
1.28503e+07
8.75339e+06
5.66986e+06
5.59703e+06
1.17045e+07
1.83261e+07
1.60834e+07
1.22311e+07
1.66151e+07
1.88095e+07
1.71581e+07
1.25908e+07
1.3208e+07
1.46273e+07
1.62199e+07
2.12278e+07
1.89224e+07
1.40947e+07
1.27391e+07
1.29619e+07
1.07278e+07
6.64696e+06
6.32383e+06
8.62188e+06
1.08062e+07
1.47441e+07
1.73055e+07
1.83223e+07
1.8554e+07
1.2374e+07
8.70342e+06
1.07143e+07
1.25346e+07
1.16463e+07
1.05069e+07
7.8073e+06
6.27741e+06
8.05016e+06
9.47596e+06
5.1967e+06
2.05058e+06
4.02202e+06
8.3579e+06
1.13493e+07
1.32315e+07
1.64211e+07
1.44592e+07
7.5453e+06
2.27342e+06
2.48767e+06
5.14623e+06
4.30222e+06
1.30205e+06
714553
941702
754525
2.1357e+06
3.13968e+06
5.59093e+06
8.7155e+06
8.95874e+06
5.83848e+06
2.09638e+06
1.45822e+06
1.49754e+06
256363
1666
2
0
12
379
10750
131045
844687
2.66611e+06
3.90083e+06
2.20332e+06
346417
15258
360
0
0
0
0
0
0
61
1395
20843
130728
293864
115285
0
0
0
0
0
0
0
0
0
0
0
0
0
0
0
0
0
0
0
0
0
0
0
0
0
0
0
0
0
0
0
0
0
0
0
0
0
0
0
0
0
0
0
0
0
0
0
0
0
0
0
0
0
0
0
0
0
0
0
0
0
0
0
0
0
0
0
0
0
0
0
0
0
0
0
0
0
0
0
0
0
0
0
0
0
0
0
0
0
0
0
0
0
0
0
0
0
0
0
0
0
0
0
0
0
0
0
0
0
0
0
0
0
0
0
0
0
0
0
0
0
0
0
0
0
0
0
0
0
0
0
0
0
0
0
0
0
0
0
0
0
0
0
0
0
0
0
0
0
0
0
0
0
0
0
0
0
0
0
0
0
0
0
0
0
0
0
0
0
0
0
0
0
0
0
0
0
0
0
0
0
0
0
0
0
0
0
0
0
0
0
0
0
0
0
0
0
0
0
0
