571392
0
0
0
0
0
0
0
0
0
0
0
0
0
0
0
0
1201
136293
965581
1.41338e+06
715657
172353
22214
2304
8490
68027
276887
557892
520469
228005
52846
80103
572516
1.81314e+06
2.4678e+06
1.45323e+06
417377
178073
606906
1.19409e+06
1.01673e+06
465579
501770
1.41331e+06
2.32225e+06
1.8063e+06
761388
461142
739516
772261
767913
2.05349e+06
4.30292e+06
4.34714e+06
2.17422e+06
825283
647835
702320
1.34212e+06
2.8741e+06
3.49961e+06
2.47866e+06
2.11002e+06
2.45514e+06
2.06877e+06
1.98032e+06
2.48834e+06
2.25306e+06
2.08712e+06
2.66654e+06
3.28545e+06
5.17357e+06
7.06773e+06
5.20587e+06
2.02046e+06
837726
1.95099e+06
4.10938e+06
4.52158e+06
2.9842e+06
2.1032e+06
2.67282e+06
4.3566e+06
5.1177e+06
4.39827e+06
4.36226e+06
5.41432e+06
7.31288e+06
7.18116e+06
5.06554e+06
4.07658e+06
4.61862e+06
5.44211e+06
4.77103e+06
4.08574e+06
4.38408e+06
5.21729e+06
4.64169e+06
3.3914e+06
4.527e+06
7.77942e+06
8.66875e+06
6.83424e+06
7.05608e+06
9.91938e+06
1.09908e+07
8.97139e+06
6.53515e+06
4.44828e+06
2.88735e+06
2.84077e+06
5.93021e+06
9.35017e+06
8.15247e+06
6.20099e+06
8.44104e+06
9.58161e+06
8.70901e+06
6.3994e+06
6.73039e+06
7.42755e+06
8.22648e+06
1.07867e+07
9.63888e+06
7.14798e+06
6.46496e+06
6.60609e+06
5.4444e+06
3.37319e+06
3.21894e+06
4.37922e+06
5.4843e+06
7.50464e+06
8.79835e+06
9.28822e+06
9.45661e+06
6.29071e+06
4.40494e+06
5.45334e+06
6.37505e+06
5.9044e+06
5.35274e+06
3.9609e+06
3.19067e+06
4.09347e+06
4.80757e+06
2.64368e+06
1.03818e+06
2.03629e+06
4.25019e+06
5.80566e+06
6.69502e+06
8.34279e+06
7.35023e+06
3.84287e+06
1.15217e+06
1.25875e+06
2.60938e+06
2.19757e+06
659615
362657
477855
383194
1.07936e+06
1.59354e+06
2.83812e+06
4.43999e+06
4.54663e+06
2.98191e+06
1.05972e+06
735814
762215
132691
909
0
0
8
213
5553
65394
423089
1.34797e+06
1.99174e+06
1.12671e+06
174188
7472
190
0
0
0
0
0
0
30
638
10273
64816
149152
60787
0
0
0
0
0
0
0
0
0
0
0
0
0
0
0
0
0
0
0
0
0
0
0
0
0
0
0
0
0
0
0
0
0
0
0
0
0
0
0
0
0
0
0
0
0
0
0
0
0
0
0
0
0
0
0
0
0
0
0
0
0
0
0
0
0
0
0
0
0
0
0
0
0
0
0
0
0
0
0
0
0
0
0
0
0
0
0
0
0
0
0
0
0
0
0
0
0
0
0
0
0
0
0
0
0
0
0
0
0
0
0
0
0
0
0
0
0
0
0
0
0
0
0
0
0
0
0
0
0
0
0
0
0
0
0
0
0
0
0
0
0
0
0
0
0
0
0
0
0
0
0
0
0
0
0
0
0
0
0
0
0
0
0
0
0
0
0
0
0
0
0
0
0
0
0
0
0
0
0
0
0
0
0
0
0
0
0
0
0
0
0
0
0
0
0
0
0
0
0
0
