600064
0
0
0
0
0
0
0
0
0
0
0
0
0
0
0
0
1240
143047
1.01463e+06
1.48363e+06
751769
180986
23334
2410
8925
71434
290800
585516
547119
239253
55510
84317
600972
1.9046e+06
2.59026e+06
1.52741e+06
438160
186779
637683
1.25374e+06
1.0676e+06
489180
527109
1.4851e+06
2.43707e+06
1.8975e+06
799555
484777
776101
810540
806392
2.15812e+06
4.51769e+06
4.56469e+06
2.28459e+06
867034
679371
737190
1.41037e+06
3.01947e+06
3.67198e+06
2.6039e+06
2.21764e+06
2.57718e+06
2.17304e+06
2.081e+06
2.61037e+06
2.36673e+06
2.19391e+06
2.79843e+06
3.4494e+06
5.43782e+06
7.41768e+06
5.46811e+06
2.12282e+06
879258
2.05072e+06
4.31414e+06
4.74601e+06
3.13584e+06
2.209e+06
2.80865e+06
4.57453e+06
5.37107e+06
4.62259e+06
4.57973e+06
5.6892e+06
7.67676e+06
7.53867e+06
5.3233e+06
4.27808e+06
4.85274e+06
5.71525e+06
5.01246e+06
4.28804e+06
4.60467e+06
5.47881e+06
4.8749e+06
3.56174e+06
4.75597e+06
8.16841e+06
9.09945e+06
7.18063e+06
7.41411e+06
1.04146e+07
1.15386e+07
9.42357e+06
6.86454e+06
4.66977e+06
3.03131e+06
2.98413e+06
6.23149e+06
9.81496e+06
8.56342e+06
6.51387e+06
8.86468e+06
1.00606e+07
9.14709e+06
6.72021e+06
7.0652e+06
7.80117e+06
8.6421e+06
1.13266e+07
1.01197e+07
7.51024e+06
6.78884e+06
6.93642e+06
5.71908e+06
3.54221e+06
3.37846e+06
4.59959e+06
5.76164e+06
7.88031e+06
9.23787e+06
9.75715e+06
9.92666e+06
6.60683e+06
4.62835e+06
5.72654e+06
6.6954e+06
6.20111e+06
5.61982e+06
4.16011e+06
3.35147e+06
4.29871e+06
5.04813e+06
2.77756e+06
1.09092e+06
2.14009e+06
4.46381e+06
6.08914e+06
7.03443e+06
8.76155e+06
7.71987e+06
4.036e+06
1.20963e+06
1.3224e+06
2.74053e+06
2.30745e+06
692947
381075
501672
402069
1.13402e+06
1.67539e+06
2.98099e+06
4.66009e+06
4.77491e+06
3.13049e+06
1.11359e+06
773149
800481
139369
948
0
0
12
231
5851
68868
445110
1.41652e+06
2.09058e+06
1.18226e+06
183061
7886
196
0
0
0
0
0
0
30
676
10825
68289
156731
63481
0
0
0
0
0
0
0
0
0
0
0
0
0
0
0
0
0
0
0
0
0
0
0
0
0
0
0
0
0
0
0
0
0
0
0
0
0
0
0
0
0
0
0
0
0
0
0
0
0
0
0
0
0
0
0
0
0
0
0
0
0
0
0
0
0
0
0
0
0
0
0
0
0
0
0
0
0
0
0
0
0
0
0
0
0
0
0
0
0
0
0
0
0
0
0
0
0
0
0
0
0
0
0
0
0
0
0
0
0
0
0
0
0
0
0
0
0
0
0
0
0
0
0
0
0
0
0
0
0
0
0
0
0
0
0
0
0
0
0
0
0
0
0
0
0
0
0
0
0
0
0
0
0
0
0
0
0
0
0
0
0
0
0
0
0
0
0
0
0
0
0
0
0
0
0
0
0
0
0
0
0
0
0
0
0
0
0
0
0
0
0
0
0
0
0
0
0
0
0
0
