1.72851e+06
0
0
0
0
0
0
0
0
0
0
0
0
0
0
0
2
3505
409036
2.93204e+06
4.26119e+06
2.17312e+06
521087
66359
6455
25990
203309
840309
1.68662e+06
1.5757e+06
691712
157058
235939
1.7265e+06
5.51151e+06
7.44062e+06
4.42132e+06
1.25409e+06
528576
1.8422e+06
3.60261e+06
3.08489e+06
1.40876e+06
1.513e+06
4.29603e+06
6.98192e+06
5.49255e+06
2.30273e+06
1.39247e+06
2.23735e+06
2.32669e+06
2.30981e+06
6.22836e+06
1.3019e+07
1.31601e+07
6.60154e+06
2.48421e+06
1.93466e+06
2.11369e+06
4.07039e+06
8.71808e+06
1.05507e+07
7.52749e+06
6.39321e+06
7.39317e+06
6.27893e+06
6.00311e+06
7.49123e+06
6.82503e+06
6.34551e+06
8.00151e+06
9.9436e+06
1.57186e+07
2.13223e+07
1.58173e+07
6.10092e+06
2.49192e+06
5.92264e+06
1.24291e+07
1.36427e+07
9.06061e+06
6.34161e+06
8.10732e+06
1.31922e+07
1.54342e+07
1.33731e+07
1.31214e+07
1.64442e+07
2.20899e+07
2.17006e+07
1.538e+07
1.22618e+07
1.40302e+07
1.64175e+07
1.45075e+07
1.22888e+07
1.33005e+07
1.57618e+07
1.40423e+07
1.02658e+07
1.37055e+07
2.34987e+07
2.61776e+07
2.07424e+07
2.13922e+07
2.99775e+07
3.32014e+07
2.7204e+07
1.97497e+07
1.34533e+07
8.69055e+06
8.58576e+06
1.8027e+07
2.81608e+07
2.47451e+07
1.87946e+07
2.55485e+07
2.89085e+07
2.63806e+07
1.93608e+07
2.029e+07
2.24952e+07
2.49256e+07
3.26619e+07
2.90829e+07
2.16625e+07
1.95971e+07
1.99087e+07
1.64965e+07
1.02122e+07
9.71424e+06
1.32701e+07
1.66097e+07
2.26513e+07
2.66059e+07
2.81827e+07
2.85317e+07
1.90134e+07
1.3376e+07
1.647e+07
1.92817e+07
1.79149e+07
1.61389e+07
1.20018e+07
9.65172e+06
1.23684e+07
1.45879e+07
7.97621e+06
3.1437e+06
6.18553e+06
1.28555e+07
1.74254e+07
2.03565e+07
2.52586e+07
2.22409e+07
1.15882e+07
3.48234e+06
3.82257e+06
7.9249e+06
6.61065e+06
1.99669e+06
1.09719e+06
1.44932e+06
1.15371e+06
3.28182e+06
4.82207e+06
8.60072e+06
1.34146e+07
1.37856e+07
8.95978e+06
3.21765e+06
2.24303e+06
2.30222e+06
392543
2520
2
0
12
534
15670
198333
1.29541e+06
4.09877e+06
6.00518e+06
3.38805e+06
531957
22238
456
3
0
0
0
0
0
71
1973
30824
199906
453903
177579
0
0
0
0
0
0
0
0
0
0
0
0
0
0
0
0
0
0
0
0
0
0
0
0
0
0
0
0
0
0
0
0
0
0
0
0
0
0
0
0
0
0
0
0
0
0
0
0
0
0
0
0
0
0
0
0
0
0
0
0
0
0
0
0
0
0
0
0
0
0
0
0
0
0
0
0
0
0
0
0
0
0
0
0
0
0
0
0
0
0
0
0
0
0
0
0
0
0
0
0
0
0
0
0
0
0
0
0
0
0
0
0
0
0
0
0
0
0
0
0
0
0
0
0
0
0
0
0
0
0
0
0
0
0
0
0
0
0
0
0
0
0
0
0
0
0
0
0
0
0
0
0
0
0
0
0
0
0
0
0
0
0
0
0
0
0
0
0
0
0
0
0
0
0
0
0
0
0
0
0
0
0
0
0
0
0
0
0
0
0
0
0
0
0
0
0
0
0
0
0
