931840
0
0
0
0
0
0
0
0
0
0
0
0
0
0
0
0
1959
221078
1.57947e+06
2.29932e+06
1.16879e+06
281165
36650
3608
14327
111053
451291
909125
848050
373040
85874
129671
931637
2.96684e+06
4.01388e+06
2.37594e+06
679444
288985
992675
1.9434e+06
1.65932e+06
760266
822812
2.31214e+06
3.76338e+06
2.95013e+06
1.24722e+06
755534
1.20465e+06
1.25484e+06
1.25355e+06
3.36384e+06
7.00695e+06
7.07428e+06
3.56063e+06
1.34899e+06
1.0496e+06
1.14496e+06
2.20097e+06
4.68651e+06
5.68137e+06
4.05962e+06
3.44916e+06
3.98772e+06
3.38338e+06
3.23813e+06
4.03912e+06
3.67907e+06
3.42097e+06
4.32369e+06
5.36501e+06
8.45905e+06
1.14887e+07
8.50454e+06
3.30667e+06
1.36525e+06
3.19537e+06
6.68406e+06
7.35089e+06
4.88628e+06
3.43159e+06
4.37571e+06
7.09765e+06
8.32059e+06
7.19768e+06
7.10054e+06
8.85628e+06
1.1903e+07
1.16904e+07
8.28569e+06
6.63442e+06
7.55581e+06
8.85184e+06
7.80542e+06
6.64358e+06
7.16801e+06
8.4901e+06
7.56471e+06
5.54518e+06
7.40211e+06
1.26608e+07
1.41088e+07
1.11739e+07
1.15402e+07
1.6155e+07
1.7899e+07
1.46455e+07
1.06547e+07
7.255e+06
4.70626e+06
4.64828e+06
9.69706e+06
1.51826e+07
1.33172e+07
1.01448e+07
1.3772e+07
1.55902e+07
1.4217e+07
1.04383e+07
1.09523e+07
1.21212e+07
1.3445e+07
1.75863e+07
1.56826e+07
1.16782e+07
1.05553e+07
1.07497e+07
8.88761e+06
5.51177e+06
5.24851e+06
7.14584e+06
8.95454e+06
1.22172e+07
1.43407e+07
1.5177e+07
1.53773e+07
1.02626e+07
7.21444e+06
8.87954e+06
1.03862e+07
9.65128e+06
8.71048e+06
6.46853e+06
5.20618e+06
6.67244e+06
7.84348e+06
4.30888e+06
1.70274e+06
3.33572e+06
6.9261e+06
9.41664e+06
1.09625e+07
1.36032e+07
1.19746e+07
6.25551e+06
1.89049e+06
2.06488e+06
4.25922e+06
3.56474e+06
1.0805e+06
593765
779573
627158
1.76926e+06
2.60223e+06
4.63281e+06
7.22407e+06
7.41899e+06
4.84319e+06
1.73822e+06
1.20879e+06
1.23909e+06
212796
1384
0
0
12
346
9150
109871
700758
2.20757e+06
3.23117e+06
1.82757e+06
287135
12680
305
0
0
0
0
0
0
57
1147
17380
108625
243185
95526
0
0
0
0
0
0
0
0
0
0
0
0
0
0
0
0
0
0
0
0
0
0
0
0
0
0
0
0
0
0
0
0
0
0
0
0
0
0
0
0
0
0
0
0
0
0
0
0
0
0
0
0
0
0
0
0
0
0
0
0
0
0
0
0
0
0
0
0
0
0
0
0
0
0
0
0
0
0
0
0
0
0
0
0
0
0
0
0
0
0
0
0
0
0
0
0
0
0
0
0
0
0
0
0
0
0
0
0
0
0
0
0
0
0
0
0
0
0
0
0
0
0
0
0
0
0
0
0
0
0
0
0
0
0
0
0
0
0
0
0
0
0
0
0
0
0
0
0
0
0
0
0
0
0
0
0
0
0
0
0
0
0
0
0
0
0
0
0
0
0
0
0
0
0
0
0
0
0
0
0
0
0
0
0
0
0
0
0
0
0
0
0
0
0
0
0
0
0
0
0
