1.43565e+06
0
0
0
0
0
0
0
0
0
0
0
0
0
0
0
0
2951
339894
2.43416e+06
3.54119e+06
1.80426e+06
432478
55010
5460
21523
168362
696345
1.40401e+06
1.30916e+06
572972
130561
195565
1.43172e+06
4.57576e+06
6.18888e+06
3.67037e+06
1.03935e+06
437714
1.52985e+06
2.99403e+06
2.56339e+06
1.16748e+06
1.25353e+06
3.56492e+06
5.81252e+06
4.5608e+06
1.90804e+06
1.15448e+06
1.85996e+06
1.93363e+06
1.91566e+06
5.16676e+06
1.08205e+07
1.09385e+07
5.47832e+06
2.05772e+06
1.60879e+06
1.75652e+06
3.37664e+06
7.23908e+06
8.77386e+06
6.24625e+06
5.30733e+06
6.14928e+06
5.21426e+06
4.97844e+06
6.22733e+06
5.66671e+06
5.26883e+06
6.64936e+06
8.244e+06
1.30478e+07
1.7742e+07
1.31439e+07
5.05332e+06
2.06154e+06
4.91072e+06
1.03294e+07
1.13472e+07
7.52124e+06
5.26115e+06
6.72601e+06
1.09608e+07
1.28285e+07
1.10968e+07
1.08981e+07
1.36527e+07
1.83594e+07
1.80332e+07
1.27643e+07
1.01826e+07
1.16467e+07
1.36503e+07
1.20453e+07
1.02008e+07
1.10415e+07
1.31036e+07
1.16706e+07
8.51156e+06
1.13661e+07
1.95294e+07
2.17702e+07
1.72052e+07
1.77454e+07
2.49117e+07
2.7608e+07
2.25865e+07
1.63985e+07
1.11764e+07
7.21828e+06
7.10186e+06
1.49572e+07
2.34397e+07
2.05592e+07
1.55649e+07
2.12226e+07
2.40374e+07
2.19126e+07
1.60635e+07
1.68519e+07
1.8675e+07
2.06814e+07
2.7149e+07
2.41832e+07
1.79875e+07
1.62638e+07
1.65497e+07
1.36994e+07
8.46759e+06
8.05729e+06
1.10136e+07
1.37949e+07
1.88433e+07
2.21059e+07
2.33894e+07
2.37115e+07
1.57969e+07
1.10922e+07
1.3681e+07
1.60194e+07
1.48614e+07
1.34138e+07
9.97394e+06
8.00357e+06
1.02775e+07
1.21354e+07
6.62582e+06
2.59958e+06
5.12978e+06
1.06829e+07
1.44809e+07
1.6879e+07
2.09869e+07
1.84921e+07
9.63232e+06
2.88284e+06
3.16095e+06
6.58858e+06
5.50331e+06
1.65522e+06
908131
1.20528e+06
953903
2.72316e+06
4.00751e+06
7.14276e+06
1.11362e+07
1.1453e+07
7.45192e+06
2.66946e+06
1.85872e+06
1.91814e+06
327036
2097
2
0
12
440
12980
163915
1.07181e+06
3.40372e+06
4.99011e+06
2.81839e+06
440266
18787
401
0
0
0
0
0
0
61
1641
25705
165851
376693
147873
0
0
0
0
0
0
0
0
0
0
0
0
0
0
0
0
0
0
0
0
0
0
0
0
0
0
0
0
0
0
0
0
0
0
0
0
0
0
0
0
0
0
0
0
0
0
0
0
0
0
0
0
0
0
0
0
0
0
0
0
0
0
0
0
0
0
0
0
0
0
0
0
0
0
0
0
0
0
0
0
0
0
0
0
0
0
0
0
0
0
0
0
0
0
0
0
0
0
0
0
0
0
0
0
0
0
0
0
0
0
0
0
0
0
0
0
0
0
0
0
0
0
0
0
0
0
0
0
0
0
0
0
0
0
0
0
0
0
0
0
0
0
0
0
0
0
0
0
0
0
0
0
0
0
0
0
0
0
0
0
0
0
0
0
0
0
0
0
0
0
0
0
0
0
0
0
0
0
0
0
0
0
0
0
0
0
0
0
0
0
0
0
0
0
0
0
0
0
0
0
