419840
0
0
0
0
0
0
0
0
0
0
0
0
0
0
0
0
877
100279
708320
1.03989e+06
525502
126670
16279
1723
6204
50092
202362
410557
383279
167605
38382
59590
421055
1.32987e+06
1.81411e+06
1.06663e+06
307885
130652
445026
880373
746277
341051
367984
1.03517e+06
1.71305e+06
1.32716e+06
558613
337191
542469
567870
564518
1.50568e+06
3.16643e+06
3.1955e+06
1.59354e+06
606388
477197
515810
983859
2.11052e+06
2.58127e+06
1.81528e+06
1.5463e+06
1.81071e+06
1.51958e+06
1.44987e+06
1.83186e+06
1.65383e+06
1.53212e+06
1.96432e+06
2.4114e+06
3.7926e+06
5.21194e+06
3.81866e+06
1.48021e+06
613876
1.43059e+06
3.02547e+06
3.32825e+06
2.18724e+06
1.54416e+06
1.96084e+06
3.20056e+06
3.76768e+06
3.22517e+06
3.21008e+06
3.96752e+06
5.38371e+06
5.28055e+06
3.71483e+06
2.99978e+06
3.3854e+06
4.00913e+06
3.49957e+06
3.00404e+06
3.21822e+06
3.83669e+06
3.41239e+06
2.48663e+06
3.32077e+06
5.72293e+06
6.37821e+06
5.01274e+06
5.17381e+06
7.29545e+06
8.09052e+06
6.58532e+06
4.80181e+06
3.26634e+06
2.12094e+06
2.07989e+06
4.35162e+06
6.89561e+06
5.98202e+06
4.54303e+06
6.19721e+06
7.0567e+06
6.39574e+06
4.69638e+06
4.95299e+06
5.45089e+06
6.03918e+06
7.92757e+06
7.09846e+06
5.24755e+06
4.7427e+06
4.86134e+06
3.99616e+06
2.47523e+06
2.36466e+06
3.21489e+06
4.03151e+06
5.52263e+06
6.4587e+06
6.81942e+06
6.96076e+06
4.62671e+06
3.22468e+06
4.00906e+06
4.68594e+06
4.33084e+06
3.9402e+06
2.90794e+06
2.3449e+06
3.00983e+06
3.53096e+06
1.94356e+06
760066
1.49367e+06
3.12033e+06
4.28217e+06
4.90527e+06
6.12865e+06
5.40643e+06
2.82829e+06
843245
923695
1.91377e+06
1.62097e+06
482890
265704
351766
282356
790467
1.16971e+06
2.08237e+06
3.26466e+06
3.34034e+06
2.19902e+06
774873
538897
561157
98220
669
0
0
3
140
4116
47692
310180
986450
1.46729e+06
829612
127539
5424
111
0
0
0
0
0
0
15
489
7305
47382
109117
45612
0
0
0
0
0
0
0
0
0
0
0
0
0
0
0
0
0
0
0
0
0
0
0
0
0
0
0
0
0
0
0
0
0
0
0
0
0
0
0
0
0
0
0
0
0
0
0
0
0
0
0
0
0
0
0
0
0
0
0
0
0
0
0
0
0
0
0
0
0
0
0
0
0
0
0
0
0
0
0
0
0
0
0
0
0
0
0
0
0
0
0
0
0
0
0
0
0
0
0
0
0
0
0
0
0
0
0
0
0
0
0
0
0
0
0
0
0
0
0
0
0
0
0
0
0
0
0
0
0
0
0
0
0
0
0
0
0
0
0
0
0
0
0
0
0
0
0
0
0
0
0
0
0
0
0
0
0
0
0
0
0
0
0
0
0
0
0
0
0
0
0
0
0
0
0
0
0
0
0
0
0
0
0
0
0
0
0
0
0
0
0
0
0
0
0
0
0
0
0
0
