782336
0
0
0
0
0
0
0
0
0
0
0
0
0
0
0
0
1620
185972
1.32462e+06
1.93201e+06
981108
235996
30508
3070
11850
93199
378327
764422
711951
312828
72180
108829
782390
2.4876e+06
3.37412e+06
1.99434e+06
569896
242476
832831
1.63264e+06
1.39208e+06
638383
689764
1.94003e+06
3.16504e+06
2.4758e+06
1.04512e+06
633162
1.01271e+06
1.0544e+06
1.05182e+06
2.81917e+06
5.88632e+06
5.94491e+06
2.98578e+06
1.13149e+06
882080
960722
1.84452e+06
3.93587e+06
4.77562e+06
3.40312e+06
2.8951e+06
3.35206e+06
2.83729e+06
2.71673e+06
3.3962e+06
3.08702e+06
2.86949e+06
3.63532e+06
4.50103e+06
7.09647e+06
9.65709e+06
7.13685e+06
2.77232e+06
1.14521e+06
2.67839e+06
5.61748e+06
6.17728e+06
4.09699e+06
2.88139e+06
3.66912e+06
5.96132e+06
6.99083e+06
6.03776e+06
5.96285e+06
7.43037e+06
1.00003e+07
9.81922e+06
6.94862e+06
5.57133e+06
6.3388e+06
7.43932e+06
6.54907e+06
5.58168e+06
6.01313e+06
7.13147e+06
6.35331e+06
4.6485e+06
6.20936e+06
1.0638e+07
1.1854e+07
9.37356e+06
9.67926e+06
1.3568e+07
1.50354e+07
1.22932e+07
8.9455e+06
6.09262e+06
3.94831e+06
3.89461e+06
8.13522e+06
1.27684e+07
1.11781e+07
8.50534e+06
1.15585e+07
1.30995e+07
1.19342e+07
8.76175e+06
9.20094e+06
1.01753e+07
1.12766e+07
1.4769e+07
1.31742e+07
9.80217e+06
8.85827e+06
9.03242e+06
7.45894e+06
4.62429e+06
4.40312e+06
5.99651e+06
7.51522e+06
1.0265e+07
1.20461e+07
1.27324e+07
1.29205e+07
8.61575e+06
6.04689e+06
7.4589e+06
8.72462e+06
8.09557e+06
7.31657e+06
5.43032e+06
4.36866e+06
5.60256e+06
6.5876e+06
3.61841e+06
1.42576e+06
2.796e+06
5.8158e+06
7.91603e+06
9.19153e+06
1.14254e+07
1.00579e+07
5.25589e+06
1.58196e+06
1.72847e+06
3.57488e+06
3.00026e+06
906203
497407
654791
523923
1.48285e+06
2.18433e+06
3.88914e+06
6.07039e+06
6.22665e+06
4.07269e+06
1.45615e+06
1.012e+06
1.0417e+06
180269
1214
0
0
12
295
7720
91359
584327
1.84924e+06
2.71881e+06
1.53797e+06
240506
10518
266
0
0
0
0
0
0
54
938
14498
90467
203952
81259
0
0
0
0
0
0
0
0
0
0
0
0
0
0
0
0
0
0
0
0
0
0
0
0
0
0
0
0
0
0
0
0
0
0
0
0
0
0
0
0
0
0
0
0
0
0
0
0
0
0
0
0
0
0
0
0
0
0
0
0
0
0
0
0
0
0
0
0
0
0
0
0
0
0
0
0
0
0
0
0
0
0
0
0
0
0
0
0
0
0
0
0
0
0
0
0
0
0
0
0
0
0
0
0
0
0
0
0
0
0
0
0
0
0
0
0
0
0
0
0
0
0
0
0
0
0
0
0
0
0
0
0
0
0
0
0
0
0
0
0
0
0
0
0
0
0
0
0
0
0
0
0
0
0
0
0
0
0
0
0
0
0
0
0
0
0
0
0
0
0
0
0
0
0
0
0
0
0
0
0
0
0
0
0
0
0
0
0
0
0
0
0
0
0
0
0
0
0
0
0
