1.024e+06
0
0
0
0
0
0
0
0
0
0
0
0
0
0
0
0
2133
242766
1.73604e+06
2.52594e+06
1.2852e+06
309044
40106
3892
15804
121611
496292
998679
932633
409835
94076
141972
1.02384e+06
3.26058e+06
4.41053e+06
2.61274e+06
746237
316460
1.09091e+06
2.13474e+06
1.8245e+06
836035
902356
2.54189e+06
4.13495e+06
3.24428e+06
1.3695e+06
829875
1.3241e+06
1.37737e+06
1.37712e+06
3.69553e+06
7.70092e+06
7.77749e+06
3.91456e+06
1.47998e+06
1.15161e+06
1.25759e+06
2.41755e+06
5.15042e+06
6.24521e+06
4.4625e+06
3.79051e+06
4.37963e+06
3.72142e+06
3.5569e+06
4.43613e+06
4.04395e+06
3.75985e+06
4.74748e+06
5.89479e+06
9.29847e+06
1.26273e+07
9.35104e+06
3.63162e+06
1.49465e+06
3.51029e+06
7.34794e+06
8.0767e+06
5.3717e+06
3.76753e+06
4.80952e+06
7.7995e+06
9.14345e+06
7.9153e+06
7.79412e+06
9.7366e+06
1.30813e+07
1.28465e+07
9.1077e+06
7.28374e+06
8.30481e+06
9.72869e+06
8.58193e+06
7.29426e+06
7.8785e+06
9.33026e+06
8.31436e+06
6.09244e+06
8.13222e+06
1.39095e+07
1.55067e+07
1.22839e+07
1.26803e+07
1.77494e+07
1.96699e+07
1.61005e+07
1.17083e+07
7.96967e+06
5.1683e+06
5.10425e+06
1.06573e+07
1.66856e+07
1.4642e+07
1.11459e+07
1.51317e+07
1.71304e+07
1.56242e+07
1.14696e+07
1.20351e+07
1.33192e+07
1.47745e+07
1.93287e+07
1.72298e+07
1.28381e+07
1.16009e+07
1.18092e+07
9.76695e+06
6.05722e+06
5.76229e+06
7.852e+06
9.84182e+06
1.34247e+07
1.57593e+07
1.66842e+07
1.68981e+07
1.12759e+07
7.92547e+06
9.7582e+06
1.14144e+07
1.06054e+07
9.56999e+06
7.11051e+06
5.71891e+06
7.33198e+06
8.62465e+06
4.73447e+06
1.86934e+06
3.66423e+06
7.61074e+06
1.03437e+07
1.20495e+07
1.49495e+07
1.31621e+07
6.87512e+06
2.07391e+06
2.26918e+06
4.68241e+06
3.91691e+06
1.18724e+06
651438
857275
688892
1.94531e+06
2.85904e+06
5.09038e+06
7.9391e+06
8.15549e+06
5.3196e+06
1.9095e+06
1.32965e+06
1.36137e+06
233652
1514
0
0
12
359
9989
120192
770439
2.42659e+06
3.55143e+06
2.00752e+06
315181
13955
330
0
0
0
0
0
0
57
1280
19113
119169
267578
104803
0
0
0
0
0
0
0
0
0
0
0
0
0
0
0
0
0
0
0
0
0
0
0
0
0
0
0
0
0
0
0
0
0
0
0
0
0
0
0
0
0
0
0
0
0
0
0
0
0
0
0
0
0
0
0
0
0
0
0
0
0
0
0
0
0
0
0
0
0
0
0
0
0
0
0
0
0
0
0
0
0
0
0
0
0
0
0
0
0
0
0
0
0
0
0
0
0
0
0
0
0
0
0
0
0
0
0
0
0
0
0
0
0
0
0
0
0
0
0
0
0
0
0
0
0
0
0
0
0
0
0
0
0
0
0
0
0
0
0
0
0
0
0
0
0
0
0
0
0
0
0
0
0
0
0
0
0
0
0
0
0
0
0
0
0
0
0
0
0
0
0
0
0
0
0
0
0
0
0
0
0
0
0
0
0
0
0
0
0
0
0
0
0
0
0
0
0
0
0
0
