677888
0
0
0
0
0
0
0
0
0
0
0
0
0
0
0
0
1400
161285
1.14678e+06
1.67561e+06
849370
204553
26411
2699
10112
80526
328137
662672
617176
270358
62728
94544
678410
2.15348e+06
2.92577e+06
1.72633e+06
494428
210509
720914
1.41547e+06
1.2063e+06
552616
596133
1.67864e+06
2.74989e+06
2.14496e+06
903624
547862
876508
915424
910147
2.43933e+06
5.10357e+06
5.1561e+06
2.58316e+06
978749
765771
832760
1.59513e+06
3.41046e+06
4.14542e+06
2.94434e+06
2.50571e+06
2.9091e+06
2.45758e+06
2.35103e+06
2.94662e+06
2.67408e+06
2.4823e+06
3.15417e+06
3.89814e+06
6.14555e+06
8.37718e+06
6.18328e+06
2.39763e+06
990030
2.31767e+06
4.87168e+06
5.35962e+06
3.54728e+06
2.4934e+06
3.17508e+06
5.16778e+06
6.06376e+06
5.22636e+06
5.1684e+06
6.43189e+06
8.67053e+06
8.51585e+06
6.01535e+06
4.829e+06
5.48723e+06
6.45061e+06
5.66989e+06
4.84044e+06
5.20414e+06
6.18597e+06
5.50765e+06
4.0236e+06
5.37512e+06
9.22669e+06
1.02745e+07
8.11508e+06
8.37817e+06
1.17642e+07
1.30366e+07
1.0647e+07
7.7525e+06
5.27668e+06
3.4226e+06
3.37049e+06
7.03957e+06
1.10828e+07
9.68267e+06
7.36114e+06
1.00119e+07
1.13599e+07
1.03399e+07
7.59173e+06
7.97369e+06
8.81367e+06
9.76563e+06
1.27991e+07
1.14261e+07
8.48848e+06
7.67174e+06
7.83382e+06
6.46016e+06
4.00334e+06
3.81283e+06
5.19535e+06
6.51198e+06
8.89965e+06
1.04382e+07
1.10255e+07
1.12077e+07
7.46283e+06
5.2356e+06
6.46643e+06
7.55998e+06
7.00973e+06
6.34229e+06
4.70439e+06
3.78754e+06
4.85334e+06
5.70678e+06
3.1376e+06
1.23206e+06
2.42121e+06
5.04031e+06
6.86721e+06
7.9564e+06
9.90088e+06
8.72001e+06
4.5554e+06
1.36741e+06
1.49585e+06
3.0971e+06
2.60328e+06
784042
430360
567299
453083
1.28237e+06
1.89319e+06
3.36834e+06
5.26508e+06
5.39523e+06
3.53192e+06
1.25895e+06
875162
903804
156739
1095
0
0
12
263
6492
78177
503747
1.60104e+06
2.35997e+06
1.33493e+06
207194
8940
223
0
0
0
0
0
0
37
764
12350
77499
176983
71311
0
0
0
0
0
0
0
0
0
0
0
0
0
0
0
0
0
0
0
0
0
0
0
0
0
0
0
0
0
0
0
0
0
0
0
0
0
0
0
0
0
0
0
0
0
0
0
0
0
0
0
0
0
0
0
0
0
0
0
0
0
0
0
0
0
0
0
0
0
0
0
0
0
0
0
0
0
0
0
0
0
0
0
0
0
0
0
0
0
0
0
0
0
0
0
0
0
0
0
0
0
0
0
0
0
0
0
0
0
0
0
0
0
0
0
0
0
0
0
0
0
0
0
0
0
0
0
0
0
0
0
0
0
0
0
0
0
0
0
0
0
0
0
0
0
0
0
0
0
0
0
0
0
0
0
0
0
0
0
0
0
0
0
0
0
0
0
0
0
0
0
0
0
0
0
0
0
0
0
0
0
0
0
0
0
0
0
0
0
0
0
0
0
0
0
0
0
0
0
0
