2.01318e+06
0
0
0
0
0
0
0
0
0
0
0
0
0
0
0
2
4047
476227
3.4149e+06
4.96355e+06
2.53085e+06
606517
77420
7670
30586
236287
978008
1.96556e+06
1.83506e+06
805328
182837
275695
2.01146e+06
6.41846e+06
8.66406e+06
5.15004e+06
1.46071e+06
616970
2.1456e+06
4.19457e+06
3.59366e+06
1.64159e+06
1.76327e+06
5.0036e+06
8.12657e+06
6.39961e+06
2.68192e+06
1.62228e+06
2.60469e+06
2.71142e+06
2.69212e+06
7.25891e+06
1.51545e+07
1.53255e+07
7.69202e+06
2.89505e+06
2.2513e+06
2.46278e+06
4.74214e+06
1.01525e+07
1.22841e+07
8.77372e+06
7.44795e+06
8.60121e+06
7.31811e+06
6.98932e+06
8.724e+06
7.95501e+06
7.3929e+06
9.31406e+06
1.15873e+07
1.83108e+07
2.48152e+07
1.84259e+07
7.10879e+06
2.90683e+06
6.90144e+06
1.44719e+07
1.58838e+07
1.05578e+07
7.38744e+06
9.44049e+06
1.53643e+07
1.79728e+07
1.55848e+07
1.52824e+07
1.91576e+07
2.57144e+07
2.52711e+07
1.79185e+07
1.42855e+07
1.63524e+07
1.90996e+07
1.6899e+07
1.43159e+07
1.54964e+07
1.835e+07
1.63479e+07
1.19696e+07
1.59702e+07
2.73632e+07
3.04825e+07
2.41648e+07
2.4925e+07
3.4908e+07
3.8651e+07
3.16901e+07
2.29937e+07
1.56764e+07
1.01306e+07
1.0017e+07
2.10044e+07
3.27538e+07
2.88163e+07
2.19183e+07
2.97598e+07
3.36517e+07
3.07291e+07
2.25658e+07
2.36283e+07
2.62046e+07
2.90392e+07
3.80281e+07
3.3853e+07
2.52369e+07
2.28287e+07
2.31774e+07
1.9223e+07
1.19058e+07
1.13179e+07
1.54573e+07
1.93422e+07
2.63705e+07
3.09836e+07
3.28357e+07
3.32101e+07
2.2142e+07
1.56036e+07
1.91859e+07
2.24453e+07
2.08721e+07
1.8786e+07
1.39807e+07
1.12501e+07
1.44029e+07
1.69752e+07
9.28954e+06
3.66916e+06
7.20856e+06
1.49748e+07
2.0294e+07
2.37259e+07
2.94161e+07
2.58817e+07
1.34888e+07
4.06681e+06
4.46513e+06
9.22825e+06
7.68106e+06
2.33006e+06
1.27922e+06
1.68788e+06
1.34578e+06
3.82509e+06
5.61504e+06
1.00188e+07
1.56339e+07
1.60528e+07
1.0418e+07
3.75501e+06
2.6139e+06
2.67745e+06
457115
2985
2
0
13
644
18059
231366
1.51138e+06
4.7768e+06
6.98816e+06
3.94543e+06
620185
26083
532
3
0
0
0
0
0
88
2320
35724
233303
528452
206705
0
0
0
0
0
0
0
0
0
0
0
0
0
0
0
0
0
0
0
0
0
0
0
0
0
0
0
0
0
0
0
0
0
0
0
0
0
0
0
0
0
0
0
0
0
0
0
0
0
0
0
0
0
0
0
0
0
0
0
0
0
0
0
0
0
0
0
0
0
0
0
0
0
0
0
0
0
0
0
0
0
0
0
0
0
0
0
0
0
0
0
0
0
0
0
0
0
0
0
0
0
0
0
0
0
0
0
0
0
0
0
0
0
0
0
0
0
0
0
0
0
0
0
0
0
0
0
0
0
0
0
0
0
0
0
0
0
0
0
0
0
0
0
0
0
0
0
0
0
0
0
0
0
0
0
0
0
0
0
0
0
0
0
0
0
0
0
0
0
0
0
0
0
0
0
0
0
0
0
0
0
0
0
0
0
0
0
0
0
0
0
0
0
0
0
0
0
0
0
0
