901120
0
0
0
0
0
0
0
0
0
0
0
0
0
0
0
0
1889
213742
1.5274e+06
2.22375e+06
1.13008e+06
271841
35477
3509
13794
107419
436252
879374
820363
360428
83046
125399
900780
2.86891e+06
3.88254e+06
2.2963e+06
657605
279624
959906
1.87921e+06
1.60458e+06
735205
795254
2.23639e+06
3.64008e+06
2.85223e+06
1.20572e+06
730599
1.16569e+06
1.21322e+06
1.21252e+06
3.25215e+06
6.77641e+06
6.84131e+06
3.44212e+06
1.30503e+06
1.01528e+06
1.10742e+06
2.128e+06
4.53181e+06
5.49538e+06
3.92475e+06
3.3358e+06
3.85656e+06
3.27121e+06
3.13102e+06
3.90644e+06
3.55748e+06
3.30797e+06
4.18246e+06
5.1879e+06
8.17863e+06
1.11115e+07
8.22256e+06
3.19783e+06
1.32124e+06
3.08878e+06
6.46528e+06
7.10888e+06
4.72381e+06
3.32018e+06
4.23171e+06
6.86112e+06
8.04733e+06
6.96014e+06
6.86714e+06
8.56342e+06
1.15107e+07
1.13042e+07
8.0126e+06
6.41738e+06
7.30591e+06
8.56039e+06
7.54769e+06
6.4257e+06
6.93063e+06
8.21132e+06
7.31494e+06
5.36309e+06
7.15713e+06
1.22429e+07
1.36445e+07
1.08048e+07
1.11596e+07
1.56223e+07
1.73101e+07
1.41603e+07
1.03055e+07
7.01543e+06
4.55182e+06
4.49462e+06
9.3762e+06
1.46841e+07
1.28774e+07
9.81068e+06
1.33178e+07
1.50757e+07
1.3748e+07
1.00942e+07
1.05907e+07
1.17225e+07
1.29994e+07
1.70088e+07
1.51661e+07
1.12932e+07
1.02047e+07
1.03978e+07
8.59414e+06
5.33024e+06
5.07502e+06
6.91054e+06
8.65877e+06
1.18158e+07
1.3869e+07
1.46737e+07
1.48702e+07
9.92599e+06
6.97644e+06
8.58591e+06
1.00439e+07
9.33224e+06
8.42424e+06
6.25596e+06
5.03478e+06
6.45231e+06
7.58294e+06
4.16895e+06
1.64715e+06
3.22538e+06
6.69656e+06
9.10712e+06
1.06008e+07
1.31545e+07
1.15796e+07
6.04896e+06
1.82904e+06
1.9967e+06
4.11732e+06
3.44852e+06
1.04466e+06
574232
754037
606314
1.7112e+06
2.51716e+06
4.47899e+06
6.98718e+06
7.17287e+06
4.684e+06
1.68135e+06
1.16912e+06
1.1977e+06
205878
1341
0
0
12
341
8940
106379
677841
2.13409e+06
3.12456e+06
1.76753e+06
277779
12305
298
0
0
0
0
0
0
57
1118
16916
104950
235109
92410
0
0
0
0
0
0
0
0
0
0
0
0
0
0
0
0
0
0
0
0
0
0
0
0
0
0
0
0
0
0
0
0
0
0
0
0
0
0
0
0
0
0
0
0
0
0
0
0
0
0
0
0
0
0
0
0
0
0
0
0
0
0
0
0
0
0
0
0
0
0
0
0
0
0
0
0
0
0
0
0
0
0
0
0
0
0
0
0
0
0
0
0
0
0
0
0
0
0
0
0
0
0
0
0
0
0
0
0
0
0
0
0
0
0
0
0
0
0
0
0
0
0
0
0
0
0
0
0
0
0
0
0
0
0
0
0
0
0
0
0
0
0
0
0
0
0
0
0
0
0
0
0
0
0
0
0
0
0
0
0
0
0
0
0
0
0
0
0
0
0
0
0
0
0
0
0
0
0
0
0
0
0
0
0
0
0
0
0
0
0
0
0
0
0
0
0
0
0
0
0
