1.19398e+06
0
0
0
0
0
0
0
0
0
0
0
0
0
0
0
0
2454
283180
2.02412e+06
2.94528e+06
1.49903e+06
360183
46401
4519
18272
140863
579609
1.16483e+06
1.08837e+06
477158
109403
163915
1.19366e+06
3.80346e+06
5.14217e+06
3.05032e+06
867855
367415
1.27192e+06
2.48839e+06
2.12967e+06
973700
1.04921e+06
2.96502e+06
4.82298e+06
3.78723e+06
1.59481e+06
964241
1.54499e+06
1.60686e+06
1.60056e+06
4.30591e+06
8.98513e+06
9.07887e+06
4.56268e+06
1.72059e+06
1.34003e+06
1.46455e+06
2.81526e+06
6.0118e+06
7.28504e+06
5.2018e+06
4.41767e+06
5.10839e+06
4.33818e+06
4.14704e+06
5.173e+06
4.71355e+06
4.38563e+06
5.53057e+06
6.865e+06
1.08507e+07
1.47339e+07
1.09147e+07
4.22186e+06
1.73392e+06
4.0903e+06
8.57312e+06
9.42142e+06
6.26371e+06
4.38786e+06
5.60388e+06
9.103e+06
1.06591e+07
9.22979e+06
9.08026e+06
1.13571e+07
1.5255e+07
1.49843e+07
1.0618e+07
8.48438e+06
9.68783e+06
1.13446e+07
1.00125e+07
8.49667e+06
9.18412e+06
1.08863e+07
9.69777e+06
7.09489e+06
9.47621e+06
1.62249e+07
1.80829e+07
1.43241e+07
1.47792e+07
2.06991e+07
2.29422e+07
1.87775e+07
1.36445e+07
9.29778e+06
6.01706e+06
5.93762e+06
1.24334e+07
1.94629e+07
1.70833e+07
1.29852e+07
1.76466e+07
1.99723e+07
1.82196e+07
1.33712e+07
1.40235e+07
1.55347e+07
1.72218e+07
2.25451e+07
2.00968e+07
1.4966e+07
1.35313e+07
1.37614e+07
1.13936e+07
7.0558e+06
6.71474e+06
9.15585e+06
1.14757e+07
1.56579e+07
1.83799e+07
1.94568e+07
1.97032e+07
1.31368e+07
9.24254e+06
1.13783e+07
1.33139e+07
1.23664e+07
1.11561e+07
8.29051e+06
6.66574e+06
8.54976e+06
1.00671e+07
5.51584e+06
2.17649e+06
4.27202e+06
8.87662e+06
1.20446e+07
1.40509e+07
1.74431e+07
1.53589e+07
8.01059e+06
2.41126e+06
2.64137e+06
5.46885e+06
4.56763e+06
1.38162e+06
757905
1.00115e+06
799539
2.26908e+06
3.33437e+06
5.93714e+06
9.25434e+06
9.51667e+06
6.19748e+06
2.22633e+06
1.54869e+06
1.59121e+06
271992
1753
2
0
12
398
11274
138803
897309
2.83196e+06
4.1413e+06
2.34064e+06
367643
16146
366
0
0
0
0
0
0
61
1453
22041
138871
312257
122309
0
0
0
0
0
0
0
0
0
0
0
0
0
0
0
0
0
0
0
0
0
0
0
0
0
0
0
0
0
0
0
0
0
0
0
0
0
0
0
0
0
0
0
0
0
0
0
0
0
0
0
0
0
0
0
0
0
0
0
0
0
0
0
0
0
0
0
0
0
0
0
0
0
0
0
0
0
0
0
0
0
0
0
0
0
0
0
0
0
0
0
0
0
0
0
0
0
0
0
0
0
0
0
0
0
0
0
0
0
0
0
0
0
0
0
0
0
0
0
0
0
0
0
0
0
0
0
0
0
0
0
0
0
0
0
0
0
0
0
0
0
0
0
0
0
0
0
0
0
0
0
0
0
0
0
0
0
0
0
0
0
0
0
0
0
0
0
0
0
0
0
0
0
0
0
0
0
0
0
0
0
0
0
0
0
0
0
0
0
0
0
0
0
0
0
0
0
0
0
0
