270336
0
0
0
0
0
0
0
0
0
0
0
0
0
0
0
0
611
64733
455173
671203
336737
81947
10807
1102
4055
32247
128796
266220
247286
107260
24578
38738
271970
853004
1.17191e+06
683408
199372
84979
285437
568574
479859
219234
236429
662485
1.11227e+06
851541
358278
217006
349002
366686
364488
967113
2.03996e+06
2.05711e+06
1.02331e+06
391716
309958
331745
631952
1.35539e+06
1.67152e+06
1.16261e+06
991974
1.17504e+06
974774
930372
1.18595e+06
1.06031e+06
983604
1.27497e+06
1.54738e+06
2.43175e+06
3.37559e+06
2.44677e+06
952243
398225
917863
1.9498e+06
2.15089e+06
1.39995e+06
997665
1.25819e+06
2.06226e+06
2.43385e+06
2.06558e+06
2.07492e+06
2.5439e+06
3.47584e+06
3.40268e+06
2.38605e+06
1.93943e+06
2.16647e+06
2.59403e+06
2.24164e+06
1.94327e+06
2.06873e+06
2.47383e+06
2.19594e+06
1.60193e+06
2.13401e+06
3.68541e+06
4.11488e+06
3.22176e+06
3.32486e+06
4.69853e+06
5.22193e+06
4.23148e+06
3.0924e+06
2.10408e+06
1.36985e+06
1.33927e+06
2.7878e+06
4.46382e+06
3.8379e+06
2.92238e+06
3.98636e+06
4.5567e+06
4.11e+06
3.0264e+06
3.19828e+06
3.5001e+06
3.88542e+06
5.10144e+06
4.58525e+06
3.37244e+06
3.04626e+06
3.14213e+06
2.56696e+06
1.59273e+06
1.52793e+06
2.06611e+06
2.59333e+06
3.56928e+06
4.15248e+06
4.38209e+06
4.48917e+06
2.98081e+06
2.06885e+06
2.58582e+06
3.01841e+06
2.78186e+06
2.54474e+06
1.87132e+06
1.50979e+06
1.93785e+06
2.26838e+06
1.25513e+06
490155
963430
2.00581e+06
2.7728e+06
3.13866e+06
3.94769e+06
3.48233e+06
1.82455e+06
544848
595967
1.22618e+06
1.04807e+06
310124
171210
227009
183097
507115
752985
1.3417e+06
2.09952e+06
2.14588e+06
1.42401e+06
497362
346977
361666
63412
447
0
0
3
116
2784
31481
201019
633137
944061
534184
82502
3649
88
0
0
0
0
0
0
9
350
5008
30787
69493
29521
0
0
0
0
0
0
0
0
0
0
0
0
0
0
0
0
0
0
0
0
0
0
0
0
0
0
0
0
0
0
0
0
0
0
0
0
0
0
0
0
0
0
0
0
0
0
0
0
0
0
0
0
0
0
0
0
0
0
0
0
0
0
0
0
0
0
0
0
0
0
0
0
0
0
0
0
0
0
0
0
0
0
0
0
0
0
0
0
0
0
0
0
0
0
0
0
0
0
0
0
0
0
0
0
0
0
0
0
0
0
0
0
0
0
0
0
0
0
0
0
0
0
0
0
0
0
0
0
0
0
0
0
0
0
0
0
0
0
0
0
0
0
0
0
0
0
0
0
0
0
0
0
0
0
0
0
0
0
0
0
0
0
0
0
0
0
0
0
0
0
0
0
0
0
0
0
0
0
0
0
0
0
0
0
0
0
0
0
0
0
0
0
0
0
0
0
0
0
0
0
