1.14278e+06
0
0
0
0
0
0
0
0
0
0
0
0
0
0
0
0
2349
270908
1.93773e+06
2.81852e+06
1.43452e+06
345042
44472
4382
17644
134983
554899
1.11429e+06
1.0412e+06
456961
105040
157302
1.14298e+06
3.63964e+06
4.92114e+06
2.91865e+06
831465
352051
1.21785e+06
2.38174e+06
2.03699e+06
932864
1.00514e+06
2.83861e+06
4.61461e+06
3.62216e+06
1.52806e+06
924135
1.47805e+06
1.53805e+06
1.53362e+06
4.12282e+06
8.59687e+06
8.68624e+06
4.36775e+06
1.64869e+06
1.28375e+06
1.40195e+06
2.69572e+06
5.75267e+06
6.97069e+06
4.97897e+06
4.22954e+06
4.88876e+06
4.1523e+06
3.96955e+06
4.94999e+06
4.51281e+06
4.19788e+06
5.29446e+06
6.57324e+06
1.03829e+07
1.40981e+07
1.04424e+07
4.04527e+06
1.66295e+06
3.91559e+06
8.20353e+06
9.01619e+06
5.99501e+06
4.20186e+06
5.36426e+06
8.71024e+06
1.02025e+07
8.8338e+06
8.6941e+06
1.08688e+07
1.45993e+07
1.43386e+07
1.01645e+07
8.12305e+06
9.27218e+06
1.08574e+07
9.58017e+06
8.13612e+06
8.7898e+06
1.04173e+07
9.28228e+06
6.79424e+06
9.07087e+06
1.55251e+07
1.73064e+07
1.37128e+07
1.41468e+07
1.98085e+07
2.19572e+07
1.7971e+07
1.30607e+07
8.89784e+06
5.76268e+06
5.68718e+06
1.18966e+07
1.8627e+07
1.63495e+07
1.24302e+07
1.68876e+07
1.91179e+07
1.74385e+07
1.27972e+07
1.3424e+07
1.48669e+07
1.64853e+07
2.15768e+07
1.92341e+07
1.43243e+07
1.29489e+07
1.31731e+07
1.09045e+07
6.75552e+06
6.42718e+06
8.76308e+06
1.09832e+07
1.49864e+07
1.759e+07
1.86222e+07
1.88577e+07
1.25764e+07
8.84665e+06
1.08895e+07
1.27409e+07
1.1837e+07
1.06781e+07
7.93666e+06
6.37974e+06
8.18206e+06
9.63217e+06
5.2817e+06
2.08461e+06
4.08812e+06
8.49461e+06
1.15326e+07
1.34495e+07
1.66903e+07
1.46978e+07
7.66884e+06
2.31023e+06
2.52813e+06
5.23125e+06
4.37293e+06
1.3231e+06
725775
957532
766422
2.17132e+06
3.19157e+06
5.68244e+06
8.85784e+06
9.10601e+06
5.93345e+06
2.13125e+06
1.48181e+06
1.52241e+06
260716
1680
2
0
12
383
10889
133262
858626
2.7103e+06
3.96401e+06
2.23939e+06
352310
15514
360
0
0
0
0
0
0
61
1402
21190
132876
298650
117213
0
0
0
0
0
0
0
0
0
0
0
0
0
0
0
0
0
0
0
0
0
0
0
0
0
0
0
0
0
0
0
0
0
0
0
0
0
0
0
0
0
0
0
0
0
0
0
0
0
0
0
0
0
0
0
0
0
0
0
0
0
0
0
0
0
0
0
0
0
0
0
0
0
0
0
0
0
0
0
0
0
0
0
0
0
0
0
0
0
0
0
0
0
0
0
0
0
0
0
0
0
0
0
0
0
0
0
0
0
0
0
0
0
0
0
0
0
0
0
0
0
0
0
0
0
0
0
0
0
0
0
0
0
0
0
0
0
0
0
0
0
0
0
0
0
0
0
0
0
0
0
0
0
0
0
0
0
0
0
0
0
0
0
0
0
0
0
0
0
0
0
0
0
0
0
0
0
0
0
0
0
0
0
0
0
0
0
0
0
0
0
0
0
0
0
0
0
0
0
0
