1.65274e+06
0
0
0
0
0
0
0
0
0
0
0
0
0
0
0
2
3357
391204
2.80332e+06
4.07465e+06
2.0774e+06
498441
63547
6168
24883
194461
803522
1.61292e+06
1.50579e+06
661407
150678
226058
1.65115e+06
5.26878e+06
7.11394e+06
4.22767e+06
1.19919e+06
506024
1.76147e+06
3.44432e+06
2.94957e+06
1.34707e+06
1.44745e+06
4.10555e+06
6.67824e+06
5.25108e+06
2.20133e+06
1.33221e+06
2.13869e+06
2.22468e+06
2.2103e+06
5.95407e+06
1.24465e+07
1.25837e+07
6.31152e+06
2.37614e+06
1.85031e+06
2.02168e+06
3.8924e+06
8.33389e+06
1.00887e+07
7.19704e+06
6.11274e+06
7.07132e+06
6.00507e+06
5.73775e+06
7.1624e+06
6.52491e+06
6.06812e+06
7.65182e+06
9.50649e+06
1.50263e+07
2.03908e+07
1.51247e+07
5.83291e+06
2.3831e+06
5.6619e+06
1.18834e+07
1.30466e+07
8.66373e+06
6.06391e+06
7.75066e+06
1.26129e+07
1.47587e+07
1.27851e+07
1.25467e+07
1.57245e+07
2.11207e+07
2.07494e+07
1.47068e+07
1.17248e+07
1.34124e+07
1.56997e+07
1.38728e+07
1.17471e+07
1.27182e+07
1.50726e+07
1.34272e+07
9.81527e+06
1.31026e+07
2.24657e+07
2.50352e+07
1.9832e+07
2.0451e+07
2.86639e+07
3.17496e+07
2.60098e+07
1.88852e+07
1.28645e+07
8.3092e+06
8.20626e+06
1.72341e+07
2.69315e+07
2.36628e+07
1.79652e+07
2.44297e+07
2.76433e+07
2.5222e+07
1.85107e+07
1.94021e+07
2.1511e+07
2.38294e+07
3.12267e+07
2.78129e+07
2.0713e+07
1.87355e+07
1.90414e+07
1.57711e+07
9.76176e+06
9.29006e+06
1.26862e+07
1.58802e+07
2.16621e+07
2.54409e+07
2.6944e+07
2.72816e+07
1.81839e+07
1.27868e+07
1.57476e+07
1.84389e+07
1.7125e+07
1.54335e+07
1.14745e+07
9.22687e+06
1.18292e+07
1.39505e+07
7.6255e+06
3.00441e+06
5.91338e+06
1.22919e+07
1.66665e+07
1.94565e+07
2.41492e+07
2.12725e+07
1.10814e+07
3.32733e+06
3.65357e+06
7.57765e+06
6.32382e+06
1.90847e+06
1.04923e+06
1.3852e+06
1.10311e+06
3.13738e+06
4.6106e+06
8.22446e+06
1.28236e+07
1.31808e+07
8.57031e+06
3.07628e+06
2.14355e+06
2.20249e+06
375605
2429
2
0
12
500
14993
189585
1.23816e+06
3.9201e+06
5.74051e+06
3.24064e+06
508273
21411
435
3
0
0
0
0
0
63
1885
29520
191021
434262
169617
0
0
0
0
0
0
0
0
0
0
0
0
0
0
0
0
0
0
0
0
0
0
0
0
0
0
0
0
0
0
0
0
0
0
0
0
0
0
0
0
0
0
0
0
0
0
0
0
0
0
0
0
0
0
0
0
0
0
0
0
0
0
0
0
0
0
0
0
0
0
0
0
0
0
0
0
0
0
0
0
0
0
0
0
0
0
0
0
0
0
0
0
0
0
0
0
0
0
0
0
0
0
0
0
0
0
0
0
0
0
0
0
0
0
0
0
0
0
0
0
0
0
0
0
0
0
0
0
0
0
0
0
0
0
0
0
0
0
0
0
0
0
0
0
0
0
0
0
0
0
0
0
0
0
0
0
0
0
0
0
0
0
0
0
0
0
0
0
0
0
0
0
0
0
0
0
0
0
0
0
0
0
0
0
0
0
0
0
0
0
0
0
0
0
0
0
0
0
0
0
