2.03571e+06
0
0
0
0
0
0
0
0
0
0
0
0
0
0
0
2
4095
481561
3.45332e+06
5.01875e+06
2.5594e+06
613231
78255
7781
30970
238991
988838
1.98732e+06
1.85571e+06
814382
185023
278812
2.034e+06
6.49034e+06
8.76078e+06
5.20767e+06
1.47715e+06
623853
2.16998e+06
4.24085e+06
3.63397e+06
1.66035e+06
1.78318e+06
5.05859e+06
8.21813e+06
6.47151e+06
2.71158e+06
1.64081e+06
2.63341e+06
2.74195e+06
2.72252e+06
7.34047e+06
1.53226e+07
1.54972e+07
7.77839e+06
2.92746e+06
2.27672e+06
2.49064e+06
4.79491e+06
1.02657e+07
1.2422e+07
8.87225e+06
7.53062e+06
8.6974e+06
7.40091e+06
7.06686e+06
8.82167e+06
8.04368e+06
7.47645e+06
9.4179e+06
1.17174e+07
1.85145e+07
2.50923e+07
1.86337e+07
7.18818e+06
2.93907e+06
6.97832e+06
1.46337e+07
1.60625e+07
1.06759e+07
7.46986e+06
9.54589e+06
1.55354e+07
1.8175e+07
1.57594e+07
1.54527e+07
1.9372e+07
2.60025e+07
2.55537e+07
1.81195e+07
1.44458e+07
1.65344e+07
1.93129e+07
1.70884e+07
1.44764e+07
1.56688e+07
1.85562e+07
1.65319e+07
1.21034e+07
1.6148e+07
2.76684e+07
3.08248e+07
2.44361e+07
2.52029e+07
3.52967e+07
3.90851e+07
3.20454e+07
2.32509e+07
1.58518e+07
1.02444e+07
1.01286e+07
2.12379e+07
3.31215e+07
2.91401e+07
2.21621e+07
3.00927e+07
3.4029e+07
3.10727e+07
2.2819e+07
2.38918e+07
2.6497e+07
2.93653e+07
3.84531e+07
3.42319e+07
2.55191e+07
2.30848e+07
2.34369e+07
1.94386e+07
1.20387e+07
1.14438e+07
1.56293e+07
1.95581e+07
2.66669e+07
3.13305e+07
3.32034e+07
3.35817e+07
2.23906e+07
1.57773e+07
1.93995e+07
2.26977e+07
2.11055e+07
1.8997e+07
1.41363e+07
1.1376e+07
1.45635e+07
1.71667e+07
9.39237e+06
3.70991e+06
7.28892e+06
1.51424e+07
2.05225e+07
2.39915e+07
2.97442e+07
2.6173e+07
1.36394e+07
4.1116e+06
4.5148e+06
9.33192e+06
7.76733e+06
2.35553e+06
1.29362e+06
1.70666e+06
1.36108e+06
3.86713e+06
5.67783e+06
1.0132e+07
1.58085e+07
1.6232e+07
1.05355e+07
3.79652e+06
2.64261e+06
2.70809e+06
462214
3026
2
0
13
650
18194
233827
1.5285e+06
4.82978e+06
7.06694e+06
3.98956e+06
627042
26367
537
3
0
0
0
0
0
88
2338
36132
235915
534442
208941
0
0
0
0
0
0
0
0
0
0
0
0
0
0
0
0
0
0
0
0
0
0
0
0
0
0
0
0
0
0
0
0
0
0
0
0
0
0
0
0
0
0
0
0
0
0
0
0
0
0
0
0
0
0
0
0
0
0
0
0
0
0
0
0
0
0
0
0
0
0
0
0
0
0
0
0
0
0
0
0
0
0
0
0
0
0
0
0
0
0
0
0
0
0
0
0
0
0
0
0
0
0
0
0
0
0
0
0
0
0
0
0
0
0
0
0
0
0
0
0
0
0
0
0
0
0
0
0
0
0
0
0
0
0
0
0
0
0
0
0
0
0
0
0
0
0
0
0
0
0
0
0
0
0
0
0
0
0
0
0
0
0
0
0
0
0
0
0
0
0
0
0
0
0
0
0
0
0
0
0
0
0
0
0
0
0
0
0
0
0
0
0
0
0
0
0
0
0
0
0
