1.11206e+06
0
0
0
0
0
0
0
0
0
0
0
0
0
0
0
0
2294
263600
1.88572e+06
2.74275e+06
1.39582e+06
335822
43284
4284
17102
131673
540051
1.08388e+06
1.01303e+06
444878
102320
153301
1.11245e+06
3.54188e+06
4.78836e+06
2.83945e+06
809716
342818
1.1854e+06
2.31758e+06
1.98203e+06
907508
978856
2.76245e+06
4.49003e+06
3.52379e+06
1.4876e+06
899955
1.43785e+06
1.49657e+06
1.49302e+06
4.01333e+06
8.36452e+06
8.45089e+06
4.25054e+06
1.60534e+06
1.24951e+06
1.36417e+06
2.6238e+06
5.59725e+06
6.78312e+06
4.8454e+06
4.11646e+06
4.75756e+06
4.04014e+06
3.86191e+06
4.81792e+06
4.39158e+06
4.08462e+06
5.15284e+06
6.39655e+06
1.01035e+07
1.37182e+07
1.0161e+07
3.93784e+06
1.61843e+06
3.81045e+06
7.98309e+06
8.77327e+06
5.83415e+06
4.08907e+06
5.22001e+06
8.47534e+06
9.92823e+06
8.59695e+06
8.4602e+06
1.05769e+07
1.42072e+07
1.39525e+07
9.89191e+06
7.90474e+06
9.02147e+06
1.05673e+07
9.32179e+06
7.91743e+06
8.55423e+06
1.01376e+07
9.03003e+06
6.61211e+06
8.82699e+06
1.51094e+07
1.68435e+07
1.3341e+07
1.37651e+07
1.92789e+07
2.13665e+07
1.74878e+07
1.27104e+07
8.65694e+06
5.60797e+06
5.53657e+06
1.1576e+07
1.81263e+07
1.59067e+07
1.20969e+07
1.64337e+07
1.86046e+07
1.6971e+07
1.24528e+07
1.30642e+07
1.44674e+07
1.60415e+07
2.09974e+07
1.87148e+07
1.39412e+07
1.25992e+07
1.28214e+07
1.06097e+07
6.57431e+06
6.25503e+06
8.52761e+06
1.0688e+07
1.45826e+07
1.71161e+07
1.81222e+07
1.83518e+07
1.22393e+07
8.60718e+06
1.05976e+07
1.23977e+07
1.15187e+07
1.03925e+07
7.72134e+06
6.20896e+06
7.96306e+06
9.37141e+06
5.13992e+06
2.028e+06
3.97757e+06
8.26687e+06
1.12269e+07
1.3086e+07
1.62415e+07
1.43012e+07
7.4629e+06
2.24839e+06
2.46025e+06
5.09039e+06
4.25479e+06
1.28779e+06
707048
931377
746348
2.11239e+06
3.10408e+06
5.53037e+06
8.62099e+06
8.86001e+06
5.77564e+06
2.0733e+06
1.44232e+06
1.4809e+06
253567
1639
2
0
12
379
10676
129631
835265
2.63645e+06
3.85878e+06
2.1795e+06
342425
15102
360
0
0
0
0
0
0
61
1387
20656
129258
290697
113973
0
0
0
0
0
0
0
0
0
0
0
0
0
0
0
0
0
0
0
0
0
0
0
0
0
0
0
0
0
0
0
0
0
0
0
0
0
0
0
0
0
0
0
0
0
0
0
0
0
0
0
0
0
0
0
0
0
0
0
0
0
0
0
0
0
0
0
0
0
0
0
0
0
0
0
0
0
0
0
0
0
0
0
0
0
0
0
0
0
0
0
0
0
0
0
0
0
0
0
0
0
0
0
0
0
0
0
0
0
0
0
0
0
0
0
0
0
0
0
0
0
0
0
0
0
0
0
0
0
0
0
0
0
0
0
0
0
0
0
0
0
0
0
0
0
0
0
0
0
0
0
0
0
0
0
0
0
0
0
0
0
0
0
0
0
0
0
0
0
0
0
0
0
0
0
0
0
0
0
0
0
0
0
0
0
0
0
0
0
0
0
0
0
0
0
0
0
0
0
0
