638976
0
0
0
0
0
0
0
0
0
0
0
0
0
0
0
0
1316
152123
1.08086e+06
1.57941e+06
800708
192669
24926
2577
9541
75999
309473
624126
581733
255063
59171
89511
639749
2.0293e+06
2.75753e+06
1.62653e+06
466511
199111
679451
1.3341e+06
1.1366e+06
521349
562289
1.58138e+06
2.59317e+06
2.02074e+06
851618
516911
826311
863240
858051
2.30027e+06
4.80872e+06
4.85942e+06
2.43465e+06
923598
722563
785028
1.50354e+06
3.21408e+06
3.90772e+06
2.77478e+06
2.36218e+06
2.7426e+06
2.31559e+06
2.21623e+06
2.7782e+06
2.52066e+06
2.33807e+06
2.97567e+06
3.67578e+06
5.79094e+06
7.8951e+06
5.82558e+06
2.26187e+06
935793
2.18372e+06
4.59196e+06
5.05168e+06
3.34201e+06
2.35285e+06
2.9923e+06
4.86965e+06
5.71727e+06
4.92516e+06
4.8759e+06
6.05934e+06
8.17159e+06
8.028e+06
5.66929e+06
4.55335e+06
5.1702e+06
6.08313e+06
5.34277e+06
4.56366e+06
4.90297e+06
5.8321e+06
5.19218e+06
3.79382e+06
5.06629e+06
8.69782e+06
9.68276e+06
7.64996e+06
7.89809e+06
1.10876e+07
1.22858e+07
1.00355e+07
7.30895e+06
4.97436e+06
3.22637e+06
3.17812e+06
6.63525e+06
1.04496e+07
9.12398e+06
6.93812e+06
9.43753e+06
1.07105e+07
9.74083e+06
7.15759e+06
7.51882e+06
8.30705e+06
9.20552e+06
1.20622e+07
1.07729e+07
7.99934e+06
7.22933e+06
7.38548e+06
6.08989e+06
3.77298e+06
3.595e+06
4.89709e+06
6.13768e+06
8.39131e+06
9.83692e+06
1.03898e+07
1.05667e+07
7.03621e+06
4.93195e+06
6.09684e+06
7.12671e+06
6.60523e+06
5.98094e+06
4.43333e+06
3.56933e+06
4.57602e+06
5.37695e+06
2.95856e+06
1.1626e+06
2.28093e+06
4.74977e+06
6.47744e+06
7.49527e+06
9.33239e+06
8.21973e+06
4.29516e+06
1.28941e+06
1.40943e+06
2.91861e+06
2.45498e+06
738430
405769
534696
427851
1.20899e+06
1.78496e+06
3.17474e+06
4.96156e+06
5.08416e+06
3.33078e+06
1.18709e+06
824436
851720
148043
1013
0
0
12
263
6219
74067
475134
1.50855e+06
2.22484e+06
1.25764e+06
195365
8480
213
0
0
0
0
0
0
37
734
11697
72964
166799
67257
0
0
0
0
0
0
0
0
0
0
0
0
0
0
0
0
0
0
0
0
0
0
0
0
0
0
0
0
0
0
0
0
0
0
0
0
0
0
0
0
0
0
0
0
0
0
0
0
0
0
0
0
0
0
0
0
0
0
0
0
0
0
0
0
0
0
0
0
0
0
0
0
0
0
0
0
0
0
0
0
0
0
0
0
0
0
0
0
0
0
0
0
0
0
0
0
0
0
0
0
0
0
0
0
0
0
0
0
0
0
0
0
0
0
0
0
0
0
0
0
0
0
0
0
0
0
0
0
0
0
0
0
0
0
0
0
0
0
0
0
0
0
0
0
0
0
0
0
0
0
0
0
0
0
0
0
0
0
0
0
0
0
0
0
0
0
0
0
0
0
0
0
0
0
0
0
0
0
0
0
0
0
0
0
0
0
0
0
0
0
0
0
0
0
0
0
0
0
0
0
