1.15302e+06
0
0
0
0
0
0
0
0
0
0
0
0
0
0
0
0
2373
273427
1.95511e+06
2.84359e+06
1.44743e+06
348164
44876
4409
17784
136184
559869
1.12426e+06
1.05054e+06
461197
105933
158709
1.15326e+06
3.67205e+06
4.9652e+06
2.94499e+06
838991
355199
1.22877e+06
2.40278e+06
2.05547e+06
941223
1.01403e+06
2.8638e+06
4.65615e+06
3.65506e+06
1.54176e+06
932064
1.49133e+06
1.5521e+06
1.54712e+06
4.15958e+06
8.67371e+06
8.76463e+06
4.40691e+06
1.66339e+06
1.29508e+06
1.4145e+06
2.71981e+06
5.80412e+06
7.03358e+06
5.02354e+06
4.26712e+06
4.93271e+06
4.18961e+06
4.00495e+06
4.99463e+06
4.55291e+06
4.23572e+06
5.34158e+06
6.63204e+06
1.04761e+07
1.42242e+07
1.05372e+07
4.08096e+06
1.67744e+06
3.95086e+06
8.27709e+06
9.09689e+06
6.0491e+06
4.23891e+06
5.41253e+06
8.78843e+06
1.02943e+07
8.91212e+06
8.7719e+06
1.09668e+07
1.47299e+07
1.44672e+07
1.02561e+07
8.19524e+06
9.35557e+06
1.09542e+07
9.66607e+06
8.20912e+06
8.86873e+06
1.05104e+07
9.36583e+06
6.85511e+06
9.15234e+06
1.56643e+07
1.74602e+07
1.38363e+07
1.42737e+07
1.99862e+07
2.21538e+07
1.81319e+07
1.31777e+07
8.97826e+06
5.81353e+06
5.73825e+06
1.20038e+07
1.87931e+07
1.64964e+07
1.2543e+07
1.70389e+07
1.92877e+07
1.75948e+07
1.29123e+07
1.35442e+07
1.50005e+07
1.66327e+07
2.17703e+07
1.9406e+07
1.44529e+07
1.30653e+07
1.32904e+07
1.10021e+07
6.81642e+06
6.48526e+06
8.84146e+06
1.10812e+07
1.51211e+07
1.77473e+07
1.87891e+07
1.90265e+07
1.26881e+07
8.92711e+06
1.09868e+07
1.2855e+07
1.19438e+07
1.07726e+07
8.00787e+06
6.43763e+06
8.25561e+06
9.71849e+06
5.3284e+06
2.1036e+06
4.12525e+06
8.57071e+06
1.16345e+07
1.35699e+07
1.68409e+07
1.48301e+07
7.73658e+06
2.33094e+06
2.55121e+06
5.2786e+06
4.41116e+06
1.3353e+06
732105
966189
773224
2.19114e+06
3.22022e+06
5.73375e+06
8.9365e+06
9.1881e+06
5.98566e+06
2.15062e+06
1.4955e+06
1.53591e+06
262944
1697
2
0
12
394
10967
134586
866538
2.73475e+06
3.9992e+06
2.25922e+06
355511
15685
363
0
0
0
0
0
0
61
1407
21460
134093
301265
118226
0
0
0
0
0
0
0
0
0
0
0
0
0
0
0
0
0
0
0
0
0
0
0
0
0
0
0
0
0
0
0
0
0
0
0
0
0
0
0
0
0
0
0
0
0
0
0
0
0
0
0
0
0
0
0
0
0
0
0
0
0
0
0
0
0
0
0
0
0
0
0
0
0
0
0
0
0
0
0
0
0
0
0
0
0
0
0
0
0
0
0
0
0
0
0
0
0
0
0
0
0
0
0
0
0
0
0
0
0
0
0
0
0
0
0
0
0
0
0
0
0
0
0
0
0
0
0
0
0
0
0
0
0
0
0
0
0
0
0
0
0
0
0
0
0
0
0
0
0
0
0
0
0
0
0
0
0
0
0
0
0
0
0
0
0
0
0
0
0
0
0
0
0
0
0
0
0
0
0
0
0
0
0
0
0
0
0
0
0
0
0
0
0
0
0
0
0
0
0
0
