1.51757e+06
0
0
0
0
0
0
0
0
0
0
0
0
0
0
0
2
3101
359053
2.57408e+06
3.74207e+06
1.90691e+06
457747
58235
5772
22784
178197
737113
1.48249e+06
1.38334e+06
606405
138080
207102
1.51508e+06
4.83703e+06
6.53726e+06
3.88022e+06
1.10045e+06
463350
1.61815e+06
3.16345e+06
2.70878e+06
1.23494e+06
1.32754e+06
3.7693e+06
6.13866e+06
4.82067e+06
2.0187e+06
1.22191e+06
1.96501e+06
2.04408e+06
2.02698e+06
5.46379e+06
1.14347e+07
1.15571e+07
5.7927e+06
2.17908e+06
1.70028e+06
1.85577e+06
3.5732e+06
7.65246e+06
9.26639e+06
6.60554e+06
5.61277e+06
6.49797e+06
5.51076e+06
5.26593e+06
6.57976e+06
5.99199e+06
5.5707e+06
7.02576e+06
8.72024e+06
1.37994e+07
1.8736e+07
1.3891e+07
5.34836e+06
2.1843e+06
5.19389e+06
1.09172e+07
1.1987e+07
7.95171e+06
5.56397e+06
7.11338e+06
1.15849e+07
1.35567e+07
1.17325e+07
1.15222e+07
1.44348e+07
1.94002e+07
1.90562e+07
1.34988e+07
1.07666e+07
1.2313e+07
1.4421e+07
1.2734e+07
1.07866e+07
1.16746e+07
1.38454e+07
1.23332e+07
9.0053e+06
1.2021e+07
2.06369e+07
2.30016e+07
1.8199e+07
1.87652e+07
2.63256e+07
2.91711e+07
2.38778e+07
1.73374e+07
1.18136e+07
7.63121e+06
7.51928e+06
1.58162e+07
2.47563e+07
2.17301e+07
1.64711e+07
2.24312e+07
2.54013e+07
2.31585e+07
1.69888e+07
1.78133e+07
1.97462e+07
2.1874e+07
2.86833e+07
2.55511e+07
1.90154e+07
1.7198e+07
1.74896e+07
1.44811e+07
8.95707e+06
8.52416e+06
1.16441e+07
1.45808e+07
1.99078e+07
2.33625e+07
2.47322e+07
2.50579e+07
1.66968e+07
1.17317e+07
1.44626e+07
1.69321e+07
1.57169e+07
1.41747e+07
1.05385e+07
8.46695e+06
1.08621e+07
1.28197e+07
7.00359e+06
2.75256e+06
5.42563e+06
1.12911e+07
1.53073e+07
1.78506e+07
2.21789e+07
1.95411e+07
1.01786e+07
3.05077e+06
3.34726e+06
6.96228e+06
5.81212e+06
1.75115e+06
961297
1.27314e+06
1.01097e+06
2.87865e+06
4.23546e+06
7.55112e+06
1.1774e+07
1.2104e+07
7.87306e+06
2.82309e+06
1.96645e+06
2.02512e+06
345395
2221
2
0
12
459
13798
173825
1.13433e+06
3.59927e+06
5.27306e+06
2.97775e+06
465416
19785
414
0
0
0
0
0
0
63
1761
27102
175201
398521
156136
0
0
0
0
0
0
0
0
0
0
0
0
0
0
0
0
0
0
0
0
0
0
0
0
0
0
0
0
0
0
0
0
0
0
0
0
0
0
0
0
0
0
0
0
0
0
0
0
0
0
0
0
0
0
0
0
0
0
0
0
0
0
0
0
0
0
0
0
0
0
0
0
0
0
0
0
0
0
0
0
0
0
0
0
0
0
0
0
0
0
0
0
0
0
0
0
0
0
0
0
0
0
0
0
0
0
0
0
0
0
0
0
0
0
0
0
0
0
0
0
0
0
0
0
0
0
0
0
0
0
0
0
0
0
0
0
0
0
0
0
0
0
0
0
0
0
0
0
0
0
0
0
0
0
0
0
0
0
0
0
0
0
0
0
0
0
0
0
0
0
0
0
0
0
0
0
0
0
0
0
0
0
0
0
0
0
0
0
0
0
0
0
0
0
0
0
0
0
0
0
