1.02195e+06
0
0
0
0
0
0
0
0
0
0
0
0
0
0
0
0
2129
242290
1.73258e+06
2.52084e+06
1.28262e+06
308444
40026
3888
15774
121366
495286
996707
930772
408970
93916
141699
1.02184e+06
3.25406e+06
4.40157e+06
2.60749e+06
744818
315836
1.08874e+06
2.13048e+06
1.82082e+06
834375
900557
2.53692e+06
4.12665e+06
3.23761e+06
1.36679e+06
828299
1.32147e+06
1.3746e+06
1.37437e+06
3.68814e+06
7.6856e+06
7.76183e+06
3.90665e+06
1.47711e+06
1.14935e+06
1.25506e+06
2.41273e+06
5.14012e+06
6.23266e+06
4.45359e+06
3.78288e+06
4.37101e+06
3.7138e+06
3.54981e+06
4.42739e+06
4.03591e+06
3.75219e+06
4.73812e+06
5.88299e+06
9.27987e+06
1.26021e+07
9.33211e+06
3.62441e+06
1.49172e+06
3.50336e+06
7.33326e+06
8.06043e+06
5.36103e+06
3.75991e+06
4.79994e+06
7.78398e+06
9.12526e+06
7.8993e+06
7.77861e+06
9.7171e+06
1.30551e+07
1.28208e+07
9.08936e+06
7.26922e+06
8.28835e+06
9.70914e+06
8.56476e+06
7.2796e+06
7.8629e+06
9.31141e+06
8.29788e+06
6.08006e+06
8.11612e+06
1.38817e+07
1.54759e+07
1.2259e+07
1.26548e+07
1.77142e+07
1.96305e+07
1.60682e+07
1.16851e+07
7.95362e+06
5.15801e+06
5.09425e+06
1.06357e+07
1.66523e+07
1.46126e+07
1.11236e+07
1.51015e+07
1.70964e+07
1.55927e+07
1.14466e+07
1.20113e+07
1.32925e+07
1.47447e+07
1.92901e+07
1.71955e+07
1.28121e+07
1.15776e+07
1.17857e+07
9.74748e+06
6.04503e+06
5.75077e+06
7.83635e+06
9.82209e+06
1.33978e+07
1.57279e+07
1.66507e+07
1.68644e+07
1.12534e+07
7.90949e+06
9.73876e+06
1.13915e+07
1.05842e+07
9.55069e+06
7.09645e+06
5.70747e+06
7.31725e+06
8.60739e+06
4.72493e+06
1.86563e+06
3.65684e+06
7.59574e+06
1.03233e+07
1.2025e+07
1.49197e+07
1.31357e+07
6.86147e+06
2.06972e+06
2.26466e+06
4.67302e+06
3.90908e+06
1.1849e+06
650165
855522
687540
1.94136e+06
2.85337e+06
5.07998e+06
7.92358e+06
8.13894e+06
5.3091e+06
1.90559e+06
1.32702e+06
1.35862e+06
233207
1508
0
0
12
359
9974
119957
768859
2.42166e+06
3.54445e+06
2.00351e+06
314529
13928
330
0
0
0
0
0
0
57
1276
19083
118935
267009
104616
0
0
0
0
0
0
0
0
0
0
0
0
0
0
0
0
0
0
0
0
0
0
0
0
0
0
0
0
0
0
0
0
0
0
0
0
0
0
0
0
0
0
0
0
0
0
0
0
0
0
0
0
0
0
0
0
0
0
0
0
0
0
0
0
0
0
0
0
0
0
0
0
0
0
0
0
0
0
0
0
0
0
0
0
0
0
0
0
0
0
0
0
0
0
0
0
0
0
0
0
0
0
0
0
0
0
0
0
0
0
0
0
0
0
0
0
0
0
0
0
0
0
0
0
0
0
0
0
0
0
0
0
0
0
0
0
0
0
0
0
0
0
0
0
0
0
0
0
0
0
0
0
0
0
0
0
0
0
0
0
0
0
0
0
0
0
0
0
0
0
0
0
0
0
0
0
0
0
0
0
0
0
0
0
0
0
0
0
0
0
0
0
0
0
0
0
0
0
0
0
