325632
0
0
0
0
0
0
0
0
0
0
0
0
0
0
0
0
714
77841
549068
807610
405654
98944
12977
1370
4902
39254
155750
319189
297447
129801
29794
46792
328439
1.02813e+06
1.40808e+06
825045
240031
102875
344229
683647
577954
264661
285847
800305
1.33362e+06
1.02657e+06
433111
262353
420205
440624
440031
1.1676e+06
2.45472e+06
2.47435e+06
1.23518e+06
472934
371959
400748
762776
1.63351e+06
2.00663e+06
1.40483e+06
1.19758e+06
1.40977e+06
1.17704e+06
1.12277e+06
1.42402e+06
1.27888e+06
1.18841e+06
1.52799e+06
1.8695e+06
2.93554e+06
4.05063e+06
2.95314e+06
1.14876e+06
480252
1.10894e+06
2.34641e+06
2.58454e+06
1.69049e+06
1.20264e+06
1.52055e+06
2.48138e+06
2.92418e+06
2.49435e+06
2.49656e+06
3.0724e+06
4.17875e+06
4.09506e+06
2.87956e+06
2.33309e+06
2.6165e+06
3.11636e+06
2.70691e+06
2.3359e+06
2.49596e+06
2.97651e+06
2.64445e+06
1.932e+06
2.57563e+06
4.43638e+06
4.94727e+06
3.88638e+06
4.01416e+06
5.65614e+06
6.27918e+06
5.10113e+06
3.72524e+06
2.53451e+06
1.64846e+06
1.61861e+06
3.36617e+06
5.35764e+06
4.63025e+06
3.52822e+06
4.80299e+06
5.47672e+06
4.95667e+06
3.64577e+06
3.8462e+06
4.22273e+06
4.68625e+06
6.14277e+06
5.5111e+06
4.06668e+06
3.67565e+06
3.77634e+06
3.09492e+06
1.92257e+06
1.83943e+06
2.49249e+06
3.12539e+06
4.28838e+06
5.00458e+06
5.28298e+06
5.40047e+06
3.59058e+06
2.50012e+06
3.11161e+06
3.63303e+06
3.35808e+06
3.0594e+06
2.25436e+06
1.82056e+06
2.33414e+06
2.73159e+06
1.50963e+06
592471
1.161e+06
2.41623e+06
3.33167e+06
3.79392e+06
4.75344e+06
4.19029e+06
2.1949e+06
657936
719420
1.47854e+06
1.25834e+06
374461
206565
273255
220687
612689
907305
1.61523e+06
2.52881e+06
2.58736e+06
1.70992e+06
601161
418398
434606
76242
525
0
0
3
132
3383
38067
242286
763898
1.13653e+06
642396
99588
4302
106
0
0
0
0
0
0
15
426
5942
37044
84248
35141
0
0
0
0
0
0
0
0
0
0
0
0
0
0
0
0
0
0
0
0
0
0
0
0
0
0
0
0
0
0
0
0
0
0
0
0
0
0
0
0
0
0
0
0
0
0
0
0
0
0
0
0
0
0
0
0
0
0
0
0
0
0
0
0
0
0
0
0
0
0
0
0
0
0
0
0
0
0
0
0
0
0
0
0
0
0
0
0
0
0
0
0
0
0
0
0
0
0
0
0
0
0
0
0
0
0
0
0
0
0
0
0
0
0
0
0
0
0
0
0
0
0
0
0
0
0
0
0
0
0
0
0
0
0
0
0
0
0
0
0
0
0
0
0
0
0
0
0
0
0
0
0
0
0
0
0
0
0
0
0
0
0
0
0
0
0
0
0
0
0
0
0
0
0
0
0
0
0
0
0
0
0
0
0
0
0
0
0
0
0
0
0
0
0
0
0
0
0
0
0
