1.29229e+06
0
0
0
0
0
0
0
0
0
0
0
0
0
0
0
0
2680
306211
2.19119e+06
3.18772e+06
1.6226e+06
389602
50141
4959
19546
152148
627740
1.26163e+06
1.17754e+06
516398
118067
177066
1.291e+06
4.11839e+06
5.56573e+06
3.30205e+06
938501
396350
1.37708e+06
2.69464e+06
2.30534e+06
1.05209e+06
1.13376e+06
3.20954e+06
5.22307e+06
4.1018e+06
1.72233e+06
1.04218e+06
1.67328e+06
1.73919e+06
1.7306e+06
4.65893e+06
9.72954e+06
9.83041e+06
4.93604e+06
1.86006e+06
1.44896e+06
1.58394e+06
3.04573e+06
6.50982e+06
7.88752e+06
5.62848e+06
4.78081e+06
5.52966e+06
4.69478e+06
4.48631e+06
5.6009e+06
5.10128e+06
4.74613e+06
5.98599e+06
7.42736e+06
1.17472e+07
1.59498e+07
1.18178e+07
4.56509e+06
1.87071e+06
4.42653e+06
9.28278e+06
1.02017e+07
6.77621e+06
4.74715e+06
6.06262e+06
9.85596e+06
1.15385e+07
9.98999e+06
9.82285e+06
1.22924e+07
1.6514e+07
1.62226e+07
1.14903e+07
9.17765e+06
1.04867e+07
1.22798e+07
1.08393e+07
9.19171e+06
9.94185e+06
1.17837e+07
1.04992e+07
7.6745e+06
1.02496e+07
1.75685e+07
1.95743e+07
1.54981e+07
1.59943e+07
2.24109e+07
2.48304e+07
2.03265e+07
1.47658e+07
1.00632e+07
6.50678e+06
6.41782e+06
1.3462e+07
2.10727e+07
1.84944e+07
1.40454e+07
1.90995e+07
2.16211e+07
1.97209e+07
1.44707e+07
1.51687e+07
1.68139e+07
1.86365e+07
2.44141e+07
2.17537e+07
1.61956e+07
1.46447e+07
1.48935e+07
1.23289e+07
7.63467e+06
7.2646e+06
9.91307e+06
1.24192e+07
1.69524e+07
1.98948e+07
2.10545e+07
2.13288e+07
1.42198e+07
1.00003e+07
1.23135e+07
1.44105e+07
1.33857e+07
1.20736e+07
8.97594e+06
7.21101e+06
9.25216e+06
1.09049e+07
5.96773e+06
2.35131e+06
4.62315e+06
9.61014e+06
1.30348e+07
1.52041e+07
1.88817e+07
1.66302e+07
8.66879e+06
2.60728e+06
2.85495e+06
5.92199e+06
4.94634e+06
1.49362e+06
819283
1.08448e+06
863615
2.45462e+06
3.60877e+06
6.42602e+06
1.00195e+07
1.0302e+07
6.7066e+06
2.40936e+06
1.67519e+06
1.72296e+06
294433
1903
2
0
12
420
12088
149358
969501
3.06495e+06
4.48457e+06
2.53458e+06
397406
17331
381
0
0
0
0
0
0
61
1524
23627
149988
338511
132433
0
0
0
0
0
0
0
0
0
0
0
0
0
0
0
0
0
0
0
0
0
0
0
0
0
0
0
0
0
0
0
0
0
0
0
0
0
0
0
0
0
0
0
0
0
0
0
0
0
0
0
0
0
0
0
0
0
0
0
0
0
0
0
0
0
0
0
0
0
0
0
0
0
0
0
0
0
0
0
0
0
0
0
0
0
0
0
0
0
0
0
0
0
0
0
0
0
0
0
0
0
0
0
0
0
0
0
0
0
0
0
0
0
0
0
0
0
0
0
0
0
0
0
0
0
0
0
0
0
0
0
0
0
0
0
0
0
0
0
0
0
0
0
0
0
0
0
0
0
0
0
0
0
0
0
0
0
0
0
0
0
0
0
0
0
0
0
0
0
0
0
0
0
0
0
0
0
0
0
0
0
0
0
0
0
0
0
0
0
0
0
0
0
0
0
0
0
0
0
0
