698368
0
0
0
0
0
0
0
0
0
0
0
0
0
0
0
0
1452
166317
1.18121e+06
1.72597e+06
875459
210594
27239
2762
10470
83063
337888
682590
635828
278704
64536
97300
698789
2.21892e+06
3.01393e+06
1.77882e+06
509156
216786
742832
1.45801e+06
1.24305e+06
569017
614646
1.72912e+06
2.8325e+06
2.21009e+06
930801
564656
902796
942933
937919
2.51285e+06
5.2581e+06
5.31135e+06
2.66146e+06
1.00853e+06
788503
858159
1.64344e+06
3.51388e+06
4.26896e+06
3.03438e+06
2.58185e+06
2.99684e+06
2.53124e+06
2.42287e+06
3.03521e+06
2.75436e+06
2.5584e+06
3.24912e+06
4.0155e+06
6.331e+06
8.62976e+06
6.37066e+06
2.47094e+06
1.01992e+06
2.38762e+06
5.01781e+06
5.52136e+06
3.655e+06
2.56906e+06
3.27177e+06
5.32382e+06
6.24551e+06
5.38511e+06
5.3232e+06
6.62872e+06
8.9309e+06
8.77267e+06
6.19753e+06
4.97431e+06
5.65405e+06
6.6449e+06
5.84175e+06
4.98638e+06
5.3628e+06
6.3704e+06
5.67476e+06
4.14604e+06
5.53762e+06
9.50421e+06
1.05846e+07
8.36083e+06
8.63214e+06
1.21185e+07
1.34306e+07
1.09689e+07
7.98734e+06
5.4357e+06
3.52591e+06
3.47244e+06
7.25302e+06
1.14156e+07
9.97572e+06
7.58455e+06
1.03137e+07
1.17038e+07
1.0652e+07
7.8209e+06
8.21416e+06
9.08055e+06
1.00613e+07
1.31842e+07
1.17717e+07
8.74573e+06
7.90294e+06
8.06934e+06
6.65663e+06
4.1242e+06
3.92919e+06
5.35257e+06
6.70866e+06
9.16625e+06
1.07533e+07
1.13599e+07
1.15449e+07
7.69034e+06
5.39228e+06
6.66154e+06
7.78966e+06
7.22194e+06
6.53301e+06
4.8473e+06
3.90094e+06
5.00017e+06
5.87977e+06
3.23129e+06
1.26991e+06
2.49454e+06
5.19324e+06
7.07408e+06
8.19756e+06
1.01992e+07
8.98285e+06
4.69313e+06
1.4093e+06
1.54118e+06
3.19026e+06
2.68194e+06
807893
443675
584237
467119
1.32101e+06
1.95001e+06
3.47054e+06
5.42311e+06
5.55824e+06
3.63843e+06
1.29754e+06
901705
931318
161211
1113
0
0
12
264
6705
80728
519014
1.64937e+06
2.4312e+06
1.37476e+06
213827
9207
228
0
0
0
0
0
0
37
788
12736
79963
182399
73261
0
0
0
0
0
0
0
0
0
0
0
0
0
0
0
0
0
0
0
0
0
0
0
0
0
0
0
0
0
0
0
0
0
0
0
0
0
0
0
0
0
0
0
0
0
0
0
0
0
0
0
0
0
0
0
0
0
0
0
0
0
0
0
0
0
0
0
0
0
0
0
0
0
0
0
0
0
0
0
0
0
0
0
0
0
0
0
0
0
0
0
0
0
0
0
0
0
0
0
0
0
0
0
0
0
0
0
0
0
0
0
0
0
0
0
0
0
0
0
0
0
0
0
0
0
0
0
0
0
0
0
0
0
0
0
0
0
0
0
0
0
0
0
0
0
0
0
0
0
0
0
0
0
0
0
0
0
0
0
0
0
0
0
0
0
0
0
0
0
0
0
0
0
0
0
0
0
0
0
0
0
0
0
0
0
0
0
0
0
0
0
0
0
0
0
0
0
0
0
0
