1.56262e+06
0
0
0
0
0
0
0
0
0
0
0
0
0
0
0
2
3190
369789
2.65037e+06
3.85299e+06
1.9639e+06
471124
60070
5914
23510
183638
759155
1.52615e+06
1.42392e+06
624679
142419
213571
1.56011e+06
4.98106e+06
6.72951e+06
3.99611e+06
1.1333e+06
477583
1.66594e+06
3.25702e+06
2.78922e+06
1.27244e+06
1.36737e+06
3.88117e+06
6.31864e+06
4.96414e+06
2.0792e+06
1.25892e+06
2.02329e+06
2.1043e+06
2.08842e+06
5.62624e+06
1.17718e+07
1.19008e+07
5.96412e+06
2.24506e+06
1.75051e+06
1.91143e+06
3.67932e+06
7.87902e+06
9.54145e+06
6.8018e+06
5.77977e+06
6.68891e+06
5.67516e+06
5.42416e+06
6.77403e+06
6.16945e+06
5.73642e+06
7.23521e+06
8.98132e+06
1.42077e+07
1.9289e+07
1.43006e+07
5.51124e+06
2.25044e+06
5.34945e+06
1.12397e+07
1.23403e+07
8.18875e+06
5.7305e+06
7.32578e+06
1.19278e+07
1.39577e+07
1.20831e+07
1.18644e+07
1.48649e+07
1.9972e+07
1.96203e+07
1.39027e+07
1.10854e+07
1.26801e+07
1.48474e+07
1.31125e+07
1.11079e+07
1.2021e+07
1.42552e+07
1.26981e+07
9.27528e+06
1.23811e+07
2.12458e+07
2.36811e+07
1.87439e+07
1.93258e+07
2.71059e+07
3.00304e+07
2.45883e+07
1.7853e+07
1.21638e+07
7.85826e+06
7.74657e+06
1.62888e+07
2.5484e+07
2.23745e+07
1.69663e+07
2.30978e+07
2.61494e+07
2.38466e+07
1.74949e+07
1.83463e+07
2.03313e+07
2.25258e+07
2.95328e+07
2.63034e+07
1.95821e+07
1.77116e+07
1.80059e+07
1.49114e+07
9.22487e+06
8.77952e+06
1.19911e+07
1.50125e+07
2.04953e+07
2.4054e+07
2.54711e+07
2.57991e+07
1.71909e+07
1.20815e+07
1.48932e+07
1.74363e+07
1.61846e+07
1.45941e+07
1.08503e+07
8.7189e+06
1.11868e+07
1.31972e+07
7.20941e+06
2.83622e+06
5.58795e+06
1.16248e+07
1.57616e+07
1.83836e+07
2.28368e+07
2.01205e+07
1.04783e+07
3.14197e+06
3.44881e+06
7.16801e+06
5.98364e+06
1.8032e+06
990237
1.3109e+06
1.04099e+06
2.96502e+06
4.36134e+06
7.77516e+06
1.21229e+07
1.2463e+07
8.10638e+06
2.90724e+06
2.02527e+06
2.08447e+06
355747
2309
2
0
12
461
14186
179049
1.16905e+06
3.70677e+06
5.42814e+06
3.06521e+06
479944
20380
421
0
0
0
0
0
0
63
1795
27919
180436
410449
160650
0
0
0
0
0
0
0
0
0
0
0
0
0
0
0
0
0
0
0
0
0
0
0
0
0
0
0
0
0
0
0
0
0
0
0
0
0
0
0
0
0
0
0
0
0
0
0
0
0
0
0
0
0
0
0
0
0
0
0
0
0
0
0
0
0
0
0
0
0
0
0
0
0
0
0
0
0
0
0
0
0
0
0
0
0
0
0
0
0
0
0
0
0
0
0
0
0
0
0
0
0
0
0
0
0
0
0
0
0
0
0
0
0
0
0
0
0
0
0
0
0
0
0
0
0
0
0
0
0
0
0
0
0
0
0
0
0
0
0
0
0
0
0
0
0
0
0
0
0
0
0
0
0
0
0
0
0
0
0
0
0
0
0
0
0
0
0
0
0
0
0
0
0
0
0
0
0
0
0
0
0
0
0
0
0
0
0
0
0
0
0
0
0
0
0
0
0
0
0
0
