2.00294e+06
0
0
0
0
0
0
0
0
0
0
0
0
0
0
0
2
4018
473854
3.39751e+06
4.93835e+06
2.51777e+06
603575
77050
7611
30407
235126
973055
1.95557e+06
1.82569e+06
801199
181902
274359
2.00125e+06
6.38582e+06
8.61983e+06
5.12412e+06
1.45313e+06
613755
2.13464e+06
4.1736e+06
3.57506e+06
1.6333e+06
1.75438e+06
4.97816e+06
8.085e+06
6.36702e+06
2.66851e+06
1.614e+06
2.59144e+06
2.69774e+06
2.67841e+06
7.22147e+06
1.50779e+07
1.52478e+07
7.65247e+06
2.88029e+06
2.24007e+06
2.45e+06
4.71845e+06
1.01003e+07
1.2222e+07
8.72877e+06
7.41028e+06
8.55769e+06
7.28062e+06
6.95368e+06
8.67948e+06
7.91515e+06
7.35478e+06
9.26709e+06
1.15285e+07
1.82175e+07
2.46889e+07
1.83317e+07
7.07267e+06
2.89225e+06
6.86668e+06
1.43978e+07
1.58033e+07
1.05041e+07
7.35005e+06
9.39226e+06
1.52859e+07
1.78819e+07
1.55052e+07
1.52053e+07
1.90589e+07
2.55845e+07
2.51427e+07
1.78267e+07
1.4213e+07
1.62692e+07
1.90033e+07
1.68118e+07
1.42438e+07
1.54179e+07
1.82565e+07
1.62641e+07
1.19087e+07
1.5889e+07
2.72245e+07
3.03281e+07
2.4041e+07
2.47982e+07
3.47309e+07
3.84539e+07
3.15288e+07
2.28773e+07
1.55962e+07
1.00788e+07
9.9665e+06
2.08972e+07
3.25882e+07
2.86689e+07
2.18066e+07
2.96088e+07
3.34804e+07
3.05729e+07
2.24507e+07
2.35088e+07
2.60709e+07
2.88913e+07
3.78354e+07
3.36806e+07
2.51084e+07
2.27119e+07
2.30605e+07
1.91248e+07
1.18451e+07
1.12606e+07
1.53789e+07
1.92437e+07
2.62366e+07
3.08263e+07
3.26683e+07
3.3041e+07
2.20298e+07
1.55239e+07
1.90884e+07
2.23308e+07
2.07658e+07
1.86909e+07
1.39094e+07
1.11929e+07
1.43295e+07
1.6889e+07
9.24183e+06
3.65073e+06
7.17217e+06
1.48984e+07
2.01914e+07
2.36047e+07
2.92663e+07
2.575e+07
1.34203e+07
4.04646e+06
4.44211e+06
9.18066e+06
7.64272e+06
2.31824e+06
1.2725e+06
1.67959e+06
1.33892e+06
3.80512e+06
5.58703e+06
9.96729e+06
1.55545e+07
1.5971e+07
1.03655e+07
3.73567e+06
2.60082e+06
2.66376e+06
454788
2971
2
0
13
644
17958
230253
1.50355e+06
4.7525e+06
6.95273e+06
3.92524e+06
617113
25971
530
3
0
0
0
0
0
88
2310
35543
232116
525760
205655
0
0
0
0
0
0
0
0
0
0
0
0
0
0
0
0
0
0
0
0
0
0
0
0
0
0
0
0
0
0
0
0
0
0
0
0
0
0
0
0
0
0
0
0
0
0
0
0
0
0
0
0
0
0
0
0
0
0
0
0
0
0
0
0
0
0
0
0
0
0
0
0
0
0
0
0
0
0
0
0
0
0
0
0
0
0
0
0
0
0
0
0
0
0
0
0
0
0
0
0
0
0
0
0
0
0
0
0
0
0
0
0
0
0
0
0
0
0
0
0
0
0
0
0
0
0
0
0
0
0
0
0
0
0
0
0
0
0
0
0
0
0
0
0
0
0
0
0
0
0
0
0
0
0
0
0
0
0
0
0
0
0
0
0
0
0
0
0
0
0
0
0
0
0
0
0
0
0
0
0
0
0
0
0
0
0
0
0
0
0
0
0
0
0
0
0
0
0
0
0
