1.82886e+06
0
0
0
0
0
0
0
0
0
0
0
0
0
0
0
2
3683
432802
3.10259e+06
4.50816e+06
2.2994e+06
551313
70270
6796
27591
214979
888945
1.7845e+06
1.66758e+06
731707
166125
249980
1.82736e+06
5.83016e+06
7.87182e+06
4.67996e+06
1.32607e+06
559676
1.9483e+06
3.81211e+06
3.26419e+06
1.49096e+06
1.60128e+06
4.54543e+06
7.38402e+06
5.81413e+06
2.43636e+06
1.47356e+06
2.36636e+06
2.46139e+06
2.44509e+06
6.59166e+06
1.37703e+07
1.39256e+07
6.9873e+06
2.62794e+06
2.04544e+06
2.23704e+06
4.30756e+06
9.22132e+06
1.11625e+07
7.96902e+06
6.76463e+06
7.81757e+06
6.64671e+06
6.35126e+06
7.92434e+06
7.22331e+06
6.71487e+06
8.46414e+06
1.0524e+07
1.66309e+07
2.25526e+07
1.67409e+07
6.45635e+06
2.63566e+06
6.26714e+06
1.31478e+07
1.44361e+07
9.58951e+06
6.70812e+06
8.5773e+06
1.39556e+07
1.63321e+07
1.41536e+07
1.38805e+07
1.73979e+07
2.3369e+07
2.2964e+07
1.62746e+07
1.29757e+07
1.48478e+07
1.73605e+07
1.53525e+07
1.30023e+07
1.40741e+07
1.6674e+07
1.48578e+07
1.08652e+07
1.44998e+07
2.48603e+07
2.77015e+07
2.19477e+07
2.2631e+07
3.17204e+07
3.51258e+07
2.87856e+07
2.08912e+07
1.42376e+07
9.19779e+06
9.08896e+06
1.90737e+07
2.97807e+07
2.61836e+07
1.98931e+07
2.70298e+07
3.05822e+07
2.79167e+07
2.04901e+07
2.14641e+07
2.38015e+07
2.63736e+07
3.45572e+07
3.07696e+07
2.29227e+07
2.07347e+07
2.1059e+07
1.74578e+07
1.08078e+07
1.02788e+07
1.40421e+07
1.7575e+07
2.39622e+07
2.81504e+07
2.98198e+07
3.01821e+07
2.01188e+07
1.41602e+07
1.74265e+07
2.03946e+07
1.89591e+07
1.7072e+07
1.27008e+07
1.02154e+07
1.30851e+07
1.54309e+07
8.43736e+06
3.33015e+06
6.54715e+06
1.36005e+07
1.84356e+07
2.15475e+07
2.67205e+07
2.35242e+07
1.22599e+07
3.68886e+06
4.05025e+06
8.38435e+06
6.98704e+06
2.11426e+06
1.16166e+06
1.53328e+06
1.2219e+06
3.47381e+06
5.10084e+06
9.1006e+06
1.41962e+07
1.45835e+07
9.47483e+06
3.40776e+06
2.37475e+06
2.43362e+06
415251
2690
2
0
13
571
16543
209955
1.37174e+06
4.33788e+06
6.35035e+06
3.58537e+06
563135
23732
481
3
0
0
0
0
0
72
2071
32592
211953
479984
187760
0
0
0
0
0
0
0
0
0
0
0
0
0
0
0
0
0
0
0
0
0
0
0
0
0
0
0
0
0
0
0
0
0
0
0
0
0
0
0
0
0
0
0
0
0
0
0
0
0
0
0
0
0
0
0
0
0
0
0
0
0
0
0
0
0
0
0
0
0
0
0
0
0
0
0
0
0
0
0
0
0
0
0
0
0
0
0
0
0
0
0
0
0
0
0
0
0
0
0
0
0
0
0
0
0
0
0
0
0
0
0
0
0
0
0
0
0
0
0
0
0
0
0
0
0
0
0
0
0
0
0
0
0
0
0
0
0
0
0
0
0
0
0
0
0
0
0
0
0
0
0
0
0
0
0
0
0
0
0
0
0
0
0
0
0
0
0
0
0
0
0
0
0
0
0
0
0
0
0
0
0
0
0
0
0
0
0
0
0
0
0
0
0
0
0
0
0
0
0
0
