1.05267e+06
0
0
0
0
0
0
0
0
0
0
0
0
0
0
0
0
2176
249719
1.78456e+06
2.59652e+06
1.3212e+06
317844
41134
4015
16227
124919
510558
1.02637e+06
958669
421365
96791
145759
1.05294e+06
3.35191e+06
4.5329e+06
2.68678e+06
767200
325244
1.12169e+06
2.19402e+06
1.87571e+06
859543
927287
2.61315e+06
4.25081e+06
3.33542e+06
1.40805e+06
852677
1.36108e+06
1.41616e+06
1.41558e+06
3.79945e+06
7.91549e+06
7.99594e+06
4.02475e+06
1.52103e+06
1.18379e+06
1.2922e+06
2.48526e+06
5.29497e+06
6.42031e+06
4.5875e+06
3.89688e+06
4.50203e+06
3.82554e+06
3.65688e+06
4.55949e+06
4.15722e+06
3.8659e+06
4.87934e+06
6.05875e+06
9.56038e+06
1.29811e+07
9.61489e+06
3.7318e+06
1.53584e+06
3.60853e+06
7.55295e+06
8.3041e+06
5.52199e+06
3.873e+06
4.94407e+06
8.01825e+06
9.39782e+06
8.13824e+06
8.01135e+06
1.00109e+07
1.34466e+07
1.32056e+07
9.36371e+06
7.48748e+06
8.53758e+06
1.00004e+07
8.82301e+06
7.49777e+06
8.09885e+06
9.59252e+06
8.54713e+06
6.26304e+06
8.35992e+06
1.42987e+07
1.59387e+07
1.26294e+07
1.30362e+07
1.82468e+07
2.02202e+07
1.65517e+07
1.20337e+07
8.1955e+06
5.31147e+06
5.24712e+06
1.09567e+07
1.71519e+07
1.50529e+07
1.14595e+07
1.55559e+07
1.76075e+07
1.60628e+07
1.17896e+07
1.23691e+07
1.3694e+07
1.51898e+07
1.98701e+07
1.77104e+07
1.31991e+07
1.19264e+07
1.21376e+07
1.00404e+07
6.22783e+06
5.92346e+06
8.07323e+06
1.01181e+07
1.37992e+07
1.61992e+07
1.71538e+07
1.73694e+07
1.15906e+07
8.14925e+06
1.00307e+07
1.17338e+07
1.09036e+07
9.83794e+06
7.30904e+06
5.87902e+06
7.53847e+06
8.86511e+06
4.86666e+06
1.9223e+06
3.76708e+06
7.82329e+06
1.0631e+07
1.23895e+07
1.53687e+07
1.35309e+07
7.06661e+06
2.13187e+06
2.3326e+06
4.8142e+06
4.02545e+06
1.22088e+06
669796
881219
708030
1.99992e+06
2.93887e+06
5.23427e+06
8.15979e+06
8.38457e+06
5.46784e+06
1.9634e+06
1.36677e+06
1.39952e+06
240157
1576
2
0
12
365
10279
123437
791630
2.4947e+06
3.65174e+06
2.06324e+06
323980
14321
342
0
0
0
0
0
0
59
1334
19633
122457
275089
107764
0
0
0
0
0
0
0
0
0
0
0
0
0
0
0
0
0
0
0
0
0
0
0
0
0
0
0
0
0
0
0
0
0
0
0
0
0
0
0
0
0
0
0
0
0
0
0
0
0
0
0
0
0
0
0
0
0
0
0
0
0
0
0
0
0
0
0
0
0
0
0
0
0
0
0
0
0
0
0
0
0
0
0
0
0
0
0
0
0
0
0
0
0
0
0
0
0
0
0
0
0
0
0
0
0
0
0
0
0
0
0
0
0
0
0
0
0
0
0
0
0
0
0
0
0
0
0
0
0
0
0
0
0
0
0
0
0
0
0
0
0
0
0
0
0
0
0
0
0
0
0
0
0
0
0
0
0
0
0
0
0
0
0
0
0
0
0
0
0
0
0
0
0
0
0
0
0
0
0
0
0
0
0
0
0
0
0
0
0
0
0
0
0
0
0
0
0
0
0
0
