1.63021e+06
0
0
0
0
0
0
0
0
0
0
0
0
0
0
0
2
3315
385775
2.76512e+06
4.01924e+06
2.04916e+06
491535
62639
6103
24560
191755
792237
1.5914e+06
1.48544e+06
652181
148532
222853
1.6284e+06
5.19669e+06
7.01838e+06
4.16952e+06
1.18267e+06
498915
1.73753e+06
3.3973e+06
2.9099e+06
1.32834e+06
1.42716e+06
4.04944e+06
6.5887e+06
5.17977e+06
2.17058e+06
1.31356e+06
2.10988e+06
2.19445e+06
2.1799e+06
5.87202e+06
1.22777e+07
1.24136e+07
6.22442e+06
2.3433e+06
1.82531e+06
1.99394e+06
3.83882e+06
8.21992e+06
9.95336e+06
7.09791e+06
6.02841e+06
6.97705e+06
5.92267e+06
5.65893e+06
7.06457e+06
6.43618e+06
5.98527e+06
7.54785e+06
9.37494e+06
1.48215e+07
2.01159e+07
1.49198e+07
5.75136e+06
2.34959e+06
5.58366e+06
1.17231e+07
1.28701e+07
8.54513e+06
5.98068e+06
7.64458e+06
1.24408e+07
1.45585e+07
1.26095e+07
1.23761e+07
1.55099e+07
2.08339e+07
2.04661e+07
1.45068e+07
1.15647e+07
1.32285e+07
1.54869e+07
1.36831e+07
1.1587e+07
1.25444e+07
1.48689e+07
1.32444e+07
9.68045e+06
1.29216e+07
2.21605e+07
2.46967e+07
1.95598e+07
2.01694e+07
2.82751e+07
3.13203e+07
2.56539e+07
1.8628e+07
1.26888e+07
8.19635e+06
8.09044e+06
1.69984e+07
2.65703e+07
2.33413e+07
1.77151e+07
2.40976e+07
2.72674e+07
2.48781e+07
1.82587e+07
1.91362e+07
2.12159e+07
2.35033e+07
3.08043e+07
2.74354e+07
2.04304e+07
1.84804e+07
1.87824e+07
1.55559e+07
9.62678e+06
9.16245e+06
1.25129e+07
1.56627e+07
2.13704e+07
2.50936e+07
2.65772e+07
2.69104e+07
1.79364e+07
1.26099e+07
1.55331e+07
1.81899e+07
1.68892e+07
1.52239e+07
1.13176e+07
9.09977e+06
1.16693e+07
1.37628e+07
7.52126e+06
2.96263e+06
5.83226e+06
1.21249e+07
1.64385e+07
1.91884e+07
2.38231e+07
2.09834e+07
1.09299e+07
3.28194e+06
3.60191e+06
7.47567e+06
6.23893e+06
1.88215e+06
1.03457e+06
1.36647e+06
1.08748e+06
3.09477e+06
4.54875e+06
8.11248e+06
1.26466e+07
1.30018e+07
8.45358e+06
3.03444e+06
2.11463e+06
2.17293e+06
370629
2416
2
0
12
496
14793
186950
1.22127e+06
3.86713e+06
5.66197e+06
3.19617e+06
501443
21197
434
3
0
0
0
0
0
63
1875
29197
188451
428107
167411
0
0
0
0
0
0
0
0
0
0
0
0
0
0
0
0
0
0
0
0
0
0
0
0
0
0
0
0
0
0
0
0
0
0
0
0
0
0
0
0
0
0
0
0
0
0
0
0
0
0
0
0
0
0
0
0
0
0
0
0
0
0
0
0
0
0
0
0
0
0
0
0
0
0
0
0
0
0
0
0
0
0
0
0
0
0
0
0
0
0
0
0
0
0
0
0
0
0
0
0
0
0
0
0
0
0
0
0
0
0
0
0
0
0
0
0
0
0
0
0
0
0
0
0
0
0
0
0
0
0
0
0
0
0
0
0
0
0
0
0
0
0
0
0
0
0
0
0
0
0
0
0
0
0
0
0
0
0
0
0
0
0
0
0
0
0
0
0
0
0
0
0
0
0
0
0
0
0
0
0
0
0
0
0
0
0
0
0
0
0
0
0
0
0
0
0
0
0
0
0
