2.01728e+06
0
0
0
0
0
0
0
0
0
0
0
0
0
0
0
2
4057
477264
3.42173e+06
4.97367e+06
2.53608e+06
607728
77549
7695
30661
236761
979970
1.96958e+06
1.83878e+06
806974
183219
276265
2.01554e+06
6.43153e+06
8.68172e+06
5.16045e+06
1.46375e+06
618167
2.15014e+06
4.2029e+06
3.60095e+06
1.64505e+06
1.76689e+06
5.01363e+06
8.14316e+06
6.41269e+06
2.68733e+06
1.62561e+06
2.60997e+06
2.7169e+06
2.69761e+06
7.2737e+06
1.51852e+07
1.53566e+07
7.70784e+06
2.9009e+06
2.25586e+06
2.46784e+06
4.75183e+06
1.01731e+07
1.2309e+07
8.79189e+06
7.46296e+06
8.61853e+06
7.33337e+06
7.00343e+06
8.74176e+06
7.97103e+06
7.40806e+06
9.333e+06
1.16109e+07
1.83477e+07
2.48656e+07
1.8464e+07
7.12317e+06
2.91254e+06
6.91547e+06
1.45013e+07
1.59162e+07
1.05791e+07
7.40252e+06
9.45974e+06
1.53955e+07
1.80092e+07
1.56167e+07
1.53134e+07
1.91967e+07
2.57669e+07
2.53219e+07
1.79553e+07
1.43146e+07
1.63854e+07
1.91384e+07
1.69336e+07
1.43449e+07
1.55277e+07
1.83877e+07
1.6381e+07
1.19942e+07
1.60026e+07
2.74185e+07
3.05444e+07
2.42143e+07
2.49756e+07
3.49786e+07
3.87297e+07
3.17549e+07
2.30404e+07
1.57083e+07
1.01513e+07
1.00373e+07
2.10472e+07
3.28196e+07
2.88758e+07
2.19625e+07
2.98202e+07
3.37205e+07
3.07916e+07
2.26119e+07
2.36761e+07
2.62577e+07
2.90986e+07
3.81052e+07
3.39221e+07
2.52883e+07
2.28752e+07
2.32243e+07
1.92623e+07
1.193e+07
1.13409e+07
1.54884e+07
1.93817e+07
2.6424e+07
3.10469e+07
3.29028e+07
3.32773e+07
2.21871e+07
1.56353e+07
1.92251e+07
2.24907e+07
2.09146e+07
1.88245e+07
1.40088e+07
1.12732e+07
1.4432e+07
1.70099e+07
9.30852e+06
3.67641e+06
7.22328e+06
1.50052e+07
2.03353e+07
2.37741e+07
2.94763e+07
2.59343e+07
1.35162e+07
4.07487e+06
4.47443e+06
9.24702e+06
7.69671e+06
2.33464e+06
1.28186e+06
1.69129e+06
1.34856e+06
3.8328e+06
5.62636e+06
1.00395e+07
1.56655e+07
1.60854e+07
1.04392e+07
3.76272e+06
2.61906e+06
2.68304e+06
458035
2994
2
0
13
644
18091
231796
1.51455e+06
4.78644e+06
7.00242e+06
3.95347e+06
621440
26111
535
3
0
0
0
0
0
88
2324
35794
233784
529546
207104
0
0
0
0
0
0
0
0
0
0
0
0
0
0
0
0
0
0
0
0
0
0
0
0
0
0
0
0
0
0
0
0
0
0
0
0
0
0
0
0
0
0
0
0
0
0
0
0
0
0
0
0
0
0
0
0
0
0
0
0
0
0
0
0
0
0
0
0
0
0
0
0
0
0
0
0
0
0
0
0
0
0
0
0
0
0
0
0
0
0
0
0
0
0
0
0
0
0
0
0
0
0
0
0
0
0
0
0
0
0
0
0
0
0
0
0
0
0
0
0
0
0
0
0
0
0
0
0
0
0
0
0
0
0
0
0
0
0
0
0
0
0
0
0
0
0
0
0
0
0
0
0
0
0
0
0
0
0
0
0
0
0
0
0
0
0
0
0
0
0
0
0
0
0
0
0
0
0
0
0
0
0
0
0
0
0
0
0
0
0
0
0
0
0
0
0
0
0
0
0
