1.99066e+06
0
0
0
0
0
0
0
0
0
0
0
0
0
0
0
2
3976
471026
3.37681e+06
4.90787e+06
2.50218e+06
599965
76626
7548
30209
233681
967075
1.94354e+06
1.81454e+06
796277
180796
272710
1.989e+06
6.34664e+06
8.56688e+06
5.09288e+06
1.44396e+06
610084
2.12162e+06
4.14804e+06
3.55286e+06
1.62326e+06
1.74374e+06
4.94792e+06
8.03504e+06
6.3278e+06
2.65233e+06
1.6041e+06
2.57558e+06
2.68113e+06
2.66226e+06
7.17666e+06
1.49859e+07
1.51544e+07
7.60503e+06
2.8627e+06
2.22643e+06
2.43491e+06
4.6898e+06
1.00381e+07
1.21467e+07
8.6753e+06
7.36529e+06
8.50504e+06
7.23569e+06
6.91105e+06
8.6263e+06
7.86671e+06
7.3098e+06
9.21045e+06
1.14574e+07
1.81053e+07
2.45382e+07
1.8219e+07
7.02882e+06
2.87494e+06
6.8247e+06
1.4309e+07
1.57067e+07
1.04394e+07
7.30473e+06
9.33524e+06
1.51925e+07
1.77722e+07
1.54091e+07
1.51124e+07
1.89422e+07
2.54271e+07
2.49886e+07
1.77169e+07
1.41265e+07
1.61688e+07
1.88878e+07
1.67074e+07
1.41568e+07
1.53236e+07
1.81449e+07
1.61638e+07
1.18351e+07
1.57915e+07
2.70583e+07
3.01422e+07
2.38932e+07
2.46455e+07
3.45178e+07
3.82184e+07
3.13355e+07
2.2737e+07
1.55007e+07
1.00163e+07
9.90558e+06
2.07683e+07
3.23894e+07
2.8493e+07
2.16716e+07
2.94272e+07
3.32762e+07
3.03849e+07
2.23122e+07
2.33648e+07
2.59114e+07
2.87129e+07
3.76037e+07
3.3475e+07
2.49545e+07
2.25714e+07
2.29198e+07
1.90071e+07
1.17725e+07
1.11911e+07
1.52844e+07
1.91259e+07
2.6076e+07
3.06376e+07
3.2467e+07
3.28395e+07
2.18945e+07
1.54278e+07
1.8971e+07
2.21941e+07
2.06383e+07
1.85768e+07
1.38241e+07
1.11242e+07
1.42418e+07
1.67847e+07
9.18553e+06
3.62822e+06
7.12819e+06
1.48066e+07
2.00687e+07
2.34597e+07
2.90861e+07
2.55921e+07
1.33384e+07
4.02168e+06
4.41471e+06
9.12398e+06
7.59608e+06
2.30406e+06
1.26486e+06
1.6694e+06
1.3307e+06
3.78147e+06
5.55276e+06
9.90587e+06
1.54589e+07
1.5873e+07
1.03027e+07
3.71244e+06
2.58504e+06
2.6473e+06
451992
2958
2
0
13
638
17845
228822
1.49429e+06
4.72295e+06
6.91029e+06
3.90138e+06
613322
25824
530
3
0
0
0
0
0
82
2301
35336
230713
522511
204385
0
0
0
0
0
0
0
0
0
0
0
0
0
0
0
0
0
0
0
0
0
0
0
0
0
0
0
0
0
0
0
0
0
0
0
0
0
0
0
0
0
0
0
0
0
0
0
0
0
0
0
0
0
0
0
0
0
0
0
0
0
0
0
0
0
0
0
0
0
0
0
0
0
0
0
0
0
0
0
0
0
0
0
0
0
0
0
0
0
0
0
0
0
0
0
0
0
0
0
0
0
0
0
0
0
0
0
0
0
0
0
0
0
0
0
0
0
0
0
0
0
0
0
0
0
0
0
0
0
0
0
0
0
0
0
0
0
0
0
0
0
0
0
0
0
0
0
0
0
0
0
0
0
0
0
0
0
0
0
0
0
0
0
0
0
0
0
0
0
0
0
0
0
0
0
0
0
0
0
0
0
0
0
0
0
0
0
0
0
0
0
0
0
0
0
0
0
0
0
0
