40960
0
0
0
0
0
0
0
0
0
0
0
0
0
0
0
0
175
10688
65890
106414
46882
13030
2341
430
902
5085
17615
42731
36648
15428
4508
7364
40939
121053
190183
95021
31363
15599
40555
89819
71507
32209
36320
92105
184553
122131
52132
32718
53638
58319
57375
135098
315145
319180
142891
60428
53791
50992
88805
198971
276450
161386
141340
200380
139206
129721
195563
154292
138557
214078
224677
337134
566142
350104
136615
64124
127885
301891
341778
196112
161288
178541
309348
392013
286492
338153
357841
544457
526523
340377
307954
303684
430826
316887
303773
295672
394400
336803
234128
304385
568394
648378
466461
491486
719116
813393
621994
475681
318019
214806
191740
386456
751828
558162
414120
589119
736931
604112
449345
507646
514078
572019
768380
738391
494512
442737
506566
376258
231316
235886
305286
386092
577132
619135
636170
708125
453656
291120
408485
456725
400257
405543
277459
226990
297214
342088
194574
74219
143226
292123
457329
435021
597815
538400
286712
80946
84203
174800
177131
44220
24255
35363
29753
70849
116441
202678
318085
312348
235641
71264
48669
56758
11784
75
0
0
0
19
625
5667
29510
87997
147822
84354
11964
660
22
0
0
0
0
0
0
7
112
852
4520
9185
5804
0
0
0
0
0
0
0
0
0
0
0
0
0
0
0
0
0
0
0
0
0
0
0
0
0
0
0
0
0
0
0
0
0
0
0
0
0
0
0
0
0
0
0
0
0
0
0
0
0
0
0
0
0
0
0
0
0
0
0
0
0
0
0
0
0
0
0
0
0
0
0
0
0
0
0
0
0
0
0
0
0
0
0
0
0
0
0
0
0
0
0
0
0
0
0
0
0
0
0
0
0
0
0
0
0
0
0
0
0
0
0
0
0
0
0
0
0
0
0
0
0
0
0
0
0
0
0
0
0
0
0
0
0
0
0
0
0
0
0
0
0
0
0
0
0
0
0
0
0
0
0
0
0
0
0
0
0
0
0
0
0
0
0
0
0
0
0
0
0
0
0
0
0
0
0
0
0
0
0
0
0
0
0
0
0
0
0
0
0
0
0
0
0
0
0
0
0
0
0
0
