1.82067e+06
0
0
0
0
0
0
0
0
0
0
0
0
0
0
0
2
3668
430897
3.08868e+06
4.48786e+06
2.28912e+06
548938
69926
6767
27441
214044
885087
1.77634e+06
1.66009e+06
728418
165456
248848
1.81925e+06
5.80397e+06
7.83651e+06
4.6589e+06
1.32032e+06
557158
1.93947e+06
3.7951e+06
3.24964e+06
1.48408e+06
1.59412e+06
4.52536e+06
7.35106e+06
5.78777e+06
2.42544e+06
1.46695e+06
2.35598e+06
2.45013e+06
2.43413e+06
6.562e+06
1.37088e+07
1.38632e+07
6.95562e+06
2.61638e+06
2.03645e+06
2.22675e+06
4.28817e+06
9.18025e+06
1.11129e+07
7.93268e+06
6.73429e+06
7.78313e+06
6.61688e+06
6.32274e+06
7.88865e+06
7.19053e+06
6.68524e+06
8.42646e+06
1.04767e+07
1.65561e+07
2.24524e+07
1.66652e+07
6.42751e+06
2.62349e+06
6.23854e+06
1.30901e+07
1.4372e+07
9.5458e+06
6.678e+06
8.53868e+06
1.38934e+07
1.62589e+07
1.40898e+07
1.38185e+07
1.73195e+07
2.32654e+07
2.28615e+07
1.62008e+07
1.29178e+07
1.47807e+07
1.72831e+07
1.52841e+07
1.29436e+07
1.40112e+07
1.66002e+07
1.47913e+07
1.08153e+07
1.44351e+07
2.47491e+07
2.75779e+07
2.18482e+07
2.25296e+07
3.15793e+07
3.49693e+07
2.86561e+07
2.0798e+07
1.41736e+07
9.15601e+06
9.04715e+06
1.8988e+07
2.965e+07
2.6066e+07
1.98024e+07
2.69084e+07
3.0447e+07
2.77917e+07
2.03968e+07
2.13685e+07
2.36944e+07
2.62552e+07
3.44027e+07
3.06335e+07
2.28193e+07
2.06412e+07
2.09648e+07
1.73802e+07
1.07587e+07
1.02324e+07
1.39793e+07
1.74962e+07
2.38552e+07
2.80242e+07
2.96854e+07
3.00479e+07
2.00295e+07
1.40954e+07
1.73487e+07
2.03032e+07
1.88742e+07
1.6996e+07
1.26437e+07
1.01692e+07
1.30267e+07
1.53625e+07
8.3997e+06
3.31474e+06
6.51777e+06
1.35395e+07
1.83531e+07
2.14498e+07
2.66016e+07
2.34197e+07
1.22048e+07
3.67194e+06
4.03175e+06
8.34685e+06
6.95637e+06
2.10462e+06
1.15635e+06
1.52638e+06
1.21632e+06
3.45815e+06
5.0782e+06
9.05965e+06
1.41323e+07
1.45186e+07
9.433e+06
3.39212e+06
2.36389e+06
2.4229e+06
413357
2679
2
0
13
565
16480
208918
1.36553e+06
4.31834e+06
6.32224e+06
3.56923e+06
560615
23634
481
3
0
0
0
0
0
72
2053
32442
210931
477919
186919
0
0
0
0
0
0
0
0
0
0
0
0
0
0
0
0
0
0
0
0
0
0
0
0
0
0
0
0
0
0
0
0
0
0
0
0
0
0
0
0
0
0
0
0
0
0
0
0
0
0
0
0
0
0
0
0
0
0
0
0
0
0
0
0
0
0
0
0
0
0
0
0
0
0
0
0
0
0
0
0
0
0
0
0
0
0
0
0
0
0
0
0
0
0
0
0
0
0
0
0
0
0
0
0
0
0
0
0
0
0
0
0
0
0
0
0
0
0
0
0
0
0
0
0
0
0
0
0
0
0
0
0
0
0
0
0
0
0
0
0
0
0
0
0
0
0
0
0
0
0
0
0
0
0
0
0
0
0
0
0
0
0
0
0
0
0
0
0
0
0
0
0
0
0
0
0
0
0
0
0
0
0
0
0
0
0
0
0
0
0
0
0
0
0
0
0
0
0
0
0
