1.59334e+06
0
0
0
0
0
0
0
0
0
0
0
0
0
0
0
2
3235
377127
2.70247e+06
3.92866e+06
2.00254e+06
480376
61289
6005
23981
187408
774262
1.55559e+06
1.45179e+06
637184
145342
217862
1.59128e+06
5.07877e+06
6.8609e+06
4.07487e+06
1.1557e+06
487330
1.69872e+06
3.32086e+06
2.8436e+06
1.29817e+06
1.395e+06
3.95732e+06
6.44077e+06
5.06192e+06
2.12132e+06
1.28367e+06
2.06291e+06
2.14497e+06
2.12986e+06
5.73865e+06
1.20021e+07
1.2133e+07
6.08232e+06
2.29001e+06
1.78439e+06
1.94944e+06
3.75149e+06
8.03461e+06
9.72768e+06
6.93662e+06
5.89285e+06
6.81979e+06
5.7873e+06
5.53167e+06
6.90612e+06
6.28984e+06
5.85057e+06
7.37702e+06
9.16093e+06
1.44866e+07
1.96638e+07
1.45813e+07
5.62071e+06
2.29616e+06
5.4566e+06
1.14597e+07
1.2579e+07
8.35115e+06
5.84467e+06
7.47133e+06
1.21615e+07
1.42296e+07
1.23221e+07
1.20974e+07
1.51595e+07
2.03626e+07
2.00044e+07
1.4177e+07
1.13034e+07
1.29305e+07
1.51378e+07
1.33711e+07
1.13261e+07
1.22592e+07
1.45342e+07
1.29455e+07
9.46043e+06
1.26286e+07
2.16603e+07
2.414e+07
1.91158e+07
1.97116e+07
2.76365e+07
3.06151e+07
2.50724e+07
1.82063e+07
1.2402e+07
8.01199e+06
7.9043e+06
1.66115e+07
2.59782e+07
2.28112e+07
1.73085e+07
2.3553e+07
2.6657e+07
2.43143e+07
1.7843e+07
1.87047e+07
2.07327e+07
2.297e+07
3.0113e+07
2.68179e+07
1.99655e+07
1.8062e+07
1.83583e+07
1.52046e+07
9.40822e+06
8.95422e+06
1.22277e+07
1.53086e+07
2.08918e+07
2.45278e+07
2.59734e+07
2.63038e+07
1.75291e+07
1.23223e+07
1.51849e+07
1.77774e+07
1.65048e+07
1.4881e+07
1.10626e+07
8.89222e+06
1.14065e+07
1.34534e+07
7.35126e+06
2.89388e+06
5.6998e+06
1.18523e+07
1.60684e+07
1.87495e+07
2.3286e+07
2.05121e+07
1.06821e+07
3.20643e+06
3.51932e+06
7.3074e+06
6.09892e+06
1.83937e+06
1.0106e+06
1.33608e+06
1.06215e+06
3.02375e+06
4.44797e+06
7.92826e+06
1.23602e+07
1.27079e+07
8.26402e+06
2.96505e+06
2.06606e+06
2.1244e+06
362551
2362
2
0
12
483
14399
182664
1.19316e+06
3.77976e+06
5.53435e+06
3.12418e+06
489885
20767
429
3
0
0
0
0
0
63
1818
28528
184091
418428
163744
0
0
0
0
0
0
0
0
0
0
0
0
0
0
0
0
0
0
0
0
0
0
0
0
0
0
0
0
0
0
0
0
0
0
0
0
0
0
0
0
0
0
0
0
0
0
0
0
0
0
0
0
0
0
0
0
0
0
0
0
0
0
0
0
0
0
0
0
0
0
0
0
0
0
0
0
0
0
0
0
0
0
0
0
0
0
0
0
0
0
0
0
0
0
0
0
0
0
0
0
0
0
0
0
0
0
0
0
0
0
0
0
0
0
0
0
0
0
0
0
0
0
0
0
0
0
0
0
0
0
0
0
0
0
0
0
0
0
0
0
0
0
0
0
0
0
0
0
0
0
0
0
0
0
0
0
0
0
0
0
0
0
0
0
0
0
0
0
0
0
0
0
0
0
0
0
0
0
0
0
0
0
0
0
0
0
0
0
0
0
0
0
0
0
0
0
0
0
0
0
