1.56467e+06
0
0
0
0
0
0
0
0
0
0
0
0
0
0
0
2
3197
370265
2.65391e+06
3.858e+06
1.9664e+06
471798
60148
5924
23542
183895
760172
1.5281e+06
1.42575e+06
625523
142627
213874
1.56215e+06
4.98762e+06
6.73815e+06
4.00141e+06
1.13481e+06
478270
1.66814e+06
3.26127e+06
2.79281e+06
1.27419e+06
1.36924e+06
3.88624e+06
6.32678e+06
4.97063e+06
2.08196e+06
1.26058e+06
2.02599e+06
2.10701e+06
2.09127e+06
5.6338e+06
1.1787e+07
1.19163e+07
5.97191e+06
2.24821e+06
1.75272e+06
1.91407e+06
3.68413e+06
7.88926e+06
9.55393e+06
6.8108e+06
5.78732e+06
6.69751e+06
5.68272e+06
5.43132e+06
6.78285e+06
6.17747e+06
5.74397e+06
7.24474e+06
8.99332e+06
1.42261e+07
1.93141e+07
1.43191e+07
5.5186e+06
2.25368e+06
5.35652e+06
1.12543e+07
1.23563e+07
8.19945e+06
5.73816e+06
7.33556e+06
1.19434e+07
1.39756e+07
1.20992e+07
1.18802e+07
1.48845e+07
1.99979e+07
1.96458e+07
1.3921e+07
1.11001e+07
1.26967e+07
1.48668e+07
1.31296e+07
1.11225e+07
1.20369e+07
1.42738e+07
1.27147e+07
9.28756e+06
1.23976e+07
2.12733e+07
2.37119e+07
1.87687e+07
1.93514e+07
2.71413e+07
3.00691e+07
2.46205e+07
1.78766e+07
1.21798e+07
7.86865e+06
7.75706e+06
1.63102e+07
2.55169e+07
2.24038e+07
1.69888e+07
2.31281e+07
2.61833e+07
2.38778e+07
1.75179e+07
1.83704e+07
2.03579e+07
2.25555e+07
2.95714e+07
2.63377e+07
1.96078e+07
1.77349e+07
1.80295e+07
1.49308e+07
9.23727e+06
8.79107e+06
1.20069e+07
1.50321e+07
2.05219e+07
2.40856e+07
2.55045e+07
2.58328e+07
1.72134e+07
1.20976e+07
1.49128e+07
1.74589e+07
1.62059e+07
1.46133e+07
1.08645e+07
8.73035e+06
1.12016e+07
1.32142e+07
7.21883e+06
2.84008e+06
5.59553e+06
1.16399e+07
1.57821e+07
1.84078e+07
2.28667e+07
2.01466e+07
1.0492e+07
3.14631e+06
3.45353e+06
7.17723e+06
5.99136e+06
1.80562e+06
991553
1.31266e+06
1.04238e+06
2.96894e+06
4.36708e+06
7.78545e+06
1.21386e+07
1.24793e+07
8.11682e+06
2.91113e+06
2.028e+06
2.08713e+06
356197
2318
2
0
12
461
14201
179296
1.17064e+06
3.71166e+06
5.43527e+06
3.06904e+06
480621
20410
422
0
0
0
0
0
0
63
1797
27951
180679
410987
160859
0
0
0
0
0
0
0
0
0
0
0
0
0
0
0
0
0
0
0
0
0
0
0
0
0
0
0
0
0
0
0
0
0
0
0
0
0
0
0
0
0
0
0
0
0
0
0
0
0
0
0
0
0
0
0
0
0
0
0
0
0
0
0
0
0
0
0
0
0
0
0
0
0
0
0
0
0
0
0
0
0
0
0
0
0
0
0
0
0
0
0
0
0
0
0
0
0
0
0
0
0
0
0
0
0
0
0
0
0
0
0
0
0
0
0
0
0
0
0
0
0
0
0
0
0
0
0
0
0
0
0
0
0
0
0
0
0
0
0
0
0
0
0
0
0
0
0
0
0
0
0
0
0
0
0
0
0
0
0
0
0
0
0
0
0
0
0
0
0
0
0
0
0
0
0
0
0
0
0
0
0
0
0
0
0
0
0
0
0
0
0
0
0
0
0
0
0
0
0
0
