1.56058e+06
0
0
0
0
0
0
0
0
0
0
0
0
0
0
0
2
3184
369308
2.64686e+06
3.84801e+06
1.96134e+06
470477
59980
5908
23473
183391
758137
1.52419e+06
1.42209e+06
623833
142206
213262
1.55808e+06
4.97446e+06
6.72087e+06
3.99083e+06
1.13181e+06
476888
1.66372e+06
3.25283e+06
2.78563e+06
1.27066e+06
1.36551e+06
3.87612e+06
6.31052e+06
4.9576e+06
2.07642e+06
1.25726e+06
2.02064e+06
2.10158e+06
2.08556e+06
5.6187e+06
1.17567e+07
1.18854e+07
5.95629e+06
2.24192e+06
1.74827e+06
1.90884e+06
3.6745e+06
7.8688e+06
9.52895e+06
6.79283e+06
5.77218e+06
6.68031e+06
5.66761e+06
5.41698e+06
6.76519e+06
6.16141e+06
5.7289e+06
7.22563e+06
8.96932e+06
1.41892e+07
1.92639e+07
1.42822e+07
5.50383e+06
2.24719e+06
5.34235e+06
1.12251e+07
1.23242e+07
8.17812e+06
5.72282e+06
7.316e+06
1.19123e+07
1.39397e+07
1.2067e+07
1.18487e+07
1.48453e+07
1.99461e+07
1.95947e+07
1.38844e+07
1.10707e+07
1.26634e+07
1.4828e+07
1.30954e+07
1.10933e+07
1.20051e+07
1.42368e+07
1.26814e+07
9.26299e+06
1.23645e+07
2.12183e+07
2.36504e+07
1.8719e+07
1.93001e+07
2.70704e+07
2.99917e+07
2.4556e+07
1.78294e+07
1.21479e+07
7.84787e+06
7.73601e+06
1.62672e+07
2.54512e+07
2.23452e+07
1.69437e+07
2.30673e+07
2.61154e+07
2.38156e+07
1.74719e+07
1.8322e+07
2.03046e+07
2.24962e+07
2.94942e+07
2.62691e+07
1.95564e+07
1.76883e+07
1.79823e+07
1.48919e+07
9.21259e+06
8.76788e+06
1.19752e+07
1.4993e+07
2.04686e+07
2.40226e+07
2.54376e+07
2.57654e+07
1.71684e+07
1.20654e+07
1.48737e+07
1.74135e+07
1.61634e+07
1.4575e+07
1.08361e+07
8.70741e+06
1.1172e+07
1.31802e+07
7.19998e+06
2.83224e+06
5.58048e+06
1.16096e+07
1.57409e+07
1.83593e+07
2.28071e+07
2.00944e+07
1.04646e+07
3.13763e+06
3.44414e+06
7.15872e+06
5.97594e+06
1.80081e+06
988921
1.30914e+06
1.03959e+06
2.96111e+06
4.35558e+06
7.76481e+06
1.21071e+07
1.24467e+07
8.09593e+06
2.90331e+06
2.02253e+06
2.0818e+06
355301
2300
2
0
12
461
14170
178807
1.16747e+06
3.70185e+06
5.42104e+06
3.06133e+06
479274
20350
420
0
0
0
0
0
0
63
1793
27886
180193
409914
160439
0
0
0
0
0
0
0
0
0
0
0
0
0
0
0
0
0
0
0
0
0
0
0
0
0
0
0
0
0
0
0
0
0
0
0
0
0
0
0
0
0
0
0
0
0
0
0
0
0
0
0
0
0
0
0
0
0
0
0
0
0
0
0
0
0
0
0
0
0
0
0
0
0
0
0
0
0
0
0
0
0
0
0
0
0
0
0
0
0
0
0
0
0
0
0
0
0
0
0
0
0
0
0
0
0
0
0
0
0
0
0
0
0
0
0
0
0
0
0
0
0
0
0
0
0
0
0
0
0
0
0
0
0
0
0
0
0
0
0
0
0
0
0
0
0
0
0
0
0
0
0
0
0
0
0
0
0
0
0
0
0
0
0
0
0
0
0
0
0
0
0
0
0
0
0
0
0
0
0
0
0
0
0
0
0
0
0
0
0
0
0
0
0
0
0
0
0
0
0
0
