1.3353e+06
0
0
0
0
0
0
0
0
0
0
0
0
0
0
0
0
2762
316304
2.26413e+06
3.29367e+06
1.67718e+06
402492
51544
5098
20165
156922
648109
1.30456e+06
1.2173e+06
533365
121621
182207
1.33363e+06
4.25624e+06
5.75181e+06
3.41304e+06
968463
408652
1.42265e+06
2.78488e+06
2.3831e+06
1.08615e+06
1.16965e+06
3.31559e+06
5.40073e+06
4.24004e+06
1.7779e+06
1.07566e+06
1.7291e+06
1.79708e+06
1.78582e+06
4.81234e+06
1.00563e+07
1.01632e+07
5.09896e+06
1.91892e+06
1.49673e+06
1.63584e+06
3.14444e+06
6.72886e+06
8.15419e+06
5.81327e+06
4.93917e+06
5.7153e+06
4.85022e+06
4.63491e+06
5.78882e+06
5.2703e+06
4.90269e+06
6.1848e+06
7.67206e+06
1.21386e+07
1.64863e+07
1.22176e+07
4.71105e+06
1.92625e+06
4.57218e+06
9.598e+06
1.05445e+07
7.0009e+06
4.90001e+06
6.26227e+06
1.01867e+07
1.19255e+07
1.03222e+07
1.01455e+07
1.26996e+07
1.7068e+07
1.67667e+07
1.18733e+07
9.47839e+06
1.0835e+07
1.26888e+07
1.12021e+07
9.49447e+06
1.0273e+07
1.21779e+07
1.08526e+07
7.92415e+06
1.05848e+07
1.81577e+07
2.02328e+07
1.60089e+07
1.65189e+07
2.31634e+07
2.56632e+07
2.10054e+07
1.52541e+07
1.03979e+07
6.72046e+06
6.62246e+06
1.39087e+07
2.17846e+07
1.91141e+07
1.45006e+07
1.97368e+07
2.23459e+07
2.03797e+07
1.49462e+07
1.56734e+07
1.73711e+07
1.92522e+07
2.52341e+07
2.24825e+07
1.67342e+07
1.51304e+07
1.53895e+07
1.27404e+07
7.88439e+06
7.50189e+06
1.02444e+07
1.2833e+07
1.75185e+07
2.05579e+07
2.17569e+07
2.20408e+07
1.46943e+07
1.03286e+07
1.27219e+07
1.4893e+07
1.38298e+07
1.24741e+07
9.27639e+06
7.4493e+06
9.55945e+06
1.12733e+07
6.16609e+06
2.42706e+06
4.7751e+06
9.9309e+06
1.34666e+07
1.57089e+07
1.95153e+07
1.71852e+07
8.95798e+06
2.69101e+06
2.94753e+06
6.12115e+06
5.11336e+06
1.54178e+06
846177
1.12074e+06
890939
2.53514e+06
3.73014e+06
6.64038e+06
1.03534e+07
1.06471e+07
6.93008e+06
2.48745e+06
1.7311e+06
1.78089e+06
304156
1972
2
0
12
423
12357
154011
1.0008e+06
3.16679e+06
4.63487e+06
2.61956e+06
410680
17783
390
0
0
0
0
0
0
61
1560
24232
154915
349909
136971
0
0
0
0
0
0
0
0
0
0
0
0
0
0
0
0
0
0
0
0
0
0
0
0
0
0
0
0
0
0
0
0
0
0
0
0
0
0
0
0
0
0
0
0
0
0
0
0
0
0
0
0
0
0
0
0
0
0
0
0
0
0
0
0
0
0
0
0
0
0
0
0
0
0
0
0
0
0
0
0
0
0
0
0
0
0
0
0
0
0
0
0
0
0
0
0
0
0
0
0
0
0
0
0
0
0
0
0
0
0
0
0
0
0
0
0
0
0
0
0
0
0
0
0
0
0
0
0
0
0
0
0
0
0
0
0
0
0
0
0
0
0
0
0
0
0
0
0
0
0
0
0
0
0
0
0
0
0
0
0
0
0
0
0
0
0
0
0
0
0
0
0
0
0
0
0
0
0
0
0
0
0
0
0
0
0
0
0
0
0
0
0
0
0
0
0
0
0
0
0
