1.35782e+06
0
0
0
0
0
0
0
0
0
0
0
0
0
0
0
0
2810
321645
2.30219e+06
3.34914e+06
1.70591e+06
409252
52269
5147
20481
159554
659110
1.3264e+06
1.23806e+06
542405
123615
185116
1.35576e+06
4.32818e+06
5.84914e+06
3.47139e+06
984486
415108
1.44652e+06
2.83197e+06
2.42356e+06
1.10451e+06
1.18861e+06
3.37108e+06
5.49333e+06
4.312e+06
1.80756e+06
1.0931e+06
1.75832e+06
1.82776e+06
1.81524e+06
4.89226e+06
1.02274e+07
1.03368e+07
5.18472e+06
1.94974e+06
1.5218e+06
1.66355e+06
3.19622e+06
6.8429e+06
8.29358e+06
5.91055e+06
5.02163e+06
5.81345e+06
4.93164e+06
4.71144e+06
5.88785e+06
5.35934e+06
4.98492e+06
6.28847e+06
7.80084e+06
1.23429e+07
1.6768e+07
1.24256e+07
4.78756e+06
1.95688e+06
4.64827e+06
9.76251e+06
1.0724e+07
7.11818e+06
4.9807e+06
6.3655e+06
1.03618e+07
1.21284e+07
1.04959e+07
1.03144e+07
1.29137e+07
1.73571e+07
1.70519e+07
1.20726e+07
9.63679e+06
1.10174e+07
1.29049e+07
1.13905e+07
9.65315e+06
1.04451e+07
1.2386e+07
1.1037e+07
8.05591e+06
1.0759e+07
1.84666e+07
2.0579e+07
1.62763e+07
1.67931e+07
2.35567e+07
2.61009e+07
2.13599e+07
1.5511e+07
1.05725e+07
6.83262e+06
6.72942e+06
1.41445e+07
2.21563e+07
1.94377e+07
1.47385e+07
2.00717e+07
2.27254e+07
2.07241e+07
1.51968e+07
1.59368e+07
1.76642e+07
1.95734e+07
2.56647e+07
2.28638e+07
1.70163e+07
1.53849e+07
1.5649e+07
1.29556e+07
8.01534e+06
7.62646e+06
1.04182e+07
1.30494e+07
1.78152e+07
2.09047e+07
2.21234e+07
2.24162e+07
1.49425e+07
1.04998e+07
1.29367e+07
1.51461e+07
1.40617e+07
1.26856e+07
9.43275e+06
7.57361e+06
9.72031e+06
1.14664e+07
6.26986e+06
2.46603e+06
4.8548e+06
1.00996e+07
1.36926e+07
1.59734e+07
1.98454e+07
1.74779e+07
9.10998e+06
2.73415e+06
2.9951e+06
6.22586e+06
5.20121e+06
1.56727e+06
860087
1.13979e+06
905221
2.5772e+06
3.79254e+06
6.75289e+06
1.05287e+07
1.0829e+07
7.04655e+06
2.52853e+06
1.76029e+06
1.81106e+06
309319
2002
2
0
12
424
12502
156371
1.01711e+06
3.21972e+06
4.71438e+06
2.66407e+06
417403
18030
396
0
0
0
0
0
0
61
1581
24605
157405
355946
139314
0
0
0
0
0
0
0
0
0
0
0
0
0
0
0
0
0
0
0
0
0
0
0
0
0
0
0
0
0
0
0
0
0
0
0
0
0
0
0
0
0
0
0
0
0
0
0
0
0
0
0
0
0
0
0
0
0
0
0
0
0
0
0
0
0
0
0
0
0
0
0
0
0
0
0
0
0
0
0
0
0
0
0
0
0
0
0
0
0
0
0
0
0
0
0
0
0
0
0
0
0
0
0
0
0
0
0
0
0
0
0
0
0
0
0
0
0
0
0
0
0
0
0
0
0
0
0
0
0
0
0
0
0
0
0
0
0
0
0
0
0
0
0
0
0
0
0
0
0
0
0
0
0
0
0
0
0
0
0
0
0
0
0
0
0
0
0
0
0
0
0
0
0
0
0
0
0
0
0
0
0
0
0
0
0
0
0
0
0
0
0
0
0
0
0
0
0
0
0
0
