1.61792e+06
0
0
0
0
0
0
0
0
0
0
0
0
0
0
0
2
3277
383059
2.74396e+06
3.98908e+06
2.03366e+06
487837
62219
6071
24392
190272
786280
1.57947e+06
1.47412e+06
647269
147439
221159
1.6163e+06
5.15734e+06
6.96557e+06
4.13775e+06
1.1739e+06
495233
1.72461e+06
3.37164e+06
2.88776e+06
1.31846e+06
1.41658e+06
4.01874e+06
6.53899e+06
5.14049e+06
2.15451e+06
1.30356e+06
2.09417e+06
2.17806e+06
2.16338e+06
5.82787e+06
1.21848e+07
1.23199e+07
6.17737e+06
2.3257e+06
1.8117e+06
1.97926e+06
3.80996e+06
8.15786e+06
9.87762e+06
7.04447e+06
5.98321e+06
6.92472e+06
5.87781e+06
5.61664e+06
7.01117e+06
6.38761e+06
5.94058e+06
7.49089e+06
9.3036e+06
1.47099e+07
1.99646e+07
1.4807e+07
5.70772e+06
2.33247e+06
5.54128e+06
1.16351e+07
1.27728e+07
8.48072e+06
5.93558e+06
7.58702e+06
1.23475e+07
1.44485e+07
1.25136e+07
1.22835e+07
1.53934e+07
2.06762e+07
2.03122e+07
1.43968e+07
1.14785e+07
1.31282e+07
1.53709e+07
1.35789e+07
1.15e+07
1.24498e+07
1.47571e+07
1.3145e+07
9.60717e+06
1.28249e+07
2.19927e+07
2.45103e+07
1.94124e+07
2.00177e+07
2.80613e+07
3.10847e+07
2.54603e+07
1.84878e+07
1.25927e+07
8.1356e+06
8.02882e+06
1.6869e+07
2.63731e+07
2.31643e+07
1.75797e+07
2.39168e+07
2.70631e+07
2.46899e+07
1.81202e+07
1.89925e+07
2.10549e+07
2.33264e+07
3.05736e+07
2.72283e+07
2.02752e+07
1.83421e+07
1.86404e+07
1.54384e+07
9.55474e+06
9.0931e+06
1.24183e+07
1.55443e+07
2.12109e+07
2.49048e+07
2.63751e+07
2.67087e+07
1.78e+07
1.25146e+07
1.54172e+07
1.80528e+07
1.67606e+07
1.51098e+07
1.12322e+07
9.03107e+06
1.15813e+07
1.36599e+07
7.46458e+06
2.93989e+06
5.7884e+06
1.20333e+07
1.63152e+07
1.90421e+07
2.3644e+07
2.08262e+07
1.08472e+07
3.25725e+06
3.57414e+06
7.41948e+06
6.19227e+06
1.86796e+06
1.02675e+06
1.35634e+06
1.07905e+06
3.07151e+06
4.51529e+06
8.05092e+06
1.2551e+07
1.29031e+07
8.39052e+06
3.01148e+06
2.0987e+06
2.15656e+06
367933
2406
2
0
12
494
14697
185687
1.21215e+06
3.83792e+06
5.61932e+06
3.17177e+06
497732
21068
434
3
0
0
0
0
0
63
1866
29006
187074
424774
166177
0
0
0
0
0
0
0
0
0
0
0
0
0
0
0
0
0
0
0
0
0
0
0
0
0
0
0
0
0
0
0
0
0
0
0
0
0
0
0
0
0
0
0
0
0
0
0
0
0
0
0
0
0
0
0
0
0
0
0
0
0
0
0
0
0
0
0
0
0
0
0
0
0
0
0
0
0
0
0
0
0
0
0
0
0
0
0
0
0
0
0
0
0
0
0
0
0
0
0
0
0
0
0
0
0
0
0
0
0
0
0
0
0
0
0
0
0
0
0
0
0
0
0
0
0
0
0
0
0
0
0
0
0
0
0
0
0
0
0
0
0
0
0
0
0
0
0
0
0
0
0
0
0
0
0
0
0
0
0
0
0
0
0
0
0
0
0
0
0
0
0
0
0
0
0
0
0
0
0
0
0
0
0
0
0
0
0
0
0
0
0
0
0
0
0
0
0
0
0
0
