161792
0
0
0
0
0
0
0
0
0
0
0
0
0
0
0
0
417
39095
270766
403683
200948
48636
6634
765
2478
19207
76064
160860
148332
63229
14919
23562
162116
506396
709848
404474
119293
51475
170152
341870
286856
129738
141279
394333
674293
504254
213421
130321
209336
220343
218609
574081
1.2251e+06
1.23272e+06
607644
235107
188916
197662
376369
807052
1.01096e+06
689629
590336
711990
578576
553618
715586
632739
585079
771519
922617
1.44188e+06
2.04265e+06
1.45278e+06
568119
242413
546408
1.16722e+06
1.29084e+06
830980
603565
749190
1.23139e+06
1.46674e+06
1.22574e+06
1.2529e+06
1.51284e+06
2.08415e+06
2.03932e+06
1.42102e+06
1.16405e+06
1.28695e+06
1.57105e+06
1.33227e+06
1.16809e+06
1.22864e+06
1.48766e+06
1.31383e+06
956531
1.27494e+06
2.20666e+06
2.47023e+06
1.92278e+06
1.9912e+06
2.80787e+06
3.12768e+06
2.52571e+06
1.8576e+06
1.258e+06
822421
803943
1.65424e+06
2.69663e+06
2.28494e+06
1.7458e+06
2.37596e+06
2.74487e+06
2.44865e+06
1.81014e+06
1.92746e+06
2.09092e+06
2.3244e+06
3.03819e+06
2.75912e+06
2.01506e+06
1.81725e+06
1.89241e+06
1.52987e+06
952336
917837
1.23224e+06
1.54741e+06
2.14972e+06
2.48253e+06
2.61337e+06
2.69487e+06
1.78289e+06
1.23146e+06
1.55697e+06
1.80439e+06
1.65706e+06
1.53027e+06
1.11433e+06
906956
1.16166e+06
1.35202e+06
752835
294196
576949
1.19461e+06
1.6802e+06
1.86078e+06
2.36107e+06
2.08684e+06
1.09541e+06
325739
356377
728018
633009
185443
101969
136132
110723
300502
451367
802411
1.25623e+06
1.28019e+06
861047
294730
207647
215751
38831
288
0
0
3
69
1664
18997
119386
376699
566348
321551
49231
2135
45
0
0
0
0
0
0
7
243
2957
18369
41074
18246
0
0
0
0
0
0
0
0
0
0
0
0
0
0
0
0
0
0
0
0
0
0
0
0
0
0
0
0
0
0
0
0
0
0
0
0
0
0
0
0
0
0
0
0
0
0
0
0
0
0
0
0
0
0
0
0
0
0
0
0
0
0
0
0
0
0
0
0
0
0
0
0
0
0
0
0
0
0
0
0
0
0
0
0
0
0
0
0
0
0
0
0
0
0
0
0
0
0
0
0
0
0
0
0
0
0
0
0
0
0
0
0
0
0
0
0
0
0
0
0
0
0
0
0
0
0
0
0
0
0
0
0
0
0
0
0
0
0
0
0
0
0
0
0
0
0
0
0
0
0
0
0
0
0
0
0
0
0
0
0
0
0
0
0
0
0
0
0
0
0
0
0
0
0
0
0
0
0
0
0
0
0
0
0
0
0
0
0
0
0
0
0
0
0
0
0
0
0
0
0
