1.66707e+06
0
0
0
0
0
0
0
0
0
0
0
0
0
0
0
2
3393
394481
2.82782e+06
4.11004e+06
2.09515e+06
502869
64127
6224
25142
196183
810309
1.62701e+06
1.51892e+06
667089
151960
228005
1.6655e+06
5.31493e+06
7.17522e+06
4.26391e+06
1.21004e+06
510408
1.77696e+06
3.47401e+06
2.9751e+06
1.35871e+06
1.46048e+06
4.14141e+06
6.73484e+06
5.29677e+06
2.22089e+06
1.34403e+06
2.15693e+06
2.24379e+06
2.22983e+06
6.00671e+06
1.25539e+07
1.26915e+07
6.36681e+06
2.39759e+06
1.86573e+06
2.03929e+06
3.92702e+06
8.40616e+06
1.01746e+07
7.26047e+06
6.16605e+06
7.13137e+06
6.05744e+06
5.78836e+06
7.2243e+06
6.58127e+06
6.12134e+06
7.71813e+06
9.58909e+06
1.51584e+07
2.05653e+07
1.52543e+07
5.88473e+06
2.40488e+06
5.7119e+06
1.19855e+07
1.31585e+07
8.73969e+06
6.11653e+06
7.81918e+06
1.27214e+07
1.48859e+07
1.28961e+07
1.26565e+07
1.58607e+07
2.13041e+07
2.09276e+07
1.48347e+07
1.18279e+07
1.35297e+07
1.58335e+07
1.39926e+07
1.18512e+07
1.28287e+07
1.52017e+07
1.35427e+07
9.90214e+06
1.32181e+07
2.26602e+07
2.52492e+07
2.00053e+07
2.06307e+07
2.89121e+07
3.20227e+07
2.62347e+07
1.90486e+07
1.29766e+07
8.38208e+06
8.2804e+06
1.73849e+07
2.71597e+07
2.3867e+07
1.81248e+07
2.46418e+07
2.78807e+07
2.54418e+07
1.86712e+07
1.95712e+07
2.16979e+07
2.40381e+07
3.14963e+07
2.80516e+07
2.08929e+07
1.8899e+07
1.92054e+07
1.59081e+07
9.84845e+06
9.37067e+06
1.2797e+07
1.60184e+07
2.18479e+07
2.56605e+07
2.7179e+07
2.75176e+07
1.83402e+07
1.29005e+07
1.58839e+07
1.85976e+07
1.72755e+07
1.55657e+07
1.15745e+07
9.30835e+06
1.19304e+07
1.407e+07
7.69221e+06
3.03094e+06
5.96481e+06
1.23987e+07
1.68104e+07
1.9629e+07
2.43579e+07
2.14537e+07
1.11773e+07
3.35734e+06
3.68659e+06
7.64295e+06
6.3769e+06
1.92552e+06
1.05852e+06
1.39718e+06
1.11321e+06
3.16465e+06
4.65043e+06
8.29479e+06
1.29366e+07
1.32949e+07
8.64361e+06
3.10303e+06
2.16263e+06
2.22095e+06
378914
2451
2
0
12
500
15094
191150
1.24922e+06
3.95363e+06
5.79023e+06
3.26906e+06
512762
21550
437
3
0
0
0
0
0
63
1887
29767
192726
438036
171057
0
0
0
0
0
0
0
0
0
0
0
0
0
0
0
0
0
0
0
0
0
0
0
0
0
0
0
0
0
0
0
0
0
0
0
0
0
0
0
0
0
0
0
0
0
0
0
0
0
0
0
0
0
0
0
0
0
0
0
0
0
0
0
0
0
0
0
0
0
0
0
0
0
0
0
0
0
0
0
0
0
0
0
0
0
0
0
0
0
0
0
0
0
0
0
0
0
0
0
0
0
0
0
0
0
0
0
0
0
0
0
0
0
0
0
0
0
0
0
0
0
0
0
0
0
0
0
0
0
0
0
0
0
0
0
0
0
0
0
0
0
0
0
0
0
0
0
0
0
0
0
0
0
0
0
0
0
0
0
0
0
0
0
0
0
0
0
0
0
0
0
0
0
0
0
0
0
0
0
0
0
0
0
0
0
0
0
0
0
0
0
0
0
0
0
0
0
0
0
0
