1.46227e+06
0
0
0
0
0
0
0
0
0
0
0
0
0
0
0
0
2991
346338
2.47975e+06
3.60591e+06
1.83759e+06
441011
56020
5560
21967
171739
709764
1.42888e+06
1.33315e+06
584250
132932
199409
1.45948e+06
4.6602e+06
6.30105e+06
3.73888e+06
1.05963e+06
446066
1.55914e+06
3.04869e+06
2.60988e+06
1.19013e+06
1.27844e+06
3.63097e+06
5.91702e+06
4.64535e+06
1.9445e+06
1.1768e+06
1.89395e+06
1.96945e+06
1.95268e+06
5.26376e+06
1.10191e+07
1.11377e+07
5.58179e+06
2.09801e+06
1.63798e+06
1.78931e+06
3.44155e+06
7.37223e+06
8.93163e+06
6.36519e+06
5.40711e+06
6.26093e+06
5.31154e+06
5.07258e+06
6.34097e+06
5.77272e+06
5.36813e+06
6.77041e+06
8.3999e+06
1.32926e+07
1.80618e+07
1.33861e+07
5.15127e+06
2.1026e+06
5.00425e+06
1.05184e+07
1.15533e+07
7.66208e+06
5.36e+06
6.85338e+06
1.11624e+07
1.30641e+07
1.13044e+07
1.11017e+07
1.39085e+07
1.86954e+07
1.83638e+07
1.30054e+07
1.03725e+07
1.1861e+07
1.39014e+07
1.22701e+07
1.03923e+07
1.12476e+07
1.33421e+07
1.18858e+07
8.6741e+06
1.15807e+07
1.98868e+07
2.21686e+07
1.753e+07
1.8079e+07
2.53705e+07
2.81126e+07
2.30066e+07
1.67045e+07
1.13838e+07
7.35285e+06
7.24002e+06
1.52349e+07
2.38641e+07
2.09417e+07
1.58629e+07
2.1615e+07
2.44774e+07
2.23177e+07
1.63653e+07
1.7164e+07
1.9024e+07
2.10706e+07
2.76465e+07
2.46258e+07
1.8322e+07
1.65673e+07
1.68545e+07
1.39542e+07
8.62795e+06
8.20903e+06
1.12186e+07
1.40507e+07
1.91873e+07
2.25154e+07
2.38257e+07
2.41472e+07
1.609e+07
1.13006e+07
1.3935e+07
1.6317e+07
1.51396e+07
1.36594e+07
1.0158e+07
8.15512e+06
1.04673e+07
1.23567e+07
6.74949e+06
2.64982e+06
5.22773e+06
1.08787e+07
1.47474e+07
1.71962e+07
2.13753e+07
1.88315e+07
9.80903e+06
2.9388e+06
3.22261e+06
6.70916e+06
5.60273e+06
1.6868e+06
925613
1.22727e+06
972636
2.77417e+06
4.08244e+06
7.27592e+06
1.13427e+07
1.16635e+07
7.58729e+06
2.72094e+06
1.89416e+06
1.95237e+06
332894
2138
2
0
12
441
13310
167300
1.09258e+06
3.46796e+06
5.08102e+06
2.86961e+06
448689
19117
402
0
0
0
0
0
0
61
1678
26162
169060
383809
150366
0
0
0
0
0
0
0
0
0
0
0
0
0
0
0
0
0
0
0
0
0
0
0
0
0
0
0
0
0
0
0
0
0
0
0
0
0
0
0
0
0
0
0
0
0
0
0
0
0
0
0
0
0
0
0
0
0
0
0
0
0
0
0
0
0
0
0
0
0
0
0
0
0
0
0
0
0
0
0
0
0
0
0
0
0
0
0
0
0
0
0
0
0
0
0
0
0
0
0
0
0
0
0
0
0
0
0
0
0
0
0
0
0
0
0
0
0
0
0
0
0
0
0
0
0
0
0
0
0
0
0
0
0
0
0
0
0
0
0
0
0
0
0
0
0
0
0
0
0
0
0
0
0
0
0
0
0
0
0
0
0
0
0
0
0
0
0
0
0
0
0
0
0
0
0
0
0
0
0
0
0
0
0
0
0
0
0
0
0
0
0
0
0
0
0
0
0
0
0
0
