1.63635e+06
0
0
0
0
0
0
0
0
0
0
0
0
0
0
0
2
3325
387245
2.77559e+06
4.03427e+06
2.05698e+06
493356
62878
6118
24650
192517
795358
1.5971e+06
1.49106e+06
654742
149108
223703
1.6348e+06
5.21601e+06
7.04455e+06
4.18563e+06
1.18705e+06
500808
1.74401e+06
3.41002e+06
2.92091e+06
1.3334e+06
1.43268e+06
4.06455e+06
6.61336e+06
5.19932e+06
2.17885e+06
1.31864e+06
2.11761e+06
2.20277e+06
2.1882e+06
5.89441e+06
1.23237e+07
1.24601e+07
6.24817e+06
2.35222e+06
1.83219e+06
2.00146e+06
3.85321e+06
8.25105e+06
9.99058e+06
7.12472e+06
6.05147e+06
7.00278e+06
5.94536e+06
5.67998e+06
7.09134e+06
6.46046e+06
6.00785e+06
7.57614e+06
9.41077e+06
1.48774e+07
2.01911e+07
1.4976e+07
5.77335e+06
2.35843e+06
5.60511e+06
1.17669e+07
1.29181e+07
8.57746e+06
6.00361e+06
7.67312e+06
1.2488e+07
1.46129e+07
1.26579e+07
1.24221e+07
1.55683e+07
2.09126e+07
2.05433e+07
1.45615e+07
1.16078e+07
1.32786e+07
1.55454e+07
1.3735e+07
1.16303e+07
1.25918e+07
1.49247e+07
1.32944e+07
9.71696e+06
1.29705e+07
2.2244e+07
2.47895e+07
1.96338e+07
2.02459e+07
2.83815e+07
3.14369e+07
2.57519e+07
1.86974e+07
1.27372e+07
8.22666e+06
8.12191e+06
1.70627e+07
2.66689e+07
2.34292e+07
1.77834e+07
2.41881e+07
2.73696e+07
2.49717e+07
1.83277e+07
1.92088e+07
2.12961e+07
2.35926e+07
3.09191e+07
2.75388e+07
2.05076e+07
1.85496e+07
1.88534e+07
1.56147e+07
9.66312e+06
9.19706e+06
1.25602e+07
1.57221e+07
2.14499e+07
2.51885e+07
2.66771e+07
2.70118e+07
1.80043e+07
1.26577e+07
1.55913e+07
1.82579e+07
1.69538e+07
1.5281e+07
1.13601e+07
9.1344e+06
1.17129e+07
1.38144e+07
7.54955e+06
2.9741e+06
5.8542e+06
1.21705e+07
1.65006e+07
1.92616e+07
2.3912e+07
2.10622e+07
1.09714e+07
3.29415e+06
3.61586e+06
7.50352e+06
6.26226e+06
1.88938e+06
1.03844e+06
1.37166e+06
1.09166e+06
3.10646e+06
4.56561e+06
8.14306e+06
1.26946e+07
1.30509e+07
8.48554e+06
3.04566e+06
2.12266e+06
2.18092e+06
371983
2420
2
0
12
496
14854
187629
1.22576e+06
3.88174e+06
5.68338e+06
3.2083e+06
503305
21251
434
3
0
0
0
0
0
63
1875
29299
189113
429847
167979
0
0
0
0
0
0
0
0
0
0
0
0
0
0
0
0
0
0
0
0
0
0
0
0
0
0
0
0
0
0
0
0
0
0
0
0
0
0
0
0
0
0
0
0
0
0
0
0
0
0
0
0
0
0
0
0
0
0
0
0
0
0
0
0
0
0
0
0
0
0
0
0
0
0
0
0
0
0
0
0
0
0
0
0
0
0
0
0
0
0
0
0
0
0
0
0
0
0
0
0
0
0
0
0
0
0
0
0
0
0
0
0
0
0
0
0
0
0
0
0
0
0
0
0
0
0
0
0
0
0
0
0
0
0
0
0
0
0
0
0
0
0
0
0
0
0
0
0
0
0
0
0
0
0
0
0
0
0
0
0
0
0
0
0
0
0
0
0
0
0
0
0
0
0
0
0
0
0
0
0
0
0
0
0
0
0
0
0
0
0
0
0
0
0
0
0
0
0
0
0
