1.2247e+06
0
0
0
0
0
0
0
0
0
0
0
0
0
0
0
0
2521
290308
2.07649e+06
3.02118e+06
1.53742e+06
369281
47664
4668
18655
144392
594722
1.19497e+06
1.11617e+06
489571
112095
168016
1.22437e+06
3.90165e+06
5.27412e+06
3.12934e+06
889881
376620
1.30493e+06
2.55231e+06
2.1847e+06
998221
1.07558e+06
3.04102e+06
4.94829e+06
3.88637e+06
1.63445e+06
988374
1.58475e+06
1.64809e+06
1.64164e+06
4.41642e+06
9.2172e+06
9.31394e+06
4.67922e+06
1.76422e+06
1.37423e+06
1.502e+06
2.88659e+06
6.16748e+06
7.47462e+06
5.3344e+06
4.53107e+06
5.24046e+06
4.44968e+06
4.25338e+06
5.30571e+06
4.83488e+06
4.49763e+06
5.67369e+06
7.04019e+06
1.113e+07
1.51163e+07
1.1197e+07
4.32755e+06
1.77637e+06
4.19485e+06
8.79646e+06
9.66555e+06
6.42303e+06
4.50043e+06
5.74675e+06
9.3397e+06
1.09331e+07
9.46653e+06
9.31268e+06
1.16483e+07
1.56498e+07
1.53714e+07
1.08906e+07
8.69999e+06
9.93877e+06
1.16367e+07
1.02717e+07
8.71232e+06
9.4207e+06
1.11683e+07
9.94787e+06
7.27526e+06
9.71733e+06
1.66456e+07
1.85497e+07
1.46902e+07
1.5158e+07
2.12358e+07
2.35307e+07
1.92626e+07
1.39947e+07
9.53712e+06
6.16966e+06
6.0871e+06
1.27552e+07
1.99667e+07
1.75246e+07
1.33148e+07
1.81019e+07
2.04881e+07
1.86875e+07
1.37149e+07
1.43815e+07
1.59344e+07
1.76638e+07
2.31282e+07
2.06169e+07
1.53481e+07
1.38799e+07
1.41162e+07
1.16854e+07
7.2365e+06
6.88631e+06
9.39293e+06
1.17704e+07
1.60632e+07
1.88519e+07
1.99552e+07
2.02137e+07
1.34748e+07
9.4785e+06
1.16709e+07
1.36567e+07
1.26849e+07
1.14438e+07
8.504e+06
6.83538e+06
8.7689e+06
1.03296e+07
5.65717e+06
2.2306e+06
4.38129e+06
9.10546e+06
1.23553e+07
1.44118e+07
1.78918e+07
1.5757e+07
8.21658e+06
2.47174e+06
2.70806e+06
5.61112e+06
4.6852e+06
1.41675e+06
777081
1.02746e+06
819551
2.32696e+06
3.41934e+06
6.08919e+06
9.49428e+06
9.76264e+06
6.35689e+06
2.28337e+06
1.58794e+06
1.63267e+06
278905
1792
2
0
12
404
11508
141865
919708
2.90462e+06
4.24905e+06
2.40134e+06
376951
16509
373
0
0
0
0
0
0
61
1479
22510
142295
320398
125609
0
0
0
0
0
0
0
0
0
0
0
0
0
0
0
0
0
0
0
0
0
0
0
0
0
0
0
0
0
0
0
0
0
0
0
0
0
0
0
0
0
0
0
0
0
0
0
0
0
0
0
0
0
0
0
0
0
0
0
0
0
0
0
0
0
0
0
0
0
0
0
0
0
0
0
0
0
0
0
0
0
0
0
0
0
0
0
0
0
0
0
0
0
0
0
0
0
0
0
0
0
0
0
0
0
0
0
0
0
0
0
0
0
0
0
0
0
0
0
0
0
0
0
0
0
0
0
0
0
0
0
0
0
0
0
0
0
0
0
0
0
0
0
0
0
0
0
0
0
0
0
0
0
0
0
0
0
0
0
0
0
0
0
0
0
0
0
0
0
0
0
0
0
0
0
0
0
0
0
0
0
0
0
0
0
0
0
0
0
0
0
0
0
0
0
0
0
0
0
0
