1.1305e+06
0
0
0
0
0
0
0
0
0
0
0
0
0
0
0
0
2329
268000
1.91705e+06
2.78808e+06
1.4189e+06
341483
43987
4362
17423
133658
548989
1.1021e+06
1.0299e+06
452108
103960
155670
1.13084e+06
3.6008e+06
4.86783e+06
2.88669e+06
822902
348392
1.20508e+06
2.35596e+06
2.01495e+06
922705
994829
2.80816e+06
4.56428e+06
3.5829e+06
1.51197e+06
914639
1.4619e+06
1.52144e+06
1.5173e+06
4.07933e+06
8.50391e+06
8.5917e+06
4.321e+06
1.63152e+06
1.26988e+06
1.38698e+06
2.66722e+06
5.69029e+06
6.89526e+06
4.92563e+06
4.18459e+06
4.83605e+06
4.10762e+06
3.92676e+06
4.89673e+06
4.46458e+06
4.15269e+06
5.23775e+06
6.50277e+06
1.02709e+07
1.39458e+07
1.03296e+07
4.00271e+06
1.6453e+06
3.87378e+06
8.11527e+06
8.91854e+06
5.93049e+06
4.15725e+06
5.30692e+06
8.61571e+06
1.00929e+07
8.7393e+06
8.60059e+06
1.07522e+07
1.44422e+07
1.41833e+07
1.00559e+07
8.03593e+06
9.17197e+06
1.07415e+07
9.47642e+06
8.04912e+06
8.69566e+06
1.03053e+07
9.18096e+06
6.72128e+06
8.97344e+06
1.53587e+07
1.71219e+07
1.35641e+07
1.39944e+07
1.9596e+07
2.17206e+07
1.77782e+07
1.292e+07
8.80181e+06
5.7009e+06
5.62696e+06
1.17685e+07
1.84267e+07
1.61717e+07
1.22975e+07
1.6706e+07
1.89124e+07
1.72517e+07
1.26595e+07
1.32796e+07
1.47075e+07
1.63084e+07
2.13441e+07
1.90262e+07
1.41711e+07
1.28093e+07
1.3032e+07
1.07871e+07
6.68297e+06
6.35825e+06
8.66874e+06
1.08654e+07
1.48249e+07
1.74003e+07
1.84223e+07
1.86549e+07
1.24418e+07
8.75117e+06
1.07728e+07
1.26032e+07
1.17094e+07
1.05642e+07
7.85065e+06
6.3114e+06
8.09384e+06
9.52835e+06
5.22506e+06
2.062e+06
4.04407e+06
8.40314e+06
1.14106e+07
1.33044e+07
1.65105e+07
1.45386e+07
7.5867e+06
2.28572e+06
2.50109e+06
5.17449e+06
4.32597e+06
1.30905e+06
718228
947031
758517
2.1474e+06
3.15706e+06
5.62118e+06
8.76338e+06
9.00768e+06
5.87016e+06
2.10801e+06
1.46608e+06
1.50585e+06
257792
1669
2
0
12
379
10784
131787
849352
2.6807e+06
3.92207e+06
2.21528e+06
348390
15348
360
0
0
0
0
0
0
61
1399
20944
131415
295494
115935
0
0
0
0
0
0
0
0
0
0
0
0
0
0
0
0
0
0
0
0
0
0
0
0
0
0
0
0
0
0
0
0
0
0
0
0
0
0
0
0
0
0
0
0
0
0
0
0
0
0
0
0
0
0
0
0
0
0
0
0
0
0
0
0
0
0
0
0
0
0
0
0
0
0
0
0
0
0
0
0
0
0
0
0
0
0
0
0
0
0
0
0
0
0
0
0
0
0
0
0
0
0
0
0
0
0
0
0
0
0
0
0
0
0
0
0
0
0
0
0
0
0
0
0
0
0
0
0
0
0
0
0
0
0
0
0
0
0
0
0
0
0
0
0
0
0
0
0
0
0
0
0
0
0
0
0
0
0
0
0
0
0
0
0
0
0
0
0
0
0
0
0
0
0
0
0
0
0
0
0
0
0
0
0
0
0
0
0
0
0
0
0
0
0
0
0
0
0
0
0
