415744
0
0
0
0
0
0
0
0
0
0
0
0
0
0
0
0
871
99291
701485
1.02965e+06
520320
125491
16145
1709
6145
49650
200389
406535
379415
166015
38048
59094
417125
1.31667e+06
1.7962e+06
1.05626e+06
304931
129559
440676
871703
738925
337770
364623
1.02483e+06
1.6965e+06
1.3138e+06
553388
333976
537147
562394
559193
1.49113e+06
3.13515e+06
3.16398e+06
1.57797e+06
600801
472633
510856
974447
2.0897e+06
2.55576e+06
1.79771e+06
1.53127e+06
1.79298e+06
1.50487e+06
1.4357e+06
1.814e+06
1.63758e+06
1.5172e+06
1.9456e+06
2.38829e+06
3.75509e+06
5.1606e+06
3.7807e+06
1.46632e+06
608457
1.41689e+06
2.99549e+06
3.29553e+06
2.16601e+06
1.52929e+06
1.94215e+06
3.16874e+06
3.73087e+06
3.19394e+06
3.17887e+06
3.92876e+06
5.33111e+06
5.22839e+06
3.67888e+06
2.97109e+06
3.35191e+06
3.97053e+06
3.46479e+06
2.97492e+06
3.1872e+06
3.79894e+06
3.37876e+06
2.46308e+06
3.28891e+06
5.6662e+06
6.31556e+06
4.96413e+06
5.12409e+06
7.22382e+06
8.01107e+06
6.52097e+06
4.7552e+06
3.23432e+06
2.10065e+06
2.06015e+06
4.3089e+06
6.82829e+06
5.92296e+06
4.50002e+06
6.13612e+06
6.98769e+06
6.33316e+06
4.6508e+06
4.90486e+06
5.3979e+06
5.98014e+06
7.84974e+06
7.02939e+06
5.19638e+06
4.69625e+06
4.81404e+06
3.95697e+06
2.4513e+06
2.34209e+06
3.18343e+06
3.9922e+06
5.46893e+06
6.39498e+06
6.75268e+06
6.89291e+06
4.58183e+06
3.19322e+06
3.97e+06
4.64005e+06
4.28846e+06
3.90216e+06
2.87926e+06
2.32231e+06
2.98069e+06
3.49596e+06
1.92464e+06
752850
1.47949e+06
3.08932e+06
4.24059e+06
4.85765e+06
6.06835e+06
5.3534e+06
2.80091e+06
835294
914916
1.89494e+06
1.60502e+06
478138
263165
348364
279752
782717
1.15837e+06
2.0621e+06
3.23252e+06
3.3076e+06
2.17773e+06
767418
533779
555495
97184
659
0
0
3
139
4074
47306
307326
976711
1.45292e+06
821384
126334
5387
110
0
0
0
0
0
0
15
487
7236
46938
108036
45160
0
0
0
0
0
0
0
0
0
0
0
0
0
0
0
0
0
0
0
0
0
0
0
0
0
0
0
0
0
0
0
0
0
0
0
0
0
0
0
0
0
0
0
0
0
0
0
0
0
0
0
0
0
0
0
0
0
0
0
0
0
0
0
0
0
0
0
0
0
0
0
0
0
0
0
0
0
0
0
0
0
0
0
0
0
0
0
0
0
0
0
0
0
0
0
0
0
0
0
0
0
0
0
0
0
0
0
0
0
0
0
0
0
0
0
0
0
0
0
0
0
0
0
0
0
0
0
0
0
0
0
0
0
0
0
0
0
0
0
0
0
0
0
0
0
0
0
0
0
0
0
0
0
0
0
0
0
0
0
0
0
0
0
0
0
0
0
0
0
0
0
0
0
0
0
0
0
0
0
0
0
0
0
0
0
0
0
0
0
0
0
0
0
0
0
0
0
0
0
0
