370688
0
0
0
0
0
0
0
0
0
0
0
0
0
0
0
0
784
88622
625012
919084
462563
112444
14528
1540
5500
44697
178215
362447
338234
147895
34111
53012
373277
1.17249e+06
1.60104e+06
940512
272947
116555
392581
777702
657555
301857
326647
912595
1.51285e+06
1.16907e+06
494224
298885
478875
501396
500360
1.33145e+06
2.79254e+06
2.81578e+06
1.40856e+06
538546
421329
456499
871066
1.85979e+06
2.27795e+06
1.60338e+06
1.3655e+06
1.59863e+06
1.34101e+06
1.28099e+06
1.61864e+06
1.45898e+06
1.35324e+06
1.73606e+06
2.13273e+06
3.34567e+06
4.59741e+06
3.36456e+06
1.31196e+06
548762
1.26471e+06
2.66721e+06
2.9351e+06
1.93044e+06
1.36827e+06
1.73309e+06
2.82366e+06
3.32525e+06
2.84696e+06
2.83926e+06
3.5019e+06
4.75091e+06
4.65784e+06
3.28135e+06
2.65375e+06
2.9847e+06
3.54267e+06
3.08516e+06
2.65759e+06
2.8419e+06
3.38447e+06
3.00902e+06
2.20342e+06
2.93669e+06
5.04666e+06
5.62718e+06
4.4301e+06
4.57251e+06
6.43582e+06
7.13939e+06
5.81145e+06
4.24055e+06
2.88676e+06
1.87568e+06
1.84547e+06
3.83892e+06
6.08257e+06
5.27591e+06
4.0241e+06
5.4679e+06
6.22546e+06
5.64636e+06
4.15263e+06
4.37475e+06
4.81287e+06
5.33559e+06
6.99032e+06
6.26623e+06
4.63319e+06
4.18784e+06
4.29265e+06
3.52502e+06
2.19197e+06
2.09268e+06
2.83742e+06
3.55905e+06
4.87361e+06
5.7009e+06
6.01966e+06
6.14247e+06
4.08662e+06
2.85105e+06
3.53995e+06
4.1342e+06
3.82654e+06
3.47846e+06
2.56693e+06
2.07315e+06
2.65792e+06
3.11006e+06
1.71682e+06
674948
1.32088e+06
2.75198e+06
3.78689e+06
4.33031e+06
5.40867e+06
4.76653e+06
2.4979e+06
749143
819474
1.68428e+06
1.43012e+06
427038
235462
310623
250927
697881
1.03203e+06
1.83948e+06
2.88094e+06
2.94669e+06
1.94309e+06
685170
476263
493833
86738
580
0
0
3
138
3810
42856
274888
870655
1.29443e+06
731302
113124
4879
106
0
0
0
0
0
0
15
462
6658
41893
96096
40220
0
0
0
0
0
0
0
0
0
0
0
0
0
0
0
0
0
0
0
0
0
0
0
0
0
0
0
0
0
0
0
0
0
0
0
0
0
0
0
0
0
0
0
0
0
0
0
0
0
0
0
0
0
0
0
0
0
0
0
0
0
0
0
0
0
0
0
0
0
0
0
0
0
0
0
0
0
0
0
0
0
0
0
0
0
0
0
0
0
0
0
0
0
0
0
0
0
0
0
0
0
0
0
0
0
0
0
0
0
0
0
0
0
0
0
0
0
0
0
0
0
0
0
0
0
0
0
0
0
0
0
0
0
0
0
0
0
0
0
0
0
0
0
0
0
0
0
0
0
0
0
0
0
0
0
0
0
0
0
0
0
0
0
0
0
0
0
0
0
0
0
0
0
0
0
0
0
0
0
0
0
0
0
0
0
0
0
0
0
0
0
0
0
0
0
0
0
0
0
0
