1.24109e+06
0
0
0
0
0
0
0
0
0
0
0
0
0
0
0
0
2562
294183
2.10421e+06
3.06167e+06
1.55809e+06
374131
48284
4733
18906
146342
602638
1.21081e+06
1.13133e+06
496179
113433
170278
1.24041e+06
3.95367e+06
5.3456e+06
3.17138e+06
901420
381321
1.32238e+06
2.58665e+06
2.21422e+06
1.01137e+06
1.0894e+06
3.08133e+06
5.01518e+06
3.93928e+06
1.65575e+06
1.00107e+06
1.60624e+06
1.67032e+06
1.66285e+06
4.47516e+06
9.34165e+06
9.4394e+06
4.74132e+06
1.78743e+06
1.39221e+06
1.52211e+06
2.92437e+06
6.25097e+06
7.5752e+06
5.40575e+06
4.59081e+06
5.31119e+06
4.50907e+06
4.30981e+06
5.37718e+06
4.89932e+06
4.55733e+06
5.75002e+06
7.13334e+06
1.12792e+07
1.53205e+07
1.13478e+07
4.38412e+06
1.79874e+06
4.24972e+06
8.91561e+06
9.79659e+06
6.5082e+06
4.55977e+06
5.82309e+06
9.46452e+06
1.10808e+07
9.59353e+06
9.43533e+06
1.18043e+07
1.58606e+07
1.55775e+07
1.10359e+07
8.81575e+06
1.00713e+07
1.17931e+07
1.04092e+07
8.82815e+06
9.54611e+06
1.13193e+07
1.00815e+07
7.37085e+06
9.84607e+06
1.68692e+07
1.87996e+07
1.48853e+07
1.53591e+07
2.15228e+07
2.38466e+07
1.95198e+07
1.41816e+07
9.66466e+06
6.25092e+06
6.16633e+06
1.29256e+07
2.02368e+07
1.77606e+07
1.34902e+07
1.83424e+07
2.07649e+07
1.89385e+07
1.38967e+07
1.45726e+07
1.61481e+07
1.78987e+07
2.34416e+07
2.08935e+07
1.55521e+07
1.40644e+07
1.43058e+07
1.18418e+07
7.33221e+06
6.97711e+06
9.51949e+06
1.19268e+07
1.62797e+07
1.9105e+07
2.02216e+07
2.04848e+07
1.36561e+07
9.60324e+06
1.18269e+07
1.38402e+07
1.28545e+07
1.1597e+07
8.61873e+06
6.92503e+06
8.8858e+06
1.04706e+07
5.73185e+06
2.2591e+06
4.43946e+06
9.22862e+06
1.25207e+07
1.46026e+07
1.81331e+07
1.59688e+07
8.32671e+06
2.50348e+06
2.74302e+06
5.68695e+06
4.74895e+06
1.43513e+06
787273
1.04148e+06
829660
2.35753e+06
3.46481e+06
6.17163e+06
9.6221e+06
9.89375e+06
6.44215e+06
2.31335e+06
1.60893e+06
1.65466e+06
282578
1824
2
0
12
404
11602
143427
931311
2.94304e+06
4.30741e+06
2.43382e+06
381683
16713
373
0
0
0
0
0
0
61
1489
22722
144078
324851
127343
0
0
0
0
0
0
0
0
0
0
0
0
0
0
0
0
0
0
0
0
0
0
0
0
0
0
0
0
0
0
0
0
0
0
0
0
0
0
0
0
0
0
0
0
0
0
0
0
0
0
0
0
0
0
0
0
0
0
0
0
0
0
0
0
0
0
0
0
0
0
0
0
0
0
0
0
0
0
0
0
0
0
0
0
0
0
0
0
0
0
0
0
0
0
0
0
0
0
0
0
0
0
0
0
0
0
0
0
0
0
0
0
0
0
0
0
0
0
0
0
0
0
0
0
0
0
0
0
0
0
0
0
0
0
0
0
0
0
0
0
0
0
0
0
0
0
0
0
0
0
0
0
0
0
0
0
0
0
0
0
0
0
0
0
0
0
0
0
0
0
0
0
0
0
0
0
0
0
0
0
0
0
0
0
0
0
0
0
0
0
0
0
0
0
0
0
0
0
0
0
