540672
0
0
0
0
0
0
0
0
0
0
0
0
0
0
0
0
1123
129107
913281
1.33757e+06
677226
163139
21023
2150
7938
64480
262040
527688
492518
216041
49816
76015
541884
1.71512e+06
2.33523e+06
1.3746e+06
395442
168746
574149
1.1298e+06
962051
440446
474792
1.33739e+06
2.19767e+06
1.70938e+06
720157
436266
699915
730312
727283
1.94288e+06
4.07148e+06
4.11315e+06
2.05731e+06
781109
612877
664787
1.27034e+06
2.7188e+06
3.31186e+06
2.34508e+06
1.99638e+06
2.32375e+06
1.9573e+06
1.8733e+06
2.35564e+06
2.13131e+06
1.9748e+06
2.52405e+06
3.10976e+06
4.89303e+06
6.68885e+06
4.9256e+06
1.91145e+06
792682
1.8467e+06
3.88902e+06
4.27837e+06
2.82275e+06
1.99046e+06
2.52866e+06
4.12248e+06
4.84449e+06
4.15976e+06
4.12899e+06
5.12158e+06
6.92083e+06
6.79594e+06
4.79171e+06
3.8581e+06
4.36913e+06
5.15109e+06
4.51394e+06
3.86781e+06
4.14617e+06
4.93729e+06
4.39217e+06
3.20967e+06
4.28262e+06
7.3603e+06
8.20486e+06
6.46555e+06
6.67682e+06
9.38677e+06
1.04004e+07
8.48814e+06
6.1839e+06
4.2086e+06
2.73232e+06
2.68818e+06
5.60754e+06
8.85403e+06
7.71228e+06
5.86754e+06
7.98495e+06
9.06963e+06
8.23979e+06
6.05372e+06
6.36956e+06
7.02655e+06
7.7851e+06
1.02076e+07
9.12221e+06
6.76164e+06
6.11639e+06
6.25408e+06
5.14996e+06
3.19183e+06
3.04551e+06
4.14294e+06
5.1892e+06
7.10318e+06
8.32451e+06
8.78934e+06
8.94885e+06
5.95166e+06
4.16773e+06
5.1604e+06
6.03251e+06
5.58509e+06
5.06614e+06
3.74791e+06
3.01952e+06
3.87272e+06
4.54984e+06
2.502e+06
982680
1.9263e+06
4.02092e+06
5.49471e+06
6.33344e+06
7.89478e+06
6.95479e+06
3.63712e+06
1.09045e+06
1.19084e+06
2.46798e+06
2.08056e+06
623941
343189
452215
363058
1.02127e+06
1.50827e+06
2.68531e+06
4.20181e+06
4.29953e+06
2.82298e+06
1.00276e+06
696508
721410
125336
863
0
0
8
212
5321
62079
401228
1.27492e+06
1.88384e+06
1.06602e+06
165138
7127
162
0
0
0
0
0
0
27
617
9768
61307
140916
57701
0
0
0
0
0
0
0
0
0
0
0
0
0
0
0
0
0
0
0
0
0
0
0
0
0
0
0
0
0
0
0
0
0
0
0
0
0
0
0
0
0
0
0
0
0
0
0
0
0
0
0
0
0
0
0
0
0
0
0
0
0
0
0
0
0
0
0
0
0
0
0
0
0
0
0
0
0
0
0
0
0
0
0
0
0
0
0
0
0
0
0
0
0
0
0
0
0
0
0
0
0
0
0
0
0
0
0
0
0
0
0
0
0
0
0
0
0
0
0
0
0
0
0
0
0
0
0
0
0
0
0
0
0
0
0
0
0
0
0
0
0
0
0
0
0
0
0
0
0
0
0
0
0
0
0
0
0
0
0
0
0
0
0
0
0
0
0
0
0
0
0
0
0
0
0
0
0
0
0
0
0
0
0
0
0
0
0
0
0
0
0
0
0
0
0
0
0
0
0
0
