1.6855e+06
0
0
0
0
0
0
0
0
0
0
0
0
0
0
0
2
3425
398855
2.85914e+06
4.15539e+06
2.11838e+06
508449
64772
6294
25414
198344
819409
1.64478e+06
1.53578e+06
674493
153630
230497
1.6839e+06
5.37396e+06
7.25413e+06
4.31111e+06
1.22368e+06
515846
1.79684e+06
3.51236e+06
3.00783e+06
1.37392e+06
1.47664e+06
4.18776e+06
6.80807e+06
5.35535e+06
2.24595e+06
1.35881e+06
2.18083e+06
2.26868e+06
2.25441e+06
6.07422e+06
1.26916e+07
1.28314e+07
6.4378e+06
2.42413e+06
1.88591e+06
2.06214e+06
3.97075e+06
8.49945e+06
1.02866e+07
7.3403e+06
6.23514e+06
7.209e+06
6.12415e+06
5.85335e+06
7.30356e+06
6.65463e+06
6.18913e+06
7.80372e+06
9.69588e+06
1.53266e+07
2.07894e+07
1.54221e+07
5.95138e+06
2.43261e+06
5.77599e+06
1.21174e+07
1.33018e+07
8.83618e+06
6.18575e+06
7.9062e+06
1.28619e+07
1.50493e+07
1.30399e+07
1.27969e+07
1.60364e+07
2.15383e+07
2.11584e+07
1.49982e+07
1.1959e+07
1.36812e+07
1.60069e+07
1.41473e+07
1.19836e+07
1.29702e+07
1.53691e+07
1.36915e+07
1.00123e+07
1.33668e+07
2.29106e+07
2.55252e+07
2.02274e+07
2.08613e+07
2.92304e+07
3.23747e+07
2.6525e+07
1.92591e+07
1.312e+07
8.47541e+06
8.37425e+06
1.75786e+07
2.74566e+07
2.41287e+07
1.83296e+07
2.49139e+07
2.8187e+07
2.57228e+07
1.88789e+07
1.97876e+07
2.19376e+07
2.43064e+07
3.18447e+07
2.83582e+07
2.11234e+07
1.91094e+07
1.94162e+07
1.60841e+07
9.95887e+06
9.47529e+06
1.2939e+07
1.6196e+07
2.2088e+07
2.59422e+07
2.7481e+07
2.78213e+07
1.85419e+07
1.3045e+07
1.60584e+07
1.88027e+07
1.74684e+07
1.57379e+07
1.17025e+07
9.41133e+06
1.20618e+07
1.42237e+07
7.77787e+06
3.06538e+06
6.03156e+06
1.2535e+07
1.69957e+07
1.98481e+07
2.46275e+07
2.16881e+07
1.13005e+07
3.39599e+06
3.72791e+06
7.7268e+06
6.4469e+06
1.94678e+06
1.07018e+06
1.41287e+06
1.12592e+06
3.19959e+06
4.70148e+06
8.38713e+06
1.30796e+07
1.34419e+07
8.73823e+06
3.13793e+06
2.18681e+06
2.245e+06
382947
2479
2
0
12
502
15258
193338
1.2633e+06
3.99696e+06
5.85474e+06
3.30475e+06
518478
21758
438
3
0
0
0
0
0
65
1915
30093
194931
442693
173055
0
0
0
0
0
0
0
0
0
0
0
0
0
0
0
0
0
0
0
0
0
0
0
0
0
0
0
0
0
0
0
0
0
0
0
0
0
0
0
0
0
0
0
0
0
0
0
0
0
0
0
0
0
0
0
0
0
0
0
0
0
0
0
0
0
0
0
0
0
0
0
0
0
0
0
0
0
0
0
0
0
0
0
0
0
0
0
0
0
0
0
0
0
0
0
0
0
0
0
0
0
0
0
0
0
0
0
0
0
0
0
0
0
0
0
0
0
0
0
0
0
0
0
0
0
0
0
0
0
0
0
0
0
0
0
0
0
0
0
0
0
0
0
0
0
0
0
0
0
0
0
0
0
0
0
0
0
0
0
0
0
0
0
0
0
0
0
0
0
0
0
0
0
0
0
0
0
0
0
0
0
0
0
0
0
0
0
0
0
0
0
0
0
0
0
0
0
0
0
0
