1.74899e+06
0
0
0
0
0
0
0
0
0
0
0
0
0
0
0
2
3537
413821
2.96693e+06
4.31178e+06
2.1987e+06
527278
67130
6513
26279
205625
850108
1.70686e+06
1.59453e+06
699887
158821
238550
1.74676e+06
5.5772e+06
7.52927e+06
4.4734e+06
1.2688e+06
534591
1.86386e+06
3.6457e+06
3.12174e+06
1.42504e+06
1.53068e+06
4.34692e+06
7.06477e+06
5.55834e+06
2.32981e+06
1.40853e+06
2.26429e+06
2.35366e+06
2.33675e+06
6.30192e+06
1.31746e+07
1.33165e+07
6.67934e+06
2.51347e+06
1.95701e+06
2.13894e+06
4.11839e+06
8.82059e+06
1.0677e+07
7.61675e+06
6.46899e+06
7.48013e+06
6.35397e+06
6.07443e+06
7.57872e+06
6.9065e+06
6.42091e+06
8.09552e+06
1.00614e+07
1.59056e+07
2.15747e+07
1.60068e+07
6.17205e+06
2.51984e+06
5.99212e+06
1.25768e+07
1.38068e+07
9.1678e+06
6.41527e+06
8.20331e+06
1.3348e+07
1.56179e+07
1.35322e+07
1.32754e+07
1.6638e+07
2.23533e+07
2.19584e+07
1.55627e+07
1.24072e+07
1.41959e+07
1.66113e+07
1.46797e+07
1.24335e+07
1.34585e+07
1.59496e+07
1.42084e+07
1.03869e+07
1.38658e+07
2.37786e+07
2.64896e+07
2.0987e+07
2.16448e+07
3.03336e+07
3.3596e+07
2.75263e+07
1.99829e+07
1.3613e+07
8.79235e+06
8.68762e+06
1.82404e+07
2.84938e+07
2.50391e+07
1.90166e+07
2.58502e+07
2.92518e+07
2.66952e+07
1.95903e+07
2.05283e+07
2.27613e+07
2.52209e+07
3.305e+07
2.94285e+07
2.19194e+07
1.98296e+07
2.01429e+07
1.66928e+07
1.03334e+07
9.82777e+06
1.34278e+07
1.68062e+07
2.29204e+07
2.6922e+07
2.85167e+07
2.88687e+07
1.92389e+07
1.35348e+07
1.66656e+07
1.95091e+07
1.8128e+07
1.63287e+07
1.21445e+07
9.7664e+06
1.25146e+07
1.47618e+07
8.06988e+06
3.18117e+06
6.25871e+06
1.30076e+07
1.76308e+07
2.05987e+07
2.55588e+07
2.25045e+07
1.17249e+07
3.52337e+06
3.86816e+06
8.01898e+06
6.68871e+06
2.02022e+06
1.11014e+06
1.46645e+06
1.16721e+06
3.32082e+06
4.87922e+06
8.7025e+06
1.35748e+07
1.39489e+07
9.065e+06
3.25614e+06
2.26964e+06
2.32966e+06
396923
2561
2
0
12
542
15842
200615
1.31081e+06
4.14759e+06
6.07548e+06
3.42872e+06
538384
22471
465
3
0
0
0
0
0
72
2001
31183
202274
459348
179618
0
0
0
0
0
0
0
0
0
0
0
0
0
0
0
0
0
0
0
0
0
0
0
0
0
0
0
0
0
0
0
0
0
0
0
0
0
0
0
0
0
0
0
0
0
0
0
0
0
0
0
0
0
0
0
0
0
0
0
0
0
0
0
0
0
0
0
0
0
0
0
0
0
0
0
0
0
0
0
0
0
0
0
0
0
0
0
0
0
0
0
0
0
0
0
0
0
0
0
0
0
0
0
0
0
0
0
0
0
0
0
0
0
0
0
0
0
0
0
0
0
0
0
0
0
0
0
0
0
0
0
0
0
0
0
0
0
0
0
0
0
0
0
0
0
0
0
0
0
0
0
0
0
0
0
0
0
0
0
0
0
0
0
0
0
0
0
0
0
0
0
0
0
0
0
0
0
0
0
0
0
0
0
0
0
0
0
0
0
0
0
0
0
0
0
0
0
0
0
0
