1.84525e+06
0
0
0
0
0
0
0
0
0
0
0
0
0
0
0
2
3710
436712
3.13004e+06
4.54896e+06
2.31995e+06
556188
70917
6860
27913
216830
896756
1.80072e+06
1.68244e+06
738180
167699
252326
1.84341e+06
5.88262e+06
7.94216e+06
4.72207e+06
1.3379e+06
564631
1.9661e+06
3.84608e+06
3.29333e+06
1.50431e+06
1.61591e+06
4.58597e+06
7.44996e+06
5.86592e+06
2.45853e+06
1.4871e+06
2.38666e+06
2.48424e+06
2.46689e+06
6.6516e+06
1.38927e+07
1.40503e+07
7.04942e+06
2.65197e+06
2.06372e+06
2.25732e+06
4.34614e+06
9.30408e+06
1.12615e+07
8.04097e+06
6.82598e+06
7.8864e+06
6.70627e+06
6.40856e+06
7.99508e+06
7.28909e+06
6.77442e+06
8.53971e+06
1.06189e+07
1.67805e+07
2.27526e+07
1.68903e+07
6.51518e+06
2.66043e+06
6.32358e+06
1.32643e+07
1.45643e+07
9.67643e+06
6.76861e+06
8.65473e+06
1.40801e+07
1.64775e+07
1.42812e+07
1.40057e+07
1.75548e+07
2.35758e+07
2.31684e+07
1.64213e+07
1.30932e+07
1.49816e+07
1.75147e+07
1.54894e+07
1.31199e+07
1.42005e+07
1.68223e+07
1.49896e+07
1.09645e+07
1.46322e+07
2.50815e+07
2.79471e+07
2.21467e+07
2.28358e+07
3.20019e+07
3.54387e+07
2.90432e+07
2.1079e+07
1.43652e+07
9.2811e+06
9.17355e+06
1.9245e+07
3.00421e+07
2.64179e+07
2.00762e+07
2.72721e+07
3.08531e+07
2.81669e+07
2.06751e+07
2.16572e+07
2.40155e+07
2.66108e+07
3.48637e+07
3.10428e+07
2.31288e+07
2.0922e+07
2.12473e+07
1.7614e+07
1.09063e+07
1.03709e+07
1.41676e+07
1.77323e+07
2.41756e+07
2.84023e+07
3.0089e+07
3.04495e+07
2.02986e+07
1.42898e+07
1.75826e+07
2.05768e+07
1.91294e+07
1.72234e+07
1.28145e+07
1.03085e+07
1.32021e+07
1.55673e+07
8.51324e+06
3.36023e+06
6.60625e+06
1.37222e+07
1.86019e+07
2.17427e+07
2.69578e+07
2.37327e+07
1.23702e+07
3.7226e+06
4.08774e+06
8.45877e+06
7.04836e+06
2.13351e+06
1.17248e+06
1.54676e+06
1.23323e+06
3.50486e+06
5.14649e+06
9.18294e+06
1.43235e+07
1.47135e+07
9.55875e+06
3.43871e+06
2.39614e+06
2.45529e+06
418898
2713
2
0
13
579
16677
211890
1.38442e+06
4.37671e+06
6.4068e+06
3.61762e+06
568130
23919
481
3
0
0
0
0
0
72
2110
32859
213938
484248
189397
0
0
0
0
0
0
0
0
0
0
0
0
0
0
0
0
0
0
0
0
0
0
0
0
0
0
0
0
0
0
0
0
0
0
0
0
0
0
0
0
0
0
0
0
0
0
0
0
0
0
0
0
0
0
0
0
0
0
0
0
0
0
0
0
0
0
0
0
0
0
0
0
0
0
0
0
0
0
0
0
0
0
0
0
0
0
0
0
0
0
0
0
0
0
0
0
0
0
0
0
0
0
0
0
0
0
0
0
0
0
0
0
0
0
0
0
0
0
0
0
0
0
0
0
0
0
0
0
0
0
0
0
0
0
0
0
0
0
0
0
0
0
0
0
0
0
0
0
0
0
0
0
0
0
0
0
0
0
0
0
0
0
0
0
0
0
0
0
0
0
0
0
0
0
0
0
0
0
0
0
0
0
0
0
0
0
0
0
0
0
0
0
0
0
0
0
0
0
0
0
