1.09568e+06
0
0
0
0
0
0
0
0
0
0
0
0
0
0
0
0
2257
259740
1.85791e+06
2.70252e+06
1.37506e+06
330887
42707
4182
16892
129752
531613
1.06834e+06
998262
438275
100701
151153
1.09541e+06
3.48976e+06
4.71865e+06
2.79732e+06
797957
337620
1.16769e+06
2.28369e+06
1.95269e+06
894317
964004
2.72078e+06
4.42568e+06
3.47217e+06
1.46491e+06
886651
1.41679e+06
1.47432e+06
1.47126e+06
3.95377e+06
8.24147e+06
8.32651e+06
4.18801e+06
1.58129e+06
1.2315e+06
1.34421e+06
2.58497e+06
5.5141e+06
6.68397e+06
4.77366e+06
4.05527e+06
4.68845e+06
3.98071e+06
3.80436e+06
4.74732e+06
4.32706e+06
4.02384e+06
5.0772e+06
6.30297e+06
9.95312e+06
1.35174e+07
1.00113e+07
3.87911e+06
1.59451e+06
3.75397e+06
7.86605e+06
8.64547e+06
5.74689e+06
4.02876e+06
5.14284e+06
8.35057e+06
9.78287e+06
8.46896e+06
8.33567e+06
1.04205e+07
1.3999e+07
1.37477e+07
9.74544e+06
7.78872e+06
8.88772e+06
1.04117e+07
9.18376e+06
7.80143e+06
8.42809e+06
9.98865e+06
8.89742e+06
6.514e+06
8.69644e+06
1.48874e+07
1.65963e+07
1.31429e+07
1.35619e+07
1.89956e+07
2.10534e+07
1.72281e+07
1.25237e+07
8.5297e+06
5.52573e+06
5.45475e+06
1.14045e+07
1.78609e+07
1.56709e+07
1.19174e+07
1.61918e+07
1.83319e+07
1.67214e+07
1.22687e+07
1.2872e+07
1.42531e+07
1.58047e+07
2.06899e+07
1.84392e+07
1.37352e+07
1.24122e+07
1.26341e+07
1.04527e+07
6.47782e+06
6.16306e+06
8.40224e+06
1.05299e+07
1.43679e+07
1.68633e+07
1.78538e+07
1.80841e+07
1.20601e+07
8.47899e+06
1.04411e+07
1.2215e+07
1.13488e+07
1.02404e+07
7.60695e+06
6.11748e+06
7.8459e+06
9.23302e+06
5.06429e+06
1.99774e+06
3.91891e+06
8.14519e+06
1.10632e+07
1.28931e+07
1.60008e+07
1.40902e+07
7.35367e+06
2.21538e+06
2.42431e+06
5.01466e+06
4.19196e+06
1.26913e+06
696741
917619
735640
2.08092e+06
3.05803e+06
5.44806e+06
8.4943e+06
8.73012e+06
5.69124e+06
2.04254e+06
1.42092e+06
1.4588e+06
249963
1614
2
0
12
374
10549
127705
822868
2.59711e+06
3.80251e+06
2.14766e+06
337132
14845
355
0
0
0
0
0
0
61
1372
20370
127261
286406
112370
0
0
0
0
0
0
0
0
0
0
0
0
0
0
0
0
0
0
0
0
0
0
0
0
0
0
0
0
0
0
0
0
0
0
0
0
0
0
0
0
0
0
0
0
0
0
0
0
0
0
0
0
0
0
0
0
0
0
0
0
0
0
0
0
0
0
0
0
0
0
0
0
0
0
0
0
0
0
0
0
0
0
0
0
0
0
0
0
0
0
0
0
0
0
0
0
0
0
0
0
0
0
0
0
0
0
0
0
0
0
0
0
0
0
0
0
0
0
0
0
0
0
0
0
0
0
0
0
0
0
0
0
0
0
0
0
0
0
0
0
0
0
0
0
0
0
0
0
0
0
0
0
0
0
0
0
0
0
0
0
0
0
0
0
0
0
0
0
0
0
0
0
0
0
0
0
0
0
0
0
0
0
0
0
0
0
0
0
0
0
0
0
0
0
0
0
0
0
0
0
