1.47661e+06
0
0
0
0
0
0
0
0
0
0
0
0
0
0
0
2
3013
349549
2.50402e+06
3.64172e+06
1.85542e+06
445283
56588
5597
22177
173401
716823
1.44268e+06
1.34625e+06
590108
134177
201318
1.47391e+06
4.70591e+06
6.36282e+06
3.7753e+06
1.07015e+06
450371
1.57433e+06
3.07887e+06
2.6354e+06
1.20176e+06
1.29126e+06
3.66659e+06
5.97468e+06
4.69053e+06
1.9639e+06
1.18837e+06
1.91257e+06
1.98864e+06
1.97184e+06
5.31542e+06
1.11278e+07
1.12461e+07
5.63644e+06
2.11906e+06
1.65374e+06
1.80656e+06
3.47553e+06
7.44531e+06
9.01793e+06
6.42785e+06
5.46078e+06
6.32219e+06
5.36247e+06
5.1231e+06
6.40317e+06
5.82953e+06
5.42038e+06
6.83669e+06
8.48326e+06
1.34239e+07
1.82365e+07
1.35167e+07
5.20253e+06
2.12367e+06
5.05415e+06
1.06219e+07
1.16645e+07
7.7368e+06
5.41376e+06
6.92074e+06
1.12719e+07
1.31918e+07
1.1416e+07
1.12103e+07
1.40451e+07
1.88782e+07
1.85426e+07
1.31329e+07
1.04748e+07
1.19786e+07
1.40369e+07
1.23901e+07
1.04943e+07
1.13585e+07
1.34727e+07
1.20014e+07
8.7594e+06
1.16957e+07
2.00812e+07
2.23841e+07
1.77038e+07
1.82574e+07
2.56176e+07
2.83861e+07
2.32333e+07
1.68692e+07
1.14951e+07
7.42433e+06
7.31274e+06
1.53852e+07
2.40957e+07
2.11462e+07
1.60207e+07
2.18275e+07
2.47163e+07
2.25356e+07
1.65261e+07
1.7333e+07
1.92119e+07
2.12777e+07
2.7916e+07
2.48661e+07
1.8501e+07
1.67313e+07
1.70191e+07
1.40908e+07
8.71348e+06
8.29081e+06
1.13287e+07
1.41879e+07
1.93742e+07
2.27344e+07
2.40618e+07
2.43829e+07
1.62476e+07
1.1412e+07
1.40726e+07
1.64763e+07
1.52885e+07
1.37929e+07
1.02571e+07
8.23601e+06
1.057e+07
1.24762e+07
6.81549e+06
2.6766e+06
5.27943e+06
1.09849e+07
1.48924e+07
1.73664e+07
2.15837e+07
1.90154e+07
9.90463e+06
2.96774e+06
3.25515e+06
6.77454e+06
5.65716e+06
1.70371e+06
934690
1.23919e+06
982571
2.80113e+06
4.12224e+06
7.34727e+06
1.14546e+07
1.17774e+07
7.66176e+06
2.74749e+06
1.91291e+06
1.97114e+06
335943
2164
2
0
12
445
13455
169037
1.1035e+06
3.50205e+06
5.13083e+06
2.89737e+06
453034
19331
407
0
0
0
0
0
0
61
1693
26428
170763
387565
151794
0
0
0
0
0
0
0
0
0
0
0
0
0
0
0
0
0
0
0
0
0
0
0
0
0
0
0
0
0
0
0
0
0
0
0
0
0
0
0
0
0
0
0
0
0
0
0
0
0
0
0
0
0
0
0
0
0
0
0
0
0
0
0
0
0
0
0
0
0
0
0
0
0
0
0
0
0
0
0
0
0
0
0
0
0
0
0
0
0
0
0
0
0
0
0
0
0
0
0
0
0
0
0
0
0
0
0
0
0
0
0
0
0
0
0
0
0
0
0
0
0
0
0
0
0
0
0
0
0
0
0
0
0
0
0
0
0
0
0
0
0
0
0
0
0
0
0
0
0
0
0
0
0
0
0
0
0
0
0
0
0
0
0
0
0
0
0
0
0
0
0
0
0
0
0
0
0
0
0
0
0
0
0
0
0
0
0
0
0
0
0
0
0
0
0
0
0
0
0
0
