1.39674e+06
0
0
0
0
0
0
0
0
0
0
0
0
0
0
0
0
2891
330841
2.36807e+06
3.44532e+06
1.75481e+06
420949
53693
5330
21042
164033
677576
1.36514e+06
1.2737e+06
557676
127129
190562
1.39381e+06
4.45171e+06
6.0185e+06
3.5709e+06
1.01234e+06
426642
1.48819e+06
2.91241e+06
2.49401e+06
1.13609e+06
1.22088e+06
3.46784e+06
5.65256e+06
4.43701e+06
1.85772e+06
1.12384e+06
1.8089e+06
1.88086e+06
1.86597e+06
5.02929e+06
1.05231e+07
1.06376e+07
5.33188e+06
2.00353e+06
1.56568e+06
1.71051e+06
3.28558e+06
7.04136e+06
8.53374e+06
6.07768e+06
5.16483e+06
5.98201e+06
5.07278e+06
4.84468e+06
6.0573e+06
5.51337e+06
5.12686e+06
6.4698e+06
8.0216e+06
1.26946e+07
1.72552e+07
1.27849e+07
4.92073e+06
2.00952e+06
4.77929e+06
1.00456e+07
1.10359e+07
7.31949e+06
5.12141e+06
6.54528e+06
1.0662e+07
1.24778e+07
1.07963e+07
1.06066e+07
1.32819e+07
1.78582e+07
1.75435e+07
1.2419e+07
9.90918e+06
1.13321e+07
1.32783e+07
1.17174e+07
9.92615e+06
1.07437e+07
1.27462e+07
1.13533e+07
8.28365e+06
1.10609e+07
1.8999e+07
2.11754e+07
1.67403e+07
1.72672e+07
2.42345e+07
2.68565e+07
2.19738e+07
1.59542e+07
1.08738e+07
7.02605e+06
6.91505e+06
1.45496e+07
2.27988e+07
1.99996e+07
1.51494e+07
2.06486e+07
2.33807e+07
2.13186e+07
1.56303e+07
1.63933e+07
1.81688e+07
2.01277e+07
2.64072e+07
2.35254e+07
1.75009e+07
1.58246e+07
1.61001e+07
1.33258e+07
8.24163e+06
7.84162e+06
1.07169e+07
1.34227e+07
1.83283e+07
2.15041e+07
2.27577e+07
2.30641e+07
1.53696e+07
1.07961e+07
1.33085e+07
1.55827e+07
1.44618e+07
1.30494e+07
9.70415e+06
7.78755e+06
9.99938e+06
1.18015e+07
6.44754e+06
2.5329e+06
4.99206e+06
1.03911e+07
1.40862e+07
1.64279e+07
2.04157e+07
1.79847e+07
9.37096e+06
2.80837e+06
3.0784e+06
6.40689e+06
5.35262e+06
1.61106e+06
884436
1.1722e+06
929597
2.65007e+06
3.89974e+06
6.9482e+06
1.08323e+07
1.11418e+07
7.24824e+06
2.59933e+06
1.80969e+06
1.86443e+06
318224
2048
2
0
12
427
12736
160084
1.044e+06
3.31247e+06
4.85195e+06
2.7414e+06
428720
18433
399
0
0
0
0
0
0
61
1622
25145
161585
366414
143541
0
0
0
0
0
0
0
0
0
0
0
0
0
0
0
0
0
0
0
0
0
0
0
0
0
0
0
0
0
0
0
0
0
0
0
0
0
0
0
0
0
0
0
0
0
0
0
0
0
0
0
0
0
0
0
0
0
0
0
0
0
0
0
0
0
0
0
0
0
0
0
0
0
0
0
0
0
0
0
0
0
0
0
0
0
0
0
0
0
0
0
0
0
0
0
0
0
0
0
0
0
0
0
0
0
0
0
0
0
0
0
0
0
0
0
0
0
0
0
0
0
0
0
0
0
0
0
0
0
0
0
0
0
0
0
0
0
0
0
0
0
0
0
0
0
0
0
0
0
0
0
0
0
0
0
0
0
0
0
0
0
0
0
0
0
0
0
0
0
0
0
0
0
0
0
0
0
0
0
0
0
0
0
0
0
0
0
0
0
0
0
0
0
0
0
0
0
0
0
0
