1.71213e+06
0
0
0
0
0
0
0
0
0
0
0
0
0
0
0
2
3475
405099
2.90407e+06
4.22134e+06
2.15227e+06
516114
65729
6377
25787
201379
832250
1.67086e+06
1.56049e+06
685113
155728
233692
1.70998e+06
5.4593e+06
7.37018e+06
4.37962e+06
1.242e+06
523552
1.82459e+06
3.56858e+06
3.05605e+06
1.39505e+06
1.49878e+06
4.25466e+06
6.91676e+06
5.43983e+06
2.28088e+06
1.37937e+06
2.21624e+06
2.3047e+06
2.28805e+06
6.16916e+06
1.28949e+07
1.30364e+07
6.5385e+06
2.4608e+06
1.91625e+06
2.09387e+06
4.03137e+06
8.6356e+06
1.04513e+07
7.45529e+06
6.33278e+06
7.3237e+06
6.21896e+06
5.94617e+06
7.4209e+06
6.75956e+06
6.28532e+06
7.92655e+06
9.84824e+06
1.55693e+07
2.11215e+07
1.5667e+07
6.04264e+06
2.46886e+06
5.86672e+06
1.2311e+07
1.3513e+07
8.97434e+06
6.28244e+06
8.0305e+06
1.30669e+07
1.52876e+07
1.3246e+07
1.29977e+07
1.62882e+07
2.18808e+07
2.14944e+07
1.52339e+07
1.2146e+07
1.38973e+07
1.62618e+07
1.43703e+07
1.21725e+07
1.31742e+07
1.56126e+07
1.39085e+07
1.01685e+07
1.35765e+07
2.32745e+07
2.59308e+07
2.05454e+07
2.11881e+07
2.96947e+07
3.28872e+07
2.69446e+07
1.9563e+07
1.3326e+07
8.60852e+06
8.50416e+06
1.78559e+07
2.78948e+07
2.45107e+07
1.86155e+07
2.53066e+07
2.86343e+07
2.61296e+07
1.91775e+07
2.00987e+07
2.2283e+07
2.46888e+07
3.2351e+07
2.88085e+07
2.14559e+07
1.94113e+07
1.97214e+07
1.63389e+07
1.01151e+07
9.62362e+06
1.31435e+07
1.64518e+07
2.24377e+07
2.63531e+07
2.79151e+07
2.8262e+07
1.88339e+07
1.32485e+07
1.63134e+07
1.90996e+07
1.7744e+07
1.59873e+07
1.18876e+07
9.55932e+06
1.22518e+07
1.44498e+07
7.90066e+06
3.11324e+06
6.12694e+06
1.27328e+07
1.72625e+07
2.01624e+07
2.5018e+07
2.20317e+07
1.14787e+07
3.44892e+06
3.78612e+06
7.8488e+06
6.54925e+06
1.97764e+06
1.08682e+06
1.43541e+06
1.14299e+06
3.25006e+06
4.77625e+06
8.51953e+06
1.32872e+07
1.36544e+07
8.87627e+06
3.18688e+06
2.2214e+06
2.28044e+06
389040
2500
2
0
12
527
15495
196369
1.28287e+06
4.05979e+06
5.94839e+06
3.35651e+06
526683
22057
443
3
0
0
0
0
0
71
1948
30543
197981
449580
175941
0
0
0
0
0
0
0
0
0
0
0
0
0
0
0
0
0
0
0
0
0
0
0
0
0
0
0
0
0
0
0
0
0
0
0
0
0
0
0
0
0
0
0
0
0
0
0
0
0
0
0
0
0
0
0
0
0
0
0
0
0
0
0
0
0
0
0
0
0
0
0
0
0
0
0
0
0
0
0
0
0
0
0
0
0
0
0
0
0
0
0
0
0
0
0
0
0
0
0
0
0
0
0
0
0
0
0
0
0
0
0
0
0
0
0
0
0
0
0
0
0
0
0
0
0
0
0
0
0
0
0
0
0
0
0
0
0
0
0
0
0
0
0
0
0
0
0
0
0
0
0
0
0
0
0
0
0
0
0
0
0
0
0
0
0
0
0
0
0
0
0
0
0
0
0
0
0
0
0
0
0
0
0
0
0
0
0
0
0
0
0
0
0
0
0
0
0
0
0
0
