1.40288e+06
0
0
0
0
0
0
0
0
0
0
0
0
0
0
0
0
2900
332226
2.37867e+06
3.46029e+06
1.76264e+06
422829
53869
5345
21096
164695
680585
1.37125e+06
1.27947e+06
559932
127671
191350
1.39967e+06
4.47136e+06
6.0455e+06
3.58675e+06
1.01649e+06
428400
1.49468e+06
2.92527e+06
2.50514e+06
1.14095e+06
1.22585e+06
3.48308e+06
5.67828e+06
4.45656e+06
1.86551e+06
1.12853e+06
1.81714e+06
1.88906e+06
1.87374e+06
5.05093e+06
1.057e+07
1.06855e+07
5.35494e+06
2.01194e+06
1.57248e+06
1.71784e+06
3.2997e+06
7.07256e+06
8.57229e+06
6.10395e+06
5.18732e+06
6.00847e+06
5.09527e+06
4.86565e+06
6.08403e+06
5.53756e+06
5.14924e+06
6.49818e+06
8.05681e+06
1.27498e+07
1.73326e+07
1.28419e+07
4.94153e+06
2.01733e+06
4.80007e+06
1.00907e+07
1.10851e+07
7.35131e+06
5.14324e+06
6.57386e+06
1.07094e+07
1.25332e+07
1.08435e+07
1.06526e+07
1.33399e+07
1.7938e+07
1.76215e+07
1.2473e+07
9.9523e+06
1.13813e+07
1.33377e+07
1.17692e+07
9.96903e+06
1.07908e+07
1.28032e+07
1.14031e+07
8.31939e+06
1.11088e+07
1.90828e+07
2.12701e+07
1.68132e+07
1.73425e+07
2.43416e+07
2.69754e+07
2.20709e+07
1.60244e+07
1.09216e+07
7.05607e+06
6.94415e+06
1.4614e+07
2.29007e+07
2.00879e+07
1.52145e+07
2.07394e+07
2.34844e+07
2.14123e+07
1.5699e+07
1.64653e+07
1.82485e+07
2.02151e+07
2.65246e+07
2.36297e+07
1.75776e+07
1.58941e+07
1.61714e+07
1.33847e+07
8.27688e+06
7.87542e+06
1.07636e+07
1.34816e+07
1.84094e+07
2.15992e+07
2.28579e+07
2.31666e+07
1.5437e+07
1.08426e+07
1.33675e+07
1.56516e+07
1.45251e+07
1.31068e+07
9.74674e+06
7.82127e+06
1.00434e+07
1.1855e+07
6.47534e+06
2.5432e+06
5.01349e+06
1.04372e+07
1.41485e+07
1.64995e+07
2.05059e+07
1.8065e+07
9.41231e+06
2.81973e+06
3.09126e+06
6.43575e+06
5.37662e+06
1.61802e+06
888071
1.1775e+06
933371
2.66141e+06
3.91671e+06
6.97872e+06
1.0881e+07
1.11906e+07
7.28067e+06
2.61019e+06
1.81739e+06
1.8729e+06
319741
2055
2
0
12
428
12771
160651
1.04814e+06
3.32696e+06
4.87389e+06
2.75372e+06
430463
18486
399
0
0
0
0
0
0
61
1625
25231
162210
368026
144287
0
0
0
0
0
0
0
0
0
0
0
0
0
0
0
0
0
0
0
0
0
0
0
0
0
0
0
0
0
0
0
0
0
0
0
0
0
0
0
0
0
0
0
0
0
0
0
0
0
0
0
0
0
0
0
0
0
0
0
0
0
0
0
0
0
0
0
0
0
0
0
0
0
0
0
0
0
0
0
0
0
0
0
0
0
0
0
0
0
0
0
0
0
0
0
0
0
0
0
0
0
0
0
0
0
0
0
0
0
0
0
0
0
0
0
0
0
0
0
0
0
0
0
0
0
0
0
0
0
0
0
0
0
0
0
0
0
0
0
0
0
0
0
0
0
0
0
0
0
0
0
0
0
0
0
0
0
0
0
0
0
0
0
0
0
0
0
0
0
0
0
0
0
0
0
0
0
0
0
0
0
0
0
0
0
0
0
0
0
0
0
0
0
0
0
0
0
0
0
0
