1.38445e+06
0
0
0
0
0
0
0
0
0
0
0
0
0
0
0
0
2860
328038
2.3471e+06
3.41497e+06
1.73939e+06
417234
53289
5272
20893
162624
671716
1.35298e+06
1.26218e+06
552999
126085
188780
1.38199e+06
4.41254e+06
5.96497e+06
3.53936e+06
1.00363e+06
423074
1.47518e+06
2.88693e+06
2.47152e+06
1.12618e+06
1.21095e+06
3.43738e+06
5.60175e+06
4.39777e+06
1.84178e+06
1.11424e+06
1.79294e+06
1.8643e+06
1.84972e+06
4.98632e+06
1.04298e+07
1.05419e+07
5.28564e+06
1.9867e+06
1.55167e+06
1.69585e+06
3.25727e+06
6.97912e+06
8.45749e+06
6.02472e+06
5.1201e+06
5.92839e+06
5.02806e+06
4.80251e+06
6.00404e+06
5.465e+06
5.0818e+06
6.41284e+06
7.95217e+06
1.25832e+07
1.71007e+07
1.26716e+07
4.87873e+06
1.99314e+06
4.73811e+06
9.95589e+06
1.09368e+07
7.25653e+06
5.07702e+06
6.48834e+06
1.05677e+07
1.23672e+07
1.07014e+07
1.05141e+07
1.31657e+07
1.76999e+07
1.73885e+07
1.23091e+07
9.82328e+06
1.12334e+07
1.31601e+07
1.16136e+07
9.84044e+06
1.06495e+07
1.26322e+07
1.12537e+07
8.21145e+06
1.09657e+07
1.88308e+07
2.09873e+07
1.65935e+07
1.71175e+07
2.40201e+07
2.66186e+07
2.178e+07
1.58138e+07
1.07789e+07
6.96497e+06
6.85642e+06
1.44217e+07
2.25965e+07
1.98214e+07
1.50194e+07
2.0467e+07
2.3174e+07
2.11306e+07
1.54932e+07
1.6249e+07
1.80089e+07
1.99528e+07
2.6173e+07
2.33165e+07
1.73479e+07
1.56857e+07
1.59577e+07
1.32087e+07
8.17027e+06
7.77393e+06
1.06224e+07
1.3305e+07
1.81665e+07
2.1315e+07
2.2557e+07
2.28593e+07
1.52347e+07
1.0703e+07
1.31909e+07
1.54445e+07
1.43353e+07
1.29351e+07
9.61827e+06
7.72024e+06
9.91122e+06
1.16956e+07
6.39121e+06
2.51222e+06
4.94882e+06
1.02989e+07
1.39617e+07
1.62846e+07
2.02355e+07
1.78241e+07
9.28875e+06
2.78524e+06
3.0524e+06
6.34958e+06
5.30446e+06
1.59735e+06
876856
1.16192e+06
921872
2.62711e+06
3.86616e+06
6.88614e+06
1.07361e+07
1.10432e+07
7.18456e+06
2.57702e+06
1.79432e+06
1.84749e+06
315352
2034
2
0
12
427
12688
158900
1.03551e+06
3.28324e+06
4.80829e+06
2.71697e+06
425279
18311
399
0
0
0
0
0
0
61
1618
24985
160249
363160
142151
0
0
0
0
0
0
0
0
0
0
0
0
0
0
0
0
0
0
0
0
0
0
0
0
0
0
0
0
0
0
0
0
0
0
0
0
0
0
0
0
0
0
0
0
0
0
0
0
0
0
0
0
0
0
0
0
0
0
0
0
0
0
0
0
0
0
0
0
0
0
0
0
0
0
0
0
0
0
0
0
0
0
0
0
0
0
0
0
0
0
0
0
0
0
0
0
0
0
0
0
0
0
0
0
0
0
0
0
0
0
0
0
0
0
0
0
0
0
0
0
0
0
0
0
0
0
0
0
0
0
0
0
0
0
0
0
0
0
0
0
0
0
0
0
0
0
0
0
0
0
0
0
0
0
0
0
0
0
0
0
0
0
0
0
0
0
0
0
0
0
0
0
0
0
0
0
0
0
0
0
0
0
0
0
0
0
0
0
0
0
0
0
0
0
0
0
0
0
0
0
