1.74694e+06
0
0
0
0
0
0
0
0
0
0
0
0
0
0
0
2
3535
413347
2.96337e+06
4.30682e+06
2.1961e+06
526676
67055
6507
26253
205394
849121
1.70486e+06
1.59261e+06
699102
158627
238287
1.74471e+06
5.57068e+06
7.52032e+06
4.46827e+06
1.26731e+06
533982
1.86172e+06
3.64134e+06
3.11814e+06
1.42337e+06
1.52896e+06
4.3418e+06
7.0564e+06
5.55186e+06
2.32707e+06
1.40692e+06
2.26165e+06
2.35094e+06
2.33404e+06
6.29458e+06
1.3159e+07
1.33008e+07
6.67167e+06
2.51048e+06
1.95479e+06
2.13641e+06
4.11365e+06
8.8103e+06
1.06644e+07
7.60784e+06
6.46138e+06
7.47141e+06
6.34657e+06
6.06729e+06
7.5699e+06
6.89838e+06
6.41337e+06
8.08614e+06
1.00496e+07
1.5887e+07
2.15494e+07
1.59879e+07
6.16499e+06
2.51702e+06
5.98524e+06
1.2562e+07
1.37903e+07
9.15706e+06
6.40797e+06
8.19373e+06
1.33326e+07
1.55994e+07
1.35163e+07
1.326e+07
1.66186e+07
2.2327e+07
2.19324e+07
1.55446e+07
1.23926e+07
1.41795e+07
1.65916e+07
1.46627e+07
1.2419e+07
1.34427e+07
1.59308e+07
1.41917e+07
1.03748e+07
1.38499e+07
2.37506e+07
2.64581e+07
2.09627e+07
2.16197e+07
3.02978e+07
3.35564e+07
2.74941e+07
1.99595e+07
1.3597e+07
8.78226e+06
8.67739e+06
1.82193e+07
2.84602e+07
2.50096e+07
1.89947e+07
2.58201e+07
2.92174e+07
2.66637e+07
1.95673e+07
2.05045e+07
2.27346e+07
2.51916e+07
3.30111e+07
2.93938e+07
2.18938e+07
1.98064e+07
2.01195e+07
1.66731e+07
1.03214e+07
9.8163e+06
1.34121e+07
1.67866e+07
2.28933e+07
2.68904e+07
2.84833e+07
2.8835e+07
1.92164e+07
1.35191e+07
1.6646e+07
1.94863e+07
1.81068e+07
1.63096e+07
1.21303e+07
9.75487e+06
1.24999e+07
1.47445e+07
8.06052e+06
3.17746e+06
6.25152e+06
1.29923e+07
1.76102e+07
2.05747e+07
2.55287e+07
2.24782e+07
1.17113e+07
3.51923e+06
3.86365e+06
8.00956e+06
6.68084e+06
2.01795e+06
1.10879e+06
1.46476e+06
1.16589e+06
3.31689e+06
4.87358e+06
8.69228e+06
1.35587e+07
1.39326e+07
9.05442e+06
3.25232e+06
2.267e+06
2.32692e+06
396477
2556
2
0
12
541
15828
200407
1.30929e+06
4.14275e+06
6.06829e+06
3.4247e+06
537752
22453
465
3
0
0
0
0
0
72
1999
31150
202032
458809
179410
0
0
0
0
0
0
0
0
0
0
0
0
0
0
0
0
0
0
0
0
0
0
0
0
0
0
0
0
0
0
0
0
0
0
0
0
0
0
0
0
0
0
0
0
0
0
0
0
0
0
0
0
0
0
0
0
0
0
0
0
0
0
0
0
0
0
0
0
0
0
0
0
0
0
0
0
0
0
0
0
0
0
0
0
0
0
0
0
0
0
0
0
0
0
0
0
0
0
0
0
0
0
0
0
0
0
0
0
0
0
0
0
0
0
0
0
0
0
0
0
0
0
0
0
0
0
0
0
0
0
0
0
0
0
0
0
0
0
0
0
0
0
0
0
0
0
0
0
0
0
0
0
0
0
0
0
0
0
0
0
0
0
0
0
0
0
0
0
0
0
0
0
0
0
0
0
0
0
0
0
0
0
0
0
0
0
0
0
0
0
0
0
0
0
0
0
0
0
0
0
