1.87802e+06
0
0
0
0
0
0
0
0
0
0
0
0
0
0
0
2
3774
444463
3.18576e+06
4.62947e+06
2.3612e+06
566164
72135
7022
28429
220772
912486
1.83284e+06
1.71223e+06
751225
170654
257157
1.87613e+06
5.98705e+06
8.08266e+06
4.80538e+06
1.36251e+06
574844
2.00124e+06
3.9138e+06
3.3518e+06
1.53157e+06
1.64452e+06
4.66759e+06
7.58243e+06
5.96869e+06
2.50216e+06
1.51404e+06
2.42903e+06
2.52908e+06
2.51107e+06
6.77002e+06
1.41385e+07
1.42987e+07
7.17462e+06
2.69981e+06
2.10098e+06
2.2975e+06
4.42304e+06
9.46957e+06
1.14608e+07
8.1832e+06
6.94787e+06
8.02569e+06
6.82544e+06
6.52206e+06
8.13738e+06
7.41978e+06
6.8957e+06
8.69156e+06
1.08073e+07
1.70784e+07
2.31545e+07
1.71875e+07
6.63218e+06
2.71066e+06
6.43684e+06
1.34993e+07
1.48208e+07
9.84666e+06
6.8916e+06
8.80805e+06
1.43306e+07
1.67699e+07
1.45369e+07
1.42544e+07
1.78683e+07
2.39915e+07
2.35755e+07
1.67142e+07
1.33268e+07
1.52491e+07
1.78253e+07
1.57631e+07
1.33546e+07
1.44523e+07
1.71206e+07
1.52532e+07
1.11616e+07
1.48955e+07
2.55269e+07
2.8439e+07
2.25421e+07
2.32456e+07
3.25671e+07
3.60611e+07
2.95599e+07
2.14537e+07
1.46222e+07
9.44714e+06
9.33997e+06
1.95898e+07
3.05695e+07
2.68835e+07
2.04378e+07
2.77582e+07
3.13984e+07
2.86648e+07
2.10452e+07
2.20436e+07
2.44441e+07
2.7086e+07
3.54772e+07
3.15883e+07
2.35403e+07
2.1297e+07
2.16232e+07
1.7927e+07
1.11041e+07
1.05569e+07
1.44189e+07
1.80455e+07
2.46034e+07
2.89051e+07
3.0626e+07
3.09873e+07
2.06564e+07
1.45488e+07
1.78948e+07
2.09415e+07
1.94704e+07
1.7527e+07
1.30423e+07
1.0494e+07
1.34348e+07
1.58394e+07
8.66551e+06
3.42187e+06
6.72411e+06
1.39667e+07
1.89336e+07
2.213e+07
2.74352e+07
2.41503e+07
1.25884e+07
3.79167e+06
4.1625e+06
8.60698e+06
7.17125e+06
2.1725e+06
1.19356e+06
1.5745e+06
1.25528e+06
3.56718e+06
5.23866e+06
9.34604e+06
1.45789e+07
1.49741e+07
9.72576e+06
3.50128e+06
2.43841e+06
2.49857e+06
426332
2782
2
0
13
599
16959
215597
1.40943e+06
4.45481e+06
6.52034e+06
3.68103e+06
578497
24381
493
3
0
0
0
0
0
72
2154
33423
217596
493137
192626
0
0
0
0
0
0
0
0
0
0
0
0
0
0
0
0
0
0
0
0
0
0
0
0
0
0
0
0
0
0
0
0
0
0
0
0
0
0
0
0
0
0
0
0
0
0
0
0
0
0
0
0
0
0
0
0
0
0
0
0
0
0
0
0
0
0
0
0
0
0
0
0
0
0
0
0
0
0
0
0
0
0
0
0
0
0
0
0
0
0
0
0
0
0
0
0
0
0
0
0
0
0
0
0
0
0
0
0
0
0
0
0
0
0
0
0
0
0
0
0
0
0
0
0
0
0
0
0
0
0
0
0
0
0
0
0
0
0
0
0
0
0
0
0
0
0
0
0
0
0
0
0
0
0
0
0
0
0
0
0
0
0
0
0
0
0
0
0
0
0
0
0
0
0
0
0
0
0
0
0
0
0
0
0
0
0
0
0
0
0
0
0
0
0
0
0
0
0
0
0
