1.41107e+06
0
0
0
0
0
0
0
0
0
0
0
0
0
0
0
0
2919
334101
2.39262e+06
3.48044e+06
1.77305e+06
425300
54120
5374
21196
165530
684592
1.3795e+06
1.28694e+06
563115
128371
192370
1.4076e+06
4.49762e+06
6.08126e+06
3.6078e+06
1.02221e+06
430607
1.50356e+06
2.94241e+06
2.51965e+06
1.14763e+06
1.23255e+06
3.5034e+06
5.71239e+06
4.48274e+06
1.87594e+06
1.1349e+06
1.82792e+06
1.90001e+06
1.88422e+06
5.07967e+06
1.0633e+07
1.0749e+07
5.38567e+06
2.02317e+06
1.58161e+06
1.72738e+06
3.31858e+06
7.11459e+06
8.62322e+06
6.13919e+06
5.21695e+06
6.04406e+06
5.12507e+06
4.89374e+06
6.11974e+06
5.56997e+06
5.17899e+06
6.53585e+06
8.1037e+06
1.28236e+07
1.74358e+07
1.29181e+07
4.96905e+06
2.0277e+06
4.8276e+06
1.0151e+07
1.11507e+07
7.3938e+06
5.17236e+06
6.61182e+06
1.07722e+07
1.26079e+07
1.09061e+07
1.07139e+07
1.34177e+07
1.80438e+07
1.77251e+07
1.25458e+07
1.00094e+07
1.14471e+07
1.34168e+07
1.1838e+07
1.00266e+07
1.08537e+07
1.28787e+07
1.147e+07
8.36678e+06
1.11727e+07
1.91945e+07
2.13963e+07
1.69107e+07
1.74426e+07
2.44841e+07
2.71346e+07
2.21996e+07
1.61177e+07
1.09856e+07
7.09624e+06
6.9826e+06
1.46999e+07
2.30368e+07
2.02054e+07
1.53014e+07
2.08605e+07
2.36228e+07
2.15375e+07
1.579e+07
1.65619e+07
1.83545e+07
2.03313e+07
2.66817e+07
2.37683e+07
1.76797e+07
1.59867e+07
1.62663e+07
1.34634e+07
8.32392e+06
7.92048e+06
1.08261e+07
1.356e+07
1.85179e+07
2.17268e+07
2.299e+07
2.33035e+07
1.55269e+07
1.0905e+07
1.34458e+07
1.57432e+07
1.46094e+07
1.31837e+07
9.80308e+06
7.86668e+06
1.0102e+07
1.19261e+07
6.51268e+06
2.55688e+06
5.04212e+06
1.04989e+07
1.42319e+07
1.65939e+07
2.06266e+07
1.81719e+07
9.46766e+06
2.83494e+06
3.1084e+06
6.47429e+06
5.40867e+06
1.62709e+06
893081
1.18445e+06
938458
2.67663e+06
3.93924e+06
7.01949e+06
1.09456e+07
1.12561e+07
7.32365e+06
2.62472e+06
1.82759e+06
1.88444e+06
321610
2063
2
0
12
433
12818
161347
1.0538e+06
3.3462e+06
4.9031e+06
2.77017e+06
432820
18541
399
0
0
0
0
0
0
61
1631
25328
163079
370206
145231
0
0
0
0
0
0
0
0
0
0
0
0
0
0
0
0
0
0
0
0
0
0
0
0
0
0
0
0
0
0
0
0
0
0
0
0
0
0
0
0
0
0
0
0
0
0
0
0
0
0
0
0
0
0
0
0
0
0
0
0
0
0
0
0
0
0
0
0
0
0
0
0
0
0
0
0
0
0
0
0
0
0
0
0
0
0
0
0
0
0
0
0
0
0
0
0
0
0
0
0
0
0
0
0
0
0
0
0
0
0
0
0
0
0
0
0
0
0
0
0
0
0
0
0
0
0
0
0
0
0
0
0
0
0
0
0
0
0
0
0
0
0
0
0
0
0
0
0
0
0
0
0
0
0
0
0
0
0
0
0
0
0
0
0
0
0
0
0
0
0
0
0
0
0
0
0
0
0
0
0
0
0
0
0
0
0
0
0
0
0
0
0
0
0
0
0
0
0
0
0
