647168
0
0
0
0
0
0
0
0
0
0
0
0
0
0
0
0
1331
154177
1.09478e+06
1.59933e+06
811038
195179
25310
2602
9684
76935
313482
632109
589187
258298
59932
90650
648238
2.05523e+06
2.79244e+06
1.64749e+06
472653
201741
688256
1.35095e+06
1.15121e+06
528001
569749
1.60166e+06
2.6261e+06
2.04667e+06
862646
523682
836756
874131
869470
2.33012e+06
4.87009e+06
4.92081e+06
2.46628e+06
935689
731691
795112
1.52337e+06
3.25488e+06
3.95754e+06
2.81022e+06
2.3929e+06
2.77739e+06
2.34564e+06
2.24475e+06
2.81349e+06
2.55289e+06
2.36871e+06
3.01334e+06
3.72282e+06
5.86551e+06
7.99572e+06
5.90024e+06
2.29105e+06
948041
2.21216e+06
4.65032e+06
5.11626e+06
3.38518e+06
2.38276e+06
3.03113e+06
4.93218e+06
5.78995e+06
4.98851e+06
4.93778e+06
6.13829e+06
8.27586e+06
8.13011e+06
5.74231e+06
4.61181e+06
5.2371e+06
6.1605e+06
5.4114e+06
4.62222e+06
4.96637e+06
5.90628e+06
5.2585e+06
3.84292e+06
5.13191e+06
8.80826e+06
9.80642e+06
7.74848e+06
8.00058e+06
1.12293e+07
1.24432e+07
1.01636e+07
7.40219e+06
5.03872e+06
3.2677e+06
3.21919e+06
6.72078e+06
1.05821e+07
9.24141e+06
7.0276e+06
9.55875e+06
1.08473e+07
9.86604e+06
7.2498e+06
7.61394e+06
8.41388e+06
9.32401e+06
1.22172e+07
1.09096e+07
8.10225e+06
7.32275e+06
7.47982e+06
6.16783e+06
3.8218e+06
3.64105e+06
4.95948e+06
6.21684e+06
8.49861e+06
9.96316e+06
1.05234e+07
1.0701e+07
7.12595e+06
4.99671e+06
6.17527e+06
7.21742e+06
6.68994e+06
6.05674e+06
4.49104e+06
3.61524e+06
4.63449e+06
5.44615e+06
2.99603e+06
1.17758e+06
2.31072e+06
4.81078e+06
6.55946e+06
7.59259e+06
9.4521e+06
8.32451e+06
4.34944e+06
1.30642e+06
1.42804e+06
2.95595e+06
2.4857e+06
748231
410989
541662
433224
1.22463e+06
1.80773e+06
3.21586e+06
5.02548e+06
5.14919e+06
3.37255e+06
1.20269e+06
835107
862698
149769
1022
0
0
12
263
6291
75083
481375
1.52794e+06
2.25314e+06
1.27375e+06
197846
8597
213
0
0
0
0
0
0
37
743
11846
73976
168843
68139
0
0
0
0
0
0
0
0
0
0
0
0
0
0
0
0
0
0
0
0
0
0
0
0
0
0
0
0
0
0
0
0
0
0
0
0
0
0
0
0
0
0
0
0
0
0
0
0
0
0
0
0
0
0
0
0
0
0
0
0
0
0
0
0
0
0
0
0
0
0
0
0
0
0
0
0
0
0
0
0
0
0
0
0
0
0
0
0
0
0
0
0
0
0
0
0
0
0
0
0
0
0
0
0
0
0
0
0
0
0
0
0
0
0
0
0
0
0
0
0
0
0
0
0
0
0
0
0
0
0
0
0
0
0
0
0
0
0
0
0
0
0
0
0
0
0
0
0
0
0
0
0
0
0
0
0
0
0
0
0
0
0
0
0
0
0
0
0
0
0
0
0
0
0
0
0
0
0
0
0
0
0
0
0
0
0
0
0
0
0
0
0
0
0
0
0
0
0
0
0
