1.6343e+06
0
0
0
0
0
0
0
0
0
0
0
0
0
0
0
2
3322
386758
2.77212e+06
4.02924e+06
2.05438e+06
492753
62792
6113
24625
192263
794311
1.59519e+06
1.4892e+06
653891
148911
223415
1.63269e+06
5.2095e+06
7.03587e+06
4.18029e+06
1.18558e+06
500142
1.74186e+06
3.40579e+06
2.91725e+06
1.3317e+06
1.43083e+06
4.05952e+06
6.60516e+06
5.19283e+06
2.17605e+06
1.31696e+06
2.11504e+06
2.19998e+06
2.18544e+06
5.88698e+06
1.23084e+07
1.24445e+07
6.24031e+06
2.34923e+06
1.8299e+06
1.99896e+06
3.84841e+06
8.24063e+06
9.97826e+06
7.11574e+06
6.04381e+06
6.9942e+06
5.9378e+06
5.67294e+06
7.08239e+06
6.45237e+06
6.00037e+06
7.5667e+06
9.39882e+06
1.48588e+07
2.0166e+07
1.49573e+07
5.76602e+06
2.35547e+06
5.5979e+06
1.17524e+07
1.29021e+07
8.56665e+06
5.99598e+06
7.66356e+06
1.24723e+07
1.45947e+07
1.26419e+07
1.24068e+07
1.55488e+07
2.08863e+07
2.05176e+07
1.45433e+07
1.15934e+07
1.32619e+07
1.55259e+07
1.37177e+07
1.16159e+07
1.2576e+07
1.49062e+07
1.32777e+07
9.70484e+06
1.29542e+07
2.22161e+07
2.47586e+07
1.96091e+07
2.02204e+07
2.83461e+07
3.1398e+07
2.57193e+07
1.86742e+07
1.27211e+07
8.21647e+06
8.11139e+06
1.70413e+07
2.66358e+07
2.34e+07
1.77606e+07
2.4158e+07
2.73354e+07
2.49406e+07
1.83047e+07
1.91847e+07
2.12693e+07
2.35628e+07
3.08809e+07
2.75044e+07
2.04819e+07
1.85265e+07
1.88297e+07
1.55952e+07
9.6509e+06
9.18552e+06
1.25444e+07
1.57024e+07
2.14233e+07
2.51569e+07
2.66438e+07
2.6978e+07
1.79816e+07
1.26417e+07
1.55718e+07
1.82354e+07
1.69323e+07
1.5262e+07
1.13459e+07
9.12286e+06
1.16983e+07
1.37972e+07
7.54009e+06
2.9703e+06
5.84688e+06
1.21553e+07
1.64799e+07
1.92373e+07
2.38823e+07
2.1036e+07
1.09576e+07
3.29005e+06
3.61122e+06
7.49427e+06
6.25445e+06
1.88697e+06
1.03713e+06
1.36993e+06
1.09027e+06
3.1026e+06
4.55994e+06
8.13286e+06
1.26787e+07
1.30345e+07
8.4749e+06
3.0419e+06
2.11999e+06
2.17826e+06
371533
2418
2
0
12
496
14833
187386
1.22427e+06
3.87688e+06
5.67624e+06
3.20427e+06
502683
21234
434
3
0
0
0
0
0
63
1875
29270
188882
429272
167790
0
0
0
0
0
0
0
0
0
0
0
0
0
0
0
0
0
0
0
0
0
0
0
0
0
0
0
0
0
0
0
0
0
0
0
0
0
0
0
0
0
0
0
0
0
0
0
0
0
0
0
0
0
0
0
0
0
0
0
0
0
0
0
0
0
0
0
0
0
0
0
0
0
0
0
0
0
0
0
0
0
0
0
0
0
0
0
0
0
0
0
0
0
0
0
0
0
0
0
0
0
0
0
0
0
0
0
0
0
0
0
0
0
0
0
0
0
0
0
0
0
0
0
0
0
0
0
0
0
0
0
0
0
0
0
0
0
0
0
0
0
0
0
0
0
0
0
0
0
0
0
0
0
0
0
0
0
0
0
0
0
0
0
0
0
0
0
0
0
0
0
0
0
0
0
0
0
0
0
0
0
0
0
0
0
0
0
0
0
0
0
0
0
0
0
0
0
0
0
0
