555008
0
0
0
0
0
0
0
0
0
0
0
0
0
0
0
0
1158
132501
937631
1.37309e+06
694885
167560
21599
2219
8166
66159
269032
541947
505157
221746
51289
77888
556351
1.76105e+06
2.39655e+06
1.4114e+06
405701
173166
589582
1.15979e+06
987405
452085
487754
1.37302e+06
2.25518e+06
1.75439e+06
739751
447909
718534
749662
746385
1.99476e+06
4.17937e+06
4.22195e+06
2.11177e+06
802122
629173
682137
1.30398e+06
2.79159e+06
3.399e+06
2.40795e+06
2.04891e+06
2.38526e+06
2.0091e+06
1.92334e+06
2.41764e+06
2.18806e+06
2.0274e+06
2.59029e+06
3.19212e+06
5.02405e+06
6.86515e+06
5.05577e+06
1.96304e+06
813846
1.89537e+06
3.99192e+06
4.39144e+06
2.89832e+06
2.0431e+06
2.59627e+06
4.23146e+06
4.97201e+06
4.27093e+06
4.2381e+06
5.25804e+06
7.10337e+06
6.9757e+06
4.92016e+06
3.95968e+06
4.48579e+06
5.28665e+06
4.63378e+06
3.96974e+06
4.25773e+06
5.0676e+06
4.50811e+06
3.29485e+06
4.39716e+06
7.55472e+06
8.42196e+06
6.63745e+06
6.85448e+06
9.63489e+06
1.06752e+07
8.71476e+06
6.3474e+06
4.32028e+06
2.80471e+06
2.75973e+06
5.75852e+06
9.08481e+06
7.91715e+06
6.02447e+06
8.19724e+06
9.3079e+06
8.45898e+06
6.21565e+06
6.5379e+06
7.21367e+06
7.9916e+06
1.0477e+07
9.36355e+06
6.94184e+06
6.27925e+06
6.41812e+06
5.2869e+06
3.27689e+06
3.12716e+06
4.253e+06
5.32673e+06
7.28994e+06
8.5461e+06
9.02263e+06
9.18474e+06
6.1105e+06
4.27859e+06
5.29676e+06
6.19267e+06
5.7343e+06
5.19959e+06
3.84742e+06
3.09963e+06
3.97546e+06
4.66956e+06
2.56817e+06
1.00862e+06
1.97778e+06
4.12792e+06
5.64028e+06
6.50241e+06
8.10369e+06
7.13884e+06
3.73287e+06
1.11966e+06
1.22258e+06
2.53363e+06
2.1351e+06
640753
352345
464170
372554
1.0483e+06
1.54799e+06
2.75641e+06
4.31324e+06
4.41534e+06
2.89678e+06
1.02922e+06
715004
740280
128707
882
0
0
8
213
5419
63523
411282
1.30935e+06
1.93403e+06
1.09453e+06
169273
7266
172
0
0
0
0
0
0
30
626
9952
63020
144810
59066
0
0
0
0
0
0
0
0
0
0
0
0
0
0
0
0
0
0
0
0
0
0
0
0
0
0
0
0
0
0
0
0
0
0
0
0
0
0
0
0
0
0
0
0
0
0
0
0
0
0
0
0
0
0
0
0
0
0
0
0
0
0
0
0
0
0
0
0
0
0
0
0
0
0
0
0
0
0
0
0
0
0
0
0
0
0
0
0
0
0
0
0
0
0
0
0
0
0
0
0
0
0
0
0
0
0
0
0
0
0
0
0
0
0
0
0
0
0
0
0
0
0
0
0
0
0
0
0
0
0
0
0
0
0
0
0
0
0
0
0
0
0
0
0
0
0
0
0
0
0
0
0
0
0
0
0
0
0
0
0
0
0
0
0
0
0
0
0
0
0
0
0
0
0
0
0
0
0
0
0
0
0
0
0
0
0
0
0
0
0
0
0
0
0
0
0
0
0
0
0
