1.27386e+06
0
0
0
0
0
0
0
0
0
0
0
0
0
0
0
0
2636
301870
2.15987e+06
3.14237e+06
1.59958e+06
383878
49431
4861
19351
149970
618935
1.24311e+06
1.16081e+06
509354
116310
174463
1.27276e+06
4.05894e+06
5.4872e+06
3.255e+06
924806
390822
1.35726e+06
2.65603e+06
2.27252e+06
1.03735e+06
1.11785e+06
3.16334e+06
5.14794e+06
4.04402e+06
1.69818e+06
1.02713e+06
1.64928e+06
1.7143e+06
1.70582e+06
4.59242e+06
9.59129e+06
9.68976e+06
4.86541e+06
1.83377e+06
1.42842e+06
1.56164e+06
3.00183e+06
6.41665e+06
7.77553e+06
5.54862e+06
4.71152e+06
5.45153e+06
4.62813e+06
4.42231e+06
5.5203e+06
5.02902e+06
4.67781e+06
5.90103e+06
7.32125e+06
1.15784e+07
1.57252e+07
1.16478e+07
4.49961e+06
1.84459e+06
4.36245e+06
9.15094e+06
1.00562e+07
6.68003e+06
4.67947e+06
5.97615e+06
9.71419e+06
1.13743e+07
9.84789e+06
9.68273e+06
1.21162e+07
1.62796e+07
1.59912e+07
1.13264e+07
9.04651e+06
1.03379e+07
1.21049e+07
1.06837e+07
9.06044e+06
9.79934e+06
1.16175e+07
1.03489e+07
7.56361e+06
1.01044e+07
1.73173e+07
1.9297e+07
1.52762e+07
1.57655e+07
2.20911e+07
2.44769e+07
2.00364e+07
1.45553e+07
9.91975e+06
6.41425e+06
6.32658e+06
1.32687e+07
2.07733e+07
1.823e+07
1.38444e+07
1.88269e+07
2.13132e+07
1.94397e+07
1.42639e+07
1.49536e+07
1.65747e+07
1.83691e+07
2.40659e+07
2.14449e+07
1.59623e+07
1.44363e+07
1.4682e+07
1.2154e+07
7.52497e+06
7.16103e+06
9.77019e+06
1.22421e+07
1.67105e+07
1.96123e+07
2.07535e+07
2.10262e+07
1.40161e+07
9.8563e+06
1.21391e+07
1.42063e+07
1.31938e+07
1.19011e+07
8.84776e+06
7.10764e+06
9.12008e+06
1.07498e+07
5.88284e+06
2.31689e+06
4.55651e+06
9.47356e+06
1.28499e+07
1.49863e+07
1.8614e+07
1.6393e+07
8.54524e+06
2.56902e+06
2.81368e+06
5.83869e+06
4.87558e+06
1.47232e+06
807599
1.06892e+06
851019
2.4193e+06
3.55664e+06
6.33427e+06
9.87708e+06
1.0156e+07
6.61212e+06
2.37383e+06
1.65083e+06
1.6989e+06
290172
1868
2
0
12
410
11916
146968
955027
3.02118e+06
4.42135e+06
2.49883e+06
391539
17091
378
0
0
0
0
0
0
61
1511
23230
147745
333791
130590
0
0
0
0
0
0
0
0
0
0
0
0
0
0
0
0
0
0
0
0
0
0
0
0
0
0
0
0
0
0
0
0
0
0
0
0
0
0
0
0
0
0
0
0
0
0
0
0
0
0
0
0
0
0
0
0
0
0
0
0
0
0
0
0
0
0
0
0
0
0
0
0
0
0
0
0
0
0
0
0
0
0
0
0
0
0
0
0
0
0
0
0
0
0
0
0
0
0
0
0
0
0
0
0
0
0
0
0
0
0
0
0
0
0
0
0
0
0
0
0
0
0
0
0
0
0
0
0
0
0
0
0
0
0
0
0
0
0
0
0
0
0
0
0
0
0
0
0
0
0
0
0
0
0
0
0
0
0
0
0
0
0
0
0
0
0
0
0
0
0
0
0
0
0
0
0
0
0
0
0
0
0
0
0
0
0
0
0
0
0
0
0
0
0
0
0
0
0
0
0
