1.67526e+06
0
0
0
0
0
0
0
0
0
0
0
0
0
0
0
2
3412
396439
2.8417e+06
4.1303e+06
2.10531e+06
505400
64443
6258
25288
197091
814345
1.63493e+06
1.52639e+06
670451
152663
229093
1.67376e+06
5.34102e+06
7.2105e+06
4.28474e+06
1.2161e+06
512792
1.78586e+06
3.4911e+06
2.98956e+06
1.36548e+06
1.46781e+06
4.16182e+06
6.76726e+06
5.32301e+06
2.23198e+06
1.35063e+06
2.16761e+06
2.25474e+06
2.24093e+06
6.03677e+06
1.2615e+07
1.27534e+07
6.39838e+06
2.40967e+06
1.87454e+06
2.04951e+06
3.9467e+06
8.44747e+06
1.02241e+07
7.29607e+06
6.19675e+06
7.16565e+06
6.08736e+06
5.81744e+06
7.2592e+06
6.61397e+06
6.15144e+06
7.75637e+06
9.63646e+06
1.52333e+07
2.06647e+07
1.53287e+07
5.91444e+06
2.41734e+06
5.74043e+06
1.20439e+07
1.32221e+07
8.7829e+06
6.1471e+06
7.858e+06
1.27838e+07
1.49585e+07
1.29599e+07
1.27192e+07
1.59388e+07
2.1408e+07
2.10303e+07
1.49074e+07
1.18864e+07
1.3597e+07
1.59103e+07
1.40612e+07
1.19103e+07
1.28916e+07
1.5276e+07
1.36085e+07
9.95167e+06
1.32841e+07
2.27716e+07
2.53715e+07
2.01041e+07
2.07332e+07
2.90538e+07
3.21789e+07
2.63638e+07
1.91419e+07
1.30406e+07
8.42375e+06
8.32226e+06
1.74711e+07
2.7291e+07
2.39835e+07
1.82161e+07
2.47627e+07
2.80168e+07
2.55668e+07
1.87633e+07
1.96674e+07
2.18046e+07
2.41577e+07
3.16508e+07
2.81876e+07
2.09954e+07
1.89925e+07
1.92991e+07
1.59865e+07
9.89743e+06
9.41747e+06
1.28603e+07
1.60972e+07
2.19539e+07
2.57862e+07
2.7313e+07
2.76528e+07
1.84293e+07
1.29651e+07
1.59616e+07
1.86887e+07
1.73612e+07
1.5642e+07
1.16316e+07
9.35404e+06
1.19889e+07
1.41381e+07
7.7304e+06
3.04628e+06
5.99453e+06
1.24592e+07
1.6893e+07
1.97261e+07
2.44782e+07
2.15573e+07
1.12321e+07
3.37469e+06
3.70495e+06
7.68044e+06
6.40769e+06
1.935e+06
1.06383e+06
1.40405e+06
1.11901e+06
3.18013e+06
4.67319e+06
8.33558e+06
1.30001e+07
1.33604e+07
8.68556e+06
3.11854e+06
2.1735e+06
2.23156e+06
380696
2463
2
0
12
500
15154
192101
1.25558e+06
3.97284e+06
5.81886e+06
3.28489e+06
515358
21642
437
3
0
0
0
0
0
63
1897
29913
193695
440130
171934
0
0
0
0
0
0
0
0
0
0
0
0
0
0
0
0
0
0
0
0
0
0
0
0
0
0
0
0
0
0
0
0
0
0
0
0
0
0
0
0
0
0
0
0
0
0
0
0
0
0
0
0
0
0
0
0
0
0
0
0
0
0
0
0
0
0
0
0
0
0
0
0
0
0
0
0
0
0
0
0
0
0
0
0
0
0
0
0
0
0
0
0
0
0
0
0
0
0
0
0
0
0
0
0
0
0
0
0
0
0
0
0
0
0
0
0
0
0
0
0
0
0
0
0
0
0
0
0
0
0
0
0
0
0
0
0
0
0
0
0
0
0
0
0
0
0
0
0
0
0
0
0
0
0
0
0
0
0
0
0
0
0
0
0
0
0
0
0
0
0
0
0
0
0
0
0
0
0
0
0
0
0
0
0
0
0
0
0
0
0
0
0
0
0
0
0
0
0
0
0
