823296
0
0
0
0
0
0
0
0
0
0
0
0
0
0
0
0
1720
195621
1.39449e+06
2.03272e+06
1.03238e+06
248180
32359
3206
12466
98116
398589
803537
749563
329440
75829
114542
823166
2.6187e+06
3.54967e+06
2.09888e+06
600061
255153
876762
1.71746e+06
1.46522e+06
671785
725698
2.0428e+06
3.32948e+06
2.60526e+06
1.10033e+06
666855
1.06565e+06
1.10875e+06
1.10739e+06
2.96835e+06
6.19267e+06
6.25403e+06
3.14409e+06
1.19093e+06
928054
1.01093e+06
1.94208e+06
4.14244e+06
5.02371e+06
3.58236e+06
3.04713e+06
3.52679e+06
2.98688e+06
2.85967e+06
3.57096e+06
3.24889e+06
3.02204e+06
3.82308e+06
4.73776e+06
7.46955e+06
1.01601e+07
7.51094e+06
2.91854e+06
1.2046e+06
2.82e+06
5.9132e+06
6.49727e+06
4.31196e+06
3.03322e+06
3.86318e+06
6.27202e+06
7.35432e+06
6.35507e+06
6.27477e+06
7.82075e+06
1.05225e+07
1.03307e+07
7.31643e+06
5.86396e+06
6.67153e+06
7.8243e+06
6.89286e+06
5.8729e+06
6.33161e+06
7.50553e+06
6.68218e+06
4.89301e+06
6.53745e+06
1.11921e+07
1.24729e+07
9.86612e+06
1.01875e+07
1.42773e+07
1.58225e+07
1.29364e+07
9.41332e+06
6.41014e+06
4.15667e+06
4.10197e+06
8.56494e+06
1.34264e+07
1.17624e+07
8.95553e+06
1.21676e+07
1.37784e+07
1.25612e+07
9.22136e+06
9.68002e+06
1.07083e+07
1.18707e+07
1.55415e+07
1.38617e+07
1.03158e+07
9.32411e+06
9.50155e+06
7.84908e+06
4.86901e+06
4.63604e+06
6.3129e+06
7.91112e+06
1.0795e+07
1.26742e+07
1.34042e+07
1.35928e+07
9.0669e+06
6.36744e+06
7.848e+06
9.17881e+06
8.52296e+06
7.7001e+06
5.71407e+06
4.59822e+06
5.89516e+06
6.9302e+06
3.80765e+06
1.50255e+06
2.94427e+06
6.12002e+06
8.32796e+06
9.6782e+06
1.202e+07
1.05827e+07
5.52874e+06
1.6675e+06
1.82157e+06
3.76188e+06
3.15348e+06
954887
523970
688745
552678
1.56075e+06
2.29849e+06
4.09304e+06
6.38646e+06
6.55496e+06
4.28219e+06
1.53406e+06
1.06594e+06
1.09544e+06
188725
1252
0
0
12
296
8132
96354
616053
1.94717e+06
2.85967e+06
1.61754e+06
253119
11045
268
0
0
0
0
0
0
54
985
15275
95436
214803
85095
0
0
0
0
0
0
0
0
0
0
0
0
0
0
0
0
0
0
0
0
0
0
0
0
0
0
0
0
0
0
0
0
0
0
0
0
0
0
0
0
0
0
0
0
0
0
0
0
0
0
0
0
0
0
0
0
0
0
0
0
0
0
0
0
0
0
0
0
0
0
0
0
0
0
0
0
0
0
0
0
0
0
0
0
0
0
0
0
0
0
0
0
0
0
0
0
0
0
0
0
0
0
0
0
0
0
0
0
0
0
0
0
0
0
0
0
0
0
0
0
0
0
0
0
0
0
0
0
0
0
0
0
0
0
0
0
0
0
0
0
0
0
0
0
0
0
0
0
0
0
0
0
0
0
0
0
0
0
0
0
0
0
0
0
0
0
0
0
0
0
0
0
0
0
0
0
0
0
0
0
0
0
0
0
0
0
0
0
0
0
0
0
0
0
0
0
0
0
0
0
