1.27181e+06
0
0
0
0
0
0
0
0
0
0
0
0
0
0
0
0
2630
301402
2.15638e+06
3.13729e+06
1.59703e+06
383266
49343
4852
19333
149759
617908
1.24106e+06
1.15896e+06
508570
116124
174191
1.27079e+06
4.05227e+06
5.47838e+06
3.24981e+06
923324
390256
1.35502e+06
2.65171e+06
2.26886e+06
1.03576e+06
1.11606e+06
3.15823e+06
5.13958e+06
4.03758e+06
1.69549e+06
1.02549e+06
1.64656e+06
1.71161e+06
1.70309e+06
4.58509e+06
9.57573e+06
9.6741e+06
4.85764e+06
1.8309e+06
1.42612e+06
1.55919e+06
2.99693e+06
6.40625e+06
7.76319e+06
5.53964e+06
4.70383e+06
5.44297e+06
4.6206e+06
4.41528e+06
5.51138e+06
5.02089e+06
4.67024e+06
5.89155e+06
7.30954e+06
1.15597e+07
1.57e+07
1.16291e+07
4.49236e+06
1.84168e+06
4.35529e+06
9.13638e+06
1.004e+07
6.66925e+06
4.67196e+06
5.9665e+06
9.69854e+06
1.13559e+07
9.83214e+06
9.6673e+06
1.20967e+07
1.62533e+07
1.59653e+07
1.13083e+07
9.03192e+06
1.03214e+07
1.20854e+07
1.06665e+07
9.04591e+06
9.78349e+06
1.1599e+07
1.03322e+07
7.55134e+06
1.00884e+07
1.72892e+07
1.92662e+07
1.52516e+07
1.57401e+07
2.20556e+07
2.44376e+07
2.00041e+07
1.45317e+07
9.90388e+06
6.40407e+06
6.31652e+06
1.3247e+07
2.074e+07
1.82009e+07
1.38221e+07
1.87965e+07
2.12792e+07
1.94083e+07
1.42411e+07
1.49296e+07
1.65483e+07
1.83395e+07
2.4027e+07
2.14105e+07
1.59365e+07
1.44131e+07
1.46585e+07
1.21344e+07
7.5129e+06
7.14959e+06
9.75448e+06
1.22222e+07
1.66837e+07
1.95807e+07
2.07203e+07
2.09925e+07
1.39935e+07
9.84036e+06
1.21196e+07
1.41836e+07
1.31724e+07
1.18821e+07
8.83341e+06
7.09626e+06
9.10548e+06
1.07324e+07
5.87342e+06
2.31317e+06
4.54916e+06
9.45835e+06
1.28293e+07
1.49622e+07
1.85842e+07
1.63665e+07
8.5315e+06
2.56483e+06
2.80916e+06
5.82925e+06
4.86779e+06
1.46994e+06
806326
1.06719e+06
849608
2.41544e+06
3.55089e+06
6.32415e+06
9.86109e+06
1.01398e+07
6.60152e+06
2.36992e+06
1.64816e+06
1.69618e+06
289696
1867
2
0
12
409
11888
146750
953464
3.01625e+06
4.41428e+06
2.49491e+06
390872
17060
377
0
0
0
0
0
0
61
1510
23191
147500
333256
130386
0
0
0
0
0
0
0
0
0
0
0
0
0
0
0
0
0
0
0
0
0
0
0
0
0
0
0
0
0
0
0
0
0
0
0
0
0
0
0
0
0
0
0
0
0
0
0
0
0
0
0
0
0
0
0
0
0
0
0
0
0
0
0
0
0
0
0
0
0
0
0
0
0
0
0
0
0
0
0
0
0
0
0
0
0
0
0
0
0
0
0
0
0
0
0
0
0
0
0
0
0
0
0
0
0
0
0
0
0
0
0
0
0
0
0
0
0
0
0
0
0
0
0
0
0
0
0
0
0
0
0
0
0
0
0
0
0
0
0
0
0
0
0
0
0
0
0
0
0
0
0
0
0
0
0
0
0
0
0
0
0
0
0
0
0
0
0
0
0
0
0
0
0
0
0
0
0
0
0
0
0
0
0
0
0
0
0
0
0
0
0
0
0
0
0
0
0
0
0
0
