1.48275e+06
0
0
0
0
0
0
0
0
0
0
0
0
0
0
0
2
3035
350960
2.51446e+06
3.65685e+06
1.86318e+06
447118
56838
5621
22268
174118
719842
1.44866e+06
1.35182e+06
592626
134716
202179
1.47987e+06
4.72578e+06
6.38914e+06
3.79081e+06
1.07481e+06
452212
1.58096e+06
3.09167e+06
2.64628e+06
1.20684e+06
1.29661e+06
3.68197e+06
5.99937e+06
4.71013e+06
1.97197e+06
1.19339e+06
1.92053e+06
1.99704e+06
1.97986e+06
5.33748e+06
1.11745e+07
1.12924e+07
5.65995e+06
2.128e+06
1.66081e+06
1.81385e+06
3.49014e+06
7.47659e+06
9.05501e+06
6.45439e+06
5.48374e+06
6.3487e+06
5.38424e+06
5.14479e+06
6.42992e+06
5.85363e+06
5.44286e+06
6.86546e+06
8.51844e+06
1.34806e+07
1.83113e+07
1.35725e+07
5.22444e+06
2.13282e+06
5.0752e+06
1.06665e+07
1.17124e+07
7.76887e+06
5.43652e+06
6.94943e+06
1.13194e+07
1.32465e+07
1.14634e+07
1.12568e+07
1.41036e+07
1.8957e+07
1.86192e+07
1.31876e+07
1.05186e+07
1.20289e+07
1.40947e+07
1.24414e+07
1.05381e+07
1.14062e+07
1.3529e+07
1.20506e+07
8.79617e+06
1.17447e+07
2.01647e+07
2.24764e+07
1.77781e+07
1.83332e+07
2.57243e+07
2.85041e+07
2.33294e+07
1.69397e+07
1.15433e+07
7.45524e+06
7.34333e+06
1.54501e+07
2.41949e+07
2.12334e+07
1.60883e+07
2.19181e+07
2.48194e+07
2.26285e+07
1.65955e+07
1.74048e+07
1.92923e+07
2.13667e+07
2.80318e+07
2.49688e+07
1.85778e+07
1.68012e+07
1.70901e+07
1.41491e+07
8.75005e+06
8.32576e+06
1.13757e+07
1.42472e+07
1.94549e+07
2.28276e+07
2.41628e+07
2.44843e+07
1.63144e+07
1.146e+07
1.41317e+07
1.65441e+07
1.53528e+07
1.38501e+07
1.02994e+07
8.27061e+06
1.06136e+07
1.25282e+07
6.84328e+06
2.68835e+06
5.3011e+06
1.1031e+07
1.49548e+07
1.74389e+07
2.1673e+07
1.90942e+07
9.94566e+06
2.98022e+06
3.26902e+06
6.80288e+06
5.68006e+06
1.71103e+06
938582
1.24431e+06
986871
2.81271e+06
4.13932e+06
7.37787e+06
1.15021e+07
1.18266e+07
7.69355e+06
2.75887e+06
1.9208e+06
1.97936e+06
337309
2173
2
0
12
450
13507
169808
1.10807e+06
3.51657e+06
5.15221e+06
2.90947e+06
454859
19402
409
0
0
0
0
0
0
63
1710
26541
171439
389209
152414
0
0
0
0
0
0
0
0
0
0
0
0
0
0
0
0
0
0
0
0
0
0
0
0
0
0
0
0
0
0
0
0
0
0
0
0
0
0
0
0
0
0
0
0
0
0
0
0
0
0
0
0
0
0
0
0
0
0
0
0
0
0
0
0
0
0
0
0
0
0
0
0
0
0
0
0
0
0
0
0
0
0
0
0
0
0
0
0
0
0
0
0
0
0
0
0
0
0
0
0
0
0
0
0
0
0
0
0
0
0
0
0
0
0
0
0
0
0
0
0
0
0
0
0
0
0
0
0
0
0
0
0
0
0
0
0
0
0
0
0
0
0
0
0
0
0
0
0
0
0
0
0
0
0
0
0
0
0
0
0
0
0
0
0
0
0
0
0
0
0
0
0
0
0
0
0
0
0
0
0
0
0
0
0
0
0
0
0
0
0
0
0
0
0
0
0
0
0
0
0
