1.25952e+06
0
0
0
0
0
0
0
0
0
0
0
0
0
0
0
0
2600
298532
2.13545e+06
3.10693e+06
1.58172e+06
379540
48889
4807
19176
148443
611788
1.22883e+06
1.14789e+06
503749
115041
172632
1.25859e+06
4.01281e+06
5.42526e+06
3.21839e+06
914646
386733
1.34186e+06
2.62573e+06
2.24698e+06
1.02621e+06
1.10529e+06
3.12735e+06
5.08975e+06
3.99832e+06
1.67969e+06
1.01577e+06
1.63025e+06
1.69526e+06
1.68717e+06
4.54091e+06
9.48195e+06
9.58039e+06
4.81109e+06
1.81347e+06
1.41249e+06
1.54452e+06
2.96751e+06
6.34407e+06
7.68867e+06
5.48593e+06
4.65823e+06
5.39066e+06
4.57584e+06
4.37298e+06
5.45812e+06
4.97183e+06
4.62508e+06
5.8353e+06
7.23877e+06
1.1447e+07
1.55489e+07
1.15166e+07
4.44895e+06
1.82411e+06
4.31277e+06
9.04825e+06
9.9434e+06
6.60498e+06
4.62664e+06
5.90894e+06
9.60484e+06
1.1246e+07
9.73702e+06
9.57421e+06
1.19797e+07
1.60964e+07
1.58102e+07
1.11991e+07
8.94568e+06
1.02216e+07
1.19678e+07
1.05641e+07
8.95823e+06
9.68835e+06
1.14879e+07
1.0232e+07
7.47895e+06
9.99087e+06
1.71213e+07
1.90804e+07
1.51047e+07
1.55873e+07
2.18429e+07
2.42012e+07
1.98106e+07
1.43913e+07
9.80783e+06
6.34326e+06
6.25614e+06
1.3118e+07
2.05394e+07
1.80247e+07
1.36891e+07
1.86145e+07
2.10743e+07
1.92204e+07
1.41032e+07
1.47866e+07
1.63886e+07
1.81628e+07
2.3793e+07
2.12045e+07
1.57818e+07
1.42735e+07
1.45177e+07
1.2017e+07
7.4408e+06
7.08069e+06
9.66044e+06
1.21036e+07
1.65223e+07
1.93908e+07
2.05208e+07
2.07893e+07
1.38588e+07
9.74533e+06
1.20022e+07
1.40465e+07
1.30449e+07
1.17681e+07
8.7477e+06
7.0279e+06
9.01755e+06
1.06276e+07
5.81707e+06
2.29092e+06
4.50554e+06
9.3665e+06
1.27062e+07
1.48177e+07
1.84042e+07
1.62077e+07
8.44972e+06
2.53986e+06
2.78243e+06
5.77221e+06
4.82072e+06
1.45589e+06
798592
1.05702e+06
841284
2.39225e+06
3.51647e+06
6.26346e+06
9.76539e+06
1.00418e+07
6.53774e+06
2.34703e+06
1.63238e+06
1.67969e+06
286824
1843
2
0
12
407
11766
145439
944289
2.98679e+06
4.37222e+06
2.47048e+06
387008
16906
374
0
0
0
0
0
0
61
1496
23007
146056
329914
129226
0
0
0
0
0
0
0
0
0
0
0
0
0
0
0
0
0
0
0
0
0
0
0
0
0
0
0
0
0
0
0
0
0
0
0
0
0
0
0
0
0
0
0
0
0
0
0
0
0
0
0
0
0
0
0
0
0
0
0
0
0
0
0
0
0
0
0
0
0
0
0
0
0
0
0
0
0
0
0
0
0
0
0
0
0
0
0
0
0
0
0
0
0
0
0
0
0
0
0
0
0
0
0
0
0
0
0
0
0
0
0
0
0
0
0
0
0
0
0
0
0
0
0
0
0
0
0
0
0
0
0
0
0
0
0
0
0
0
0
0
0
0
0
0
0
0
0
0
0
0
0
0
0
0
0
0
0
0
0
0
0
0
0
0
0
0
0
0
0
0
0
0
0
0
0
0
0
0
0
0
0
0
0
0
0
0
0
0
0
0
0
0
0
0
0
0
0
0
0
0
