522240
0
0
0
0
0
0
0
0
0
0
0
0
0
0
0
0
1075
124609
882312
1.292e+06
654008
157609
20322
2090
7599
62360
253170
509347
475986
208870
47932
73511
523469
1.65626e+06
2.25596e+06
1.32723e+06
382287
163041
554455
1.09164e+06
929120
425284
458704
1.29152e+06
2.1222e+06
1.6526e+06
695600
420563
675928
705873
702540
1.87639e+06
3.93277e+06
3.97277e+06
1.98711e+06
754533
591930
642202
1.2272e+06
2.62581e+06
3.19952e+06
2.26488e+06
1.92783e+06
2.24522e+06
1.8909e+06
1.80842e+06
2.27504e+06
2.0596e+06
1.90689e+06
2.43862e+06
3.00347e+06
4.72528e+06
6.46281e+06
4.75648e+06
1.84645e+06
765378
1.78339e+06
3.7569e+06
4.13322e+06
2.72614e+06
1.92243e+06
2.44273e+06
3.98134e+06
4.67961e+06
4.0178e+06
3.98896e+06
4.94499e+06
6.68638e+06
6.56417e+06
4.62775e+06
3.72829e+06
4.2184e+06
4.97671e+06
4.35979e+06
3.73568e+06
4.00423e+06
4.77006e+06
4.24233e+06
3.10025e+06
4.13611e+06
7.11016e+06
7.92485e+06
6.24424e+06
6.44909e+06
9.06663e+06
1.00472e+07
8.19851e+06
5.97287e+06
4.0647e+06
2.63968e+06
2.59644e+06
5.41524e+06
8.55479e+06
7.44862e+06
5.66656e+06
7.71151e+06
8.76294e+06
7.95858e+06
5.84597e+06
6.15279e+06
6.78624e+06
7.51994e+06
9.8601e+06
8.81143e+06
6.5306e+06
5.90848e+06
6.04078e+06
4.97446e+06
3.08293e+06
2.9411e+06
4.0016e+06
5.01304e+06
6.86306e+06
8.03921e+06
8.48791e+06
8.64406e+06
5.75024e+06
4.02538e+06
4.98423e+06
5.82617e+06
5.39435e+06
4.89398e+06
3.61997e+06
2.91665e+06
3.74221e+06
4.39358e+06
2.41748e+06
949288
1.8616e+06
3.88218e+06
5.30664e+06
6.11803e+06
7.62558e+06
6.7165e+06
3.51424e+06
1.05355e+06
1.15036e+06
2.38346e+06
2.01024e+06
602553
331498
436649
350758
987442
1.4572e+06
2.59348e+06
4.05763e+06
4.1517e+06
2.72738e+06
969005
673070
696490
121189
842
0
0
8
212
5191
60232
388370
1.23111e+06
1.81871e+06
1.02965e+06
159545
6964
162
0
0
0
0
0
0
27
614
9504
59188
136015
55772
0
0
0
0
0
0
0
0
0
0
0
0
0
0
0
0
0
0
0
0
0
0
0
0
0
0
0
0
0
0
0
0
0
0
0
0
0
0
0
0
0
0
0
0
0
0
0
0
0
0
0
0
0
0
0
0
0
0
0
0
0
0
0
0
0
0
0
0
0
0
0
0
0
0
0
0
0
0
0
0
0
0
0
0
0
0
0
0
0
0
0
0
0
0
0
0
0
0
0
0
0
0
0
0
0
0
0
0
0
0
0
0
0
0
0
0
0
0
0
0
0
0
0
0
0
0
0
0
0
0
0
0
0
0
0
0
0
0
0
0
0
0
0
0
0
0
0
0
0
0
0
0
0
0
0
0
0
0
0
0
0
0
0
0
0
0
0
0
0
0
0
0
0
0
0
0
0
0
0
0
0
0
0
0
0
0
0
0
0
0
0
0
0
0
0
0
0
0
0
0
