1.9497e+06
0
0
0
0
0
0
0
0
0
0
0
0
0
0
0
2
3910
461256
3.30748e+06
4.80653e+06
2.4509e+06
587712
75071
7359
29591
228958
947130
1.90335e+06
1.77739e+06
779788
177121
267180
1.94793e+06
6.21566e+06
8.39027e+06
4.98925e+06
1.41418e+06
596874
2.07793e+06
4.0635e+06
3.47965e+06
1.58998e+06
1.70715e+06
4.84573e+06
7.87087e+06
6.19764e+06
2.59699e+06
1.57165e+06
2.52253e+06
2.62556e+06
2.60688e+06
7.02832e+06
1.46791e+07
1.48439e+07
7.44769e+06
2.80294e+06
2.18132e+06
2.38493e+06
4.5917e+06
9.83208e+06
1.1898e+07
8.49586e+06
7.21331e+06
8.33146e+06
7.08554e+06
6.76897e+06
8.45052e+06
7.70379e+06
7.15806e+06
9.0229e+06
1.12197e+07
1.7733e+07
2.40353e+07
1.78435e+07
6.88446e+06
2.81507e+06
6.68291e+06
1.40155e+07
1.53851e+07
1.02229e+07
7.15398e+06
9.14259e+06
1.48813e+07
1.74086e+07
1.50909e+07
1.47996e+07
1.85518e+07
2.49052e+07
2.44758e+07
1.73502e+07
1.38376e+07
1.58326e+07
1.85024e+07
1.63638e+07
1.3864e+07
1.50087e+07
1.77714e+07
1.58321e+07
1.15898e+07
1.54664e+07
2.65032e+07
2.95227e+07
2.34022e+07
2.41345e+07
3.38091e+07
3.74329e+07
3.06908e+07
2.22707e+07
1.51821e+07
9.80829e+06
9.6991e+06
2.03389e+07
3.17301e+07
2.79078e+07
2.12202e+07
2.8822e+07
3.25945e+07
2.97576e+07
2.18509e+07
2.28874e+07
2.53772e+07
2.81197e+07
3.68313e+07
3.27878e+07
2.4441e+07
2.21081e+07
2.2448e+07
1.86149e+07
1.15292e+07
1.096e+07
1.49692e+07
1.87327e+07
2.55405e+07
3.00085e+07
3.17967e+07
3.21677e+07
2.14442e+07
1.51072e+07
1.85802e+07
2.17393e+07
2.02123e+07
1.81964e+07
1.3539e+07
1.08942e+07
1.39497e+07
1.64396e+07
8.99658e+06
3.55306e+06
6.9809e+06
1.45016e+07
1.96583e+07
2.29751e+07
2.84848e+07
2.5068e+07
1.30663e+07
3.93788e+06
4.32254e+06
8.93578e+06
7.44193e+06
2.25634e+06
1.23909e+06
1.63472e+06
1.30322e+06
3.70261e+06
5.43849e+06
9.70238e+06
1.51383e+07
1.55485e+07
1.00928e+07
3.63516e+06
2.5315e+06
2.59304e+06
442743
2900
2
0
13
622
17495
223740
1.463e+06
4.62494e+06
6.76923e+06
3.82194e+06
600434
25310
523
3
0
0
0
0
0
81
2254
34538
225863
511944
200168
0
0
0
0
0
0
0
0
0
0
0
0
0
0
0
0
0
0
0
0
0
0
0
0
0
0
0
0
0
0
0
0
0
0
0
0
0
0
0
0
0
0
0
0
0
0
0
0
0
0
0
0
0
0
0
0
0
0
0
0
0
0
0
0
0
0
0
0
0
0
0
0
0
0
0
0
0
0
0
0
0
0
0
0
0
0
0
0
0
0
0
0
0
0
0
0
0
0
0
0
0
0
0
0
0
0
0
0
0
0
0
0
0
0
0
0
0
0
0
0
0
0
0
0
0
0
0
0
0
0
0
0
0
0
0
0
0
0
0
0
0
0
0
0
0
0
0
0
0
0
0
0
0
0
0
0
0
0
0
0
0
0
0
0
0
0
0
0
0
0
0
0
0
0
0
0
0
0
0
0
0
0
0
0
0
0
0
0
0
0
0
0
0
0
0
0
0
0
0
0
