1.47456e+06
0
0
0
0
0
0
0
0
0
0
0
0
0
0
0
1
3011
349065
2.50056e+06
3.63663e+06
1.85288e+06
444661
56502
5590
22145
173173
715809
1.44072e+06
1.34438e+06
589258
133996
201057
1.47189e+06
4.69933e+06
6.35399e+06
3.77012e+06
1.06865e+06
449740
1.57215e+06
3.07459e+06
2.63174e+06
1.2001e+06
1.28942e+06
3.66157e+06
5.9664e+06
4.68401e+06
1.9612e+06
1.18671e+06
1.90989e+06
1.98588e+06
1.96916e+06
5.30812e+06
1.11121e+07
1.12306e+07
5.62872e+06
2.11607e+06
1.65139e+06
1.80416e+06
3.47066e+06
7.43478e+06
9.00567e+06
6.41897e+06
5.45314e+06
6.31332e+06
5.35519e+06
5.11594e+06
6.39418e+06
5.82156e+06
5.41291e+06
6.82708e+06
8.47149e+06
1.34051e+07
1.82115e+07
1.3498e+07
5.19532e+06
2.12064e+06
5.04708e+06
1.06069e+07
1.16488e+07
7.7261e+06
5.40608e+06
6.91133e+06
1.12561e+07
1.31735e+07
1.14001e+07
1.11948e+07
1.40257e+07
1.8852e+07
1.85169e+07
1.31147e+07
1.04601e+07
1.19618e+07
1.40176e+07
1.23731e+07
1.04797e+07
1.13427e+07
1.34539e+07
1.19849e+07
8.74724e+06
1.16793e+07
2.00534e+07
2.23532e+07
1.7679e+07
1.8232e+07
2.55821e+07
2.83469e+07
2.32012e+07
1.68457e+07
1.14791e+07
7.4141e+06
7.30249e+06
1.53636e+07
2.40624e+07
2.11171e+07
1.59983e+07
2.17971e+07
2.46818e+07
2.25047e+07
1.6503e+07
1.73089e+07
1.91851e+07
2.12481e+07
2.78774e+07
2.48318e+07
1.84753e+07
1.6708e+07
1.69954e+07
1.40714e+07
8.7013e+06
8.27911e+06
1.1313e+07
1.41682e+07
1.93473e+07
2.27033e+07
2.40281e+07
2.4349e+07
1.62253e+07
1.13958e+07
1.40531e+07
1.64536e+07
1.52672e+07
1.37738e+07
1.02429e+07
8.22453e+06
1.05553e+07
1.2459e+07
6.80622e+06
2.67266e+06
5.27214e+06
1.09696e+07
1.48716e+07
1.73423e+07
2.15539e+07
1.8989e+07
9.89099e+06
2.96362e+06
3.25056e+06
6.76516e+06
5.64936e+06
1.70132e+06
933411
1.23746e+06
981129
2.79729e+06
4.11658e+06
7.33705e+06
1.14388e+07
1.17609e+07
7.65107e+06
2.74376e+06
1.91026e+06
1.96843e+06
335488
2161
2
0
12
443
13432
168789
1.10194e+06
3.49724e+06
5.12368e+06
2.89337e+06
452428
19304
405
0
0
0
0
0
0
61
1687
26390
170538
387008
151596
0
0
0
0
0
0
0
0
0
0
0
0
0
0
0
0
0
0
0
0
0
0
0
0
0
0
0
0
0
0
0
0
0
0
0
0
0
0
0
0
0
0
0
0
0
0
0
0
0
0
0
0
0
0
0
0
0
0
0
0
0
0
0
0
0
0
0
0
0
0
0
0
0
0
0
0
0
0
0
0
0
0
0
0
0
0
0
0
0
0
0
0
0
0
0
0
0
0
0
0
0
0
0
0
0
0
0
0
0
0
0
0
0
0
0
0
0
0
0
0
0
0
0
0
0
0
0
0
0
0
0
0
0
0
0
0
0
0
0
0
0
0
0
0
0
0
0
0
0
0
0
0
0
0
0
0
0
0
0
0
0
0
0
0
0
0
0
0
0
0
0
0
0
0
0
0
0
0
0
0
0
0
0
0
0
0
0
0
0
0
0
0
0
0
0
0
0
0
0
0
