354304
0
0
0
0
0
0
0
0
0
0
0
0
0
0
0
0
764
84777
597482
878357
441641
107671
14063
1507
5272
42844
170035
346669
323138
141420
32613
50973
357171
1.12004e+06
1.53022e+06
897948
261535
111944
375000
743481
628278
288529
312490
871852
1.44637e+06
1.11695e+06
472518
286127
457355
479297
479112
1.27262e+06
2.66846e+06
2.6896e+06
1.34651e+06
515349
403437
436626
832728
1.77655e+06
2.17776e+06
1.53198e+06
1.30509e+06
1.52937e+06
1.28089e+06
1.22473e+06
1.54694e+06
1.3941e+06
1.29363e+06
1.66013e+06
2.03823e+06
3.1968e+06
4.39492e+06
3.21358e+06
1.25504e+06
525701
1.20906e+06
2.54887e+06
2.80564e+06
1.84408e+06
1.30922e+06
1.65642e+06
2.69881e+06
3.1783e+06
2.71896e+06
2.71587e+06
3.34642e+06
4.54109e+06
4.45137e+06
3.13621e+06
2.53869e+06
2.8508e+06
3.38629e+06
2.94808e+06
2.541e+06
2.71698e+06
3.23412e+06
2.87563e+06
2.10732e+06
2.80652e+06
4.82416e+06
5.37745e+06
4.23444e+06
4.37117e+06
6.15049e+06
6.82392e+06
5.55228e+06
4.05385e+06
2.75956e+06
1.79414e+06
1.7666e+06
3.66716e+06
5.81353e+06
5.04032e+06
3.84819e+06
5.22624e+06
5.95036e+06
5.39534e+06
3.97106e+06
4.18216e+06
4.59845e+06
5.1019e+06
6.6788e+06
5.98978e+06
4.42855e+06
4.00173e+06
4.10373e+06
3.36892e+06
2.0959e+06
2.00172e+06
2.71241e+06
3.40125e+06
4.65864e+06
5.44717e+06
5.75291e+06
5.87164e+06
3.9054e+06
2.7252e+06
3.38391e+06
3.9514e+06
3.65693e+06
3.32592e+06
2.45345e+06
1.98189e+06
2.5402e+06
2.9699e+06
1.642e+06
646136
1.26326e+06
2.6299e+06
3.62187e+06
4.13564e+06
5.16908e+06
4.55563e+06
2.3874e+06
717432
784637
1.60761e+06
1.36728e+06
407965
225301
297131
240442
666994
986801
1.75803e+06
2.75251e+06
2.8156e+06
1.85743e+06
655446
455532
471661
82888
558
0
0
3
133
3690
41186
263466
832272
1.23636e+06
698573
108267
4683
106
0
0
0
0
0
0
15
451
6410
40211
91766
38299
0
0
0
0
0
0
0
0
0
0
0
0
0
0
0
0
0
0
0
0
0
0
0
0
0
0
0
0
0
0
0
0
0
0
0
0
0
0
0
0
0
0
0
0
0
0
0
0
0
0
0
0
0
0
0
0
0
0
0
0
0
0
0
0
0
0
0
0
0
0
0
0
0
0
0
0
0
0
0
0
0
0
0
0
0
0
0
0
0
0
0
0
0
0
0
0
0
0
0
0
0
0
0
0
0
0
0
0
0
0
0
0
0
0
0
0
0
0
0
0
0
0
0
0
0
0
0
0
0
0
0
0
0
0
0
0
0
0
0
0
0
0
0
0
0
0
0
0
0
0
0
0
0
0
0
0
0
0
0
0
0
0
0
0
0
0
0
0
0
0
0
0
0
0
0
0
0
0
0
0
0
0
0
0
0
0
0
0
0
0
0
0
0
0
0
0
0
0
0
0
