1.792e+06
0
0
0
0
0
0
0
0
0
0
0
0
0
0
0
2
3614
424159
3.03945e+06
4.41812e+06
2.25277e+06
540307
68713
6651
26930
210460
871105
1.74902e+06
1.63389e+06
716856
162672
244460
1.79006e+06
5.71372e+06
7.71414e+06
4.58478e+06
1.29931e+06
547795
1.90923e+06
3.73554e+06
3.19874e+06
1.45995e+06
1.56791e+06
4.45468e+06
7.23751e+06
5.69623e+06
2.38659e+06
1.44317e+06
2.31945e+06
2.41171e+06
2.39446e+06
6.45689e+06
1.3497e+07
1.36462e+07
6.8437e+06
2.57449e+06
2.00492e+06
2.1916e+06
4.21889e+06
9.03727e+06
1.094e+07
7.80571e+06
6.6277e+06
7.66248e+06
6.51144e+06
6.2232e+06
7.76504e+06
7.07672e+06
6.579e+06
8.29453e+06
1.03089e+07
1.62951e+07
2.21058e+07
1.64024e+07
6.32381e+06
2.57963e+06
6.13894e+06
1.28864e+07
1.4149e+07
9.3934e+06
6.57097e+06
8.4036e+06
1.36765e+07
1.60038e+07
1.38658e+07
1.36003e+07
1.70452e+07
2.29048e+07
2.25009e+07
1.59441e+07
1.27129e+07
1.45464e+07
1.70156e+07
1.5042e+07
1.27387e+07
1.37899e+07
1.63414e+07
1.45592e+07
1.0641e+07
1.42045e+07
2.43637e+07
2.71464e+07
2.15007e+07
2.21733e+07
3.10835e+07
3.44221e+07
2.82048e+07
2.04712e+07
1.3949e+07
9.00894e+06
8.9009e+06
1.86884e+07
2.91918e+07
2.56551e+07
1.94845e+07
2.64844e+07
2.99724e+07
2.7354e+07
2.00727e+07
2.10318e+07
2.33199e+07
2.58399e+07
3.38655e+07
3.01523e+07
2.24591e+07
2.03158e+07
2.06366e+07
1.71056e+07
1.05865e+07
1.0069e+07
1.37588e+07
1.72194e+07
2.34835e+07
2.7585e+07
2.9217e+07
2.95773e+07
1.97145e+07
1.38689e+07
1.70747e+07
1.99869e+07
1.85738e+07
1.67299e+07
1.24448e+07
1.00067e+07
1.28222e+07
1.51241e+07
8.26756e+06
3.26003e+06
6.41308e+06
1.33279e+07
1.80639e+07
2.11069e+07
2.61869e+07
2.30558e+07
1.20128e+07
3.61133e+06
3.96496e+06
8.21674e+06
6.85023e+06
2.07015e+06
1.13749e+06
1.50267e+06
1.19613e+06
3.40275e+06
4.99846e+06
8.91749e+06
1.39093e+07
1.42915e+07
9.28686e+06
3.33671e+06
2.32581e+06
2.38594e+06
406861
2630
2
0
13
555
16166
205272
1.34317e+06
4.24999e+06
6.22459e+06
3.51327e+06
551525
22982
469
3
0
0
0
0
0
72
2025
31807
207523
470693
183880
0
0
0
0
0
0
0
0
0
0
0
0
0
0
0
0
0
0
0
0
0
0
0
0
0
0
0
0
0
0
0
0
0
0
0
0
0
0
0
0
0
0
0
0
0
0
0
0
0
0
0
0
0
0
0
0
0
0
0
0
0
0
0
0
0
0
0
0
0
0
0
0
0
0
0
0
0
0
0
0
0
0
0
0
0
0
0
0
0
0
0
0
0
0
0
0
0
0
0
0
0
0
0
0
0
0
0
0
0
0
0
0
0
0
0
0
0
0
0
0
0
0
0
0
0
0
0
0
0
0
0
0
0
0
0
0
0
0
0
0
0
0
0
0
0
0
0
0
0
0
0
0
0
0
0
0
0
0
0
0
0
0
0
0
0
0
0
0
0
0
0
0
0
0
0
0
0
0
0
0
0
0
0
0
0
0
0
0
0
0
0
0
0
0
0
0
0
0
0
0
