688128
0
0
0
0
0
0
0
0
0
0
0
0
0
0
0
0
1430
163863
1.16393e+06
1.70064e+06
862512
207624
26820
2731
10312
81795
332946
672700
626486
274528
63640
95945
688618
2.18609e+06
2.9697e+06
1.7527e+06
501892
213650
731962
1.43665e+06
1.22463e+06
560885
605347
1.70382e+06
2.79136e+06
2.17739e+06
917227
556372
889425
929277
924279
2.47593e+06
5.18058e+06
5.23397e+06
2.6223e+06
993738
776904
845657
1.61934e+06
3.46213e+06
4.20688e+06
2.98942e+06
2.54398e+06
2.95291e+06
2.49442e+06
2.38696e+06
2.99085e+06
2.71405e+06
2.52059e+06
3.20178e+06
3.95675e+06
6.23807e+06
8.50324e+06
6.2771e+06
2.43454e+06
1.00487e+06
2.35301e+06
4.94433e+06
5.44042e+06
3.60135e+06
2.53121e+06
3.22344e+06
5.24605e+06
6.15398e+06
5.3065e+06
5.24501e+06
6.53098e+06
8.80079e+06
8.64364e+06
6.10666e+06
4.9016e+06
5.57086e+06
6.54748e+06
5.756e+06
4.91345e+06
5.28362e+06
6.27798e+06
5.59094e+06
4.08513e+06
5.45652e+06
9.36544e+06
1.04291e+07
8.2385e+06
8.50501e+06
1.19411e+07
1.32335e+07
1.08082e+07
7.86976e+06
5.35638e+06
3.47411e+06
3.42226e+06
7.14577e+06
1.12482e+07
9.83043e+06
7.47261e+06
1.01631e+07
1.15314e+07
1.0496e+07
7.70629e+06
8.094e+06
8.94727e+06
9.91362e+06
1.29912e+07
1.1599e+07
8.61672e+06
7.78772e+06
7.95144e+06
6.55807e+06
4.06433e+06
3.87093e+06
5.27434e+06
6.60969e+06
9.03317e+06
1.05959e+07
1.11926e+07
1.13759e+07
7.57681e+06
5.31418e+06
6.5636e+06
7.67498e+06
7.11602e+06
6.43764e+06
4.77591e+06
3.84434e+06
4.92641e+06
5.79332e+06
3.18451e+06
1.25106e+06
2.45787e+06
5.11704e+06
6.97043e+06
8.0771e+06
1.00497e+07
8.85154e+06
4.62405e+06
1.38851e+06
1.51871e+06
3.14342e+06
2.6425e+06
796144
436998
575797
460165
1.30166e+06
1.92171e+06
3.4195e+06
5.34375e+06
5.47694e+06
3.58494e+06
1.27846e+06
888387
917521
159017
1099
0
0
12
263
6585
79452
511432
1.62497e+06
2.39585e+06
1.35482e+06
210463
9082
226
0
0
0
0
0
0
37
772
12545
78738
179676
72296
0
0
0
0
0
0
0
0
0
0
0
0
0
0
0
0
0
0
0
0
0
0
0
0
0
0
0
0
0
0
0
0
0
0
0
0
0
0
0
0
0
0
0
0
0
0
0
0
0
0
0
0
0
0
0
0
0
0
0
0
0
0
0
0
0
0
0
0
0
0
0
0
0
0
0
0
0
0
0
0
0
0
0
0
0
0
0
0
0
0
0
0
0
0
0
0
0
0
0
0
0
0
0
0
0
0
0
0
0
0
0
0
0
0
0
0
0
0
0
0
0
0
0
0
0
0
0
0
0
0
0
0
0
0
0
0
0
0
0
0
0
0
0
0
0
0
0
0
0
0
0
0
0
0
0
0
0
0
0
0
0
0
0
0
0
0
0
0
0
0
0
0
0
0
0
0
0
0
0
0
0
0
0
0
0
0
0
0
0
0
0
0
0
0
0
0
0
0
0
0
