1.82682e+06
0
0
0
0
0
0
0
0
0
0
0
0
0
0
0
2
3678
432316
3.09916e+06
4.50306e+06
2.29681e+06
550715
70189
6790
27552
214744
887983
1.78247e+06
1.66568e+06
730910
165949
249690
1.82537e+06
5.82357e+06
7.86299e+06
4.67469e+06
1.32464e+06
559069
1.94607e+06
3.80786e+06
3.26054e+06
1.48928e+06
1.59949e+06
4.54043e+06
7.37573e+06
5.80755e+06
2.43364e+06
1.47187e+06
2.36385e+06
2.45848e+06
2.44238e+06
6.58429e+06
1.37549e+07
1.39099e+07
6.97946e+06
2.62502e+06
2.04318e+06
2.23448e+06
4.30271e+06
9.21103e+06
1.115e+07
7.96009e+06
6.75696e+06
7.80901e+06
6.63924e+06
6.34413e+06
7.91544e+06
7.21501e+06
6.70759e+06
8.45461e+06
1.05122e+07
1.66122e+07
2.25274e+07
1.6722e+07
6.44916e+06
2.63262e+06
6.26e+06
1.31333e+07
1.44201e+07
9.5786e+06
6.7006e+06
8.56766e+06
1.394e+07
1.63138e+07
1.41377e+07
1.3865e+07
1.73784e+07
2.33431e+07
2.29383e+07
1.62561e+07
1.29613e+07
1.4831e+07
1.73411e+07
1.53354e+07
1.29876e+07
1.40583e+07
1.66556e+07
1.48412e+07
1.08527e+07
1.44837e+07
2.48325e+07
2.76706e+07
2.19229e+07
2.26056e+07
3.16852e+07
3.50867e+07
2.87532e+07
2.08679e+07
1.42216e+07
9.1874e+06
9.07848e+06
1.90522e+07
2.97481e+07
2.61542e+07
1.98704e+07
2.69995e+07
3.05485e+07
2.78853e+07
2.04668e+07
2.14401e+07
2.37748e+07
2.6344e+07
3.45185e+07
3.07355e+07
2.28969e+07
2.07113e+07
2.10354e+07
1.74385e+07
1.07955e+07
1.02673e+07
1.40264e+07
1.75553e+07
2.39354e+07
2.81189e+07
2.97861e+07
3.01485e+07
2.00965e+07
1.41439e+07
1.74071e+07
2.03717e+07
1.8938e+07
1.7053e+07
1.26865e+07
1.02038e+07
1.30704e+07
1.54137e+07
8.428e+06
3.32628e+06
6.53986e+06
1.35852e+07
1.8415e+07
2.15231e+07
2.66907e+07
2.34981e+07
1.22461e+07
3.68461e+06
4.04566e+06
8.37496e+06
6.97935e+06
2.11186e+06
1.16034e+06
1.53155e+06
1.22052e+06
3.46993e+06
5.09513e+06
9.09031e+06
1.41803e+07
1.45673e+07
9.46438e+06
3.40382e+06
2.37208e+06
2.43094e+06
414777
2688
2
0
13
570
16529
209704
1.37016e+06
4.33302e+06
6.34331e+06
3.58133e+06
562504
23715
481
3
0
0
0
0
0
72
2066
32558
211705
479448
187559
0
0
0
0
0
0
0
0
0
0
0
0
0
0
0
0
0
0
0
0
0
0
0
0
0
0
0
0
0
0
0
0
0
0
0
0
0
0
0
0
0
0
0
0
0
0
0
0
0
0
0
0
0
0
0
0
0
0
0
0
0
0
0
0
0
0
0
0
0
0
0
0
0
0
0
0
0
0
0
0
0
0
0
0
0
0
0
0
0
0
0
0
0
0
0
0
0
0
0
0
0
0
0
0
0
0
0
0
0
0
0
0
0
0
0
0
0
0
0
0
0
0
0
0
0
0
0
0
0
0
0
0
0
0
0
0
0
0
0
0
0
0
0
0
0
0
0
0
0
0
0
0
0
0
0
0
0
0
0
0
0
0
0
0
0
0
0
0
0
0
0
0
0
0
0
0
0
0
0
0
0
0
0
0
0
0
0
0
0
0
0
0
0
0
0
0
0
0
0
0
