1.89235e+06
0
0
0
0
0
0
0
0
0
0
0
0
0
0
0
2
3800
447723
3.21006e+06
4.66498e+06
2.37932e+06
570355
72702
7093
28656
222368
919413
1.847e+06
1.72535e+06
756792
171993
259161
1.88993e+06
6.03309e+06
8.14471e+06
4.84208e+06
1.37271e+06
579228
2.01628e+06
3.94399e+06
3.37737e+06
1.54338e+06
1.65686e+06
4.70326e+06
7.64009e+06
6.01444e+06
2.52118e+06
1.5254e+06
2.44794e+06
2.54868e+06
2.52979e+06
6.82136e+06
1.42466e+07
1.44088e+07
7.22904e+06
2.72019e+06
2.11687e+06
2.31525e+06
4.45648e+06
9.54196e+06
1.15483e+07
8.2461e+06
7.00088e+06
8.0867e+06
6.87701e+06
6.57145e+06
8.20082e+06
7.47648e+06
6.94772e+06
8.75852e+06
1.08894e+07
1.72091e+07
2.33306e+07
1.73189e+07
6.68274e+06
2.7319e+06
6.48599e+06
1.3602e+07
1.49331e+07
9.9223e+06
6.94472e+06
8.8747e+06
1.44407e+07
1.68985e+07
1.46467e+07
1.43642e+07
1.80049e+07
2.41743e+07
2.37546e+07
1.68412e+07
1.34293e+07
1.53657e+07
1.7962e+07
1.58828e+07
1.3456e+07
1.45638e+07
1.72502e+07
1.53684e+07
1.12483e+07
1.50095e+07
2.57223e+07
2.86556e+07
2.27148e+07
2.34228e+07
3.28152e+07
3.63354e+07
2.97864e+07
2.16165e+07
1.47343e+07
9.51968e+06
9.41224e+06
1.97405e+07
3.08013e+07
2.70869e+07
2.05953e+07
2.79703e+07
3.16382e+07
2.88827e+07
2.12068e+07
2.22123e+07
2.46322e+07
2.72929e+07
3.57469e+07
3.1827e+07
2.37207e+07
2.14605e+07
2.17868e+07
1.80645e+07
1.11903e+07
1.06375e+07
1.45282e+07
1.81829e+07
2.47916e+07
2.91247e+07
3.0861e+07
3.12222e+07
2.08147e+07
1.46607e+07
1.80317e+07
2.11012e+07
1.9619e+07
1.766e+07
1.3142e+07
1.05742e+07
1.35378e+07
1.59594e+07
8.73113e+06
3.44851e+06
6.77547e+06
1.4073e+07
1.90792e+07
2.22992e+07
2.76456e+07
2.43337e+07
1.26831e+07
3.82138e+06
4.19466e+06
8.67252e+06
7.22495e+06
2.18954e+06
1.20271e+06
1.58664e+06
1.26484e+06
3.59389e+06
5.27921e+06
9.41728e+06
1.46903e+07
1.50889e+07
9.79933e+06
3.52828e+06
2.4569e+06
2.5175e+06
429611
2821
2
0
13
604
17046
217221
1.42048e+06
4.48858e+06
6.56996e+06
3.70923e+06
582910
24617
497
3
0
0
0
0
0
72
2171
33656
219320
496911
194046
0
0
0
0
0
0
0
0
0
0
0
0
0
0
0
0
0
0
0
0
0
0
0
0
0
0
0
0
0
0
0
0
0
0
0
0
0
0
0
0
0
0
0
0
0
0
0
0
0
0
0
0
0
0
0
0
0
0
0
0
0
0
0
0
0
0
0
0
0
0
0
0
0
0
0
0
0
0
0
0
0
0
0
0
0
0
0
0
0
0
0
0
0
0
0
0
0
0
0
0
0
0
0
0
0
0
0
0
0
0
0
0
0
0
0
0
0
0
0
0
0
0
0
0
0
0
0
0
0
0
0
0
0
0
0
0
0
0
0
0
0
0
0
0
0
0
0
0
0
0
0
0
0
0
0
0
0
0
0
0
0
0
0
0
0
0
0
0
0
0
0
0
0
0
0
0
0
0
0
0
0
0
0
0
0
0
0
0
0
0
0
0
0
0
0
0
0
0
0
0
