1.88826e+06
0
0
0
0
0
0
0
0
0
0
0
0
0
0
0
2
3793
446782
3.20314e+06
4.65482e+06
2.37418e+06
569122
72543
7073
28582
221910
917419
1.84299e+06
1.72163e+06
755158
171616
258577
1.88589e+06
6.01993e+06
8.12725e+06
4.83152e+06
1.36975e+06
577961
2.01191e+06
3.9354e+06
3.37013e+06
1.53998e+06
1.65328e+06
4.69306e+06
7.62378e+06
6.00141e+06
2.51564e+06
1.52214e+06
2.44248e+06
2.54313e+06
2.52443e+06
6.80654e+06
1.42158e+07
1.43776e+07
7.21339e+06
2.71434e+06
2.11233e+06
2.31011e+06
4.4469e+06
9.52116e+06
1.15235e+07
8.22827e+06
6.98552e+06
8.0693e+06
6.86233e+06
6.55719e+06
8.18284e+06
7.46031e+06
6.93277e+06
8.73941e+06
1.0866e+07
1.71714e+07
2.32807e+07
1.72814e+07
6.6682e+06
2.72576e+06
6.47175e+06
1.35728e+07
1.49011e+07
9.90068e+06
6.92964e+06
8.85552e+06
1.44091e+07
1.68619e+07
1.46153e+07
1.4333e+07
1.79659e+07
2.41219e+07
2.37037e+07
1.68048e+07
1.33998e+07
1.53325e+07
1.79231e+07
1.58485e+07
1.34271e+07
1.45317e+07
1.72134e+07
1.53355e+07
1.12237e+07
1.49767e+07
2.56665e+07
2.8594e+07
2.26652e+07
2.3372e+07
3.27447e+07
3.62571e+07
2.97217e+07
2.15701e+07
1.47021e+07
9.499e+06
9.39139e+06
1.96973e+07
3.07356e+07
2.70287e+07
2.05498e+07
2.79099e+07
3.157e+07
2.88203e+07
2.11604e+07
2.21644e+07
2.45785e+07
2.72334e+07
3.56703e+07
3.17588e+07
2.3669e+07
2.14139e+07
2.17402e+07
1.80252e+07
1.11655e+07
1.06144e+07
1.4497e+07
1.81436e+07
2.47381e+07
2.90617e+07
3.0794e+07
3.11552e+07
2.07694e+07
1.46286e+07
1.79926e+07
2.10556e+07
1.95765e+07
1.76221e+07
1.31134e+07
1.05514e+07
1.35082e+07
1.59253e+07
8.71227e+06
3.44089e+06
6.7608e+06
1.40427e+07
1.90376e+07
2.22509e+07
2.75857e+07
2.42813e+07
1.2656e+07
3.81278e+06
4.18545e+06
8.65374e+06
7.20974e+06
2.18464e+06
1.20006e+06
1.5832e+06
1.26208e+06
3.58626e+06
5.26759e+06
9.39702e+06
1.46585e+07
1.50561e+07
9.77831e+06
3.52051e+06
2.45161e+06
2.51215e+06
428676
2815
2
0
13
604
17023
216728
1.41726e+06
4.47901e+06
6.55574e+06
3.70124e+06
581643
24548
495
3
0
0
0
0
0
72
2165
33587
218797
495897
193610
0
0
0
0
0
0
0
0
0
0
0
0
0
0
0
0
0
0
0
0
0
0
0
0
0
0
0
0
0
0
0
0
0
0
0
0
0
0
0
0
0
0
0
0
0
0
0
0
0
0
0
0
0
0
0
0
0
0
0
0
0
0
0
0
0
0
0
0
0
0
0
0
0
0
0
0
0
0
0
0
0
0
0
0
0
0
0
0
0
0
0
0
0
0
0
0
0
0
0
0
0
0
0
0
0
0
0
0
0
0
0
0
0
0
0
0
0
0
0
0
0
0
0
0
0
0
0
0
0
0
0
0
0
0
0
0
0
0
0
0
0
0
0
0
0
0
0
0
0
0
0
0
0
0
0
0
0
0
0
0
0
0
0
0
0
0
0
0
0
0
0
0
0
0
0
0
0
0
0
0
0
0
0
0
0
0
0
0
0
0
0
0
0
0
0
0
0
0
0
0
