1.85139e+06
0
0
0
0
0
0
0
0
0
0
0
0
0
0
0
2
3721
438205
3.14042e+06
4.56399e+06
2.32767e+06
558173
71147
6883
28034
217644
899593
1.80666e+06
1.68806e+06
740633
168288
253276
1.84974e+06
5.902e+06
7.96821e+06
4.73784e+06
1.34259e+06
566633
1.97278e+06
3.85865e+06
3.30412e+06
1.50959e+06
1.62154e+06
4.60119e+06
7.47438e+06
5.88516e+06
2.46696e+06
1.49235e+06
2.39443e+06
2.49256e+06
2.47519e+06
6.67417e+06
1.39386e+07
1.40964e+07
7.07296e+06
2.66119e+06
2.07071e+06
2.26488e+06
4.36084e+06
9.33483e+06
1.12986e+07
8.06799e+06
6.84903e+06
7.91205e+06
6.72877e+06
6.4302e+06
8.0215e+06
7.31339e+06
6.79735e+06
8.5682e+06
1.06545e+07
1.68367e+07
2.2827e+07
1.6946e+07
6.5373e+06
2.67026e+06
6.34514e+06
1.3308e+07
1.46117e+07
9.70884e+06
6.79193e+06
8.68374e+06
1.41267e+07
1.6532e+07
1.43295e+07
1.40524e+07
1.76138e+07
2.36536e+07
2.3244e+07
1.64766e+07
1.31373e+07
1.50318e+07
1.75728e+07
1.55403e+07
1.31642e+07
1.42479e+07
1.68779e+07
1.50388e+07
1.10021e+07
1.46821e+07
2.51643e+07
2.80385e+07
2.22212e+07
2.29135e+07
3.21076e+07
3.55547e+07
2.91403e+07
2.11494e+07
1.4413e+07
9.3126e+06
9.20587e+06
1.93091e+07
3.014e+07
2.65047e+07
2.01459e+07
2.73633e+07
3.09542e+07
2.82606e+07
2.07445e+07
2.17297e+07
2.40957e+07
2.67008e+07
3.49783e+07
3.11442e+07
2.32063e+07
2.09925e+07
2.13177e+07
1.76727e+07
1.09438e+07
1.04059e+07
1.42148e+07
1.7791e+07
2.42555e+07
2.8496e+07
3.01901e+07
3.05502e+07
2.03653e+07
1.43392e+07
1.76409e+07
2.06453e+07
1.91938e+07
1.72797e+07
1.28573e+07
1.03434e+07
1.32459e+07
1.5618e+07
8.54188e+06
3.37186e+06
6.62854e+06
1.37678e+07
1.8664e+07
2.18159e+07
2.70469e+07
2.38105e+07
1.24112e+07
3.73576e+06
4.10201e+06
8.48631e+06
7.07124e+06
2.14091e+06
1.17658e+06
1.55177e+06
1.23746e+06
3.51662e+06
5.16382e+06
9.2137e+06
1.43713e+07
1.47618e+07
9.59013e+06
3.45053e+06
2.40424e+06
2.4633e+06
420271
2725
2
0
13
582
16735
212637
1.38916e+06
4.39137e+06
6.42816e+06
3.6294e+06
569956
24024
482
3
0
0
0
0
0
72
2122
32949
214700
485880
189973
0
0
0
0
0
0
0
0
0
0
0
0
0
0
0
0
0
0
0
0
0
0
0
0
0
0
0
0
0
0
0
0
0
0
0
0
0
0
0
0
0
0
0
0
0
0
0
0
0
0
0
0
0
0
0
0
0
0
0
0
0
0
0
0
0
0
0
0
0
0
0
0
0
0
0
0
0
0
0
0
0
0
0
0
0
0
0
0
0
0
0
0
0
0
0
0
0
0
0
0
0
0
0
0
0
0
0
0
0
0
0
0
0
0
0
0
0
0
0
0
0
0
0
0
0
0
0
0
0
0
0
0
0
0
0
0
0
0
0
0
0
0
0
0
0
0
0
0
0
0
0
0
0
0
0
0
0
0
0
0
0
0
0
0
0
0
0
0
0
0
0
0
0
0
0
0
0
0
0
0
0
0
0
0
0
0
0
0
0
0
0
0
0
0
0
0
0
0
0
0
