1.31072e+06
0
0
0
0
0
0
0
0
0
0
0
0
0
0
0
0
2728
310510
2.22246e+06
3.23296e+06
1.64624e+06
395095
50706
5011
19809
154115
636465
1.2802e+06
1.19458e+06
523532
119619
179272
1.30913e+06
4.17754e+06
5.64571e+06
3.34947e+06
951388
401578
1.39657e+06
2.73348e+06
2.3384e+06
1.06683e+06
1.14924e+06
3.25517e+06
5.299e+06
4.16074e+06
1.74633e+06
1.05672e+06
1.69697e+06
1.76404e+06
1.75427e+06
4.72444e+06
9.86984e+06
9.97315e+06
5.00579e+06
1.88531e+06
1.46918e+06
1.60616e+06
3.08858e+06
6.60374e+06
8.00093e+06
5.70787e+06
4.84887e+06
5.6094e+06
4.76148e+06
4.55001e+06
5.68104e+06
5.17382e+06
4.8135e+06
6.07142e+06
7.53176e+06
1.1915e+07
1.61802e+07
1.19878e+07
4.62858e+06
1.89446e+06
4.48948e+06
9.41707e+06
1.03486e+07
6.87283e+06
4.81254e+06
6.14852e+06
9.99717e+06
1.17048e+07
1.01321e+07
9.96169e+06
1.24668e+07
1.67518e+07
1.64547e+07
1.16548e+07
9.30615e+06
1.06362e+07
1.24548e+07
1.0995e+07
9.32245e+06
1.00834e+07
1.19521e+07
1.06503e+07
7.78193e+06
1.03938e+07
1.78218e+07
1.98549e+07
1.57163e+07
1.62205e+07
2.27338e+07
2.51872e+07
2.06164e+07
1.49748e+07
1.02071e+07
6.59898e+06
6.50523e+06
1.36542e+07
2.13765e+07
1.87596e+07
1.42418e+07
1.93729e+07
2.19314e+07
2.00035e+07
1.46739e+07
1.53851e+07
1.70519e+07
1.89011e+07
2.47663e+07
2.20654e+07
1.64262e+07
1.48529e+07
1.51052e+07
1.25055e+07
7.74231e+06
7.36626e+06
1.00556e+07
1.25971e+07
1.71941e+07
2.01783e+07
2.1356e+07
2.16338e+07
1.44224e+07
1.01421e+07
1.24886e+07
1.46162e+07
1.35773e+07
1.22451e+07
9.10433e+06
7.31397e+06
9.38329e+06
1.10624e+07
6.05251e+06
2.38447e+06
4.68844e+06
9.74748e+06
1.32194e+07
1.54207e+07
1.91537e+07
1.68675e+07
8.79201e+06
2.64375e+06
2.8951e+06
6.00721e+06
5.01738e+06
1.51454e+06
830847
1.10013e+06
875544
2.4891e+06
3.6607e+06
6.51791e+06
1.01624e+07
1.04501e+07
6.80182e+06
2.44314e+06
1.69928e+06
1.74772e+06
298571
1936
2
0
12
420
12235
151470
982839
3.10856e+06
4.54887e+06
2.57108e+06
403068
17534
384
0
0
0
0
0
0
61
1541
23915
152147
343309
134387
0
0
0
0
0
0
0
0
0
0
0
0
0
0
0
0
0
0
0
0
0
0
0
0
0
0
0
0
0
0
0
0
0
0
0
0
0
0
0
0
0
0
0
0
0
0
0
0
0
0
0
0
0
0
0
0
0
0
0
0
0
0
0
0
0
0
0
0
0
0
0
0
0
0
0
0
0
0
0
0
0
0
0
0
0
0
0
0
0
0
0
0
0
0
0
0
0
0
0
0
0
0
0
0
0
0
0
0
0
0
0
0
0
0
0
0
0
0
0
0
0
0
0
0
0
0
0
0
0
0
0
0
0
0
0
0
0
0
0
0
0
0
0
0
0
0
0
0
0
0
0
0
0
0
0
0
0
0
0
0
0
0
0
0
0
0
0
0
0
0
0
0
0
0
0
0
0
0
0
0
0
0
0
0
0
0
0
0
0
0
0
0
0
0
0
0
0
0
0
0
