1.23158e+06
6.06665e+06
9.64514e+06
1.30534e+07
1.66611e+07
2.01612e+07
2.38035e+07
2.73042e+07
3.05371e+07
3.36389e+07
3.68363e+07
4.03547e+07
4.38447e+07
4.74377e+07
5.11423e+07
5.46284e+07
5.82968e+07
6.1851e+07
6.51816e+07
6.88388e+07
7.22742e+07
7.57032e+07
7.98012e+07
8.36917e+07
8.7328e+07
9.10695e+07
9.44415e+07
9.78948e+07
1.01333e+08
1.05406e+08
1.09446e+08
1.12576e+08
1.15468e+08
1.18657e+08
1.22409e+08
1.26186e+08
1.29712e+08
1.33197e+08
1.36222e+08
1.39598e+08
1.42903e+08
1.46491e+08
1.50667e+08
1.54118e+08
1.58004e+08
1.62161e+08
1.65975e+08
1.69694e+08
1.73413e+08
1.77148e+08
