1.53395e+06
0
0
0
0
0
0
0
0
0
0
0
0
0
0
0
2
3132
362944
2.60172e+06
3.78275e+06
1.92735e+06
462611
58971
5811
23042
180140
745136
1.49845e+06
1.39815e+06
612970
139632
209363
1.53139e+06
4.88942e+06
6.60757e+06
3.92213e+06
1.11248e+06
468416
1.63552e+06
3.19759e+06
2.73782e+06
1.24856e+06
1.34185e+06
3.80981e+06
6.20461e+06
4.87317e+06
2.04045e+06
1.2351e+06
1.98647e+06
2.06585e+06
2.04913e+06
5.52249e+06
1.15582e+07
1.16819e+07
5.85514e+06
2.20284e+06
1.71854e+06
1.8758e+06
3.61167e+06
7.73496e+06
9.36661e+06
6.677e+06
5.67327e+06
6.568e+06
5.57042e+06
5.32297e+06
6.65066e+06
6.05662e+06
5.63064e+06
7.10175e+06
8.81477e+06
1.39477e+07
1.89383e+07
1.40402e+07
5.40745e+06
2.20748e+06
5.25019e+06
1.10346e+07
1.21158e+07
8.03867e+06
5.62391e+06
7.18956e+06
1.171e+07
1.37039e+07
1.18593e+07
1.16461e+07
1.4591e+07
1.96082e+07
1.92622e+07
1.36451e+07
1.08829e+07
1.24464e+07
1.45761e+07
1.28721e+07
1.0903e+07
1.18002e+07
1.39946e+07
1.24662e+07
9.10328e+06
1.21513e+07
2.08587e+07
2.32491e+07
1.83972e+07
1.89686e+07
2.66088e+07
2.94843e+07
2.41373e+07
1.75246e+07
1.19406e+07
7.71319e+06
7.60182e+06
1.5988e+07
2.50206e+07
2.19654e+07
1.66503e+07
2.26728e+07
2.56746e+07
2.34085e+07
1.71732e+07
1.80066e+07
1.99594e+07
2.21117e+07
2.89911e+07
2.58255e+07
1.92212e+07
1.73849e+07
1.76778e+07
1.46377e+07
9.05346e+06
8.61761e+06
1.17695e+07
1.4738e+07
2.01219e+07
2.3614e+07
2.50004e+07
2.53273e+07
1.68777e+07
1.18583e+07
1.46186e+07
1.71158e+07
1.58871e+07
1.43273e+07
1.06517e+07
8.55837e+06
1.09799e+07
1.29578e+07
7.07835e+06
2.782e+06
5.48523e+06
1.14124e+07
1.54722e+07
1.80442e+07
2.24188e+07
1.97521e+07
1.02881e+07
3.08299e+06
3.38397e+06
7.03716e+06
5.87506e+06
1.76992e+06
971572
1.28689e+06
1.02208e+06
2.90967e+06
4.28099e+06
7.63231e+06
1.19013e+07
1.22349e+07
7.95833e+06
2.85317e+06
1.98795e+06
2.04684e+06
349043
2250
2
0
12
459
13933
175745
1.14675e+06
3.63818e+06
5.32966e+06
3.00987e+06
470568
19978
415
0
0
0
0
0
0
63
1774
27400
177103
402809
157827
0
0
0
0
0
0
0
0
0
0
0
0
0
0
0
0
0
0
0
0
0
0
0
0
0
0
0
0
0
0
0
0
0
0
0
0
0
0
0
0
0
0
0
0
0
0
0
0
0
0
0
0
0
0
0
0
0
0
0
0
0
0
0
0
0
0
0
0
0
0
0
0
0
0
0
0
0
0
0
0
0
0
0
0
0
0
0
0
0
0
0
0
0
0
0
0
0
0
0
0
0
0
0
0
0
0
0
0
0
0
0
0
0
0
0
0
0
0
0
0
0
0
0
0
0
0
0
0
0
0
0
0
0
0
0
0
0
0
0
0
0
0
0
0
0
0
0
0
0
0
0
0
0
0
0
0
0
0
0
0
0
0
0
0
0
0
0
0
0
0
0
0
0
0
0
0
0
0
0
0
0
0
0
0
0
0
0
0
0
0
0
0
0
0
0
0
0
0
0
0
