2048
0
0
0
0
0
0
0
0
0
0
0
0
0
0
0
0
0
0
564
11638
86
0
0
0
0
0
1
4309
1834
0
0
0
0
1719
22761
96
0
0
6
9351
2931
0
0
90
22697
1789
0
0
4030
4162
0
1
24042
25109
0
7
5277
860
0
6084
30746
34
314
23475
787
49
21800
2727
41
21618
2917
525
69548
3655
0
0
0
19927
29222
49
11282
960
12433
36708
194
28960
1579
39742
33983
2930
21605
666
47010
1548
20927
3621
32813
16337
4071
4123
34498
51512
9059
15517
38535
59767
23413
25745
15255
9321
0
359
90311
7798
2908
14059
71864
22140
14856
41076
9038
23412
30918
67534
18619
7228
47086
8769
4369
12241
5776
18819
53438
21529
23169
52616
21268
3
29269
20892
11279
31221
7621
10326
20185
14084
14864
0
4101
6978
45988
277
28550
34353
23110
3
0
1987
22589
0
0
1232
1840
7
6137
9008
17690
10710
23995
37
0
3719
2425
0
0
0
0
0
0
0
0
47
11959
6409
17
0
0
0
0
0
0
0
0
0
0
0
0
0
1024
0
0
0
0
0
0
0
0
0
0
0
0
0
0
0
0
0
0
0
0
0
0
0
0
0
0
0
0
0
0
0
0
0
0
0
0
0
0
0
0
0
0
0
0
0
0
0
0
0
0
0
0
0
0
0
0
0
0
0
0
0
0
0
0
0
0
0
0
0
0
0
0
0
0
0
0
0
0
0
0
0
0
0
0
0
0
0
0
0
0
0
0
0
0
0
0
0
0
0
0
0
0
0
0
0
0
0
0
0
0
0
0
0
0
0
0
0
0
0
0
0
0
0
0
0
0
0
0
0
0
0
0
0
0
0
0
0
0
0
0
0
0
0
0
0
0
0
0
0
0
0
0
0
0
0
0
0
0
0
0
0
0
0
0
0
0
0
0
0
0
0
0
0
0
0
0
0
0
0
0
0
0
0
0
0
0
0
0
0
0
0
0
0
0
0
0
0
0
0
0
