1.11616e+06
0
0
0
0
0
0
0
0
0
0
0
0
0
0
0
0
2305
264580
1.89268e+06
2.7528e+06
1.40094e+06
337098
43448
4308
17173
132144
542074
1.08785e+06
1.01674e+06
446513
102702
153856
1.11657e+06
3.55502e+06
4.80597e+06
2.84981e+06
812685
344137
1.18975e+06
2.32611e+06
1.98932e+06
910874
982460
2.77275e+06
4.50638e+06
3.53672e+06
1.49323e+06
903208
1.44312e+06
1.50216e+06
1.49842e+06
4.02816e+06
8.39544e+06
8.4819e+06
4.26623e+06
1.61128e+06
1.25408e+06
1.36919e+06
2.6335e+06
5.61798e+06
6.80795e+06
4.86319e+06
4.13172e+06
4.77498e+06
4.05509e+06
3.87629e+06
4.83552e+06
4.40774e+06
4.09986e+06
5.17162e+06
6.42011e+06
1.01409e+07
1.37684e+07
1.01985e+07
3.95233e+06
1.62456e+06
3.8246e+06
8.01244e+06
8.80531e+06
5.85556e+06
4.10439e+06
5.23948e+06
8.50635e+06
9.96465e+06
8.62869e+06
8.49154e+06
1.06161e+07
1.4259e+07
1.40037e+07
9.92859e+06
7.93368e+06
9.05512e+06
1.06059e+07
9.35615e+06
7.94676e+06
8.58571e+06
1.01747e+07
9.06357e+06
6.6364e+06
8.85958e+06
1.51648e+07
1.69054e+07
1.33905e+07
1.38159e+07
1.93496e+07
2.14447e+07
1.75525e+07
1.27572e+07
8.68886e+06
5.62862e+06
5.55695e+06
1.1619e+07
1.81925e+07
1.59658e+07
1.21417e+07
1.64942e+07
1.86726e+07
1.70335e+07
1.24989e+07
1.31122e+07
1.45205e+07
1.61011e+07
2.10741e+07
1.8784e+07
1.39924e+07
1.26457e+07
1.28685e+07
1.06488e+07
6.5987e+06
6.27788e+06
8.55915e+06
1.07273e+07
1.46365e+07
1.71792e+07
1.81889e+07
1.84192e+07
1.2284e+07
8.63923e+06
1.06366e+07
1.24433e+07
1.15613e+07
1.04306e+07
7.74995e+06
6.23183e+06
7.99204e+06
9.40636e+06
5.15868e+06
2.03556e+06
3.99254e+06
8.29706e+06
1.12679e+07
1.31344e+07
1.63014e+07
1.43538e+07
7.49022e+06
2.2568e+06
2.46937e+06
5.10906e+06
4.27056e+06
1.29253e+06
709576
934790
749108
2.12015e+06
3.11589e+06
5.55081e+06
8.65238e+06
8.89279e+06
5.79661e+06
2.08096e+06
1.4477e+06
1.48643e+06
254498
1645
2
0
12
379
10702
130102
838421
2.64638e+06
3.87273e+06
2.18746e+06
343729
15163
360
0
0
0
0
0
0
61
1390
20716
129755
291765
114393
0
0
0
0
0
0
0
0
0
0
0
0
0
0
0
0
0
0
0
0
0
0
0
0
0
0
0
0
0
0
0
0
0
0
0
0
0
0
0
0
0
0
0
0
0
0
0
0
0
0
0
0
0
0
0
0
0
0
0
0
0
0
0
0
0
0
0
0
0
0
0
0
0
0
0
0
0
0
0
0
0
0
0
0
0
0
0
0
0
0
0
0
0
0
0
0
0
0
0
0
0
0
0
0
0
0
0
0
0
0
0
0
0
0
0
0
0
0
0
0
0
0
0
0
0
0
0
0
0
0
0
0
0
0
0
0
0
0
0
0
0
0
0
0
0
0
0
0
0
0
0
0
0
0
0
0
0
0
0
0
0
0
0
0
0
0
0
0
0
0
0
0
0
0
0
0
0
0
0
0
0
0
0
0
0
0
0
0
0
0
0
0
0
0
0
0
0
0
0
0
