1.24314e+06
0
0
0
0
0
0
0
0
0
0
0
0
0
0
0
0
2568
294670
2.1077e+06
3.06672e+06
1.56066e+06
374728
48363
4739
18941
146589
603614
1.21282e+06
1.13318e+06
497021
113616
170549
1.24238e+06
3.96021e+06
5.35451e+06
3.17663e+06
902889
381911
1.32452e+06
2.591e+06
2.21787e+06
1.01302e+06
1.09116e+06
3.08639e+06
5.02349e+06
3.94588e+06
1.6584e+06
1.00268e+06
1.60894e+06
1.67309e+06
1.66552e+06
4.48247e+06
9.35726e+06
9.45509e+06
4.749e+06
1.79036e+06
1.39445e+06
1.52457e+06
2.92921e+06
6.2613e+06
7.58772e+06
5.4148e+06
4.59824e+06
5.32e+06
4.51655e+06
4.31676e+06
5.3862e+06
4.90741e+06
4.5648e+06
5.75948e+06
7.14511e+06
1.12978e+07
1.53459e+07
1.13667e+07
4.39136e+06
1.80149e+06
4.25676e+06
8.93032e+06
9.813e+06
6.51891e+06
4.56707e+06
5.83267e+06
9.48013e+06
1.10993e+07
9.60935e+06
9.45074e+06
1.18238e+07
1.58868e+07
1.56033e+07
1.10541e+07
8.83019e+06
1.00881e+07
1.18124e+07
1.04264e+07
8.8426e+06
9.56185e+06
1.13382e+07
1.00982e+07
7.3828e+06
9.86217e+06
1.68972e+07
1.88308e+07
1.49097e+07
1.53844e+07
2.15583e+07
2.38861e+07
1.95519e+07
1.4205e+07
9.68054e+06
6.26123e+06
6.17624e+06
1.2947e+07
2.02703e+07
1.779e+07
1.35122e+07
1.83726e+07
2.07995e+07
1.89697e+07
1.39196e+07
1.45963e+07
1.61747e+07
1.79281e+07
2.34807e+07
2.09281e+07
1.55775e+07
1.40876e+07
1.43293e+07
1.18613e+07
7.34439e+06
6.98849e+06
9.53531e+06
1.19463e+07
1.63067e+07
1.91368e+07
2.02549e+07
2.05185e+07
1.36786e+07
9.61887e+06
1.18466e+07
1.3863e+07
1.28757e+07
1.16161e+07
8.633e+06
6.93648e+06
8.90045e+06
1.0488e+07
5.74129e+06
2.2626e+06
4.44686e+06
9.24401e+06
1.25411e+07
1.46266e+07
1.81632e+07
1.59953e+07
8.34049e+06
2.50746e+06
2.74735e+06
5.69648e+06
4.75688e+06
1.43747e+06
788533
1.04319e+06
830959
2.36132e+06
3.47067e+06
6.18184e+06
9.63805e+06
9.91019e+06
6.45274e+06
2.31707e+06
1.61154e+06
1.65747e+06
283013
1829
2
0
12
404
11617
143642
932746
2.9479e+06
4.31464e+06
2.43792e+06
382231
16737
373
0
0
0
0
0
0
61
1489
22755
144292
325418
127553
0
0
0
0
0
0
0
0
0
0
0
0
0
0
0
0
0
0
0
0
0
0
0
0
0
0
0
0
0
0
0
0
0
0
0
0
0
0
0
0
0
0
0
0
0
0
0
0
0
0
0
0
0
0
0
0
0
0
0
0
0
0
0
0
0
0
0
0
0
0
0
0
0
0
0
0
0
0
0
0
0
0
0
0
0
0
0
0
0
0
0
0
0
0
0
0
0
0
0
0
0
0
0
0
0
0
0
0
0
0
0
0
0
0
0
0
0
0
0
0
0
0
0
0
0
0
0
0
0
0
0
0
0
0
0
0
0
0
0
0
0
0
0
0
0
0
0
0
0
0
0
0
0
0
0
0
0
0
0
0
0
0
0
0
0
0
0
0
0
0
0
0
0
0
0
0
0
0
0
0
0
0
0
0
0
0
0
0
0
0
0
0
0
0
0
0
0
0
0
0
