1.42541e+06
0
0
0
0
0
0
0
0
0
0
0
0
0
0
0
0
2945
337440
2.41685e+06
3.51593e+06
1.79129e+06
429418
54663
5422
21379
167150
691444
1.39386e+06
1.29996e+06
568780
129636
194211
1.42162e+06
4.54344e+06
6.14402e+06
3.64426e+06
1.03205e+06
434792
1.51878e+06
2.97288e+06
2.54492e+06
1.1592e+06
1.24466e+06
3.53926e+06
5.77115e+06
4.52829e+06
1.89452e+06
1.14627e+06
1.8466e+06
1.91968e+06
1.90223e+06
5.13065e+06
1.07425e+07
1.08597e+07
5.43965e+06
2.0432e+06
1.59737e+06
1.7443e+06
3.35246e+06
7.18779e+06
8.71082e+06
6.20136e+06
5.26978e+06
6.10551e+06
5.17717e+06
4.94305e+06
6.18247e+06
5.62641e+06
5.23149e+06
6.60198e+06
8.18498e+06
1.29547e+07
1.7615e+07
1.30501e+07
5.0177e+06
2.04703e+06
4.87594e+06
1.02556e+07
1.12654e+07
7.46821e+06
5.22372e+06
6.6785e+06
1.08824e+07
1.27366e+07
1.10172e+07
1.08212e+07
1.35549e+07
1.82281e+07
1.79049e+07
1.26732e+07
1.01099e+07
1.15638e+07
1.35532e+07
1.1959e+07
1.01278e+07
1.09634e+07
1.30104e+07
1.15867e+07
8.45085e+06
1.12852e+07
1.9391e+07
2.16143e+07
1.70819e+07
1.76192e+07
2.47331e+07
2.7412e+07
2.24254e+07
1.62813e+07
1.10966e+07
7.16724e+06
7.0514e+06
1.48503e+07
2.3273e+07
2.04116e+07
1.54543e+07
2.10718e+07
2.3865e+07
2.17563e+07
1.59493e+07
1.67311e+07
1.85413e+07
2.05352e+07
2.69548e+07
2.40108e+07
1.78591e+07
1.6148e+07
1.64324e+07
1.36007e+07
8.40742e+06
8.00005e+06
1.09351e+07
1.36971e+07
1.87083e+07
2.19484e+07
2.32224e+07
2.35419e+07
1.56845e+07
1.10139e+07
1.35829e+07
1.59048e+07
1.47559e+07
1.33182e+07
9.90261e+06
7.94611e+06
1.02046e+07
1.20485e+07
6.57864e+06
2.58145e+06
5.09257e+06
1.06069e+07
1.43774e+07
1.67599e+07
2.0837e+07
1.83591e+07
9.5637e+06
2.86249e+06
3.13851e+06
6.54157e+06
5.46406e+06
1.64331e+06
901876
1.19653e+06
947432
2.70366e+06
3.97893e+06
7.09133e+06
1.10568e+07
1.13713e+07
7.39868e+06
2.65062e+06
1.8455e+06
1.90435e+06
324786
2083
2
0
12
440
12907
162796
1.064e+06
3.3799e+06
4.95398e+06
2.79846e+06
437113
18662
399
0
0
0
0
0
0
61
1637
25550
164684
373982
146790
0
0
0
0
0
0
0
0
0
0
0
0
0
0
0
0
0
0
0
0
0
0
0
0
0
0
0
0
0
0
0
0
0
0
0
0
0
0
0
0
0
0
0
0
0
0
0
0
0
0
0
0
0
0
0
0
0
0
0
0
0
0
0
0
0
0
0
0
0
0
0
0
0
0
0
0
0
0
0
0
0
0
0
0
0
0
0
0
0
0
0
0
0
0
0
0
0
0
0
0
0
0
0
0
0
0
0
0
0
0
0
0
0
0
0
0
0
0
0
0
0
0
0
0
0
0
0
0
0
0
0
0
0
0
0
0
0
0
0
0
0
0
0
0
0
0
0
0
0
0
0
0
0
0
0
0
0
0
0
0
0
0
0
0
0
0
0
0
0
0
0
0
0
0
0
0
0
0
0
0
0
0
0
0
0
0
0
0
0
0
0
0
0
0
0
0
0
0
0
0
