1.94765e+06
0
0
0
0
0
0
0
0
0
0
0
0
0
0
0
2
3907
460781
3.30402e+06
4.80142e+06
2.44834e+06
587124
74976
7347
29560
228730
946134
1.90135e+06
1.77549e+06
778982
176948
266917
1.9459e+06
6.2091e+06
8.38138e+06
4.98406e+06
1.41272e+06
596250
2.07578e+06
4.05908e+06
3.47609e+06
1.58836e+06
1.70533e+06
4.84063e+06
7.86257e+06
6.19105e+06
2.59434e+06
1.57003e+06
2.51987e+06
2.62281e+06
2.60425e+06
7.02093e+06
1.46634e+07
1.48283e+07
7.44e+06
2.80003e+06
2.17901e+06
2.38249e+06
4.58687e+06
9.82169e+06
1.18854e+07
8.48697e+06
7.20589e+06
8.32258e+06
7.07809e+06
6.76193e+06
8.44155e+06
7.69573e+06
7.15054e+06
9.01356e+06
1.12079e+07
1.77142e+07
2.40097e+07
1.78248e+07
6.87755e+06
2.81213e+06
6.67591e+06
1.40006e+07
1.53689e+07
1.02123e+07
7.14655e+06
9.13302e+06
1.48657e+07
1.73902e+07
1.50751e+07
1.47842e+07
1.85323e+07
2.4879e+07
2.44499e+07
1.73321e+07
1.38231e+07
1.58159e+07
1.84829e+07
1.63467e+07
1.38495e+07
1.4993e+07
1.77527e+07
1.58152e+07
1.1578e+07
1.54503e+07
2.64751e+07
2.94914e+07
2.33781e+07
2.41092e+07
3.37735e+07
3.73934e+07
3.06585e+07
2.22475e+07
1.51662e+07
9.79794e+06
9.68904e+06
2.03177e+07
3.16964e+07
2.78786e+07
2.11982e+07
2.87916e+07
3.256e+07
2.97264e+07
2.18281e+07
2.28633e+07
2.53506e+07
2.80906e+07
3.67922e+07
3.27533e+07
2.44153e+07
2.20851e+07
2.24243e+07
1.85951e+07
1.15173e+07
1.09486e+07
1.49534e+07
1.8713e+07
2.55136e+07
2.9977e+07
3.17636e+07
3.21337e+07
2.14215e+07
1.50914e+07
1.85607e+07
2.17163e+07
2.01914e+07
1.8177e+07
1.35248e+07
1.08827e+07
1.39351e+07
1.64223e+07
8.98703e+06
3.54949e+06
6.9736e+06
1.44862e+07
1.96377e+07
2.2951e+07
2.84546e+07
2.50417e+07
1.30524e+07
3.93384e+06
4.31808e+06
8.92628e+06
7.43411e+06
2.25398e+06
1.23784e+06
1.63297e+06
1.30189e+06
3.69873e+06
5.43276e+06
9.69228e+06
1.51222e+07
1.55321e+07
1.00824e+07
3.63127e+06
2.52892e+06
2.59028e+06
442263
2898
2
0
13
619
17474
223500
1.46154e+06
4.62008e+06
6.76199e+06
3.81798e+06
599824
25287
523
3
0
0
0
0
0
80
2249
34498
225641
511431
199925
0
0
0
0
0
0
0
0
0
0
0
0
0
0
0
0
0
0
0
0
0
0
0
0
0
0
0
0
0
0
0
0
0
0
0
0
0
0
0
0
0
0
0
0
0
0
0
0
0
0
0
0
0
0
0
0
0
0
0
0
0
0
0
0
0
0
0
0
0
0
0
0
0
0
0
0
0
0
0
0
0
0
0
0
0
0
0
0
0
0
0
0
0
0
0
0
0
0
0
0
0
0
0
0
0
0
0
0
0
0
0
0
0
0
0
0
0
0
0
0
0
0
0
0
0
0
0
0
0
0
0
0
0
0
0
0
0
0
0
0
0
0
0
0
0
0
0
0
0
0
0
0
0
0
0
0
0
0
0
0
0
0
0
0
0
0
0
0
0
0
0
0
0
0
0
0
0
0
0
0
0
0
0
0
0
0
0
0
0
0
0
0
0
0
0
0
0
0
0
0
