1.82272e+06
0
0
0
0
0
0
0
0
0
0
0
0
0
0
0
2
3670
431367
3.0922e+06
4.49288e+06
2.29171e+06
549524
70021
6773
27477
214292
886050
1.77838e+06
1.66195e+06
729249
165622
249119
1.8213e+06
5.81047e+06
7.84533e+06
4.66421e+06
1.32174e+06
557811
1.94166e+06
3.79936e+06
3.25323e+06
1.48586e+06
1.5959e+06
4.53039e+06
7.35925e+06
5.79438e+06
2.42816e+06
1.46859e+06
2.35866e+06
2.45285e+06
2.43688e+06
6.56945e+06
1.37242e+07
1.38788e+07
6.96359e+06
2.61924e+06
2.03868e+06
2.22934e+06
4.29301e+06
9.19051e+06
1.11252e+07
7.94189e+06
6.7418e+06
7.79174e+06
6.62438e+06
6.32988e+06
7.89753e+06
7.19868e+06
6.69276e+06
8.43582e+06
1.04886e+07
1.65748e+07
2.24773e+07
1.66843e+07
6.43477e+06
2.62654e+06
6.24571e+06
1.31044e+07
1.4388e+07
9.5568e+06
6.68548e+06
8.54841e+06
1.39089e+07
1.62772e+07
1.41057e+07
1.3834e+07
1.73391e+07
2.32913e+07
2.28872e+07
1.62191e+07
1.29324e+07
1.47974e+07
1.73024e+07
1.53011e+07
1.29583e+07
1.40269e+07
1.66186e+07
1.4808e+07
1.08278e+07
1.44514e+07
2.47769e+07
2.76086e+07
2.18732e+07
2.25549e+07
3.16145e+07
3.50086e+07
2.86883e+07
2.08213e+07
1.41895e+07
9.16651e+06
9.0576e+06
1.90095e+07
2.96826e+07
2.60955e+07
1.98251e+07
2.69387e+07
3.04808e+07
2.7823e+07
2.042e+07
2.13924e+07
2.37211e+07
2.62849e+07
3.44413e+07
3.06676e+07
2.2845e+07
2.06646e+07
2.09882e+07
1.73997e+07
1.0771e+07
1.0244e+07
1.3995e+07
1.75159e+07
2.3882e+07
2.80556e+07
2.97191e+07
3.00814e+07
2.00518e+07
1.41116e+07
1.73681e+07
2.03259e+07
1.88955e+07
1.7015e+07
1.2658e+07
1.01808e+07
1.30412e+07
1.53797e+07
8.40911e+06
3.31859e+06
6.52516e+06
1.35547e+07
1.83736e+07
2.14744e+07
2.66313e+07
2.34459e+07
1.22186e+07
3.67612e+06
4.03647e+06
8.35615e+06
6.96407e+06
2.107e+06
1.1577e+06
1.5281e+06
1.21773e+06
3.46208e+06
5.08384e+06
9.06986e+06
1.41484e+07
1.45348e+07
9.44344e+06
3.396e+06
2.36664e+06
2.42559e+06
413807
2681
2
0
13
567
16496
209180
1.36707e+06
4.32324e+06
6.32925e+06
3.57326e+06
561257
23660
481
3
0
0
0
0
0
72
2057
32486
211186
478439
187120
0
0
0
0
0
0
0
0
0
0
0
0
0
0
0
0
0
0
0
0
0
0
0
0
0
0
0
0
0
0
0
0
0
0
0
0
0
0
0
0
0
0
0
0
0
0
0
0
0
0
0
0
0
0
0
0
0
0
0
0
0
0
0
0
0
0
0
0
0
0
0
0
0
0
0
0
0
0
0
0
0
0
0
0
0
0
0
0
0
0
0
0
0
0
0
0
0
0
0
0
0
0
0
0
0
0
0
0
0
0
0
0
0
0
0
0
0
0
0
0
0
0
0
0
0
0
0
0
0
0
0
0
0
0
0
0
0
0
0
0
0
0
0
0
0
0
0
0
0
0
0
0
0
0
0
0
0
0
0
0
0
0
0
0
0
0
0
0
0
0
0
0
0
0
0
0
0
0
0
0
0
0
0
0
0
0
0
0
0
0
0
0
0
0
0
0
0
0
0
0
