24576
0
0
0
0
0
0
0
0
0
0
0
0
0
0
0
0
141
6508
37805
66687
27124
7668
1377
182
422
2633
9767
27878
22403
8305
2416
4245
22349
69974
124594
53728
17017
8767
21881
57458
43924
17141
18549
51767
124494
71610
27159
16924
33761
36779
30393
71705
199912
204794
76970
31601
34662
28553
46483
119870
182824
87757
77929
132805
78572
69953
128712
89961
74599
137730
125795
187828
380390
204762
70324
31116
67505
191210
220685
106446
95402
97683
187458
252724
157718
209347
198522
342948
328767
188839
185251
170432
281318
180585
182758
166624
251328
205582
127298
166262
355197
411739
262188
278073
441899
510304
365846
286468
188916
125813
97474
216333
504051
325207
217216
346268
474853
356969
258968
316912
296387
327727
468762
472000
286290
254225
322717
218771
127578
138034
177101
226553
371219
371020
365854
448087
272195
154357
253292
277245
226865
254398
163067
131778
181356
212275
118949
37090
80388
173406
293709
236161
362171
336687
178328
41174
42923
103306
119992
23415
12407
21698
16265
38668
68937
121346
194861
184154
153411
37666
25563
37071
8304
38
0
0
0
5
307
2770
14585
48742
94197
53957
6299
307
15
0
0
0
0
0
0
3
61
414
2187
5212
4411
0
0
0
0
0
0
0
0
0
0
0
0
0
0
0
0
0
0
0
0
0
0
0
0
0
0
0
0
0
0
0
0
0
0
0
0
0
0
0
0
0
0
0
0
0
0
0
0
0
0
0
0
0
0
0
0
0
0
0
0
0
0
0
0
0
0
0
0
0
0
0
0
0
0
0
0
0
0
0
0
0
0
0
0
0
0
0
0
0
0
0
0
0
0
0
0
0
0
0
0
0
0
0
0
0
0
0
0
0
0
0
0
0
0
0
0
0
0
0
0
0
0
0
0
0
0
0
0
0
0
0
0
0
0
0
0
0
0
0
0
0
0
0
0
0
0
0
0
0
0
0
0
0
0
0
0
0
0
0
0
0
0
0
0
0
0
0
0
0
0
0
0
0
0
0
0
0
0
0
0
0
0
0
0
0
0
0
0
0
0
0
0
0
0
0
0
0
0
0
0
