1.30867e+06
0
0
0
0
0
0
0
0
0
0
0
0
0
0
0
0
2723
310047
2.21902e+06
3.22784e+06
1.64364e+06
394502
50645
5009
19780
153905
635496
1.27812e+06
1.19268e+06
522742
119458
179066
1.30713e+06
4.17107e+06
5.63648e+06
3.3443e+06
950017
401037
1.39442e+06
2.72914e+06
2.33464e+06
1.06531e+06
1.14755e+06
3.25016e+06
5.29041e+06
4.15406e+06
1.74379e+06
1.05515e+06
1.69429e+06
1.76126e+06
1.7518e+06
4.71717e+06
9.85419e+06
9.95705e+06
4.9981e+06
1.88265e+06
1.46689e+06
1.60376e+06
3.08393e+06
6.5932e+06
7.98819e+06
5.6991e+06
4.84138e+06
5.60053e+06
4.75405e+06
4.54298e+06
5.67212e+06
5.16572e+06
4.80612e+06
6.06184e+06
7.52029e+06
1.18963e+07
1.61544e+07
1.19687e+07
4.62172e+06
1.892e+06
4.48264e+06
9.40192e+06
1.03321e+07
6.86217e+06
4.80538e+06
6.13916e+06
9.98126e+06
1.16863e+07
1.01163e+07
9.94634e+06
1.24476e+07
1.67253e+07
1.64285e+07
1.16366e+07
9.2921e+06
1.06195e+07
1.24354e+07
1.09775e+07
9.30811e+06
1.00678e+07
1.19332e+07
1.06334e+07
7.7702e+06
1.0378e+07
1.77935e+07
1.98234e+07
1.56923e+07
1.61955e+07
2.26977e+07
2.51476e+07
2.0584e+07
1.49516e+07
1.01912e+07
6.58898e+06
6.49575e+06
1.3633e+07
2.13421e+07
1.87301e+07
1.42205e+07
1.93424e+07
2.18967e+07
1.99721e+07
1.46514e+07
1.5361e+07
1.70256e+07
1.88719e+07
2.4727e+07
2.20305e+07
1.64006e+07
1.48297e+07
1.50819e+07
1.24856e+07
7.73064e+06
7.3551e+06
1.00398e+07
1.25774e+07
1.71671e+07
2.01467e+07
2.13225e+07
2.15999e+07
1.43998e+07
1.01265e+07
1.24692e+07
1.45932e+07
1.3556e+07
1.2226e+07
9.08998e+06
7.30272e+06
9.36873e+06
1.10446e+07
6.0431e+06
2.38096e+06
4.68132e+06
9.73215e+06
1.31987e+07
1.53967e+07
1.91234e+07
1.6841e+07
8.7783e+06
2.6398e+06
2.89079e+06
5.99764e+06
5.00939e+06
1.51223e+06
829594
1.09838e+06
874306
2.4853e+06
3.65496e+06
6.50764e+06
1.01465e+07
1.04335e+07
6.79112e+06
2.43947e+06
1.69662e+06
1.74493e+06
298104
1936
2
0
12
420
12221
151277
981368
3.10372e+06
4.5417e+06
2.56698e+06
402452
17518
383
0
0
0
0
0
0
61
1540
23890
151912
342777
134156
0
0
0
0
0
0
0
0
0
0
0
0
0
0
0
0
0
0
0
0
0
0
0
0
0
0
0
0
0
0
0
0
0
0
0
0
0
0
0
0
0
0
0
0
0
0
0
0
0
0
0
0
0
0
0
0
0
0
0
0
0
0
0
0
0
0
0
0
0
0
0
0
0
0
0
0
0
0
0
0
0
0
0
0
0
0
0
0
0
0
0
0
0
0
0
0
0
0
0
0
0
0
0
0
0
0
0
0
0
0
0
0
0
0
0
0
0
0
0
0
0
0
0
0
0
0
0
0
0
0
0
0
0
0
0
0
0
0
0
0
0
0
0
0
0
0
0
0
0
0
0
0
0
0
0
0
0
0
0
0
0
0
0
0
0
0
0
0
0
0
0
0
0
0
0
0
0
0
0
0
0
0
0
0
0
0
0
0
0
0
0
0
0
0
0
0
0
0
0
0
