1.33734e+06
0
0
0
0
0
0
0
0
0
0
0
0
0
0
0
0
2767
316799
2.2676e+06
3.2987e+06
1.67977e+06
403112
51625
5101
20186
157181
649122
1.30651e+06
1.21916e+06
534221
121801
182506
1.33566e+06
4.26285e+06
5.76044e+06
3.41839e+06
969949
409286
1.42481e+06
2.78916e+06
2.38671e+06
1.08784e+06
1.17141e+06
3.32065e+06
5.40912e+06
4.24656e+06
1.78064e+06
1.07728e+06
1.73173e+06
1.79982e+06
1.78859e+06
4.81967e+06
1.00718e+07
1.01788e+07
5.10689e+06
1.92174e+06
1.49903e+06
1.63841e+06
3.14912e+06
6.73919e+06
8.16689e+06
5.8221e+06
4.94672e+06
5.72409e+06
4.85771e+06
4.64189e+06
5.79779e+06
5.27837e+06
4.91017e+06
6.19419e+06
7.6839e+06
1.21573e+07
1.65116e+07
1.22364e+07
4.71815e+06
1.92907e+06
4.57924e+06
9.61285e+06
1.05607e+07
7.01161e+06
4.90734e+06
6.2718e+06
1.02025e+07
1.19439e+07
1.03382e+07
1.01607e+07
1.27192e+07
1.70942e+07
1.67926e+07
1.18915e+07
9.49281e+06
1.08516e+07
1.27083e+07
1.12193e+07
9.50895e+06
1.02886e+07
1.21968e+07
1.08693e+07
7.93625e+06
1.06007e+07
1.81855e+07
2.02642e+07
1.60335e+07
1.65438e+07
2.31989e+07
2.57029e+07
2.10376e+07
1.52775e+07
1.04138e+07
6.73062e+06
6.63251e+06
1.393e+07
2.18182e+07
1.91435e+07
1.45224e+07
1.97674e+07
2.23802e+07
2.04109e+07
1.49692e+07
1.56973e+07
1.73977e+07
1.92817e+07
2.5273e+07
2.2517e+07
1.67597e+07
1.51536e+07
1.54132e+07
1.27598e+07
7.89646e+06
7.51328e+06
1.02601e+07
1.28528e+07
1.75452e+07
2.05896e+07
2.17903e+07
2.20747e+07
1.4717e+07
1.03441e+07
1.27416e+07
1.49159e+07
1.3851e+07
1.24932e+07
9.29064e+06
7.46067e+06
9.5741e+06
1.12907e+07
6.1756e+06
2.43077e+06
4.78228e+06
9.94622e+06
1.34871e+07
1.5733e+07
1.95454e+07
1.72115e+07
8.97188e+06
2.695e+06
2.95204e+06
6.13049e+06
5.12138e+06
1.54404e+06
847443
1.1225e+06
892250
2.53902e+06
3.73584e+06
6.65064e+06
1.03691e+07
1.06636e+07
6.94068e+06
2.49121e+06
1.73375e+06
1.78363e+06
304621
1974
2
0
12
424
12371
154257
1.00224e+06
3.17165e+06
4.64206e+06
2.6236e+06
411278
17810
390
0
0
0
0
0
0
61
1565
24264
155135
350443
137204
0
0
0
0
0
0
0
0
0
0
0
0
0
0
0
0
0
0
0
0
0
0
0
0
0
0
0
0
0
0
0
0
0
0
0
0
0
0
0
0
0
0
0
0
0
0
0
0
0
0
0
0
0
0
0
0
0
0
0
0
0
0
0
0
0
0
0
0
0
0
0
0
0
0
0
0
0
0
0
0
0
0
0
0
0
0
0
0
0
0
0
0
0
0
0
0
0
0
0
0
0
0
0
0
0
0
0
0
0
0
0
0
0
0
0
0
0
0
0
0
0
0
0
0
0
0
0
0
0
0
0
0
0
0
0
0
0
0
0
0
0
0
0
0
0
0
0
0
0
0
0
0
0
0
0
0
0
0
0
0
0
0
0
0
0
0
0
0
0
0
0
0
0
0
0
0
0
0
0
0
0
0
0
0
0
0
0
0
0
0
0
0
0
0
0
0
0
0
0
0
