1.70189e+06
0
0
0
0
0
0
0
0
0
0
0
0
0
0
0
2
3461
402780
2.88686e+06
4.19563e+06
2.13933e+06
513263
65357
6346
25658
200311
827230
1.66069e+06
1.55108e+06
681006
154941
232557
1.70015e+06
5.42629e+06
7.32517e+06
4.35342e+06
1.23505e+06
520719
1.814e+06
3.54666e+06
3.03757e+06
1.387e+06
1.4906e+06
4.22879e+06
6.87448e+06
5.40756e+06
2.26739e+06
1.3715e+06
2.20273e+06
2.29067e+06
2.27544e+06
6.1331e+06
1.2816e+07
1.29572e+07
6.49991e+06
2.4468e+06
1.90475e+06
2.08191e+06
4.00792e+06
8.58271e+06
1.03883e+07
7.41108e+06
6.2954e+06
7.27934e+06
6.18236e+06
5.91054e+06
7.37588e+06
6.71925e+06
6.24859e+06
7.87882e+06
9.7898e+06
1.54761e+07
2.09934e+07
1.55723e+07
6.00804e+06
2.45539e+06
5.83203e+06
1.22363e+07
1.34308e+07
8.92152e+06
6.24586e+06
7.98309e+06
1.29873e+07
1.51957e+07
1.31672e+07
1.29205e+07
1.6192e+07
2.17484e+07
2.13643e+07
1.51435e+07
1.20745e+07
1.38144e+07
1.61637e+07
1.42843e+07
1.21003e+07
1.30958e+07
1.55187e+07
1.38246e+07
1.01092e+07
1.34965e+07
2.3134e+07
2.57735e+07
2.04239e+07
2.10632e+07
2.95153e+07
3.26901e+07
2.67831e+07
1.94458e+07
1.32465e+07
8.55796e+06
8.4547e+06
1.77498e+07
2.77254e+07
2.43632e+07
1.8507e+07
2.51552e+07
2.84612e+07
2.59733e+07
1.90631e+07
1.99791e+07
2.21499e+07
2.45425e+07
3.21554e+07
2.8635e+07
2.13285e+07
1.92952e+07
1.96032e+07
1.62413e+07
1.00559e+07
9.56674e+06
1.30649e+07
1.63535e+07
2.23029e+07
2.61946e+07
2.77484e+07
2.80919e+07
1.87218e+07
1.3171e+07
1.62146e+07
1.89852e+07
1.76388e+07
1.58911e+07
1.18164e+07
9.50262e+06
1.21786e+07
1.43625e+07
7.85363e+06
3.09537e+06
6.09025e+06
1.26559e+07
1.71601e+07
2.00428e+07
2.48669e+07
2.1899e+07
1.141e+07
3.42918e+06
3.76386e+06
7.80148e+06
6.50964e+06
1.966e+06
1.08038e+06
1.42674e+06
1.13673e+06
3.23047e+06
4.74767e+06
8.46853e+06
1.32071e+07
1.35726e+07
8.82334e+06
3.16824e+06
2.20791e+06
2.26683e+06
386645
2493
2
0
12
524
15423
195198
1.27552e+06
4.03562e+06
5.91215e+06
3.33661e+06
523558
21923
440
3
0
0
0
0
0
69
1940
30376
196821
446948
174790
0
0
0
0
0
0
0
0
0
0
0
0
0
0
0
0
0
0
0
0
0
0
0
0
0
0
0
0
0
0
0
0
0
0
0
0
0
0
0
0
0
0
0
0
0
0
0
0
0
0
0
0
0
0
0
0
0
0
0
0
0
0
0
0
0
0
0
0
0
0
0
0
0
0
0
0
0
0
0
0
0
0
0
0
0
0
0
0
0
0
0
0
0
0
0
0
0
0
0
0
0
0
0
0
0
0
0
0
0
0
0
0
0
0
0
0
0
0
0
0
0
0
0
0
0
0
0
0
0
0
0
0
0
0
0
0
0
0
0
0
0
0
0
0
0
0
0
0
0
0
0
0
0
0
0
0
0
0
0
0
0
0
0
0
0
0
0
0
0
0
0
0
0
0
0
0
0
0
0
0
0
0
0
0
0
0
0
0
0
0
0
0
0
0
0
0
0
0
0
0
