1.9968e+06
0
0
0
0
0
0
0
0
0
0
0
0
0
0
0
2
3996
472430
3.38716e+06
4.92314e+06
2.50998e+06
601745
76839
7580
30304
234376
970101
1.94955e+06
1.82012e+06
798746
181337
273576
1.99504e+06
6.36629e+06
8.5934e+06
5.10848e+06
1.44853e+06
611900
2.12809e+06
4.16086e+06
3.56402e+06
1.62824e+06
1.74913e+06
4.96291e+06
8.06e+06
6.34745e+06
2.66043e+06
1.60902e+06
2.58347e+06
2.68958e+06
2.67035e+06
7.19886e+06
1.5032e+07
1.52011e+07
7.62878e+06
2.87145e+06
2.23322e+06
2.44246e+06
4.70426e+06
1.00691e+07
1.21844e+07
8.70205e+06
7.38762e+06
8.53162e+06
7.25805e+06
6.9323e+06
8.65283e+06
7.8911e+06
7.33213e+06
9.23894e+06
1.14929e+07
1.81614e+07
2.46136e+07
1.82753e+07
7.05074e+06
2.8835e+06
6.84573e+06
1.43534e+07
1.5755e+07
1.04719e+07
7.32728e+06
9.36382e+06
1.52392e+07
1.78269e+07
1.54572e+07
1.51591e+07
1.90003e+07
2.55059e+07
2.50655e+07
1.77718e+07
1.41697e+07
1.6219e+07
1.89457e+07
1.67594e+07
1.42004e+07
1.53708e+07
1.82007e+07
1.62138e+07
1.18721e+07
1.584e+07
2.71415e+07
3.02353e+07
2.39668e+07
2.4722e+07
3.46245e+07
3.83359e+07
3.14323e+07
2.28072e+07
1.55483e+07
1.00475e+07
9.93615e+06
2.08327e+07
3.24889e+07
2.85811e+07
2.17389e+07
2.95181e+07
3.33783e+07
3.04789e+07
2.23815e+07
2.34368e+07
2.59912e+07
2.8802e+07
3.77198e+07
3.35777e+07
2.50313e+07
2.26417e+07
2.299e+07
1.90661e+07
1.18087e+07
1.12259e+07
1.53318e+07
1.91846e+07
2.61561e+07
3.07322e+07
3.25674e+07
3.29404e+07
2.1962e+07
1.54759e+07
1.90298e+07
2.22623e+07
2.07021e+07
1.86338e+07
1.38669e+07
1.11583e+07
1.42858e+07
1.68369e+07
9.21371e+06
3.63941e+06
7.1503e+06
1.48525e+07
2.013e+07
2.35323e+07
2.9176e+07
2.56713e+07
1.33792e+07
4.03412e+06
4.42836e+06
9.15239e+06
7.61943e+06
2.31114e+06
1.26862e+06
1.67456e+06
1.33475e+06
3.79324e+06
5.57001e+06
9.93663e+06
1.55066e+07
1.5922e+07
1.03341e+07
3.72399e+06
2.59302e+06
2.65548e+06
453378
2964
2
0
13
641
17899
229539
1.49894e+06
4.73766e+06
6.93159e+06
3.91327e+06
615200
25907
530
3
0
0
0
0
0
84
2306
35435
231454
524083
205038
0
0
0
0
0
0
0
0
0
0
0
0
0
0
0
0
0
0
0
0
0
0
0
0
0
0
0
0
0
0
0
0
0
0
0
0
0
0
0
0
0
0
0
0
0
0
0
0
0
0
0
0
0
0
0
0
0
0
0
0
0
0
0
0
0
0
0
0
0
0
0
0
0
0
0
0
0
0
0
0
0
0
0
0
0
0
0
0
0
0
0
0
0
0
0
0
0
0
0
0
0
0
0
0
0
0
0
0
0
0
0
0
0
0
0
0
0
0
0
0
0
0
0
0
0
0
0
0
0
0
0
0
0
0
0
0
0
0
0
0
0
0
0
0
0
0
0
0
0
0
0
0
0
0
0
0
0
0
0
0
0
0
0
0
0
0
0
0
0
0
0
0
0
0
0
0
0
0
0
0
0
0
0
0
0
0
0
0
0
0
0
0
0
0
0
0
0
0
0
0
