1.18374e+06
0
0
0
0
0
0
0
0
0
0
0
0
0
0
0
0
2430
280714
2.00692e+06
2.91998e+06
1.48596e+06
357244
45994
4474
18142
139614
574616
1.15502e+06
1.07879e+06
473163
108502
162556
1.1837e+06
3.77038e+06
5.09805e+06
3.0241e+06
860620
364169
1.26118e+06
2.4669e+06
2.11136e+06
965550
1.04016e+06
2.93961e+06
4.78165e+06
3.75428e+06
1.58169e+06
955824
1.53138e+06
1.59345e+06
1.58711e+06
4.26963e+06
8.90687e+06
9.00038e+06
4.52431e+06
1.70597e+06
1.32861e+06
1.45185e+06
2.7914e+06
5.95994e+06
7.22253e+06
5.15704e+06
4.38011e+06
5.06426e+06
4.30122e+06
4.11118e+06
5.12853e+06
4.67359e+06
4.34825e+06
5.48333e+06
6.80613e+06
1.07572e+07
1.46069e+07
1.08209e+07
4.18618e+06
1.71948e+06
4.0554e+06
8.49927e+06
9.34033e+06
6.21038e+06
4.35029e+06
5.55592e+06
9.0244e+06
1.05676e+07
9.1505e+06
9.00294e+06
1.126e+07
1.51243e+07
1.48543e+07
1.05277e+07
8.41191e+06
9.60467e+06
1.12468e+07
9.9264e+06
8.42476e+06
9.10495e+06
1.07926e+07
9.61451e+06
7.03495e+06
9.39549e+06
1.60843e+07
1.79276e+07
1.42022e+07
1.46521e+07
2.05211e+07
2.27457e+07
1.86166e+07
1.35273e+07
9.2176e+06
5.96625e+06
5.88739e+06
1.23266e+07
1.92946e+07
1.69374e+07
1.28747e+07
1.74941e+07
1.98013e+07
1.80635e+07
1.32571e+07
1.39032e+07
1.5401e+07
1.70748e+07
2.2351e+07
1.99237e+07
1.48383e+07
1.34154e+07
1.36432e+07
1.1296e+07
6.99591e+06
6.65713e+06
9.0771e+06
1.13768e+07
1.55241e+07
1.82217e+07
1.92902e+07
1.95336e+07
1.30246e+07
9.16407e+06
1.128e+07
1.3199e+07
1.22612e+07
1.106e+07
8.21954e+06
6.60868e+06
8.47696e+06
9.97983e+06
5.46867e+06
2.15833e+06
4.23498e+06
8.80072e+06
1.19419e+07
1.393e+07
1.72933e+07
1.5227e+07
7.94177e+06
2.39099e+06
2.61902e+06
5.42142e+06
4.5282e+06
1.37013e+06
751493
992410
792943
2.24937e+06
3.3062e+06
5.8865e+06
9.1747e+06
9.43422e+06
6.14442e+06
2.20771e+06
1.53537e+06
1.57737e+06
269730
1725
2
0
12
394
11193
137692
889818
2.80762e+06
4.10568e+06
2.32036e+06
364538
16025
366
0
0
0
0
0
0
61
1443
21911
137715
309443
121299
0
0
0
0
0
0
0
0
0
0
0
0
0
0
0
0
0
0
0
0
0
0
0
0
0
0
0
0
0
0
0
0
0
0
0
0
0
0
0
0
0
0
0
0
0
0
0
0
0
0
0
0
0
0
0
0
0
0
0
0
0
0
0
0
0
0
0
0
0
0
0
0
0
0
0
0
0
0
0
0
0
0
0
0
0
0
0
0
0
0
0
0
0
0
0
0
0
0
0
0
0
0
0
0
0
0
0
0
0
0
0
0
0
0
0
0
0
0
0
0
0
0
0
0
0
0
0
0
0
0
0
0
0
0
0
0
0
0
0
0
0
0
0
0
0
0
0
0
0
0
0
0
0
0
0
0
0
0
0
0
0
0
0
0
0
0
0
0
0
0
0
0
0
0
0
0
0
0
0
0
0
0
0
0
0
0
0
0
0
0
0
0
0
0
0
0
0
0
0
0
