1.48685e+06
0
0
0
0
0
0
0
0
0
0
0
0
0
0
0
2
3044
351906
2.52151e+06
3.6668e+06
1.86839e+06
448361
56997
5633
22332
174591
721857
1.45263e+06
1.35553e+06
594297
135096
202748
1.48398e+06
4.73897e+06
6.40648e+06
3.80129e+06
1.0779e+06
453502
1.58535e+06
3.10014e+06
2.65359e+06
1.21017e+06
1.30021e+06
3.69227e+06
6.01576e+06
4.72318e+06
1.97738e+06
1.19673e+06
1.92585e+06
2.0026e+06
1.98524e+06
5.35227e+06
1.12054e+07
1.13234e+07
5.67553e+06
2.13399e+06
1.66554e+06
1.81877e+06
3.49982e+06
7.49739e+06
9.07986e+06
6.4721e+06
5.49911e+06
6.36618e+06
5.39901e+06
5.15905e+06
6.44762e+06
5.86984e+06
5.45798e+06
6.88423e+06
8.54234e+06
1.35183e+07
1.8361e+07
1.36099e+07
5.23912e+06
2.13899e+06
5.08919e+06
1.06962e+07
1.17442e+07
7.79031e+06
5.45156e+06
6.9687e+06
1.13511e+07
1.32829e+07
1.1495e+07
1.12879e+07
1.41424e+07
1.90094e+07
1.86703e+07
1.32242e+07
1.05479e+07
1.20624e+07
1.41328e+07
1.24759e+07
1.05671e+07
1.14381e+07
1.35663e+07
1.20837e+07
8.82076e+06
1.17771e+07
2.02205e+07
2.2538e+07
1.78276e+07
1.8384e+07
2.57951e+07
2.85828e+07
2.33934e+07
1.69866e+07
1.15756e+07
7.47575e+06
7.36378e+06
1.54937e+07
2.42607e+07
2.12918e+07
1.61335e+07
2.19784e+07
2.48879e+07
2.26908e+07
1.66417e+07
1.74527e+07
1.93459e+07
2.14265e+07
2.81085e+07
2.5037e+07
1.86295e+07
1.68477e+07
1.71374e+07
1.41881e+07
8.77437e+06
8.34917e+06
1.14072e+07
1.42866e+07
1.95085e+07
2.28898e+07
2.42302e+07
2.45515e+07
1.63591e+07
1.14924e+07
1.41706e+07
1.65896e+07
1.53958e+07
1.38884e+07
1.03276e+07
8.29356e+06
1.06429e+07
1.25625e+07
6.86186e+06
2.6961e+06
5.31573e+06
1.10616e+07
1.49964e+07
1.74872e+07
2.17326e+07
1.91467e+07
9.97295e+06
2.98858e+06
3.27842e+06
6.82176e+06
5.69525e+06
1.71586e+06
941235
1.24775e+06
989604
2.82054e+06
4.15072e+06
7.39822e+06
1.15338e+07
1.18594e+07
7.71449e+06
2.76662e+06
1.92607e+06
1.98485e+06
338229
2178
2
0
12
450
13544
170287
1.11123e+06
3.52618e+06
5.16653e+06
2.91744e+06
456105
19442
410
0
0
0
0
0
0
63
1715
26612
171900
390295
152839
0
0
0
0
0
0
0
0
0
0
0
0
0
0
0
0
0
0
0
0
0
0
0
0
0
0
0
0
0
0
0
0
0
0
0
0
0
0
0
0
0
0
0
0
0
0
0
0
0
0
0
0
0
0
0
0
0
0
0
0
0
0
0
0
0
0
0
0
0
0
0
0
0
0
0
0
0
0
0
0
0
0
0
0
0
0
0
0
0
0
0
0
0
0
0
0
0
0
0
0
0
0
0
0
0
0
0
0
0
0
0
0
0
0
0
0
0
0
0
0
0
0
0
0
0
0
0
0
0
0
0
0
0
0
0
0
0
0
0
0
0
0
0
0
0
0
0
0
0
0
0
0
0
0
0
0
0
0
0
0
0
0
0
0
0
0
0
0
0
0
0
0
0
0
0
0
0
0
0
0
0
0
0
0
0
0
0
0
0
0
0
0
0
0
0
0
0
0
0
0
