1.45818e+06
0
0
0
0
0
0
0
0
0
0
0
0
0
0
0
0
2984
345344
2.47281e+06
3.59579e+06
1.83254e+06
439704
55870
5544
21893
171259
707670
1.42506e+06
1.32938e+06
582580
132574
198825
1.45521e+06
4.64727e+06
6.2837e+06
3.72831e+06
1.05659e+06
444765
1.55462e+06
3.04032e+06
2.60262e+06
1.1867e+06
1.27467e+06
3.62088e+06
5.90059e+06
4.63259e+06
1.93886e+06
1.17335e+06
1.88874e+06
1.96408e+06
1.94687e+06
5.24876e+06
1.09885e+07
1.11071e+07
5.56584e+06
2.09189e+06
1.63349e+06
1.78433e+06
3.43175e+06
7.35142e+06
8.90729e+06
6.34698e+06
5.39174e+06
6.24371e+06
5.29685e+06
5.05794e+06
6.32348e+06
5.75649e+06
5.35279e+06
6.75176e+06
8.37592e+06
1.32549e+07
1.80125e+07
1.33489e+07
5.13622e+06
2.09633e+06
4.98991e+06
1.0489e+07
1.15217e+07
7.64068e+06
5.34461e+06
6.83388e+06
1.11312e+07
1.30279e+07
1.12724e+07
1.10703e+07
1.3869e+07
1.86437e+07
1.8313e+07
1.29685e+07
1.03434e+07
1.18274e+07
1.38629e+07
1.22357e+07
1.03631e+07
1.12158e+07
1.33051e+07
1.18527e+07
8.64926e+06
1.1548e+07
1.98313e+07
2.21072e+07
1.74803e+07
1.80278e+07
2.52998e+07
2.80349e+07
2.2942e+07
1.66574e+07
1.1352e+07
7.33207e+06
7.21878e+06
1.51921e+07
2.37986e+07
2.08832e+07
1.58171e+07
2.15543e+07
2.44099e+07
2.22553e+07
1.6319e+07
1.71159e+07
1.89703e+07
2.10109e+07
2.75699e+07
2.45575e+07
1.82707e+07
1.65207e+07
1.68076e+07
1.3915e+07
8.60326e+06
8.18557e+06
1.1187e+07
1.40115e+07
1.91345e+07
2.24525e+07
2.37586e+07
2.40797e+07
1.60451e+07
1.12686e+07
1.38959e+07
1.62713e+07
1.50967e+07
1.36216e+07
1.01297e+07
8.13182e+06
1.0438e+07
1.23228e+07
6.73043e+06
2.64213e+06
5.21272e+06
1.08484e+07
1.47063e+07
1.71472e+07
2.13159e+07
1.8779e+07
9.78208e+06
2.93015e+06
3.213e+06
6.69084e+06
5.58729e+06
1.68186e+06
922961
1.22398e+06
969691
2.7664e+06
4.07108e+06
7.25518e+06
1.13111e+07
1.1631e+07
7.56651e+06
2.71303e+06
1.88873e+06
1.94711e+06
331973
2133
2
0
12
441
13256
166766
1.08944e+06
3.45805e+06
5.06711e+06
2.86161e+06
447442
19063
402
0
0
0
0
0
0
61
1673
26081
168588
382715
149970
0
0
0
0
0
0
0
0
0
0
0
0
0
0
0
0
0
0
0
0
0
0
0
0
0
0
0
0
0
0
0
0
0
0
0
0
0
0
0
0
0
0
0
0
0
0
0
0
0
0
0
0
0
0
0
0
0
0
0
0
0
0
0
0
0
0
0
0
0
0
0
0
0
0
0
0
0
0
0
0
0
0
0
0
0
0
0
0
0
0
0
0
0
0
0
0
0
0
0
0
0
0
0
0
0
0
0
0
0
0
0
0
0
0
0
0
0
0
0
0
0
0
0
0
0
0
0
0
0
0
0
0
0
0
0
0
0
0
0
0
0
0
0
0
0
0
0
0
0
0
0
0
0
0
0
0
0
0
0
0
0
0
0
0
0
0
0
0
0
0
0
0
0
0
0
0
0
0
0
0
0
0
0
0
0
0
0
0
0
0
0
0
0
0
0
0
0
0
0
0
