2.04595e+06
0
0
0
0
0
0
0
0
0
0
0
0
0
0
0
2
4112
483827
3.47115e+06
5.04341e+06
2.57256e+06
616257
78694
7835
31115
240211
993859
1.99716e+06
1.86505e+06
818592
185960
280192
2.04434e+06
6.52278e+06
8.80486e+06
5.23384e+06
1.48468e+06
626939
2.18116e+06
4.26197e+06
3.65219e+06
1.66868e+06
1.79192e+06
5.08446e+06
8.25936e+06
6.50413e+06
2.72501e+06
1.6491e+06
2.64685e+06
2.7557e+06
2.73626e+06
7.37713e+06
1.53996e+07
1.55753e+07
7.81767e+06
2.9422e+06
2.28822e+06
2.50291e+06
4.81913e+06
1.03177e+07
1.24843e+07
8.91671e+06
7.5685e+06
8.74142e+06
7.43796e+06
7.10233e+06
8.86637e+06
8.08408e+06
7.51396e+06
9.46464e+06
1.1777e+07
1.86075e+07
2.52186e+07
1.87279e+07
7.22394e+06
2.95364e+06
7.01316e+06
1.47081e+07
1.61434e+07
1.07293e+07
7.5071e+06
9.59398e+06
1.5614e+07
1.82667e+07
1.5838e+07
1.55299e+07
1.94704e+07
2.61322e+07
2.56829e+07
1.82108e+07
1.45184e+07
1.66178e+07
1.94096e+07
1.71746e+07
1.45492e+07
1.57474e+07
1.86499e+07
1.66149e+07
1.2164e+07
1.62293e+07
2.7807e+07
3.0981e+07
2.45585e+07
2.53298e+07
3.54738e+07
3.92821e+07
3.22069e+07
2.33677e+07
1.59314e+07
1.02959e+07
1.01792e+07
2.13446e+07
3.32888e+07
2.92868e+07
2.22726e+07
3.02444e+07
3.42014e+07
3.12279e+07
2.29342e+07
2.40115e+07
2.66307e+07
2.95133e+07
3.8646e+07
3.44043e+07
2.56471e+07
2.32009e+07
2.35552e+07
1.9537e+07
1.20984e+07
1.15017e+07
1.57072e+07
1.9656e+07
2.68014e+07
3.14889e+07
3.33697e+07
3.37519e+07
2.25032e+07
1.58552e+07
1.94971e+07
2.28127e+07
2.12115e+07
1.90924e+07
1.42073e+07
1.14329e+07
1.46365e+07
1.72541e+07
9.43912e+06
3.72792e+06
7.32553e+06
1.52194e+07
2.06254e+07
2.41114e+07
2.98941e+07
2.63059e+07
1.3708e+07
4.1317e+06
4.53683e+06
9.37976e+06
7.80625e+06
2.36717e+06
1.30007e+06
1.71528e+06
1.36771e+06
3.88608e+06
5.70649e+06
1.01833e+07
1.5888e+07
1.63144e+07
1.05884e+07
3.81549e+06
2.65554e+06
2.72206e+06
464534
3041
2
0
13
652
18253
234936
1.53588e+06
4.85385e+06
7.10274e+06
4.01016e+06
630036
26509
537
3
0
0
0
0
0
88
2346
36310
237048
537171
210013
0
0
0
0
0
0
0
0
0
0
0
0
0
0
0
0
0
0
0
0
0
0
0
0
0
0
0
0
0
0
0
0
0
0
0
0
0
0
0
0
0
0
0
0
0
0
0
0
0
0
0
0
0
0
0
0
0
0
0
0
0
0
0
0
0
0
0
0
0
0
0
0
0
0
0
0
0
0
0
0
0
0
0
0
0
0
0
0
0
0
0
0
0
0
0
0
0
0
0
0
0
0
0
0
0
0
0
0
0
0
0
0
0
0
0
0
0
0
0
0
0
0
0
0
0
0
0
0
0
0
0
0
0
0
0
0
0
0
0
0
0
0
0
0
0
0
0
0
0
0
0
0
0
0
0
0
0
0
0
0
0
0
0
0
0
0
0
0
0
0
0
0
0
0
0
0
0
0
0
0
0
0
0
0
0
0
0
0
0
0
0
0
0
0
0
0
0
0
0
0
