1.78176e+06
0
0
0
0
0
0
0
0
0
0
0
0
0
0
0
2
3587
421729
3.02228e+06
4.39262e+06
2.23994e+06
537209
68357
6611
26772
209217
866146
1.73912e+06
1.62452e+06
712744
161762
243135
1.77968e+06
5.68137e+06
7.66994e+06
4.55806e+06
1.29222e+06
544697
1.89823e+06
3.71455e+06
3.18024e+06
1.4515e+06
1.55892e+06
4.42918e+06
7.19674e+06
5.66306e+06
2.37324e+06
1.435e+06
2.30608e+06
2.39784e+06
2.38074e+06
6.42023e+06
1.34201e+07
1.35676e+07
6.80457e+06
2.56007e+06
1.99337e+06
2.1792e+06
4.19484e+06
8.98581e+06
1.08774e+07
7.76059e+06
6.59014e+06
7.6189e+06
6.4738e+06
6.18792e+06
7.72062e+06
7.03605e+06
6.54182e+06
8.24678e+06
1.02501e+07
1.62024e+07
2.19793e+07
1.63085e+07
6.28739e+06
2.56578e+06
6.10359e+06
1.28129e+07
1.40675e+07
9.33959e+06
6.53403e+06
8.35579e+06
1.35987e+07
1.59111e+07
1.37869e+07
1.35228e+07
1.69486e+07
2.27731e+07
2.23718e+07
1.58531e+07
1.26404e+07
1.44627e+07
1.69196e+07
1.49557e+07
1.26657e+07
1.37115e+07
1.62476e+07
1.44759e+07
1.05801e+07
1.41246e+07
2.42241e+07
2.69906e+07
2.13777e+07
2.20475e+07
3.09049e+07
3.42258e+07
2.8043e+07
2.03549e+07
1.38691e+07
8.95723e+06
8.85013e+06
1.85819e+07
2.90252e+07
2.55089e+07
1.93728e+07
2.63333e+07
2.98006e+07
2.71977e+07
1.99581e+07
2.09112e+07
2.3187e+07
2.5693e+07
3.36713e+07
2.99793e+07
2.23314e+07
2.02004e+07
2.05178e+07
1.70075e+07
1.05266e+07
1.00115e+07
1.36802e+07
1.71203e+07
2.335e+07
2.74277e+07
2.90501e+07
2.94079e+07
1.96014e+07
1.379e+07
1.69774e+07
1.98725e+07
1.84677e+07
1.66347e+07
1.2373e+07
9.94981e+06
1.2749e+07
1.50374e+07
8.22076e+06
3.24135e+06
6.3761e+06
1.32517e+07
1.79603e+07
2.09862e+07
2.6038e+07
2.29242e+07
1.19439e+07
3.59075e+06
3.94177e+06
8.16983e+06
6.81154e+06
2.05829e+06
1.131e+06
1.49405e+06
1.18927e+06
3.38301e+06
4.97035e+06
8.86614e+06
1.38301e+07
1.42099e+07
9.23376e+06
3.31765e+06
2.31229e+06
2.37262e+06
404418
2610
2
0
13
550
16069
204077
1.33544e+06
4.22569e+06
6.18932e+06
3.49293e+06
548475
22810
466
3
0
0
0
0
0
72
2017
31609
206364
467984
182834
0
0
0
0
0
0
0
0
0
0
0
0
0
0
0
0
0
0
0
0
0
0
0
0
0
0
0
0
0
0
0
0
0
0
0
0
0
0
0
0
0
0
0
0
0
0
0
0
0
0
0
0
0
0
0
0
0
0
0
0
0
0
0
0
0
0
0
0
0
0
0
0
0
0
0
0
0
0
0
0
0
0
0
0
0
0
0
0
0
0
0
0
0
0
0
0
0
0
0
0
0
0
0
0
0
0
0
0
0
0
0
0
0
0
0
0
0
0
0
0
0
0
0
0
0
0
0
0
0
0
0
0
0
0
0
0
0
0
0
0
0
0
0
0
0
0
0
0
0
0
0
0
0
0
0
0
0
0
0
0
0
0
0
0
0
0
0
0
0
0
0
0
0
0
0
0
0
0
0
0
0
0
0
0
0
0
0
0
0
0
0
0
0
0
0
0
0
0
0
0
