428032
0
0
0
0
0
0
0
0
0
0
0
0
0
0
0
0
887
102204
722199
1.06024e+06
535710
129139
16559
1760
6300
51033
206404
418581
390746
170880
39091
60612
429134
1.35618e+06
1.84962e+06
1.08754e+06
313594
133071
453843
897619
760773
347742
374847
1.05602e+06
1.7457e+06
1.35365e+06
569382
343728
553059
578913
575345
1.53498e+06
3.22851e+06
3.25821e+06
1.62485e+06
617676
486504
525421
1.00317e+06
2.15213e+06
2.63146e+06
1.8509e+06
1.57649e+06
1.84587e+06
1.5491e+06
1.47862e+06
1.8671e+06
1.68639e+06
1.56181e+06
2.00242e+06
2.4581e+06
3.86714e+06
5.31352e+06
3.89409e+06
1.50879e+06
625280
1.45836e+06
3.08494e+06
3.39296e+06
2.23035e+06
1.574e+06
1.9985e+06
3.26383e+06
3.84112e+06
3.2881e+06
3.27227e+06
4.04506e+06
5.48879e+06
5.3839e+06
3.78762e+06
3.05749e+06
3.4524e+06
4.0863e+06
3.5685e+06
3.06232e+06
3.28101e+06
3.9118e+06
3.47913e+06
2.53464e+06
3.38502e+06
5.8351e+06
6.50348e+06
5.11016e+06
5.2745e+06
7.43824e+06
8.2482e+06
6.71413e+06
4.89521e+06
3.33022e+06
2.1618e+06
2.12043e+06
4.43705e+06
7.02924e+06
6.09906e+06
4.63109e+06
6.31897e+06
7.19414e+06
6.52093e+06
4.78782e+06
5.04939e+06
5.55699e+06
6.15805e+06
8.08273e+06
7.23552e+06
5.35012e+06
4.83563e+06
4.95561e+06
4.07448e+06
2.52388e+06
2.41045e+06
3.27786e+06
4.10979e+06
5.62988e+06
6.58559e+06
6.95332e+06
7.09562e+06
4.71692e+06
3.28813e+06
4.08705e+06
4.77734e+06
4.41582e+06
4.01662e+06
2.9649e+06
2.39031e+06
3.06826e+06
3.60042e+06
1.98118e+06
774993
1.52241e+06
3.18182e+06
4.3651e+06
5.00146e+06
6.24862e+06
5.51192e+06
2.88321e+06
859606
941226
1.95162e+06
1.65253e+06
492357
270775
358648
287573
806090
1.19253e+06
2.1228e+06
3.32903e+06
3.40556e+06
2.24119e+06
790238
549303
572290
100147
690
0
0
3
142
4196
48609
315979
1.00595e+06
1.49596e+06
845878
129956
5511
111
0
0
0
0
0
0
15
493
7457
48340
111212
46499
0
0
0
0
0
0
0
0
0
0
0
0
0
0
0
0
0
0
0
0
0
0
0
0
0
0
0
0
0
0
0
0
0
0
0
0
0
0
0
0
0
0
0
0
0
0
0
0
0
0
0
0
0
0
0
0
0
0
0
0
0
0
0
0
0
0
0
0
0
0
0
0
0
0
0
0
0
0
0
0
0
0
0
0
0
0
0
0
0
0
0
0
0
0
0
0
0
0
0
0
0
0
0
0
0
0
0
0
0
0
0
0
0
0
0
0
0
0
0
0
0
0
0
0
0
0
0
0
0
0
0
0
0
0
0
0
0
0
0
0
0
0
0
0
0
0
0
0
0
0
0
0
0
0
0
0
0
0
0
0
0
0
0
0
0
0
0
0
0
0
0
0
0
0
0
0
0
0
0
0
0
0
0
0
0
0
0
0
0
0
0
0
0
0
0
0
0
0
0
0
