1.2841e+06
0
0
0
0
0
0
0
0
0
0
0
0
0
0
0
0
2658
304249
2.17722e+06
3.16775e+06
1.61225e+06
387038
49843
4930
19456
151093
623978
1.25339e+06
1.17005e+06
513303
117238
175864
1.28278e+06
4.09203e+06
5.53116e+06
3.28109e+06
932221
393851
1.36821e+06
2.67768e+06
2.29077e+06
1.04543e+06
1.1266e+06
3.18903e+06
5.18983e+06
4.07619e+06
1.71145e+06
1.03546e+06
1.66261e+06
1.72824e+06
1.71941e+06
4.62938e+06
9.66823e+06
9.76814e+06
4.9044e+06
1.84822e+06
1.43998e+06
1.57407e+06
3.02606e+06
6.46835e+06
7.83809e+06
5.59287e+06
4.75002e+06
5.4947e+06
4.66529e+06
4.45774e+06
5.56526e+06
5.06911e+06
4.71585e+06
5.94833e+06
7.37986e+06
1.16721e+07
1.58504e+07
1.17422e+07
4.53598e+06
1.85909e+06
4.39784e+06
9.22396e+06
1.01372e+07
6.73358e+06
4.71692e+06
6.02421e+06
9.79299e+06
1.14657e+07
9.9266e+06
9.76026e+06
1.22142e+07
1.64099e+07
1.61202e+07
1.14172e+07
9.11942e+06
1.04205e+07
1.22021e+07
1.07702e+07
9.13316e+06
9.87854e+06
1.171e+07
1.04326e+07
7.6251e+06
1.01845e+07
1.74575e+07
1.94506e+07
1.54e+07
1.58921e+07
2.22691e+07
2.46736e+07
2.01972e+07
1.46725e+07
9.99934e+06
6.46541e+06
6.37714e+06
1.33757e+07
2.09404e+07
1.83767e+07
1.39561e+07
1.89779e+07
2.14846e+07
1.95962e+07
1.43788e+07
1.50728e+07
1.67073e+07
1.85176e+07
2.42592e+07
2.1617e+07
1.60917e+07
1.45521e+07
1.47999e+07
1.22509e+07
7.58581e+06
7.21842e+06
9.84937e+06
1.23407e+07
1.68452e+07
1.97693e+07
2.09202e+07
2.11945e+07
1.41299e+07
9.93577e+06
1.22362e+07
1.43198e+07
1.33001e+07
1.19969e+07
8.91928e+06
7.16476e+06
9.19348e+06
1.08362e+07
5.93004e+06
2.33575e+06
4.59358e+06
9.54924e+06
1.29532e+07
1.51069e+07
1.87623e+07
1.65254e+07
8.61392e+06
2.59019e+06
2.83648e+06
5.885e+06
4.91502e+06
1.48416e+06
813959
1.07765e+06
858033
2.43875e+06
3.5856e+06
6.38523e+06
9.95622e+06
1.02373e+07
6.66448e+06
2.39366e+06
1.66429e+06
1.71232e+06
292625
1882
2
0
12
418
12014
148219
963119
3.04559e+06
4.45637e+06
2.51874e+06
394780
17224
381
0
0
0
0
0
0
61
1516
23441
149016
336411
131603
0
0
0
0
0
0
0
0
0
0
0
0
0
0
0
0
0
0
0
0
0
0
0
0
0
0
0
0
0
0
0
0
0
0
0
0
0
0
0
0
0
0
0
0
0
0
0
0
0
0
0
0
0
0
0
0
0
0
0
0
0
0
0
0
0
0
0
0
0
0
0
0
0
0
0
0
0
0
0
0
0
0
0
0
0
0
0
0
0
0
0
0
0
0
0
0
0
0
0
0
0
0
0
0
0
0
0
0
0
0
0
0
0
0
0
0
0
0
0
0
0
0
0
0
0
0
0
0
0
0
0
0
0
0
0
0
0
0
0
0
0
0
0
0
0
0
0
0
0
0
0
0
0
0
0
0
0
0
0
0
0
0
0
0
0
0
0
0
0
0
0
0
0
0
0
0
0
0
0
0
0
0
0
0
0
0
0
0
0
0
0
0
0
0
0
0
0
0
0
0
