866304
0
0
0
0
0
0
0
0
0
0
0
0
0
0
0
0
1808
205620
1.46757e+06
2.13887e+06
1.08633e+06
261091
34128
3349
13149
103043
419497
845961
788492
346413
79851
120374
865881
2.75648e+06
3.73516e+06
2.20776e+06
631591
268323
922235
1.80762e+06
1.54227e+06
706546
763317
2.14973e+06
3.50308e+06
2.74169e+06
1.15765e+06
701895
1.12091e+06
1.16688e+06
1.16462e+06
3.124e+06
6.51774e+06
6.5798e+06
3.30726e+06
1.25359e+06
976425
1.06384e+06
2.04391e+06
4.35788e+06
5.28661e+06
3.77037e+06
3.20645e+06
3.71025e+06
3.14284e+06
3.00918e+06
3.7569e+06
3.41987e+06
3.17956e+06
4.0215e+06
4.98469e+06
7.86185e+06
1.06897e+07
7.90519e+06
3.07025e+06
1.26763e+06
2.96718e+06
6.22037e+06
6.83742e+06
4.53828e+06
3.19037e+06
4.06619e+06
6.59895e+06
7.73797e+06
6.68899e+06
6.60057e+06
8.23056e+06
1.10709e+07
1.08706e+07
7.69981e+06
6.16869e+06
7.02177e+06
8.23266e+06
7.25444e+06
6.17694e+06
6.66341e+06
7.89646e+06
7.032e+06
5.15062e+06
6.87751e+06
1.17747e+07
1.31252e+07
1.03823e+07
1.07216e+07
1.50229e+07
1.66463e+07
1.36133e+07
9.90538e+06
6.74376e+06
4.37456e+06
4.31646e+06
9.01446e+06
1.41239e+07
1.23778e+07
9.42565e+06
1.28045e+07
1.44959e+07
1.32175e+07
9.70397e+06
1.01823e+07
1.12688e+07
1.24928e+07
1.63549e+07
1.45825e+07
1.08559e+07
9.81086e+06
9.99751e+06
8.26e+06
5.12357e+06
4.87813e+06
6.64176e+06
8.32384e+06
1.13614e+07
1.33364e+07
1.41046e+07
1.43004e+07
9.54045e+06
6.70285e+06
8.25549e+06
9.65724e+06
8.9702e+06
8.1004e+06
6.01374e+06
4.839e+06
6.20264e+06
7.29194e+06
4.00768e+06
1.58126e+06
3.09945e+06
6.44016e+06
8.75744e+06
1.01866e+07
1.26489e+07
1.11349e+07
5.81557e+06
1.75624e+06
1.91759e+06
3.95884e+06
3.31682e+06
1.00421e+06
551659
724929
581922
1.64377e+06
2.4196e+06
4.30642e+06
6.71832e+06
6.89761e+06
4.50372e+06
1.61531e+06
1.12298e+06
1.15194e+06
198226
1291
0
0
12
315
8529
101799
650064
2.05025e+06
3.00681e+06
1.70024e+06
266738
11700
278
0
0
0
0
0
0
57
1056
16115
100696
226118
89110
0
0
0
0
0
0
0
0
0
0
0
0
0
0
0
0
0
0
0
0
0
0
0
0
0
0
0
0
0
0
0
0
0
0
0
0
0
0
0
0
0
0
0
0
0
0
0
0
0
0
0
0
0
0
0
0
0
0
0
0
0
0
0
0
0
0
0
0
0
0
0
0
0
0
0
0
0
0
0
0
0
0
0
0
0
0
0
0
0
0
0
0
0
0
0
0
0
0
0
0
0
0
0
0
0
0
0
0
0
0
0
0
0
0
0
0
0
0
0
0
0
0
0
0
0
0
0
0
0
0
0
0
0
0
0
0
0
0
0
0
0
0
0
0
0
0
0
0
0
0
0
0
0
0
0
0
0
0
0
0
0
0
0
0
0
0
0
0
0
0
0
0
0
0
0
0
0
0
0
0
0
0
0
0
0
0
0
0
0
0
0
0
0
0
0
0
0
0
0
0
