1.41926e+06
0
0
0
0
0
0
0
0
0
0
0
0
0
0
0
0
2933
336009
2.40646e+06
3.50074e+06
1.78347e+06
427647
54414
5403
21288
166429
688577
1.38772e+06
1.29432e+06
566375
129076
193390
1.41558e+06
4.52395e+06
6.11708e+06
3.62858e+06
1.02788e+06
432984
1.51221e+06
2.95988e+06
2.53404e+06
1.15428e+06
1.23939e+06
3.52382e+06
5.74611e+06
4.5088e+06
1.88659e+06
1.14137e+06
1.83857e+06
1.91126e+06
1.89438e+06
5.10892e+06
1.06957e+07
1.08121e+07
5.41657e+06
2.03459e+06
1.59061e+06
1.73698e+06
3.33798e+06
7.15641e+06
8.67344e+06
6.17468e+06
5.24706e+06
6.07909e+06
5.15495e+06
4.92192e+06
6.15545e+06
5.6024e+06
5.20886e+06
6.57368e+06
8.1501e+06
1.28984e+07
1.75383e+07
1.29938e+07
4.99668e+06
2.0385e+06
4.85528e+06
1.02109e+07
1.12161e+07
7.43658e+06
5.20148e+06
6.64988e+06
1.08351e+07
1.26816e+07
1.09696e+07
1.0775e+07
1.34964e+07
1.81488e+07
1.78281e+07
1.26188e+07
1.00665e+07
1.15138e+07
1.34949e+07
1.19071e+07
1.00843e+07
1.09167e+07
1.29538e+07
1.15367e+07
8.41464e+06
1.12371e+07
1.93067e+07
2.15211e+07
1.70085e+07
1.75433e+07
2.46262e+07
2.72937e+07
2.23286e+07
1.62111e+07
1.1049e+07
7.13686e+06
7.02127e+06
1.47861e+07
2.31721e+07
2.03233e+07
1.53887e+07
2.0981e+07
2.37614e+07
2.16626e+07
1.58807e+07
1.66586e+07
1.8461e+07
2.04479e+07
2.68382e+07
2.39069e+07
1.77819e+07
1.6079e+07
1.63614e+07
1.35417e+07
8.37182e+06
7.96552e+06
1.08884e+07
1.36386e+07
1.86266e+07
2.18537e+07
2.31223e+07
2.34399e+07
1.5617e+07
1.09673e+07
1.3524e+07
1.58357e+07
1.46932e+07
1.32605e+07
9.85972e+06
7.91204e+06
1.01607e+07
1.19964e+07
6.55024e+06
2.57078e+06
5.07084e+06
1.05608e+07
1.4315e+07
1.66888e+07
2.07469e+07
1.82788e+07
9.52266e+06
2.85049e+06
3.12554e+06
6.51294e+06
5.44033e+06
1.63625e+06
898137
1.19133e+06
943582
2.69207e+06
3.96189e+06
7.06043e+06
1.10094e+07
1.13218e+07
7.36649e+06
2.63954e+06
1.83776e+06
1.89592e+06
323391
2074
2
0
12
437
12872
162150
1.05957e+06
3.36542e+06
4.93231e+06
2.78635e+06
435269
18591
399
0
0
0
0
0
0
61
1634
25452
163969
372397
146119
0
0
0
0
0
0
0
0
0
0
0
0
0
0
0
0
0
0
0
0
0
0
0
0
0
0
0
0
0
0
0
0
0
0
0
0
0
0
0
0
0
0
0
0
0
0
0
0
0
0
0
0
0
0
0
0
0
0
0
0
0
0
0
0
0
0
0
0
0
0
0
0
0
0
0
0
0
0
0
0
0
0
0
0
0
0
0
0
0
0
0
0
0
0
0
0
0
0
0
0
0
0
0
0
0
0
0
0
0
0
0
0
0
0
0
0
0
0
0
0
0
0
0
0
0
0
0
0
0
0
0
0
0
0
0
0
0
0
0
0
0
0
0
0
0
0
0
0
0
0
0
0
0
0
0
0
0
0
0
0
0
0
0
0
0
0
0
0
0
0
0
0
0
0
0
0
0
0
0
0
0
0
0
0
0
0
0
0
0
0
0
0
0
0
0
0
0
0
0
0
