1.80838e+06
0
0
0
0
0
0
0
0
0
0
0
0
0
0
0
2
3648
428115
3.06735e+06
4.45822e+06
2.27337e+06
545297
69383
6727
27225
212471
879224
1.7646e+06
1.64872e+06
723495
164321
247020
1.80691e+06
5.76499e+06
7.78406e+06
4.62725e+06
1.31128e+06
553112
1.92645e+06
3.76971e+06
3.22791e+06
1.47357e+06
1.58292e+06
4.49531e+06
7.30216e+06
5.74836e+06
2.40898e+06
1.45678e+06
2.34023e+06
2.43383e+06
2.41727e+06
6.51665e+06
1.36179e+07
1.37707e+07
6.90741e+06
2.59848e+06
2.02298e+06
2.21156e+06
4.25853e+06
9.11916e+06
1.10386e+07
7.8781e+06
6.68878e+06
7.73155e+06
6.57157e+06
6.27986e+06
7.83588e+06
7.14197e+06
6.63915e+06
8.37061e+06
1.04047e+07
1.64441e+07
2.23037e+07
1.65524e+07
6.3832e+06
2.60454e+06
6.19591e+06
1.30032e+07
1.42768e+07
9.47984e+06
6.63251e+06
8.4804e+06
1.38004e+07
1.61496e+07
1.3994e+07
1.37247e+07
1.72016e+07
2.31113e+07
2.27072e+07
1.60904e+07
1.28302e+07
1.46799e+07
1.71687e+07
1.51805e+07
1.28555e+07
1.39163e+07
1.64904e+07
1.46911e+07
1.07403e+07
1.43366e+07
2.45835e+07
2.73929e+07
2.16993e+07
2.23771e+07
3.1367e+07
3.47348e+07
2.84628e+07
2.06579e+07
1.40774e+07
9.09287e+06
8.98407e+06
1.88594e+07
2.94551e+07
2.58886e+07
1.96662e+07
2.67271e+07
3.02441e+07
2.76035e+07
2.02575e+07
2.12244e+07
2.35341e+07
2.60764e+07
3.4173e+07
3.04277e+07
2.26646e+07
2.05014e+07
2.08244e+07
1.72625e+07
1.06848e+07
1.01624e+07
1.38846e+07
1.73781e+07
2.36959e+07
2.78357e+07
2.94841e+07
2.98468e+07
1.98947e+07
1.39979e+07
1.72316e+07
2.01675e+07
1.87454e+07
1.6882e+07
1.25585e+07
1.00992e+07
1.29393e+07
1.52603e+07
8.34329e+06
3.29112e+06
6.47283e+06
1.34491e+07
1.82296e+07
2.13023e+07
2.6424e+07
2.32634e+07
1.21228e+07
3.64598e+06
4.00304e+06
8.29124e+06
6.91085e+06
2.0898e+06
1.14826e+06
1.5162e+06
1.20753e+06
3.43446e+06
5.04412e+06
8.99898e+06
1.4036e+07
1.44212e+07
9.37094e+06
3.3686e+06
2.34726e+06
2.40715e+06
410556
2660
2
0
13
559
16344
207341
1.35592e+06
4.28935e+06
6.2801e+06
3.54534e+06
556653
23364
473
3
0
0
0
0
0
72
2034
32180
209465
474816
185625
0
0
0
0
0
0
0
0
0
0
0
0
0
0
0
0
0
0
0
0
0
0
0
0
0
0
0
0
0
0
0
0
0
0
0
0
0
0
0
0
0
0
0
0
0
0
0
0
0
0
0
0
0
0
0
0
0
0
0
0
0
0
0
0
0
0
0
0
0
0
0
0
0
0
0
0
0
0
0
0
0
0
0
0
0
0
0
0
0
0
0
0
0
0
0
0
0
0
0
0
0
0
0
0
0
0
0
0
0
0
0
0
0
0
0
0
0
0
0
0
0
0
0
0
0
0
0
0
0
0
0
0
0
0
0
0
0
0
0
0
0
0
0
0
0
0
0
0
0
0
0
0
0
0
0
0
0
0
0
0
0
0
0
0
0
0
0
0
0
0
0
0
0
0
0
0
0
0
0
0
0
0
0
0
0
0
0
0
0
0
0
0
0
0
0
0
0
0
0
0
