1.89645e+06
0
0
0
0
0
0
0
0
0
0
0
0
0
0
0
2
3806
448694
3.21696e+06
4.67508e+06
2.3845e+06
571617
72860
7107
28740
222841
921416
1.85104e+06
1.72894e+06
758476
172394
259758
1.89414e+06
6.04611e+06
8.16199e+06
4.85271e+06
1.37573e+06
580489
2.02077e+06
3.95244e+06
3.38462e+06
1.54682e+06
1.66045e+06
4.71358e+06
7.65622e+06
6.02749e+06
2.52675e+06
1.52872e+06
2.45339e+06
2.55412e+06
2.53534e+06
6.83629e+06
1.42772e+07
1.44398e+07
7.24479e+06
2.72608e+06
2.12153e+06
2.32026e+06
4.46622e+06
9.56269e+06
1.15731e+07
8.26389e+06
7.01626e+06
8.10405e+06
6.89182e+06
6.58559e+06
8.21872e+06
7.49281e+06
6.96253e+06
8.77761e+06
1.09131e+07
1.72465e+07
2.33803e+07
1.73566e+07
6.69732e+06
2.73824e+06
6.5002e+06
1.3631e+07
1.4965e+07
9.94396e+06
6.95993e+06
8.89386e+06
1.44721e+07
1.69348e+07
1.46786e+07
1.43955e+07
1.80439e+07
2.42265e+07
2.38057e+07
1.68779e+07
1.34586e+07
1.53992e+07
1.80004e+07
1.59174e+07
1.3485e+07
1.4596e+07
1.72869e+07
1.54014e+07
1.12731e+07
1.50421e+07
2.57783e+07
2.87172e+07
2.27644e+07
2.3474e+07
3.28857e+07
3.64132e+07
2.98511e+07
2.16632e+07
1.47664e+07
9.54047e+06
9.43327e+06
1.97837e+07
3.08667e+07
2.7145e+07
2.06408e+07
2.8031e+07
3.1706e+07
2.89454e+07
2.12532e+07
2.22603e+07
2.46859e+07
2.73522e+07
3.58233e+07
3.18955e+07
2.37726e+07
2.15069e+07
2.18335e+07
1.8104e+07
1.1215e+07
1.06608e+07
1.45597e+07
1.8222e+07
2.48447e+07
2.91878e+07
3.0928e+07
3.12894e+07
2.08595e+07
1.46931e+07
1.80708e+07
2.11468e+07
1.96615e+07
1.7698e+07
1.31702e+07
1.05973e+07
1.35676e+07
1.59932e+07
8.7501e+06
3.45623e+06
6.79031e+06
1.41031e+07
1.9121e+07
2.23475e+07
2.77055e+07
2.43859e+07
1.27105e+07
3.82997e+06
4.20397e+06
8.69114e+06
7.24021e+06
2.19438e+06
1.20538e+06
1.59008e+06
1.26768e+06
3.60158e+06
5.29077e+06
9.43764e+06
1.47221e+07
1.51217e+07
9.82029e+06
3.53607e+06
2.46223e+06
2.52282e+06
430543
2829
2
0
13
604
17075
217735
1.42363e+06
4.49834e+06
6.58391e+06
3.71734e+06
584205
24672
502
3
0
0
0
0
0
72
2175
33733
219838
497938
194468
0
0
0
0
0
0
0
0
0
0
0
0
0
0
0
0
0
0
0
0
0
0
0
0
0
0
0
0
0
0
0
0
0
0
0
0
0
0
0
0
0
0
0
0
0
0
0
0
0
0
0
0
0
0
0
0
0
0
0
0
0
0
0
0
0
0
0
0
0
0
0
0
0
0
0
0
0
0
0
0
0
0
0
0
0
0
0
0
0
0
0
0
0
0
0
0
0
0
0
0
0
0
0
0
0
0
0
0
0
0
0
0
0
0
0
0
0
0
0
0
0
0
0
0
0
0
0
0
0
0
0
0
0
0
0
0
0
0
0
0
0
0
0
0
0
0
0
0
0
0
0
0
0
0
0
0
0
0
0
0
0
0
0
0
0
0
0
0
0
0
0
0
0
0
0
0
0
0
0
0
0
0
0
0
0
0
0
0
0
0
0
0
0
0
0
0
0
0
0
0
