1.77152e+06
0
0
0
0
0
0
0
0
0
0
0
0
0
0
0
2
3567
419425
3.005e+06
4.367e+06
2.22716e+06
534112
68030
6580
26625
208081
861257
1.729e+06
1.61494e+06
708833
160884
241900
1.76942e+06
5.64858e+06
7.62579e+06
4.53137e+06
1.2852e+06
541727
1.88748e+06
3.69297e+06
3.16183e+06
1.44346e+06
1.55001e+06
4.40368e+06
7.15527e+06
5.62996e+06
2.36004e+06
1.42677e+06
2.29304e+06
2.38396e+06
2.36724e+06
6.38358e+06
1.33429e+07
1.34885e+07
6.76551e+06
2.54603e+06
1.9819e+06
2.16676e+06
4.17116e+06
8.93405e+06
1.08144e+07
7.71573e+06
6.55266e+06
7.57516e+06
6.4365e+06
6.15246e+06
7.67639e+06
6.99543e+06
6.50426e+06
8.19934e+06
1.01913e+07
1.61096e+07
2.18522e+07
1.62144e+07
6.25131e+06
2.552e+06
6.06911e+06
1.27387e+07
1.39854e+07
9.28592e+06
6.49759e+06
8.30865e+06
1.35198e+07
1.58186e+07
1.37078e+07
1.3446e+07
1.68517e+07
2.26413e+07
2.2242e+07
1.57631e+07
1.25675e+07
1.43791e+07
1.68236e+07
1.48694e+07
1.25931e+07
1.3633e+07
1.61537e+07
1.43922e+07
1.05201e+07
1.40447e+07
2.4084e+07
2.68334e+07
2.12558e+07
2.19223e+07
3.07263e+07
3.40283e+07
2.78812e+07
2.02384e+07
1.37895e+07
8.90608e+06
8.8001e+06
1.84745e+07
2.88588e+07
2.53623e+07
1.92622e+07
2.61824e+07
2.96277e+07
2.70405e+07
1.98441e+07
2.07912e+07
2.3054e+07
2.55464e+07
3.34761e+07
2.98069e+07
2.2203e+07
2.00849e+07
2.03999e+07
1.69093e+07
1.04666e+07
9.95462e+06
1.36013e+07
1.70219e+07
2.32158e+07
2.72696e+07
2.88834e+07
2.92382e+07
1.94889e+07
1.37101e+07
1.68804e+07
1.97591e+07
1.83612e+07
1.65393e+07
1.23012e+07
9.89268e+06
1.26761e+07
1.49507e+07
8.1739e+06
3.22286e+06
6.33922e+06
1.31754e+07
1.78569e+07
2.08657e+07
2.58885e+07
2.27918e+07
1.18758e+07
3.57004e+06
3.91882e+06
8.12248e+06
6.77313e+06
2.04642e+06
1.12458e+06
1.48538e+06
1.18245e+06
3.36366e+06
4.94201e+06
8.81507e+06
1.37502e+07
1.41282e+07
9.18071e+06
3.29876e+06
2.29889e+06
2.35906e+06
402078
2598
2
0
13
547
16003
203060
1.32788e+06
4.20152e+06
6.1536e+06
3.47237e+06
545495
22716
465
3
0
0
0
0
0
72
2017
31476
205158
465213
181824
0
0
0
0
0
0
0
0
0
0
0
0
0
0
0
0
0
0
0
0
0
0
0
0
0
0
0
0
0
0
0
0
0
0
0
0
0
0
0
0
0
0
0
0
0
0
0
0
0
0
0
0
0
0
0
0
0
0
0
0
0
0
0
0
0
0
0
0
0
0
0
0
0
0
0
0
0
0
0
0
0
0
0
0
0
0
0
0
0
0
0
0
0
0
0
0
0
0
0
0
0
0
0
0
0
0
0
0
0
0
0
0
0
0
0
0
0
0
0
0
0
0
0
0
0
0
0
0
0
0
0
0
0
0
0
0
0
0
0
0
0
0
0
0
0
0
0
0
0
0
0
0
0
0
0
0
0
0
0
0
0
0
0
0
0
0
0
0
0
0
0
0
0
0
0
0
0
0
0
0
0
0
0
0
0
0
0
0
0
0
0
0
0
0
0
0
0
0
0
0
