1.08954e+06
0
0
0
0
0
0
0
0
0
0
0
0
0
0
0
0
2249
258299
1.84743e+06
2.68737e+06
1.3674e+06
329046
42445
4155
16799
129058
528503
1.06245e+06
992698
435772
100130
150384
1.08928e+06
3.4701e+06
4.69215e+06
2.78162e+06
793521
335783
1.16118e+06
2.2708e+06
1.94155e+06
889560
958594
2.70539e+06
4.4009e+06
3.45281e+06
1.45658e+06
881801
1.40861e+06
1.46616e+06
1.46328e+06
3.93161e+06
8.19513e+06
8.27941e+06
4.16468e+06
1.57254e+06
1.22468e+06
1.33667e+06
2.57078e+06
5.48264e+06
6.64683e+06
4.74681e+06
4.03241e+06
4.66214e+06
3.95856e+06
3.78288e+06
4.72069e+06
4.30292e+06
4.00103e+06
5.04908e+06
6.26823e+06
9.8965e+06
1.34415e+07
9.95461e+06
3.85788e+06
1.58594e+06
3.73284e+06
7.8218e+06
8.59686e+06
5.71474e+06
4.0063e+06
5.11398e+06
8.30348e+06
9.7286e+06
8.42078e+06
8.28943e+06
1.0362e+07
1.39203e+07
1.36705e+07
9.69069e+06
7.74562e+06
8.83763e+06
1.03533e+07
9.13187e+06
7.75793e+06
8.38087e+06
9.93277e+06
8.84748e+06
6.47759e+06
8.64785e+06
1.48042e+07
1.65022e+07
1.30693e+07
1.34868e+07
1.88885e+07
2.0935e+07
1.71311e+07
1.24539e+07
8.48148e+06
5.49545e+06
5.42497e+06
1.13398e+07
1.77607e+07
1.55824e+07
1.18513e+07
1.6101e+07
1.82295e+07
1.66272e+07
1.22e+07
1.27999e+07
1.41729e+07
1.57162e+07
2.05741e+07
1.8335e+07
1.36586e+07
1.23424e+07
1.25637e+07
1.03936e+07
6.44178e+06
6.12866e+06
8.3555e+06
1.04711e+07
1.42868e+07
1.67686e+07
1.7753e+07
1.79825e+07
1.19934e+07
8.43154e+06
1.03824e+07
1.2146e+07
1.12855e+07
1.01833e+07
7.56408e+06
6.08324e+06
7.80226e+06
9.18003e+06
5.03644e+06
1.9868e+06
3.8971e+06
8.09942e+06
1.10018e+07
1.2821e+07
1.591e+07
1.40106e+07
7.31296e+06
2.20322e+06
2.41117e+06
4.98608e+06
4.16819e+06
1.26227e+06
692921
912337
731600
2.0691e+06
3.04115e+06
5.41755e+06
8.4463e+06
8.68126e+06
5.65928e+06
2.03115e+06
1.41308e+06
1.45038e+06
248648
1610
2
0
12
374
10504
127003
818353
2.58242e+06
3.78126e+06
2.13556e+06
335210
14772
355
0
0
0
0
0
0
61
1369
20268
126533
284764
111773
0
0
0
0
0
0
0
0
0
0
0
0
0
0
0
0
0
0
0
0
0
0
0
0
0
0
0
0
0
0
0
0
0
0
0
0
0
0
0
0
0
0
0
0
0
0
0
0
0
0
0
0
0
0
0
0
0
0
0
0
0
0
0
0
0
0
0
0
0
0
0
0
0
0
0
0
0
0
0
0
0
0
0
0
0
0
0
0
0
0
0
0
0
0
0
0
0
0
0
0
0
0
0
0
0
0
0
0
0
0
0
0
0
0
0
0
0
0
0
0
0
0
0
0
0
0
0
0
0
0
0
0
0
0
0
0
0
0
0
0
0
0
0
0
0
0
0
0
0
0
0
0
0
0
0
0
0
0
0
0
0
0
0
0
0
0
0
0
0
0
0
0
0
0
0
0
0
0
0
0
0
0
0
0
0
0
0
0
0
0
0
0
0
0
0
0
0
0
0
0
