1.25542e+06
0
0
0
0
0
0
0
0
0
0
0
0
0
0
0
0
2594
297593
2.1285e+06
3.09685e+06
1.57645e+06
378350
48756
4790
19116
148012
609689
1.22477e+06
1.14426e+06
502115
114681
172127
1.25448e+06
3.99976e+06
5.40748e+06
3.20795e+06
911774
385526
1.33741e+06
2.61709e+06
2.23972e+06
1.02295e+06
1.10183e+06
3.1169e+06
5.07335e+06
3.98509e+06
1.67448e+06
1.01251e+06
1.62487e+06
1.68969e+06
1.68187e+06
4.52626e+06
9.45076e+06
9.54896e+06
4.79565e+06
1.80766e+06
1.40797e+06
1.53959e+06
2.95794e+06
6.3233e+06
7.66335e+06
5.46839e+06
4.64318e+06
5.37296e+06
4.56104e+06
4.35877e+06
5.44038e+06
4.95562e+06
4.60998e+06
5.81632e+06
7.21546e+06
1.14097e+07
1.54981e+07
1.14792e+07
4.43453e+06
1.81845e+06
4.29871e+06
9.01867e+06
9.91105e+06
6.58353e+06
4.61157e+06
5.88997e+06
9.5736e+06
1.12094e+07
9.70502e+06
9.54352e+06
1.19405e+07
1.60441e+07
1.57585e+07
1.11627e+07
8.91687e+06
1.01883e+07
1.19288e+07
1.05297e+07
8.92937e+06
9.65673e+06
1.14506e+07
1.01986e+07
7.45488e+06
9.95858e+06
1.70654e+07
1.90179e+07
1.5056e+07
1.55368e+07
2.17718e+07
2.41223e+07
1.97458e+07
1.43451e+07
9.77566e+06
6.32287e+06
6.23615e+06
1.30754e+07
2.0472e+07
1.7966e+07
1.36449e+07
1.85541e+07
2.10057e+07
1.91579e+07
1.40571e+07
1.47389e+07
1.6335e+07
1.81043e+07
2.37151e+07
2.11354e+07
1.57307e+07
1.42266e+07
1.44708e+07
1.1978e+07
7.4167e+06
7.05761e+06
9.62923e+06
1.20642e+07
1.64684e+07
1.93276e+07
2.04541e+07
2.07217e+07
1.38136e+07
9.71383e+06
1.19632e+07
1.40007e+07
1.30027e+07
1.173e+07
8.71912e+06
7.00493e+06
8.98819e+06
1.05928e+07
5.79803e+06
2.28375e+06
4.49087e+06
9.33595e+06
1.26649e+07
1.47701e+07
1.8344e+07
1.61544e+07
8.42262e+06
2.53163e+06
2.77363e+06
5.75324e+06
4.80478e+06
1.45134e+06
796068
1.05354e+06
838685
2.38455e+06
3.50504e+06
6.24315e+06
9.73343e+06
1.00089e+07
6.51661e+06
2.33946e+06
1.62722e+06
1.6741e+06
285861
1836
2
0
12
405
11728
145024
941215
2.97722e+06
4.35788e+06
2.46228e+06
385821
16859
374
0
0
0
0
0
0
61
1492
22943
145614
328802
128800
0
0
0
0
0
0
0
0
0
0
0
0
0
0
0
0
0
0
0
0
0
0
0
0
0
0
0
0
0
0
0
0
0
0
0
0
0
0
0
0
0
0
0
0
0
0
0
0
0
0
0
0
0
0
0
0
0
0
0
0
0
0
0
0
0
0
0
0
0
0
0
0
0
0
0
0
0
0
0
0
0
0
0
0
0
0
0
0
0
0
0
0
0
0
0
0
0
0
0
0
0
0
0
0
0
0
0
0
0
0
0
0
0
0
0
0
0
0
0
0
0
0
0
0
0
0
0
0
0
0
0
0
0
0
0
0
0
0
0
0
0
0
0
0
0
0
0
0
0
0
0
0
0
0
0
0
0
0
0
0
0
0
0
0
0
0
0
0
0
0
0
0
0
0
0
0
0
0
0
0
0
0
0
0
0
0
0
0
0
0
0
0
0
0
0
0
0
0
0
0
