1.06291e+06
0
0
0
0
0
0
0
0
0
0
0
0
0
0
0
0
2189
252104
1.80228e+06
2.62138e+06
1.33396e+06
321178
41489
4046
16370
126076
515710
1.03623e+06
967986
425457
97748
147114
1.06335e+06
3.3846e+06
4.57645e+06
2.71338e+06
774640
328325
1.1327e+06
2.2149e+06
1.89414e+06
868047
936239
2.63884e+06
4.29212e+06
3.36764e+06
1.42191e+06
861018
1.37402e+06
1.43004e+06
1.42911e+06
3.83656e+06
7.99254e+06
8.07396e+06
4.06408e+06
1.53572e+06
1.19501e+06
1.30481e+06
2.50926e+06
5.34658e+06
6.48318e+06
4.63162e+06
3.93505e+06
4.54634e+06
3.86208e+06
3.69243e+06
4.60419e+06
4.19735e+06
3.90359e+06
4.92653e+06
6.11742e+06
9.65374e+06
1.31078e+07
9.70911e+06
3.76753e+06
1.55014e+06
3.6432e+06
7.62787e+06
8.384e+06
5.576e+06
3.91028e+06
4.99175e+06
8.09773e+06
9.48844e+06
8.21731e+06
8.08883e+06
1.01087e+07
1.35777e+07
1.33338e+07
9.45503e+06
7.55981e+06
8.62101e+06
1.00979e+07
8.90895e+06
7.57027e+06
8.17756e+06
9.68625e+06
8.6304e+06
6.32359e+06
8.44058e+06
1.44384e+07
1.60937e+07
1.27527e+07
1.31626e+07
1.8425e+07
2.04174e+07
1.67118e+07
1.21508e+07
8.2753e+06
5.36295e+06
5.29741e+06
1.10633e+07
1.73195e+07
1.52e+07
1.15695e+07
1.5707e+07
1.77798e+07
1.62195e+07
1.19041e+07
1.24884e+07
1.38274e+07
1.5337e+07
2.0065e+07
1.78824e+07
1.33277e+07
1.2042e+07
1.22559e+07
1.01384e+07
6.28779e+06
5.98085e+06
8.15171e+06
1.0217e+07
1.39334e+07
1.63565e+07
1.7321e+07
1.75392e+07
1.17023e+07
8.22856e+06
1.01281e+07
1.18482e+07
1.10097e+07
9.9342e+06
7.37934e+06
5.93631e+06
7.61159e+06
8.95208e+06
4.91383e+06
1.94061e+06
3.80355e+06
7.89991e+06
1.07339e+07
1.25105e+07
1.55186e+07
1.3663e+07
7.13512e+06
2.1521e+06
2.35476e+06
4.86176e+06
4.06444e+06
1.23259e+06
676433
889735
715003
2.01889e+06
2.96721e+06
5.2856e+06
8.23885e+06
8.46719e+06
5.52057e+06
1.98252e+06
1.37966e+06
1.4134e+06
242575
1583
2
0
12
365
10349
124410
799227
2.51924e+06
3.68762e+06
2.08317e+06
327005
14466
346
0
0
0
0
0
0
59
1340
19776
123727
277641
108913
0
0
0
0
0
0
0
0
0
0
0
0
0
0
0
0
0
0
0
0
0
0
0
0
0
0
0
0
0
0
0
0
0
0
0
0
0
0
0
0
0
0
0
0
0
0
0
0
0
0
0
0
0
0
0
0
0
0
0
0
0
0
0
0
0
0
0
0
0
0
0
0
0
0
0
0
0
0
0
0
0
0
0
0
0
0
0
0
0
0
0
0
0
0
0
0
0
0
0
0
0
0
0
0
0
0
0
0
0
0
0
0
0
0
0
0
0
0
0
0
0
0
0
0
0
0
0
0
0
0
0
0
0
0
0
0
0
0
0
0
0
0
0
0
0
0
0
0
0
0
0
0
0
0
0
0
0
0
0
0
0
0
0
0
0
0
0
0
0
0
0
0
0
0
0
0
0
0
0
0
0
0
0
0
0
0
0
0
0
0
0
0
0
0
0
0
0
0
0
0
