1.86778e+06
0
0
0
0
0
0
0
0
0
0
0
0
0
0
0
2
3757
442136
3.16836e+06
4.60399e+06
2.34835e+06
563180
71799
6964
28295
219674
907467
1.82271e+06
1.70271e+06
747362
169739
255726
1.86617e+06
5.95442e+06
8.03807e+06
4.77936e+06
1.35512e+06
571675
1.99053e+06
3.89238e+06
3.3333e+06
1.52338e+06
1.6358e+06
4.64211e+06
7.54052e+06
5.93621e+06
2.489e+06
1.50594e+06
2.41554e+06
2.51494e+06
2.49752e+06
6.73374e+06
1.40611e+07
1.422e+07
7.13564e+06
2.68549e+06
2.0894e+06
2.28505e+06
4.39933e+06
9.41767e+06
1.13979e+07
8.1389e+06
6.91027e+06
7.98166e+06
6.78829e+06
6.48712e+06
8.0923e+06
7.37874e+06
6.85849e+06
8.64377e+06
1.07489e+07
1.69858e+07
2.30276e+07
1.7094e+07
6.59624e+06
2.69571e+06
6.40207e+06
1.34251e+07
1.47399e+07
9.79372e+06
6.85339e+06
8.76067e+06
1.42522e+07
1.66782e+07
1.44572e+07
1.41765e+07
1.77711e+07
2.38611e+07
2.34471e+07
1.66234e+07
1.32541e+07
1.51656e+07
1.7728e+07
1.5677e+07
1.32819e+07
1.43737e+07
1.70271e+07
1.51705e+07
1.11005e+07
1.48147e+07
2.53863e+07
2.82844e+07
2.24192e+07
2.31189e+07
3.23896e+07
3.58653e+07
2.93988e+07
2.13365e+07
1.45422e+07
9.39563e+06
9.28904e+06
1.94823e+07
3.04029e+07
2.67372e+07
2.03274e+07
2.76064e+07
3.12263e+07
2.85099e+07
2.09298e+07
2.19228e+07
2.43095e+07
2.69398e+07
3.52843e+07
3.14157e+07
2.34129e+07
2.11799e+07
2.15056e+07
1.78291e+07
1.10429e+07
1.04993e+07
1.43402e+07
1.7948e+07
2.44688e+07
2.87471e+07
3.04597e+07
3.08174e+07
2.05445e+07
1.4469e+07
1.77971e+07
2.08275e+07
1.93645e+07
1.74317e+07
1.29709e+07
1.04365e+07
1.33622e+07
1.57534e+07
8.61823e+06
3.40302e+06
6.68774e+06
1.38897e+07
1.88298e+07
2.20098e+07
2.72852e+07
2.40195e+07
1.25202e+07
3.77039e+06
4.13958e+06
8.56032e+06
7.13269e+06
2.16036e+06
1.18712e+06
1.56568e+06
1.24853e+06
3.54801e+06
5.20975e+06
9.29546e+06
1.44988e+07
1.48918e+07
9.67361e+06
3.48209e+06
2.42537e+06
2.48494e+06
423937
2764
2
0
13
590
16872
214513
1.40181e+06
4.43039e+06
6.48502e+06
3.66084e+06
575195
24252
493
3
0
0
0
0
0
72
2140
33240
216545
490256
191635
0
0
0
0
0
0
0
0
0
0
0
0
0
0
0
0
0
0
0
0
0
0
0
0
0
0
0
0
0
0
0
0
0
0
0
0
0
0
0
0
0
0
0
0
0
0
0
0
0
0
0
0
0
0
0
0
0
0
0
0
0
0
0
0
0
0
0
0
0
0
0
0
0
0
0
0
0
0
0
0
0
0
0
0
0
0
0
0
0
0
0
0
0
0
0
0
0
0
0
0
0
0
0
0
0
0
0
0
0
0
0
0
0
0
0
0
0
0
0
0
0
0
0
0
0
0
0
0
0
0
0
0
0
0
0
0
0
0
0
0
0
0
0
0
0
0
0
0
0
0
0
0
0
0
0
0
0
0
0
0
0
0
0
0
0
0
0
0
0
0
0
0
0
0
0
0
0
0
0
0
0
0
0
0
0
0
0
0
0
0
0
0
0
0
0
0
0
0
0
0
