1.77211e+06
8.37273e+06
1.29773e+07
1.79313e+07
2.30249e+07
2.77627e+07
3.26231e+07
3.75183e+07
4.27682e+07
4.82911e+07
5.34288e+07
5.82243e+07
6.33002e+07
6.81643e+07
7.31128e+07
7.77066e+07
8.23528e+07
8.80013e+07
9.41066e+07
9.97743e+07
1.04735e+08
1.09646e+08
1.14763e+08
1.20091e+08
1.2466e+08
1.28555e+08
1.33119e+08
1.37764e+08
1.42606e+08
1.47652e+08
1.52622e+08
1.58005e+08
1.63237e+08
1.68339e+08
1.73114e+08
1.77349e+08
1.82338e+08
1.87247e+08
1.9132e+08
1.96434e+08
2.01963e+08
2.06881e+08
