1.34554e+06
0
0
0
0
0
0
0
0
0
0
0
0
0
0
0
0
2791
318767
2.28134e+06
3.31885e+06
1.69027e+06
405619
51874
5117
20296
158203
653082
1.31442e+06
1.22668e+06
537563
122519
183636
1.34373e+06
4.28907e+06
5.79555e+06
3.43959e+06
975974
411686
1.43334e+06
2.80634e+06
2.40126e+06
1.09465e+06
1.17844e+06
3.34078e+06
5.44257e+06
4.27287e+06
1.79147e+06
1.08373e+06
1.74227e+06
1.81087e+06
1.79951e+06
4.84889e+06
1.01337e+07
1.02414e+07
5.13838e+06
1.93305e+06
1.50805e+06
1.6487e+06
3.16784e+06
6.78067e+06
8.21746e+06
5.85762e+06
4.97668e+06
5.75965e+06
4.88761e+06
4.66974e+06
5.83346e+06
5.31074e+06
4.94017e+06
6.23192e+06
7.73095e+06
1.22317e+07
1.66135e+07
1.23117e+07
4.74637e+06
1.94032e+06
4.60719e+06
9.67253e+06
1.06261e+07
7.05395e+06
4.93684e+06
6.30962e+06
1.02657e+07
1.20179e+07
1.04014e+07
1.02219e+07
1.27973e+07
1.71993e+07
1.68961e+07
1.1964e+07
9.55103e+06
1.09176e+07
1.27867e+07
1.12878e+07
9.56663e+06
1.03513e+07
1.22726e+07
1.09362e+07
7.98424e+06
1.06647e+07
1.82969e+07
2.03901e+07
1.61313e+07
1.66437e+07
2.33415e+07
2.58619e+07
2.11663e+07
1.53712e+07
1.04775e+07
6.77151e+06
6.67171e+06
1.40158e+07
2.19525e+07
1.92614e+07
1.46094e+07
1.98892e+07
2.25177e+07
2.0536e+07
1.50606e+07
1.57931e+07
1.75043e+07
1.9399e+07
2.54291e+07
2.26551e+07
1.68628e+07
1.52461e+07
1.55075e+07
1.2838e+07
7.94434e+06
7.55874e+06
1.03235e+07
1.29311e+07
1.76529e+07
2.07157e+07
2.19238e+07
2.22106e+07
1.48076e+07
1.04066e+07
1.28195e+07
1.50077e+07
1.39356e+07
1.25702e+07
9.34726e+06
7.50586e+06
9.63282e+06
1.13605e+07
6.21348e+06
2.44515e+06
4.81154e+06
1.00073e+07
1.35689e+07
1.58299e+07
1.9665e+07
1.73174e+07
9.0274e+06
2.71084e+06
2.96971e+06
6.16812e+06
5.15351e+06
1.55329e+06
852494
1.12943e+06
897564
2.55426e+06
3.75869e+06
6.69167e+06
1.04326e+07
1.07296e+07
6.9832e+06
2.50615e+06
1.74438e+06
1.79455e+06
306501
1990
2
0
12
424
12427
155176
1.00827e+06
3.19077e+06
4.671e+06
2.63974e+06
413694
17916
391
0
0
0
0
0
0
61
1572
24401
156044
352642
138048
0
0
0
0
0
0
0
0
0
0
0
0
0
0
0
0
0
0
0
0
0
0
0
0
0
0
0
0
0
0
0
0
0
0
0
0
0
0
0
0
0
0
0
0
0
0
0
0
0
0
0
0
0
0
0
0
0
0
0
0
0
0
0
0
0
0
0
0
0
0
0
0
0
0
0
0
0
0
0
0
0
0
0
0
0
0
0
0
0
0
0
0
0
0
0
0
0
0
0
0
0
0
0
0
0
0
0
0
0
0
0
0
0
0
0
0
0
0
0
0
0
0
0
0
0
0
0
0
0
0
0
0
0
0
0
0
0
0
0
0
0
0
0
0
0
0
0
0
0
0
0
0
0
0
0
0
0
0
0
0
0
0
0
0
0
0
0
0
0
0
0
0
0
0
0
0
0
0
0
0
0
0
0
0
0
0
0
0
0
0
0
0
0
0
0
0
0
0
0
0
