157696
0
0
0
0
0
0
0
0
0
0
0
0
0
0
0
0
407
38126
263856
393547
195774
47423
6477
749
2424
18755
74051
156823
144604
61627
14538
23032
157994
493290
692212
394016
116364
50211
165886
333118
279616
126401
137683
384280
657633
491340
207927
127050
204031
214709
213197
559318
1.19429e+06
1.2014e+06
592135
229194
184254
192653
366759
786383
985933
671966
575110
694597
563755
539292
697698
616505
570109
752294
899216
1.40431e+06
1.99256e+06
1.41552e+06
553614
236296
532399
1.13755e+06
1.25879e+06
809485
588645
730108
1.19979e+06
1.4303e+06
1.19401e+06
1.22175e+06
1.47395e+06
2.03171e+06
1.98786e+06
1.38446e+06
1.13512e+06
1.25395e+06
1.53213e+06
1.29812e+06
1.13864e+06
1.19701e+06
1.45023e+06
1.28081e+06
932314
1.2421e+06
2.15126e+06
2.40797e+06
1.87368e+06
1.94067e+06
2.73686e+06
3.04881e+06
2.46126e+06
1.81081e+06
1.22609e+06
801967
783620
1.61127e+06
2.62998e+06
2.22641e+06
1.70122e+06
2.31497e+06
2.67717e+06
2.38585e+06
1.76407e+06
1.87941e+06
2.03739e+06
2.26549e+06
2.96073e+06
2.69033e+06
1.96394e+06
1.77065e+06
1.84557e+06
1.49078e+06
927951
894874
1.20034e+06
1.50815e+06
2.09646e+06
2.41971e+06
2.54603e+06
2.62742e+06
1.73754e+06
1.19987e+06
1.51807e+06
1.75865e+06
1.61458e+06
1.49187e+06
1.086e+06
884284
1.13224e+06
1.31751e+06
734115
286832
562331
1.16388e+06
1.63853e+06
1.81268e+06
2.30123e+06
2.03453e+06
1.0676e+06
317510
347353
709330
617311
180701
99355
132743
107909
292901
440057
782046
1.22433e+06
1.24736e+06
839807
287082
202398
210287
37926
281
0
0
3
69
1626
18538
116441
367054
551965
313482
47954
2088
44
0
0
0
0
0
0
7
238
2869
17944
39990
17800
0
0
0
0
0
0
0
0
0
0
0
0
0
0
0
0
0
0
0
0
0
0
0
0
0
0
0
0
0
0
0
0
0
0
0
0
0
0
0
0
0
0
0
0
0
0
0
0
0
0
0
0
0
0
0
0
0
0
0
0
0
0
0
0
0
0
0
0
0
0
0
0
0
0
0
0
0
0
0
0
0
0
0
0
0
0
0
0
0
0
0
0
0
0
0
0
0
0
0
0
0
0
0
0
0
0
0
0
0
0
0
0
0
0
0
0
0
0
0
0
0
0
0
0
0
0
0
0
0
0
0
0
0
0
0
0
0
0
0
0
0
0
0
0
0
0
0
0
0
0
0
0
0
0
0
0
0
0
0
0
0
0
0
0
0
0
0
0
0
0
0
0
0
0
0
0
0
0
0
0
0
0
0
0
0
0
0
0
0
0
0
0
0
0
0
0
0
0
0
0
