1.31891e+06
0
0
0
0
0
0
0
0
0
0
0
0
0
0
0
0
2737
312385
2.23631e+06
3.25339e+06
1.65663e+06
397427
50965
5028
19923
155014
640275
1.28847e+06
1.20227e+06
526675
120261
180167
1.31709e+06
4.20362e+06
5.68207e+06
3.37044e+06
956826
403812
1.40514e+06
2.75076e+06
2.35357e+06
1.07301e+06
1.15597e+06
3.275e+06
5.33344e+06
4.18729e+06
1.75671e+06
1.06289e+06
1.70769e+06
1.77513e+06
1.7644e+06
4.75347e+06
9.93272e+06
1.0037e+07
5.0367e+06
1.89614e+06
1.47828e+06
1.61598e+06
3.107e+06
6.64577e+06
8.05228e+06
5.74277e+06
4.87886e+06
5.64496e+06
4.79077e+06
4.57825e+06
5.71728e+06
5.2058e+06
4.84297e+06
6.10963e+06
7.57782e+06
1.19894e+07
1.62836e+07
1.20648e+07
4.65548e+06
1.90429e+06
4.51683e+06
9.47776e+06
1.04144e+07
6.9153e+06
4.84138e+06
6.18592e+06
1.0061e+07
1.17785e+07
1.01953e+07
1.00228e+07
1.25437e+07
1.68583e+07
1.65591e+07
1.1727e+07
9.36323e+06
1.07025e+07
1.25332e+07
1.10643e+07
9.37945e+06
1.01465e+07
1.20274e+07
1.07182e+07
7.82853e+06
1.0457e+07
1.79349e+07
1.99809e+07
1.5813e+07
1.63198e+07
2.28778e+07
2.53461e+07
2.07462e+07
1.50676e+07
1.02709e+07
6.63914e+06
6.5434e+06
1.37389e+07
2.15136e+07
1.88782e+07
1.4327e+07
1.94943e+07
2.20697e+07
2.01296e+07
1.47641e+07
1.54813e+07
1.71576e+07
1.90179e+07
2.49225e+07
2.22056e+07
1.6529e+07
1.49451e+07
1.51995e+07
1.25843e+07
7.7891e+06
7.41103e+06
1.01183e+07
1.26759e+07
1.73029e+07
2.03049e+07
2.14898e+07
2.17697e+07
1.45127e+07
1.02042e+07
1.25665e+07
1.47082e+07
1.36614e+07
1.23215e+07
9.16167e+06
7.35908e+06
9.44198e+06
1.11332e+07
6.09012e+06
2.39833e+06
4.71711e+06
9.80903e+06
1.33017e+07
1.55165e+07
1.92747e+07
1.69737e+07
8.84712e+06
2.65924e+06
2.91216e+06
6.04559e+06
5.04948e+06
1.52365e+06
835838
1.10701e+06
880525
2.50437e+06
3.68367e+06
6.55888e+06
1.02261e+07
1.05161e+07
6.84449e+06
2.4578e+06
1.70982e+06
1.75898e+06
300409
1941
2
0
12
421
12280
152296
988705
3.12772e+06
4.57783e+06
2.58736e+06
405590
17605
386
0
0
0
0
0
0
61
1544
24011
153127
345414
135299
0
0
0
0
0
0
0
0
0
0
0
0
0
0
0
0
0
0
0
0
0
0
0
0
0
0
0
0
0
0
0
0
0
0
0
0
0
0
0
0
0
0
0
0
0
0
0
0
0
0
0
0
0
0
0
0
0
0
0
0
0
0
0
0
0
0
0
0
0
0
0
0
0
0
0
0
0
0
0
0
0
0
0
0
0
0
0
0
0
0
0
0
0
0
0
0
0
0
0
0
0
0
0
0
0
0
0
0
0
0
0
0
0
0
0
0
0
0
0
0
0
0
0
0
0
0
0
0
0
0
0
0
0
0
0
0
0
0
0
0
0
0
0
0
0
0
0
0
0
0
0
0
0
0
0
0
0
0
0
0
0
0
0
0
0
0
0
0
0
0
0
0
0
0
0
0
0
0
0
0
0
0
0
0
0
0
0
0
0
0
0
0
0
0
0
0
0
0
0
0
