1.83296e+06
0
0
0
0
0
0
0
0
0
0
0
0
0
0
0
2
3688
433758
3.10944e+06
4.51838e+06
2.30457e+06
552508
70429
6811
27661
215432
890920
1.78854e+06
1.67137e+06
733288
166492
250555
1.83133e+06
5.84326e+06
7.88962e+06
4.69041e+06
1.32897e+06
560906
1.95268e+06
3.8207e+06
3.27149e+06
1.49426e+06
1.60487e+06
4.55551e+06
7.4006e+06
5.82715e+06
2.44189e+06
1.47693e+06
2.37143e+06
2.46718e+06
2.45043e+06
6.60662e+06
1.38008e+07
1.3957e+07
7.00277e+06
2.63381e+06
2.05003e+06
2.24209e+06
4.31719e+06
9.24197e+06
1.11874e+07
7.98693e+06
6.77997e+06
7.83482e+06
6.66159e+06
6.36551e+06
7.94217e+06
7.23984e+06
6.7295e+06
8.4831e+06
1.05478e+07
1.6668e+07
2.2603e+07
1.67782e+07
6.47093e+06
2.64177e+06
6.28121e+06
1.31769e+07
1.44683e+07
9.61113e+06
6.72318e+06
8.59662e+06
1.39867e+07
1.63686e+07
1.41857e+07
1.39116e+07
1.74371e+07
2.34207e+07
2.30154e+07
1.63113e+07
1.30047e+07
1.48813e+07
1.73991e+07
1.53867e+07
1.30316e+07
1.41059e+07
1.67108e+07
1.4891e+07
1.08899e+07
1.45326e+07
2.49157e+07
2.77636e+07
2.19973e+07
2.26819e+07
3.1791e+07
3.5204e+07
2.88501e+07
2.09382e+07
1.42695e+07
9.21857e+06
9.10995e+06
1.91164e+07
2.98461e+07
2.62425e+07
1.99387e+07
2.70901e+07
3.06501e+07
2.79793e+07
2.05365e+07
2.15122e+07
2.38549e+07
2.6433e+07
3.4634e+07
3.08379e+07
2.29743e+07
2.07815e+07
2.1106e+07
1.74968e+07
1.08324e+07
1.03017e+07
1.40735e+07
1.76142e+07
2.40158e+07
2.82133e+07
2.98872e+07
3.02489e+07
2.01637e+07
1.41924e+07
1.74656e+07
2.04402e+07
1.90015e+07
1.71101e+07
1.27291e+07
1.02387e+07
1.31142e+07
1.54652e+07
8.45622e+06
3.33771e+06
6.56178e+06
1.36311e+07
1.84772e+07
2.1596e+07
2.678e+07
2.35765e+07
1.22873e+07
3.69716e+06
4.05956e+06
8.40305e+06
7.00245e+06
2.11902e+06
1.16432e+06
1.53668e+06
1.22471e+06
3.48161e+06
5.11216e+06
9.12121e+06
1.42281e+07
1.4616e+07
9.49577e+06
3.41559e+06
2.38006e+06
2.43904e+06
416149
2694
2
0
13
574
16575
210433
1.37491e+06
4.34749e+06
6.36449e+06
3.5935e+06
564392
23772
481
3
0
0
0
0
0
72
2082
32659
212453
481061
188153
0
0
0
0
0
0
0
0
0
0
0
0
0
0
0
0
0
0
0
0
0
0
0
0
0
0
0
0
0
0
0
0
0
0
0
0
0
0
0
0
0
0
0
0
0
0
0
0
0
0
0
0
0
0
0
0
0
0
0
0
0
0
0
0
0
0
0
0
0
0
0
0
0
0
0
0
0
0
0
0
0
0
0
0
0
0
0
0
0
0
0
0
0
0
0
0
0
0
0
0
0
0
0
0
0
0
0
0
0
0
0
0
0
0
0
0
0
0
0
0
0
0
0
0
0
0
0
0
0
0
0
0
0
0
0
0
0
0
0
0
0
0
0
0
0
0
0
0
0
0
0
0
0
0
0
0
0
0
0
0
0
0
0
0
0
0
0
0
0
0
0
0
0
0
0
0
0
0
0
0
0
0
0
0
0
0
0
0
0
0
0
0
0
0
0
0
0
0
0
0
