1.98861e+06
0
0
0
0
0
0
0
0
0
0
0
0
0
0
0
2
3975
470573
3.3733e+06
4.90278e+06
2.49962e+06
599374
76555
7539
30175
233445
966064
1.94157e+06
1.81266e+06
795449
180607
272440
1.98698e+06
6.34009e+06
8.55802e+06
5.08764e+06
1.44251e+06
609455
2.11944e+06
4.14383e+06
3.54912e+06
1.62162e+06
1.74192e+06
4.94294e+06
8.02676e+06
6.32121e+06
2.6496e+06
1.6025e+06
2.57296e+06
2.67827e+06
2.65952e+06
7.16929e+06
1.49706e+07
1.51386e+07
7.59718e+06
2.85977e+06
2.22421e+06
2.43238e+06
4.68497e+06
1.00278e+07
1.21342e+07
8.66635e+06
7.35771e+06
8.49626e+06
7.22823e+06
6.90403e+06
8.61744e+06
7.85859e+06
7.30231e+06
9.20093e+06
1.14455e+07
1.80868e+07
2.45128e+07
1.82003e+07
7.02155e+06
2.87208e+06
6.81768e+06
1.42943e+07
1.56905e+07
1.04285e+07
7.29728e+06
9.32566e+06
1.51769e+07
1.77541e+07
1.53931e+07
1.50968e+07
1.89228e+07
2.5401e+07
2.49628e+07
1.76985e+07
1.4112e+07
1.61522e+07
1.88685e+07
1.66901e+07
1.41421e+07
1.53079e+07
1.81261e+07
1.61472e+07
1.18229e+07
1.57753e+07
2.70306e+07
3.01111e+07
2.38688e+07
2.462e+07
3.44821e+07
3.81794e+07
3.1303e+07
2.27138e+07
1.54848e+07
1.0006e+07
9.8953e+06
2.07468e+07
3.23563e+07
2.84638e+07
2.16492e+07
2.9397e+07
3.32422e+07
3.03534e+07
2.22893e+07
2.33409e+07
2.58847e+07
2.86834e+07
3.75649e+07
3.34409e+07
2.49287e+07
2.25481e+07
2.28964e+07
1.89873e+07
1.17604e+07
1.11795e+07
1.52686e+07
1.91063e+07
2.60492e+07
3.06061e+07
3.24336e+07
3.2806e+07
2.18719e+07
1.54118e+07
1.89514e+07
2.21713e+07
2.0617e+07
1.85578e+07
1.38098e+07
1.11128e+07
1.42271e+07
1.67673e+07
9.17616e+06
3.62447e+06
7.12087e+06
1.47913e+07
2.00482e+07
2.34355e+07
2.90559e+07
2.55658e+07
1.33248e+07
4.01757e+06
4.41012e+06
9.11457e+06
7.58824e+06
2.30172e+06
1.26366e+06
1.66762e+06
1.32936e+06
3.77754e+06
5.54702e+06
9.89564e+06
1.54429e+07
1.58567e+07
1.02923e+07
3.70858e+06
2.58237e+06
2.6446e+06
451508
2958
2
0
13
638
17826
228575
1.49272e+06
4.71812e+06
6.90314e+06
3.89741e+06
612701
25791
530
3
0
0
0
0
0
82
2299
35307
230454
521996
204166
0
0
0
0
0
0
0
0
0
0
0
0
0
0
0
0
0
0
0
0
0
0
0
0
0
0
0
0
0
0
0
0
0
0
0
0
0
0
0
0
0
0
0
0
0
0
0
0
0
0
0
0
0
0
0
0
0
0
0
0
0
0
0
0
0
0
0
0
0
0
0
0
0
0
0
0
0
0
0
0
0
0
0
0
0
0
0
0
0
0
0
0
0
0
0
0
0
0
0
0
0
0
0
0
0
0
0
0
0
0
0
0
0
0
0
0
0
0
0
0
0
0
0
0
0
0
0
0
0
0
0
0
0
0
0
0
0
0
0
0
0
0
0
0
0
0
0
0
0
0
0
0
0
0
0
0
0
0
0
0
0
0
0
0
0
0
0
0
0
0
0
0
0
0
0
0
0
0
0
0
0
0
0
0
0
0
0
0
0
0
0
0
0
0
0
0
0
0
0
0
