1.97018e+06
0
0
0
0
0
0
0
0
0
0
0
0
0
0
0
2
3940
466187
3.34175e+06
4.85765e+06
2.47666e+06
593612
75850
7457
29905
231204
957054
1.92368e+06
1.79603e+06
787887
178998
269720
1.96844e+06
6.28142e+06
8.47899e+06
5.04057e+06
1.42901e+06
603452
2.09953e+06
4.1064e+06
3.51615e+06
1.60653e+06
1.72511e+06
4.89682e+06
7.95332e+06
6.26294e+06
2.62433e+06
1.58802e+06
2.54898e+06
2.65318e+06
2.63411e+06
7.10249e+06
1.48337e+07
1.49989e+07
7.5258e+06
2.83273e+06
2.20399e+06
2.4095e+06
4.6406e+06
9.93573e+06
1.20228e+07
8.58489e+06
7.28951e+06
8.4183e+06
7.16053e+06
6.84005e+06
8.53832e+06
7.78536e+06
7.23393e+06
9.11657e+06
1.1338e+07
1.79196e+07
2.42878e+07
1.80313e+07
6.95547e+06
2.84499e+06
6.75384e+06
1.41629e+07
1.55456e+07
1.03311e+07
7.22901e+06
9.2389e+06
1.5037e+07
1.75916e+07
1.52491e+07
1.49554e+07
1.87473e+07
2.51664e+07
2.47326e+07
1.75333e+07
1.39814e+07
1.60012e+07
1.86958e+07
1.65352e+07
1.40101e+07
1.5166e+07
1.79579e+07
1.59991e+07
1.17113e+07
1.56281e+07
2.67819e+07
2.98332e+07
2.36475e+07
2.43885e+07
3.41641e+07
3.7827e+07
3.10128e+07
2.25034e+07
1.53412e+07
9.91289e+06
9.80141e+06
2.05532e+07
3.20612e+07
2.82005e+07
2.14442e+07
2.9125e+07
3.29366e+07
3.0071e+07
2.2081e+07
2.3126e+07
2.56443e+07
2.8415e+07
3.72178e+07
3.31336e+07
2.46975e+07
2.23388e+07
2.26839e+07
1.88115e+07
1.16507e+07
1.10749e+07
1.51262e+07
1.89296e+07
2.58089e+07
3.03228e+07
3.21313e+07
3.25048e+07
2.16699e+07
1.52664e+07
1.87753e+07
2.19674e+07
2.04252e+07
1.83863e+07
1.36815e+07
1.10095e+07
1.40954e+07
1.6612e+07
9.09171e+06
3.5902e+06
7.05422e+06
1.4654e+07
1.98642e+07
2.32172e+07
2.87846e+07
2.53311e+07
1.32029e+07
3.9793e+06
4.36815e+06
9.0299e+06
7.51916e+06
2.28025e+06
1.252e+06
1.65214e+06
1.31706e+06
3.74179e+06
5.49552e+06
9.8041e+06
1.52983e+07
1.57114e+07
1.0198e+07
3.67351e+06
2.55799e+06
2.62033e+06
447434
2928
2
0
13
633
17689
226254
1.47835e+06
4.67377e+06
6.8405e+06
3.86153e+06
606790
25531
528
3
0
0
0
0
0
82
2289
34958
228127
517247
202385
0
0
0
0
0
0
0
0
0
0
0
0
0
0
0
0
0
0
0
0
0
0
0
0
0
0
0
0
0
0
0
0
0
0
0
0
0
0
0
0
0
0
0
0
0
0
0
0
0
0
0
0
0
0
0
0
0
0
0
0
0
0
0
0
0
0
0
0
0
0
0
0
0
0
0
0
0
0
0
0
0
0
0
0
0
0
0
0
0
0
0
0
0
0
0
0
0
0
0
0
0
0
0
0
0
0
0
0
0
0
0
0
0
0
0
0
0
0
0
0
0
0
0
0
0
0
0
0
0
0
0
0
0
0
0
0
0
0
0
0
0
0
0
0
0
0
0
0
0
0
0
0
0
0
0
0
0
0
0
0
0
0
0
0
0
0
0
0
0
0
0
0
0
0
0
0
0
0
0
0
0
0
0
0
0
0
0
0
0
0
0
0
0
0
0
0
0
0
0
0
