2.03776e+06
0
0
0
0
0
0
0
0
0
0
0
0
0
0
0
2
4101
482009
3.4569e+06
5.02367e+06
2.56202e+06
613840
78355
7789
31004
239241
989820
1.98931e+06
1.85755e+06
815233
185214
279106
2.03606e+06
6.49682e+06
8.76952e+06
5.21299e+06
1.47864e+06
624481
2.17222e+06
4.24505e+06
3.63761e+06
1.66204e+06
1.78497e+06
5.06367e+06
8.22637e+06
6.47809e+06
2.71426e+06
1.6425e+06
2.63605e+06
2.74471e+06
2.72533e+06
7.34778e+06
1.5338e+07
1.55128e+07
7.78628e+06
2.93041e+06
2.27903e+06
2.49314e+06
4.79975e+06
1.02761e+07
1.24345e+07
8.88114e+06
7.53814e+06
8.70625e+06
7.40832e+06
7.07398e+06
8.83058e+06
8.05173e+06
7.48401e+06
9.42727e+06
1.17294e+07
1.85332e+07
2.51174e+07
1.86526e+07
7.19534e+06
2.94206e+06
6.98531e+06
1.46485e+07
1.60787e+07
1.06865e+07
7.47738e+06
9.55545e+06
1.5551e+07
1.81934e+07
1.57751e+07
1.54682e+07
1.93916e+07
2.60284e+07
2.55794e+07
1.81378e+07
1.44604e+07
1.65511e+07
1.93322e+07
1.71056e+07
1.4491e+07
1.56846e+07
1.85748e+07
1.65486e+07
1.21156e+07
1.61642e+07
2.76962e+07
3.08558e+07
2.44608e+07
2.52282e+07
3.5332e+07
3.91248e+07
3.20776e+07
2.32741e+07
1.58677e+07
1.02548e+07
1.01388e+07
2.12593e+07
3.31548e+07
2.91695e+07
2.21842e+07
3.01231e+07
3.40634e+07
3.11037e+07
2.28421e+07
2.39158e+07
2.65238e+07
2.9395e+07
3.84915e+07
3.42663e+07
2.55448e+07
2.3108e+07
2.34606e+07
1.94582e+07
1.20506e+07
1.14554e+07
1.5645e+07
1.95776e+07
2.66938e+07
3.13621e+07
3.32366e+07
3.36157e+07
2.24131e+07
1.5793e+07
1.9419e+07
2.27207e+07
2.11266e+07
1.90161e+07
1.41506e+07
1.13873e+07
1.45782e+07
1.71839e+07
9.40177e+06
3.71359e+06
7.29626e+06
1.51577e+07
2.05432e+07
2.40155e+07
2.97741e+07
2.61994e+07
1.36531e+07
4.11574e+06
4.51916e+06
9.34153e+06
7.77507e+06
2.35788e+06
1.29492e+06
1.70837e+06
1.36244e+06
3.87091e+06
5.68356e+06
1.01423e+07
1.58244e+07
1.62485e+07
1.0546e+07
3.80032e+06
2.64525e+06
2.71085e+06
462690
3029
2
0
13
651
18204
234059
1.53002e+06
4.83453e+06
7.07411e+06
3.99367e+06
627650
26400
537
3
0
0
0
0
0
88
2339
36173
236139
534990
209151
0
0
0
0
0
0
0
0
0
0
0
0
0
0
0
0
0
0
0
0
0
0
0
0
0
0
0
0
0
0
0
0
0
0
0
0
0
0
0
0
0
0
0
0
0
0
0
0
0
0
0
0
0
0
0
0
0
0
0
0
0
0
0
0
0
0
0
0
0
0
0
0
0
0
0
0
0
0
0
0
0
0
0
0
0
0
0
0
0
0
0
0
0
0
0
0
0
0
0
0
0
0
0
0
0
0
0
0
0
0
0
0
0
0
0
0
0
0
0
0
0
0
0
0
0
0
0
0
0
0
0
0
0
0
0
0
0
0
0
0
0
0
0
0
0
0
0
0
0
0
0
0
0
0
0
0
0
0
0
0
0
0
0
0
0
0
0
0
0
0
0
0
0
0
0
0
0
0
0
0
0
0
0
0
0
0
0
0
0
0
0
0
0
0
0
0
0
0
0
0
