1.10797e+06
0
0
0
0
0
0
0
0
0
0
0
0
0
0
0
0
2286
262601
1.87878e+06
2.73278e+06
1.3906e+06
334565
43126
4259
17046
131192
537973
1.07998e+06
1.00933e+06
443232
101910
152758
1.10825e+06
3.52878e+06
4.77088e+06
2.82901e+06
806777
341454
1.18103e+06
2.30907e+06
1.97478e+06
904107
975201
2.752e+06
4.47398e+06
3.51089e+06
1.48186e+06
896692
1.43263e+06
1.49093e+06
1.48764e+06
3.9983e+06
8.33369e+06
8.42012e+06
4.23477e+06
1.59931e+06
1.24501e+06
1.35914e+06
2.61405e+06
5.57654e+06
6.75828e+06
4.82761e+06
4.1011e+06
4.74027e+06
4.02516e+06
3.84767e+06
4.80022e+06
4.37547e+06
4.06931e+06
5.13414e+06
6.37289e+06
1.0066e+07
1.36683e+07
1.01234e+07
3.92308e+06
1.61232e+06
3.79634e+06
7.95383e+06
8.74136e+06
5.81244e+06
4.07396e+06
5.2004e+06
8.44438e+06
9.89193e+06
8.56499e+06
8.42879e+06
1.05379e+07
1.41551e+07
1.39015e+07
9.85526e+06
7.87559e+06
8.98795e+06
1.05284e+07
9.28755e+06
7.88827e+06
8.52262e+06
1.01004e+07
8.99674e+06
6.58776e+06
8.79408e+06
1.50541e+07
1.67821e+07
1.32911e+07
1.37141e+07
1.92083e+07
2.12884e+07
1.74228e+07
1.26636e+07
8.62513e+06
5.58744e+06
5.51605e+06
1.1533e+07
1.80601e+07
1.58476e+07
1.2052e+07
1.63732e+07
1.85365e+07
1.69087e+07
1.24067e+07
1.30162e+07
1.44141e+07
1.59818e+07
2.09209e+07
1.86457e+07
1.38898e+07
1.25527e+07
1.27742e+07
1.05707e+07
6.5501e+06
6.23194e+06
8.49618e+06
1.06485e+07
1.45291e+07
1.70526e+07
1.80555e+07
1.82849e+07
1.21942e+07
8.5753e+06
1.05584e+07
1.23521e+07
1.14762e+07
1.03544e+07
7.69265e+06
6.18624e+06
7.93377e+06
9.33682e+06
5.12106e+06
2.0204e+06
3.96264e+06
8.2367e+06
1.11858e+07
1.30378e+07
1.61816e+07
1.42486e+07
7.43552e+06
2.23997e+06
2.45126e+06
5.0715e+06
4.23918e+06
1.28306e+06
704464
927903
743690
2.10447e+06
3.0925e+06
5.50978e+06
8.58961e+06
8.82728e+06
5.75471e+06
2.0656e+06
1.43696e+06
1.47535e+06
252644
1633
2
0
12
377
10648
129163
832055
2.62661e+06
3.84475e+06
2.17157e+06
341120
15040
360
0
0
0
0
0
0
61
1385
20583
128763
289615
113577
0
0
0
0
0
0
0
0
0
0
0
0
0
0
0
0
0
0
0
0
0
0
0
0
0
0
0
0
0
0
0
0
0
0
0
0
0
0
0
0
0
0
0
0
0
0
0
0
0
0
0
0
0
0
0
0
0
0
0
0
0
0
0
0
0
0
0
0
0
0
0
0
0
0
0
0
0
0
0
0
0
0
0
0
0
0
0
0
0
0
0
0
0
0
0
0
0
0
0
0
0
0
0
0
0
0
0
0
0
0
0
0
0
0
0
0
0
0
0
0
0
0
0
0
0
0
0
0
0
0
0
0
0
0
0
0
0
0
0
0
0
0
0
0
0
0
0
0
0
0
0
0
0
0
0
0
0
0
0
0
0
0
0
0
0
0
0
0
0
0
0
0
0
0
0
0
0
0
0
0
0
0
0
0
0
0
0
0
0
0
0
0
0
0
0
0
0
0
0
0
