1.29638e+06
0
0
0
0
0
0
0
0
0
0
0
0
0
0
0
0
2690
307207
2.19815e+06
3.19763e+06
1.62787e+06
390859
50303
4969
19599
152622
629676
1.26567e+06
1.18138e+06
517954
118441
177616
1.29515e+06
4.13156e+06
5.58299e+06
3.31269e+06
941551
397606
1.38139e+06
2.70319e+06
2.31261e+06
1.05548e+06
1.13737e+06
3.21972e+06
5.23968e+06
4.1147e+06
1.72777e+06
1.04556e+06
1.67855e+06
1.74457e+06
1.73624e+06
4.67363e+06
9.76044e+06
9.86149e+06
4.95189e+06
1.86585e+06
1.45343e+06
1.58892e+06
3.05551e+06
6.53064e+06
7.91217e+06
5.6464e+06
4.79599e+06
5.54734e+06
4.70959e+06
4.50057e+06
5.61866e+06
5.11732e+06
4.76128e+06
6.00478e+06
7.45096e+06
1.17846e+07
1.6e+07
1.18556e+07
4.57949e+06
1.87633e+06
4.44089e+06
9.31219e+06
1.0234e+07
6.79772e+06
4.76205e+06
6.08204e+06
9.88693e+06
1.15753e+07
1.00215e+07
9.85406e+06
1.23313e+07
1.65667e+07
1.62735e+07
1.1527e+07
9.20682e+06
1.05197e+07
1.23185e+07
1.08739e+07
9.22098e+06
9.97346e+06
1.18208e+07
1.05325e+07
7.69893e+06
1.02821e+07
1.76244e+07
1.96361e+07
1.55469e+07
1.60454e+07
2.24817e+07
2.49093e+07
2.0391e+07
1.48125e+07
1.0095e+07
6.52757e+06
6.43786e+06
1.3505e+07
2.11391e+07
1.85529e+07
1.40904e+07
1.91599e+07
2.16895e+07
1.97836e+07
1.45164e+07
1.52167e+07
1.6867e+07
1.86957e+07
2.44918e+07
2.18222e+07
1.62472e+07
1.4691e+07
1.49404e+07
1.2368e+07
7.6591e+06
7.28741e+06
9.94506e+06
1.24587e+07
1.70059e+07
1.99575e+07
2.11217e+07
2.13961e+07
1.42648e+07
1.00324e+07
1.23525e+07
1.44556e+07
1.34288e+07
1.21115e+07
9.00442e+06
7.23412e+06
9.28136e+06
1.09394e+07
5.98663e+06
2.359e+06
4.63797e+06
9.64076e+06
1.30753e+07
1.52528e+07
1.89416e+07
1.66827e+07
8.6961e+06
2.61576e+06
2.86423e+06
5.94055e+06
4.96204e+06
1.49829e+06
821952
1.08792e+06
866303
2.46254e+06
3.62034e+06
6.44641e+06
1.00511e+07
1.03347e+07
6.72763e+06
2.41708e+06
1.68063e+06
1.7283e+06
295343
1913
2
0
12
420
12128
149894
972565
3.07474e+06
4.49866e+06
2.54257e+06
398711
17383
381
0
0
0
0
0
0
61
1527
23700
150491
339570
132843
0
0
0
0
0
0
0
0
0
0
0
0
0
0
0
0
0
0
0
0
0
0
0
0
0
0
0
0
0
0
0
0
0
0
0
0
0
0
0
0
0
0
0
0
0
0
0
0
0
0
0
0
0
0
0
0
0
0
0
0
0
0
0
0
0
0
0
0
0
0
0
0
0
0
0
0
0
0
0
0
0
0
0
0
0
0
0
0
0
0
0
0
0
0
0
0
0
0
0
0
0
0
0
0
0
0
0
0
0
0
0
0
0
0
0
0
0
0
0
0
0
0
0
0
0
0
0
0
0
0
0
0
0
0
0
0
0
0
0
0
0
0
0
0
0
0
0
0
0
0
0
0
0
0
0
0
0
0
0
0
0
0
0
0
0
0
0
0
0
0
0
0
0
0
0
0
0
0
0
0
0
0
0
0
0
0
0
0
0
0
0
0
0
0
0
0
0
0
0
0
