1.67117e+06
0
0
0
0
0
0
0
0
0
0
0
0
0
0
0
2
3405
395464
2.8348e+06
4.12011e+06
2.10024e+06
504135
64295
6239
25222
196633
812293
1.631e+06
1.52266e+06
668779
152303
228555
1.66965e+06
5.32791e+06
7.19286e+06
4.27436e+06
1.21305e+06
511625
1.78141e+06
3.48256e+06
2.98231e+06
1.36207e+06
1.46422e+06
4.15163e+06
6.75092e+06
5.30994e+06
2.22646e+06
1.34735e+06
2.16226e+06
2.24922e+06
2.2354e+06
6.02182e+06
1.25844e+07
1.27224e+07
6.3826e+06
2.40369e+06
1.87012e+06
2.04442e+06
3.9369e+06
8.42682e+06
1.01992e+07
7.2784e+06
6.18131e+06
7.14856e+06
6.07242e+06
5.80289e+06
7.24174e+06
6.59759e+06
6.13645e+06
7.73724e+06
9.61272e+06
1.51958e+07
2.0615e+07
1.52914e+07
5.8996e+06
2.41115e+06
5.72615e+06
1.20146e+07
1.31903e+07
8.7613e+06
6.13182e+06
7.83869e+06
1.27524e+07
1.49223e+07
1.29279e+07
1.2688e+07
1.58996e+07
2.13561e+07
2.09788e+07
1.48711e+07
1.18573e+07
1.35633e+07
1.58717e+07
1.40269e+07
1.18808e+07
1.28603e+07
1.52388e+07
1.35755e+07
9.92706e+06
1.32512e+07
2.27158e+07
2.53102e+07
2.00548e+07
2.0682e+07
2.89828e+07
3.21007e+07
2.62994e+07
1.90952e+07
1.30086e+07
8.40294e+06
8.30143e+06
1.74281e+07
2.72251e+07
2.39253e+07
1.81706e+07
2.47021e+07
2.79487e+07
2.55045e+07
1.87171e+07
1.96192e+07
2.17515e+07
2.40981e+07
3.15735e+07
2.81193e+07
2.09442e+07
1.89458e+07
1.92522e+07
1.59473e+07
9.87296e+06
9.39411e+06
1.28286e+07
1.60578e+07
2.19008e+07
2.57234e+07
2.72461e+07
2.75852e+07
1.83847e+07
1.2933e+07
1.59227e+07
1.8643e+07
1.73184e+07
1.56038e+07
1.16031e+07
9.33131e+06
1.19596e+07
1.4104e+07
7.71128e+06
3.03868e+06
5.97961e+06
1.24289e+07
1.68516e+07
1.96777e+07
2.44182e+07
2.15053e+07
1.12048e+07
3.36598e+06
3.69583e+06
7.66164e+06
6.39226e+06
1.93029e+06
1.06119e+06
1.40058e+06
1.1161e+06
3.17244e+06
4.66185e+06
8.31509e+06
1.29684e+07
1.33278e+07
8.66446e+06
3.11079e+06
2.1681e+06
2.22622e+06
379799
2457
2
0
12
500
15123
191618
1.25242e+06
3.96326e+06
5.80451e+06
3.27697e+06
514079
21591
437
3
0
0
0
0
0
63
1891
29840
193197
439117
171476
0
0
0
0
0
0
0
0
0
0
0
0
0
0
0
0
0
0
0
0
0
0
0
0
0
0
0
0
0
0
0
0
0
0
0
0
0
0
0
0
0
0
0
0
0
0
0
0
0
0
0
0
0
0
0
0
0
0
0
0
0
0
0
0
0
0
0
0
0
0
0
0
0
0
0
0
0
0
0
0
0
0
0
0
0
0
0
0
0
0
0
0
0
0
0
0
0
0
0
0
0
0
0
0
0
0
0
0
0
0
0
0
0
0
0
0
0
0
0
0
0
0
0
0
0
0
0
0
0
0
0
0
0
0
0
0
0
0
0
0
0
0
0
0
0
0
0
0
0
0
0
0
0
0
0
0
0
0
0
0
0
0
0
0
0
0
0
0
0
0
0
0
0
0
0
0
0
0
0
0
0
0
0
0
0
0
0
0
0
0
0
0
0
0
0
0
0
0
0
0
