905216
0
0
0
0
0
0
0
0
0
0
0
0
0
0
0
0
1897
214765
1.53442e+06
2.23354e+06
1.1353e+06
273163
35666
3520
13879
107927
438306
883204
824060
362107
83462
126036
905171
2.8817e+06
3.89981e+06
2.30672e+06
660852
281044
964311
1.88759e+06
1.61172e+06
738668
799250
2.24639e+06
3.65612e+06
2.86533e+06
1.21135e+06
734096
1.17082e+06
1.21872e+06
1.21826e+06
3.26735e+06
6.80657e+06
6.87184e+06
3.45813e+06
1.31122e+06
1.01994e+06
1.11244e+06
2.13802e+06
4.55222e+06
5.51996e+06
3.94274e+06
3.35094e+06
3.87397e+06
3.28632e+06
3.14531e+06
3.92406e+06
3.5736e+06
3.32332e+06
4.2014e+06
5.21162e+06
8.21586e+06
1.11612e+07
8.25973e+06
3.21292e+06
1.32761e+06
3.10333e+06
6.49396e+06
7.14047e+06
4.74573e+06
3.3357e+06
4.25106e+06
6.89236e+06
8.08309e+06
6.99231e+06
6.89876e+06
8.60235e+06
1.15626e+07
1.13551e+07
8.04914e+06
6.44658e+06
7.33955e+06
8.59901e+06
7.58206e+06
6.4549e+06
6.96214e+06
8.24834e+06
7.34809e+06
5.38805e+06
7.19052e+06
1.2298e+07
1.37051e+07
1.08546e+07
1.12112e+07
1.5693e+07
1.73879e+07
1.42247e+07
1.03522e+07
7.04755e+06
4.57277e+06
4.51588e+06
9.41886e+06
1.47498e+07
1.29358e+07
9.85638e+06
1.33783e+07
1.51434e+07
1.38103e+07
1.01407e+07
1.06389e+07
1.17757e+07
1.30591e+07
1.70855e+07
1.52348e+07
1.13444e+07
1.02514e+07
1.04447e+07
8.63314e+06
5.355e+06
5.09823e+06
6.94242e+06
8.69817e+06
1.1869e+07
1.39312e+07
1.47414e+07
1.4937e+07
9.97098e+06
7.00878e+06
8.62519e+06
1.0089e+07
9.37507e+06
8.46223e+06
6.28435e+06
5.05811e+06
6.48148e+06
7.61703e+06
4.18784e+06
1.65493e+06
3.2404e+06
6.72695e+06
9.14811e+06
1.06494e+07
1.32143e+07
1.16315e+07
6.07653e+06
1.83763e+06
2.00629e+06
4.13594e+06
3.46372e+06
1.04944e+06
576939
757460
609272
1.71913e+06
2.52849e+06
4.49951e+06
7.01853e+06
7.20538e+06
4.70496e+06
1.68933e+06
1.17455e+06
1.20305e+06
206786
1346
0
0
12
341
8979
106901
681177
2.14398e+06
3.1385e+06
1.77527e+06
279119
12364
300
0
0
0
0
0
0
57
1128
16983
105468
236192
92780
0
0
0
0
0
0
0
0
0
0
0
0
0
0
0
0
0
0
0
0
0
0
0
0
0
0
0
0
0
0
0
0
0
0
0
0
0
0
0
0
0
0
0
0
0
0
0
0
0
0
0
0
0
0
0
0
0
0
0
0
0
0
0
0
0
0
0
0
0
0
0
0
0
0
0
0
0
0
0
0
0
0
0
0
0
0
0
0
0
0
0
0
0
0
0
0
0
0
0
0
0
0
0
0
0
0
0
0
0
0
0
0
0
0
0
0
0
0
0
0
0
0
0
0
0
0
0
0
0
0
0
0
0
0
0
0
0
0
0
0
0
0
0
0
0
0
0
0
0
0
0
0
0
0
0
0
0
0
0
0
0
0
0
0
0
0
0
0
0
0
0
0
0
0
0
0
0
0
0
0
0
0
0
0
0
0
0
0
0
0
0
0
0
0
0
0
0
0
0
0
