595968
0
0
0
0
0
0
0
0
0
0
0
0
0
0
0
0
1238
142057
1.00758e+06
1.47369e+06
746595
179736
23177
2396
8851
70909
288845
581589
543348
237614
55122
83710
596942
1.89144e+06
2.57281e+06
1.51693e+06
435130
185463
633273
1.24536e+06
1.06022e+06
485867
523274
1.47507e+06
2.42063e+06
1.88464e+06
793967
481361
770905
805047
800845
2.14314e+06
4.48716e+06
4.53367e+06
2.26877e+06
861016
674825
732271
1.40043e+06
2.99891e+06
3.64747e+06
2.5858e+06
2.20236e+06
2.55973e+06
2.15818e+06
2.06662e+06
2.59274e+06
2.35055e+06
2.17877e+06
2.77971e+06
3.42572e+06
5.4001e+06
7.36792e+06
5.43047e+06
2.10814e+06
873338
2.03639e+06
4.28499e+06
4.71418e+06
3.11412e+06
2.19375e+06
2.78917e+06
4.54338e+06
5.3349e+06
4.59079e+06
4.54846e+06
5.64994e+06
7.62486e+06
7.48752e+06
5.28651e+06
4.2493e+06
4.81944e+06
5.67626e+06
4.97758e+06
4.25924e+06
4.57308e+06
5.4417e+06
4.8416e+06
3.53706e+06
4.72342e+06
8.11299e+06
9.03799e+06
7.13116e+06
7.36288e+06
1.03439e+07
1.14603e+07
9.35906e+06
6.8176e+06
4.63778e+06
3.01095e+06
2.96342e+06
6.18869e+06
9.74854e+06
8.50455e+06
6.46864e+06
8.80473e+06
9.99198e+06
9.08495e+06
6.67409e+06
7.01752e+06
7.74765e+06
8.58241e+06
1.12499e+07
1.00509e+07
7.45877e+06
6.74222e+06
6.889e+06
5.68023e+06
3.51811e+06
3.35553e+06
4.56808e+06
5.72203e+06
7.82692e+06
9.17478e+06
9.69025e+06
9.85967e+06
6.56154e+06
4.59637e+06
5.68753e+06
6.64965e+06
6.15882e+06
5.58187e+06
4.1314e+06
3.32845e+06
4.2693e+06
5.01407e+06
2.75827e+06
1.08325e+06
2.1252e+06
4.43357e+06
6.04864e+06
6.98598e+06
8.70168e+06
7.66691e+06
4.00857e+06
1.20133e+06
1.31324e+06
2.72178e+06
2.29187e+06
688220
378324
498337
399332
1.12606e+06
1.66369e+06
2.96077e+06
4.6286e+06
4.74222e+06
3.10944e+06
1.10586e+06
767677
795077
138464
946
0
0
12
231
5808
68326
441903
1.4067e+06
2.07656e+06
1.17434e+06
181802
7834
192
0
0
0
0
0
0
30
666
10742
67758
155662
63126
0
0
0
0
0
0
0
0
0
0
0
0
0
0
0
0
0
0
0
0
0
0
0
0
0
0
0
0
0
0
0
0
0
0
0
0
0
0
0
0
0
0
0
0
0
0
0
0
0
0
0
0
0
0
0
0
0
0
0
0
0
0
0
0
0
0
0
0
0
0
0
0
0
0
0
0
0
0
0
0
0
0
0
0
0
0
0
0
0
0
0
0
0
0
0
0
0
0
0
0
0
0
0
0
0
0
0
0
0
0
0
0
0
0
0
0
0
0
0
0
0
0
0
0
0
0
0
0
0
0
0
0
0
0
0
0
0
0
0
0
0
0
0
0
0
0
0
0
0
0
0
0
0
0
0
0
0
0
0
0
0
0
0
0
0
0
0
0
0
0
0
0
0
0
0
0
0
0
0
0
0
0
0
0
0
0
0
0
0
0
0
0
0
0
0
0
0
0
0
0
