2.0009e+06
0
0
0
0
0
0
0
0
0
0
0
0
0
0
0
2
4011
473383
3.39404e+06
4.93331e+06
2.51515e+06
602974
76977
7603
30372
234867
972086
1.95358e+06
1.82382e+06
800370
181710
274106
1.99916e+06
6.37933e+06
8.611e+06
5.11891e+06
1.45161e+06
613130
2.13246e+06
4.16934e+06
3.57138e+06
1.63159e+06
1.75264e+06
4.97305e+06
8.07671e+06
6.36046e+06
2.66583e+06
1.61234e+06
2.58876e+06
2.69506e+06
2.6757e+06
7.2139e+06
1.50626e+07
1.52323e+07
7.64456e+06
2.87735e+06
2.23777e+06
2.44746e+06
4.71378e+06
1.00898e+07
1.22095e+07
8.71984e+06
7.40276e+06
8.54899e+06
7.27312e+06
6.94652e+06
8.67058e+06
7.90713e+06
7.34723e+06
9.25773e+06
1.15166e+07
1.81989e+07
2.46637e+07
1.83128e+07
7.06538e+06
2.88936e+06
6.85972e+06
1.4383e+07
1.57872e+07
1.04934e+07
7.34244e+06
9.3828e+06
1.52703e+07
1.78636e+07
1.54892e+07
1.51899e+07
1.90393e+07
2.55584e+07
2.51169e+07
1.78083e+07
1.41985e+07
1.62525e+07
1.89841e+07
1.67943e+07
1.42293e+07
1.54022e+07
1.82379e+07
1.62473e+07
1.18966e+07
1.58726e+07
2.71968e+07
3.02973e+07
2.40162e+07
2.47728e+07
3.46954e+07
3.84146e+07
3.14966e+07
2.2854e+07
1.55802e+07
1.00684e+07
9.95645e+06
2.08757e+07
3.25551e+07
2.86396e+07
2.1784e+07
2.95785e+07
3.34464e+07
3.05416e+07
2.24277e+07
2.34847e+07
2.60442e+07
2.88616e+07
3.7797e+07
3.36461e+07
2.50827e+07
2.26884e+07
2.30371e+07
1.91052e+07
1.1833e+07
1.12491e+07
1.53632e+07
1.92239e+07
2.62097e+07
3.0795e+07
3.26347e+07
3.30074e+07
2.20072e+07
1.5508e+07
1.90689e+07
2.23078e+07
2.07447e+07
1.86718e+07
1.38953e+07
1.11814e+07
1.43149e+07
1.68717e+07
9.23244e+06
3.64695e+06
7.16493e+06
1.48831e+07
2.01709e+07
2.35805e+07
2.92362e+07
2.57238e+07
1.34066e+07
4.04237e+06
4.43749e+06
9.17125e+06
7.63497e+06
2.31587e+06
1.27118e+06
1.67794e+06
1.33751e+06
3.80117e+06
5.58139e+06
9.95705e+06
1.55386e+07
1.59546e+07
1.0355e+07
3.73176e+06
2.59822e+06
2.661e+06
454317
2967
2
0
13
643
17936
230020
1.50202e+06
4.74755e+06
6.94568e+06
3.92124e+06
616480
25949
530
3
0
0
0
0
0
87
2308
35509
231889
525205
205450
0
0
0
0
0
0
0
0
0
0
0
0
0
0
0
0
0
0
0
0
0
0
0
0
0
0
0
0
0
0
0
0
0
0
0
0
0
0
0
0
0
0
0
0
0
0
0
0
0
0
0
0
0
0
0
0
0
0
0
0
0
0
0
0
0
0
0
0
0
0
0
0
0
0
0
0
0
0
0
0
0
0
0
0
0
0
0
0
0
0
0
0
0
0
0
0
0
0
0
0
0
0
0
0
0
0
0
0
0
0
0
0
0
0
0
0
0
0
0
0
0
0
0
0
0
0
0
0
0
0
0
0
0
0
0
0
0
0
0
0
0
0
0
0
0
0
0
0
0
0
0
0
0
0
0
0
0
0
0
0
0
0
0
0
0
0
0
0
0
0
0
0
0
0
0
0
0
0
0
0
0
0
0
0
0
0
0
0
0
0
0
0
0
0
0
0
0
0
0
0
