1.30253e+06
0
0
0
0
0
0
0
0
0
0
0
0
0
0
0
0
2702
308673
2.20862e+06
3.21266e+06
1.6357e+06
392733
50481
4989
19687
153268
632584
1.27185e+06
1.18708e+06
520352
118947
178382
1.30124e+06
4.15141e+06
5.60927e+06
3.32863e+06
945833
399424
1.3879e+06
2.71603e+06
2.32368e+06
1.06042e+06
1.14257e+06
3.23496e+06
5.26486e+06
4.13426e+06
1.73593e+06
1.05046e+06
1.68634e+06
1.75287e+06
1.74424e+06
4.6954e+06
9.80721e+06
9.90905e+06
4.97508e+06
1.87433e+06
1.46018e+06
1.59636e+06
3.06981e+06
6.56189e+06
7.94994e+06
5.67283e+06
4.81879e+06
5.57387e+06
4.7318e+06
4.52184e+06
5.64542e+06
5.14143e+06
4.78391e+06
6.03308e+06
7.48596e+06
1.18404e+07
1.60767e+07
1.19121e+07
4.60079e+06
1.88443e+06
4.46196e+06
9.35688e+06
1.02827e+07
6.83005e+06
4.78386e+06
6.11086e+06
9.93384e+06
1.16308e+07
1.00687e+07
9.9005e+06
1.23894e+07
1.66461e+07
1.63504e+07
1.15821e+07
9.24965e+06
1.05695e+07
1.23769e+07
1.09256e+07
9.26477e+06
1.00208e+07
1.18767e+07
1.05828e+07
7.73495e+06
1.03304e+07
1.77087e+07
1.97292e+07
1.562e+07
1.61207e+07
2.25894e+07
2.50283e+07
2.04873e+07
1.48819e+07
1.01433e+07
6.55837e+06
6.46739e+06
1.35689e+07
2.12401e+07
1.86413e+07
1.41562e+07
1.92511e+07
2.17928e+07
1.98778e+07
1.4584e+07
1.52888e+07
1.69464e+07
1.87841e+07
2.46092e+07
2.19257e+07
1.63243e+07
1.47604e+07
1.50111e+07
1.24265e+07
7.69518e+06
7.32149e+06
9.99262e+06
1.25182e+07
1.70861e+07
2.0052e+07
2.12222e+07
2.14978e+07
1.43322e+07
1.00798e+07
1.2411e+07
1.45243e+07
1.34924e+07
1.21688e+07
9.04714e+06
7.26859e+06
9.32506e+06
1.09917e+07
6.01488e+06
2.37026e+06
4.6598e+06
9.68638e+06
1.31367e+07
1.53248e+07
1.90325e+07
1.67618e+07
8.73701e+06
2.62794e+06
2.87785e+06
5.96881e+06
4.98564e+06
1.50529e+06
825833
1.09317e+06
870346
2.47405e+06
3.63761e+06
6.47701e+06
1.00988e+07
1.03841e+07
6.75926e+06
2.42834e+06
1.68864e+06
1.73655e+06
296747
1924
2
0
12
420
12176
150592
977035
3.0893e+06
4.52004e+06
2.5547e+06
400638
17462
382
0
0
0
0
0
0
61
1535
23792
151223
341169
133484
0
0
0
0
0
0
0
0
0
0
0
0
0
0
0
0
0
0
0
0
0
0
0
0
0
0
0
0
0
0
0
0
0
0
0
0
0
0
0
0
0
0
0
0
0
0
0
0
0
0
0
0
0
0
0
0
0
0
0
0
0
0
0
0
0
0
0
0
0
0
0
0
0
0
0
0
0
0
0
0
0
0
0
0
0
0
0
0
0
0
0
0
0
0
0
0
0
0
0
0
0
0
0
0
0
0
0
0
0
0
0
0
0
0
0
0
0
0
0
0
0
0
0
0
0
0
0
0
0
0
0
0
0
0
0
0
0
0
0
0
0
0
0
0
0
0
0
0
0
0
0
0
0
0
0
0
0
0
0
0
0
0
0
0
0
0
0
0
0
0
0
0
0
0
0
0
0
0
0
0
0
0
0
0
0
0
0
0
0
0
0
0
0
0
0
0
0
0
0
0
