294892
1.89684e+06
3.60129e+06
5.18187e+06
6.81793e+06
8.39562e+06
1.00002e+07
1.16479e+07
1.32528e+07
1.48557e+07
1.64405e+07
1.79546e+07
1.96878e+07
2.14599e+07
2.32111e+07
2.48234e+07
2.63434e+07
2.79095e+07
2.95383e+07
3.1141e+07
3.27368e+07
3.41126e+07
3.55556e+07
3.71601e+07
3.88716e+07
4.04251e+07
4.18304e+07
4.3151e+07
4.47368e+07
4.64505e+07
4.79251e+07
4.94963e+07
5.1178e+07
5.28497e+07
5.43882e+07
5.57937e+07
5.7146e+07
5.84781e+07
6.0004e+07
6.1738e+07
6.32064e+07
6.45872e+07
6.6054e+07
6.75221e+07
6.91273e+07
7.07058e+07
7.22154e+07
7.3756e+07
7.54266e+07
7.68986e+07
7.84278e+07
8.01858e+07
8.18043e+07
8.34034e+07
8.49478e+07
8.65726e+07
8.82089e+07
8.9846e+07
9.13592e+07
9.30989e+07
9.48672e+07
9.65121e+07
9.83689e+07
9.99675e+07
1.01885e+08
1.03725e+08
1.05177e+08
1.06784e+08
1.08635e+08
1.10452e+08
1.11835e+08
1.13031e+08
1.14658e+08
1.16549e+08
1.18157e+08
