2.02752e+06
0
0
0
0
0
0
0
0
0
0
0
0
0
0
0
2
4079
479616
3.43932e+06
4.99873e+06
2.54907e+06
610768
77901
7746
30825
238003
984814
1.97958e+06
1.84817e+06
811059
184202
277643
2.02578e+06
6.46424e+06
8.72574e+06
5.18669e+06
1.47114e+06
621263
2.16116e+06
4.224e+06
3.61932e+06
1.65352e+06
1.77602e+06
5.0385e+06
8.18489e+06
6.44533e+06
2.70082e+06
1.63408e+06
2.62286e+06
2.73096e+06
2.71133e+06
7.31092e+06
1.52616e+07
1.54346e+07
7.74698e+06
2.91574e+06
2.26738e+06
2.48058e+06
4.77579e+06
1.02245e+07
1.23718e+07
8.83667e+06
7.50049e+06
8.6622e+06
7.37104e+06
7.03868e+06
8.78595e+06
8.01143e+06
7.44628e+06
9.37994e+06
1.16702e+07
1.84402e+07
2.49914e+07
1.85588e+07
7.15922e+06
2.92701e+06
6.95046e+06
1.45751e+07
1.59972e+07
1.0633e+07
7.43987e+06
9.50776e+06
1.54729e+07
1.81014e+07
1.5696e+07
1.53909e+07
1.9294e+07
2.58982e+07
2.54505e+07
1.80466e+07
1.43874e+07
1.64678e+07
1.92357e+07
1.70196e+07
1.44178e+07
1.56059e+07
1.84817e+07
1.64646e+07
1.20547e+07
1.60838e+07
2.7557e+07
3.07003e+07
2.43376e+07
2.51018e+07
3.51555e+07
3.8927e+07
3.19162e+07
2.31575e+07
1.57881e+07
1.02029e+07
1.00883e+07
2.11527e+07
3.29876e+07
2.90226e+07
2.20734e+07
2.99716e+07
3.38918e+07
3.0948e+07
2.27269e+07
2.3796e+07
2.63901e+07
2.92465e+07
3.82995e+07
3.40939e+07
2.54165e+07
2.29918e+07
2.33425e+07
1.93599e+07
1.19907e+07
1.13975e+07
1.55668e+07
1.948e+07
2.65587e+07
3.12042e+07
3.30704e+07
3.34463e+07
2.23001e+07
1.57141e+07
1.93221e+07
2.26056e+07
2.10208e+07
1.89204e+07
1.40794e+07
1.13305e+07
1.45049e+07
1.70971e+07
9.35519e+06
3.695e+06
7.25963e+06
1.50814e+07
2.04394e+07
2.38946e+07
2.96254e+07
2.60669e+07
1.35846e+07
4.09512e+06
4.49715e+06
9.29414e+06
7.73577e+06
2.34634e+06
1.28839e+06
1.6998e+06
1.35559e+06
3.8519e+06
5.65498e+06
1.00909e+07
1.57449e+07
1.61668e+07
1.04929e+07
3.78144e+06
2.6322e+06
2.69693e+06
460344
3013
2
0
13
648
18142
232920
1.52232e+06
4.81056e+06
7.03825e+06
3.97351e+06
624545
26237
537
3
0
0
0
0
0
88
2336
35963
234991
532252
208130
0
0
0
0
0
0
0
0
0
0
0
0
0
0
0
0
0
0
0
0
0
0
0
0
0
0
0
0
0
0
0
0
0
0
0
0
0
0
0
0
0
0
0
0
0
0
0
0
0
0
0
0
0
0
0
0
0
0
0
0
0
0
0
0
0
0
0
0
0
0
0
0
0
0
0
0
0
0
0
0
0
0
0
0
0
0
0
0
0
0
0
0
0
0
0
0
0
0
0
0
0
0
0
0
0
0
0
0
0
0
0
0
0
0
0
0
0
0
0
0
0
0
0
0
0
0
0
0
0
0
0
0
0
0
0
0
0
0
0
0
0
0
0
0
0
0
0
0
0
0
0
0
0
0
0
0
0
0
0
0
0
0
0
0
0
0
0
0
0
0
0
0
0
0
0
0
0
0
0
0
0
0
0
0
0
0
0
0
0
0
0
0
0
0
0
0
0
0
0
0
