1.77562e+06
0
0
0
0
0
0
0
0
0
0
0
0
0
0
0
2
3576
420407
3.01189e+06
4.37717e+06
2.23233e+06
535322
68164
6595
26680
208531
863229
1.73303e+06
1.61878e+06
710403
161232
242412
1.77355e+06
5.66172e+06
7.6433e+06
4.54206e+06
1.28805e+06
542974
1.89176e+06
3.70158e+06
3.16923e+06
1.44665e+06
1.5536e+06
4.41386e+06
7.17189e+06
5.64312e+06
2.36538e+06
1.43009e+06
2.29817e+06
2.38957e+06
2.37272e+06
6.39815e+06
1.33738e+07
1.35202e+07
6.78108e+06
2.55176e+06
1.98642e+06
2.17181e+06
4.18068e+06
8.95464e+06
1.08396e+07
7.73364e+06
6.56774e+06
7.59262e+06
6.4514e+06
6.16668e+06
7.69399e+06
7.01176e+06
6.51928e+06
8.21831e+06
1.02149e+07
1.61466e+07
2.19029e+07
1.6252e+07
6.26574e+06
2.55767e+06
6.08288e+06
1.27684e+07
1.4018e+07
9.30743e+06
6.5123e+06
8.32755e+06
1.35513e+07
1.58556e+07
1.37395e+07
1.34767e+07
1.68905e+07
2.26938e+07
2.22941e+07
1.5799e+07
1.25968e+07
1.44125e+07
1.6862e+07
1.49037e+07
1.26223e+07
1.36644e+07
1.61913e+07
1.44256e+07
1.05442e+07
1.40769e+07
2.41397e+07
2.68963e+07
2.13046e+07
2.19724e+07
3.0798e+07
3.41071e+07
2.79458e+07
2.0285e+07
1.38213e+07
8.92668e+06
8.82012e+06
1.85177e+07
2.89249e+07
2.5421e+07
1.93066e+07
2.62429e+07
2.96966e+07
2.71033e+07
1.98899e+07
2.0839e+07
2.31072e+07
2.56053e+07
3.35541e+07
2.98757e+07
2.22545e+07
2.01311e+07
2.04471e+07
1.69485e+07
1.04907e+07
9.97736e+06
1.3633e+07
1.70612e+07
2.32695e+07
2.73328e+07
2.89501e+07
2.93059e+07
1.9534e+07
1.37421e+07
1.69192e+07
1.98043e+07
1.84039e+07
1.65775e+07
1.233e+07
9.91545e+06
1.27052e+07
1.49853e+07
8.19266e+06
3.2303e+06
6.35401e+06
1.32058e+07
1.78982e+07
2.09141e+07
2.59484e+07
2.28445e+07
1.19031e+07
3.57836e+06
3.92804e+06
8.14139e+06
6.78843e+06
2.05122e+06
1.12715e+06
1.48882e+06
1.1852e+06
3.3714e+06
4.95335e+06
8.83544e+06
1.37822e+07
1.4161e+07
9.20188e+06
3.30634e+06
2.30428e+06
2.36448e+06
402994
2601
2
0
13
549
16026
203462
1.33091e+06
4.21126e+06
6.16785e+06
3.48054e+06
546732
22742
465
3
0
0
0
0
0
72
2017
31525
205665
466300
182229
0
0
0
0
0
0
0
0
0
0
0
0
0
0
0
0
0
0
0
0
0
0
0
0
0
0
0
0
0
0
0
0
0
0
0
0
0
0
0
0
0
0
0
0
0
0
0
0
0
0
0
0
0
0
0
0
0
0
0
0
0
0
0
0
0
0
0
0
0
0
0
0
0
0
0
0
0
0
0
0
0
0
0
0
0
0
0
0
0
0
0
0
0
0
0
0
0
0
0
0
0
0
0
0
0
0
0
0
0
0
0
0
0
0
0
0
0
0
0
0
0
0
0
0
0
0
0
0
0
0
0
0
0
0
0
0
0
0
0
0
0
0
0
0
0
0
0
0
0
0
0
0
0
0
0
0
0
0
0
0
0
0
0
0
0
0
0
0
0
0
0
0
0
0
0
0
0
0
0
0
0
0
0
0
0
0
0
0
0
0
0
0
0
0
0
0
0
0
0
0
