106496
0
0
0
0
0
0
0
0
0
0
0
0
0
0
0
0
279
25974
176965
268136
130574
31850
4714
614
1756
12772
48987
106873
97690
41349
10007
15846
106480
330589
471935
262905
79183
34747
111097
226670
187734
85194
93177
256192
450350
329757
139546
85056
138418
146088
144145
374746
808060
814134
395273
155181
126691
130368
245753
528679
673569
448721
385511
477271
377723
359750
477410
413440
381070
515267
604256
937028
1.36554e+06
947871
371754
160798
355401
769682
856999
541553
400697
488882
809477
972946
796696
834777
983899
1.37807e+06
1.34662e+06
927379
774761
838732
1.0458e+06
866958
771970
803181
986696
867003
627424
832197
1.45499e+06
1.63383e+06
1.25831e+06
1.30639e+06
1.85119e+06
2.06635e+06
1.65485e+06
1.22444e+06
828821
546355
525751
1.07491e+06
1.80001e+06
1.49451e+06
1.14256e+06
1.55495e+06
1.82594e+06
1.60473e+06
1.1894e+06
1.27516e+06
1.36726e+06
1.52678e+06
1.99755e+06
1.83271e+06
1.32162e+06
1.18853e+06
1.25495e+06
1.00296e+06
624495
607005
808031
1.01819e+06
1.42692e+06
1.62957e+06
1.70973e+06
1.78085e+06
1.17448e+06
806129
1.03074e+06
1.18527e+06
1.08383e+06
1.01419e+06
731996
597517
765887
887093
497815
195650
379804
780592
1.11891e+06
1.21074e+06
1.55333e+06
1.37637e+06
723247
215995
234374
474433
421237
121871
67070
89756
74054
196106
299189
527217
826154
836756
572731
193743
136335
142051
26212
176
0
0
3
64
1219
13054
79300
245035
373835
212029
32398
1498
29
0
0
0
0
0
0
7
207
1994
12132
26456
12452
0
0
0
0
0
0
0
0
0
0
0
0
0
0
0
0
0
0
0
0
0
0
0
0
0
0
0
0
0
0
0
0
0
0
0
0
0
0
0
0
0
0
0
0
0
0
0
0
0
0
0
0
0
0
0
0
0
0
0
0
0
0
0
0
0
0
0
0
0
0
0
0
0
0
0
0
0
0
0
0
0
0
0
0
0
0
0
0
0
0
0
0
0
0
0
0
0
0
0
0
0
0
0
0
0
0
0
0
0
0
0
0
0
0
0
0
0
0
0
0
0
0
0
0
0
0
0
0
0
0
0
0
0
0
0
0
0
0
0
0
0
0
0
0
0
0
0
0
0
0
0
0
0
0
0
0
0
0
0
0
0
0
0
0
0
0
0
0
0
0
0
0
0
0
0
0
0
0
0
0
0
0
0
0
0
0
0
0
0
0
0
0
0
0
0
0
0
0
0
0
