1.79814e+06
0
0
0
0
0
0
0
0
0
0
0
0
0
0
0
2
3631
425645
3.04978e+06
4.43337e+06
2.2604e+06
542201
68951
6679
27032
211186
874182
1.7549e+06
1.63948e+06
719276
163313
245362
1.79646e+06
5.7328e+06
7.74057e+06
4.60073e+06
1.30369e+06
549788
1.91565e+06
3.74836e+06
3.20969e+06
1.4651e+06
1.57347e+06
4.4699e+06
7.26187e+06
5.71579e+06
2.3949e+06
1.44821e+06
2.32735e+06
2.41999e+06
2.40298e+06
6.47921e+06
1.35424e+07
1.3693e+07
6.86755e+06
2.58345e+06
2.01171e+06
2.19895e+06
4.23384e+06
9.06793e+06
1.0977e+07
7.83292e+06
6.65036e+06
7.68867e+06
6.53396e+06
6.24443e+06
7.79164e+06
7.10115e+06
6.60147e+06
8.32306e+06
1.03446e+07
1.6351e+07
2.21803e+07
1.6459e+07
6.34573e+06
2.58871e+06
6.1603e+06
1.29305e+07
1.41971e+07
9.42566e+06
6.59398e+06
8.43229e+06
1.37231e+07
1.60586e+07
1.39139e+07
1.36467e+07
1.71037e+07
2.29826e+07
2.25784e+07
1.5999e+07
1.27565e+07
1.45965e+07
1.70733e+07
1.50936e+07
1.27826e+07
1.38373e+07
1.63973e+07
1.46087e+07
1.0678e+07
1.42539e+07
2.44463e+07
2.72392e+07
2.1575e+07
2.22495e+07
3.11899e+07
3.45393e+07
2.83019e+07
2.05411e+07
1.39973e+07
9.04011e+06
8.93189e+06
1.87527e+07
2.92909e+07
2.57423e+07
1.95524e+07
2.65758e+07
3.00743e+07
2.74477e+07
2.01419e+07
2.11039e+07
2.34003e+07
2.59283e+07
3.39813e+07
3.02556e+07
2.25362e+07
2.0385e+07
2.07075e+07
1.71642e+07
1.06234e+07
1.01038e+07
1.38059e+07
1.72789e+07
2.35635e+07
2.76788e+07
2.93169e+07
2.96789e+07
1.9782e+07
1.39168e+07
1.71337e+07
2.0055e+07
1.86378e+07
1.67868e+07
1.24876e+07
1.00413e+07
1.28661e+07
1.51755e+07
8.29587e+06
3.27163e+06
6.43538e+06
1.33734e+07
1.81261e+07
2.11798e+07
2.62762e+07
2.31337e+07
1.20542e+07
3.62416e+06
3.97918e+06
8.24461e+06
6.87321e+06
2.07741e+06
1.14152e+06
1.50773e+06
1.20033e+06
3.41468e+06
5.01551e+06
8.94816e+06
1.39568e+07
1.43401e+07
9.31846e+06
3.34862e+06
2.33391e+06
2.39384e+06
408276
2645
2
0
13
555
16233
206019
1.34787e+06
4.26479e+06
6.24551e+06
3.52528e+06
553440
23118
472
3
0
0
0
0
0
72
2031
31951
208206
472313
184499
0
0
0
0
0
0
0
0
0
0
0
0
0
0
0
0
0
0
0
0
0
0
0
0
0
0
0
0
0
0
0
0
0
0
0
0
0
0
0
0
0
0
0
0
0
0
0
0
0
0
0
0
0
0
0
0
0
0
0
0
0
0
0
0
0
0
0
0
0
0
0
0
0
0
0
0
0
0
0
0
0
0
0
0
0
0
0
0
0
0
0
0
0
0
0
0
0
0
0
0
0
0
0
0
0
0
0
0
0
0
0
0
0
0
0
0
0
0
0
0
0
0
0
0
0
0
0
0
0
0
0
0
0
0
0
0
0
0
0
0
0
0
0
0
0
0
0
0
0
0
0
0
0
0
0
0
0
0
0
0
0
0
0
0
0
0
0
0
0
0
0
0
0
0
0
0
0
0
0
0
0
0
0
0
0
0
0
0
0
0
0
0
0
0
0
0
0
0
0
0
