212992
0
0
0
0
0
0
0
0
0
0
0
0
0
0
0
0
508
51268
357768
529935
264928
64396
8469
947
3137
25069
101106
210658
195535
83778
19329
30610
212908
671145
928705
535310
156602
67256
224437
448969
378344
171309
184884
520793
883280
668922
281195
170067
275020
290113
286188
759039
1.60992e+06
1.62337e+06
802940
308248
246472
260431
495405
1.06791e+06
1.32345e+06
911754
779037
932091
765560
730556
936929
833610
773159
1.00997e+06
1.21491e+06
1.90888e+06
2.67572e+06
1.92175e+06
747756
313276
721487
1.53915e+06
1.69768e+06
1.09844e+06
788383
988235
1.62437e+06
1.9237e+06
1.6211e+06
1.63947e+06
1.99899e+06
2.74221e+06
2.68387e+06
1.87513e+06
1.52873e+06
1.70274e+06
2.05507e+06
1.75802e+06
1.53446e+06
1.62519e+06
1.95448e+06
1.7298e+06
1.2594e+06
1.67875e+06
2.9055e+06
3.24796e+06
2.53411e+06
2.61906e+06
3.70077e+06
4.1171e+06
3.32934e+06
2.44139e+06
1.655e+06
1.08005e+06
1.0568e+06
2.18867e+06
3.53101e+06
3.01803e+06
2.2986e+06
3.13643e+06
3.60029e+06
3.23176e+06
2.38484e+06
2.52753e+06
2.7559e+06
3.06039e+06
4.01069e+06
3.6215e+06
2.65292e+06
2.39825e+06
2.48261e+06
2.01974e+06
1.25352e+06
1.20487e+06
1.62452e+06
2.04048e+06
2.8202e+06
3.2714e+06
3.44698e+06
3.5427e+06
2.34725e+06
1.62554e+06
2.04122e+06
2.37962e+06
2.1872e+06
2.00858e+06
1.47123e+06
1.18945e+06
1.52771e+06
1.78708e+06
988694
384656
758368
1.57968e+06
2.19552e+06
2.46318e+06
3.10925e+06
2.74646e+06
1.44067e+06
427130
467735
964237
829822
244083
134288
178967
144354
397902
592506
1.05547e+06
1.65504e+06
1.69118e+06
1.12677e+06
389756
272721
285113
50331
329
0
0
3
81
2190
24596
156830
497293
745771
422966
64363
2777
58
0
0
0
0
0
0
9
313
3835
24047
54576
23716
0
0
0
0
0
0
0
0
0
0
0
0
0
0
0
0
0
0
0
0
0
0
0
0
0
0
0
0
0
0
0
0
0
0
0
0
0
0
0
0
0
0
0
0
0
0
0
0
0
0
0
0
0
0
0
0
0
0
0
0
0
0
0
0
0
0
0
0
0
0
0
0
0
0
0
0
0
0
0
0
0
0
0
0
0
0
0
0
0
0
0
0
0
0
0
0
0
0
0
0
0
0
0
0
0
0
0
0
0
0
0
0
0
0
0
0
0
0
0
0
0
0
0
0
0
0
0
0
0
0
0
0
0
0
0
0
0
0
0
0
0
0
0
0
0
0
0
0
0
0
0
0
0
0
0
0
0
0
0
0
0
0
0
0
0
0
0
0
0
0
0
0
0
0
0
0
0
0
0
0
0
0
0
0
0
0
0
0
0
0
0
0
0
0
0
0
0
0
0
0
