608256
0
0
0
0
0
0
0
0
0
0
0
0
0
0
0
0
1253
145020
1.02861e+06
1.50363e+06
762199
183412
23649
2453
9064
72445
294683
593537
554472
242599
56314
85458
609311
1.93063e+06
2.62529e+06
1.54821e+06
444414
189281
646543
1.2707e+06
1.08199e+06
496084
534576
1.50534e+06
2.46976e+06
1.9233e+06
810770
491658
786401
821811
817295
2.1879e+06
4.57894e+06
4.62674e+06
2.3162e+06
879201
688209
747241
1.43012e+06
3.06068e+06
3.72125e+06
2.63985e+06
2.24821e+06
2.61207e+06
2.2029e+06
2.10963e+06
2.64554e+06
2.39922e+06
2.22438e+06
2.83556e+06
3.49724e+06
5.51212e+06
7.51793e+06
5.5431e+06
2.15252e+06
891300
2.07904e+06
4.37217e+06
4.81005e+06
3.17918e+06
2.23954e+06
2.84773e+06
4.63656e+06
5.44368e+06
4.68633e+06
4.64193e+06
5.76774e+06
7.78019e+06
7.64152e+06
5.39677e+06
4.33558e+06
4.91979e+06
5.79267e+06
5.08246e+06
4.34561e+06
4.6679e+06
5.553e+06
4.94109e+06
3.61141e+06
4.82149e+06
8.27929e+06
9.22182e+06
7.27974e+06
7.51669e+06
1.05555e+07
1.16958e+07
9.5527e+06
6.95805e+06
4.73425e+06
3.07188e+06
3.02548e+06
6.31654e+06
9.94847e+06
8.68094e+06
6.60415e+06
8.98513e+06
1.01968e+07
9.27201e+06
6.81234e+06
7.16079e+06
7.90815e+06
8.7611e+06
1.14806e+07
1.0257e+07
7.61303e+06
6.88218e+06
7.03127e+06
5.79677e+06
3.59082e+06
3.42424e+06
4.66244e+06
5.84095e+06
7.9872e+06
9.36414e+06
9.89019e+06
1.00611e+07
6.69757e+06
4.69228e+06
5.80419e+06
6.78667e+06
6.28589e+06
5.69594e+06
4.21756e+06
3.39769e+06
4.35735e+06
5.1167e+06
2.81581e+06
1.10623e+06
2.16994e+06
4.52378e+06
6.1707e+06
7.13148e+06
8.88123e+06
7.8256e+06
4.09036e+06
1.22654e+06
1.34091e+06
2.77789e+06
2.33849e+06
702540
386390
508596
407390
1.14985e+06
1.69876e+06
3.0217e+06
4.72342e+06
4.83981e+06
3.17262e+06
1.12908e+06
784180
811169
141131
958
0
0
12
240
5947
70033
451506
1.43613e+06
2.11852e+06
1.19795e+06
185736
8015
205
0
0
0
0
0
0
30
702
11022
69274
158794
64306
0
0
0
0
0
0
0
0
0
0
0
0
0
0
0
0
0
0
0
0
0
0
0
0
0
0
0
0
0
0
0
0
0
0
0
0
0
0
0
0
0
0
0
0
0
0
0
0
0
0
0
0
0
0
0
0
0
0
0
0
0
0
0
0
0
0
0
0
0
0
0
0
0
0
0
0
0
0
0
0
0
0
0
0
0
0
0
0
0
0
0
0
0
0
0
0
0
0
0
0
0
0
0
0
0
0
0
0
0
0
0
0
0
0
0
0
0
0
0
0
0
0
0
0
0
0
0
0
0
0
0
0
0
0
0
0
0
0
0
0
0
0
0
0
0
0
0
0
0
0
0
0
0
0
0
0
0
0
0
0
0
0
0
0
0
0
0
0
0
0
0
0
0
0
0
0
0
0
0
0
0
0
0
0
0
0
0
0
0
0
0
0
0
0
0
0
0
0
0
0
