1.8903e+06
0
0
0
0
0
0
0
0
0
0
0
0
0
0
0
2
3796
447241
3.20662e+06
4.65991e+06
2.37674e+06
569741
72620
7086
28614
222145
918413
1.84499e+06
1.7235e+06
755968
171802
258871
1.88789e+06
6.02651e+06
8.13602e+06
4.83679e+06
1.37122e+06
578596
2.01407e+06
3.93971e+06
3.37376e+06
1.54166e+06
1.65506e+06
4.69817e+06
7.63197e+06
6.00791e+06
2.5184e+06
1.52378e+06
2.4452e+06
2.54592e+06
2.52708e+06
6.81392e+06
1.42312e+07
1.43932e+07
7.22122e+06
2.71726e+06
2.11457e+06
2.31271e+06
4.45164e+06
9.5316e+06
1.15359e+07
8.23717e+06
6.9932e+06
8.07798e+06
6.86968e+06
6.5643e+06
8.19186e+06
7.4684e+06
6.94026e+06
8.74896e+06
1.08777e+07
1.71902e+07
2.33057e+07
1.73001e+07
6.67546e+06
2.7288e+06
6.47885e+06
1.35874e+07
1.49171e+07
9.91145e+06
6.93719e+06
8.8651e+06
1.44249e+07
1.68802e+07
1.4631e+07
1.43486e+07
1.79854e+07
2.41481e+07
2.37292e+07
1.6823e+07
1.34146e+07
1.53491e+07
1.79427e+07
1.58656e+07
1.34415e+07
1.45477e+07
1.72319e+07
1.53519e+07
1.1236e+07
1.49931e+07
2.56944e+07
2.86249e+07
2.269e+07
2.33973e+07
3.278e+07
3.62963e+07
2.9754e+07
2.15933e+07
1.47183e+07
9.50929e+06
9.40184e+06
1.97189e+07
3.07685e+07
2.70578e+07
2.05726e+07
2.79401e+07
3.16041e+07
2.88515e+07
2.11836e+07
2.21884e+07
2.46054e+07
2.7263e+07
3.57086e+07
3.17929e+07
2.36948e+07
2.14373e+07
2.17635e+07
1.80448e+07
1.11779e+07
1.06259e+07
1.45126e+07
1.81632e+07
2.47649e+07
2.90932e+07
3.08275e+07
3.11887e+07
2.0792e+07
1.46446e+07
1.80121e+07
2.10784e+07
1.95977e+07
1.7641e+07
1.31278e+07
1.05628e+07
1.3523e+07
1.59424e+07
8.72167e+06
3.4447e+06
6.76809e+06
1.40579e+07
1.90584e+07
2.2275e+07
2.76157e+07
2.43076e+07
1.26695e+07
3.8171e+06
4.19004e+06
8.66311e+06
7.21736e+06
2.18712e+06
1.20138e+06
1.58492e+06
1.26343e+06
3.59009e+06
5.27339e+06
9.40716e+06
1.46744e+07
1.50725e+07
9.78878e+06
3.52438e+06
2.45428e+06
2.51482e+06
429148
2818
2
0
13
604
17035
216972
1.41887e+06
4.48381e+06
6.56284e+06
3.70523e+06
582280
24584
496
3
0
0
0
0
0
72
2168
33621
219059
496400
193832
0
0
0
0
0
0
0
0
0
0
0
0
0
0
0
0
0
0
0
0
0
0
0
0
0
0
0
0
0
0
0
0
0
0
0
0
0
0
0
0
0
0
0
0
0
0
0
0
0
0
0
0
0
0
0
0
0
0
0
0
0
0
0
0
0
0
0
0
0
0
0
0
0
0
0
0
0
0
0
0
0
0
0
0
0
0
0
0
0
0
0
0
0
0
0
0
0
0
0
0
0
0
0
0
0
0
0
0
0
0
0
0
0
0
0
0
0
0
0
0
0
0
0
0
0
0
0
0
0
0
0
0
0
0
0
0
0
0
0
0
0
0
0
0
0
0
0
0
0
0
0
0
0
0
0
0
0
0
0
0
0
0
0
0
0
0
0
0
0
0
0
0
0
0
0
0
0
0
0
0
0
0
0
0
0
0
0
0
0
0
0
0
0
0
0
0
0
0
0
0
