757760
0
0
0
0
0
0
0
0
0
0
0
0
0
0
0
0
1567
180320
1.2827e+06
1.87135e+06
950536
228482
29473
3011
11479
90189
366516
740451
689498
303035
69928
105424
757993
2.40844e+06
3.26937e+06
1.93138e+06
551747
235195
805870
1.58175e+06
1.34884e+06
618091
667461
1.8787e+06
3.06718e+06
2.39804e+06
1.01188e+06
612830
981076
1.02178e+06
1.01819e+06
2.72905e+06
5.70252e+06
5.76058e+06
2.89058e+06
1.09516e+06
854668
930477
1.78546e+06
3.81232e+06
4.62857e+06
3.29472e+06
2.80269e+06
3.24885e+06
2.74748e+06
2.63038e+06
3.29128e+06
2.98947e+06
2.77753e+06
3.52307e+06
4.35811e+06
6.87156e+06
9.35908e+06
6.9127e+06
2.68319e+06
1.10864e+06
2.59222e+06
5.4421e+06
5.98588e+06
3.96741e+06
2.79009e+06
3.55266e+06
5.77538e+06
6.77301e+06
5.8457e+06
5.77605e+06
7.19521e+06
9.68758e+06
9.5141e+06
6.72721e+06
5.3961e+06
6.13838e+06
7.20839e+06
6.34245e+06
5.40684e+06
5.82188e+06
6.90924e+06
6.15512e+06
4.5012e+06
6.01072e+06
1.03075e+07
1.14847e+07
9.07564e+06
9.37175e+06
1.31445e+07
1.45666e+07
1.19037e+07
8.66699e+06
5.90037e+06
3.82393e+06
3.769e+06
7.87699e+06
1.23756e+07
1.0827e+07
8.2331e+06
1.1196e+07
1.26901e+07
1.1558e+07
8.4872e+06
8.9119e+06
9.85448e+06
1.09213e+07
1.43059e+07
1.27634e+07
9.49273e+06
8.57885e+06
8.75174e+06
7.22356e+06
4.4762e+06
4.26376e+06
5.8076e+06
7.27864e+06
9.94617e+06
1.16686e+07
1.23296e+07
1.25184e+07
8.34383e+06
5.85504e+06
7.22669e+06
8.45033e+06
7.8394e+06
7.0872e+06
5.26031e+06
4.23109e+06
5.42676e+06
6.38148e+06
3.50441e+06
1.37925e+06
2.70783e+06
5.63359e+06
7.66895e+06
8.89964e+06
1.10687e+07
9.74459e+06
5.09013e+06
1.53105e+06
1.67251e+06
3.46335e+06
2.90768e+06
877030
481345
634315
506857
1.43521e+06
2.11589e+06
3.76641e+06
5.88236e+06
6.03116e+06
3.94514e+06
1.4097e+06
979360
1.00967e+06
174755
1178
0
0
12
284
7393
87928
564892
1.79048e+06
2.63542e+06
1.4906e+06
232448
10125
259
0
0
0
0
0
0
54
877
13918
87448
197739
78844
0
0
0
0
0
0
0
0
0
0
0
0
0
0
0
0
0
0
0
0
0
0
0
0
0
0
0
0
0
0
0
0
0
0
0
0
0
0
0
0
0
0
0
0
0
0
0
0
0
0
0
0
0
0
0
0
0
0
0
0
0
0
0
0
0
0
0
0
0
0
0
0
0
0
0
0
0
0
0
0
0
0
0
0
0
0
0
0
0
0
0
0
0
0
0
0
0
0
0
0
0
0
0
0
0
0
0
0
0
0
0
0
0
0
0
0
0
0
0
0
0
0
0
0
0
0
0
0
0
0
0
0
0
0
0
0
0
0
0
0
0
0
0
0
0
0
0
0
0
0
0
0
0
0
0
0
0
0
0
0
0
0
0
0
0
0
0
0
0
0
0
0
0
0
0
0
0
0
0
0
0
0
0
0
0
0
0
0
0
0
0
0
0
0
0
0
0
0
0
0
