1.04448e+06
0
0
0
0
0
0
0
0
0
0
0
0
0
0
0
0
2161
247723
1.77064e+06
2.57655e+06
1.31082e+06
315282
40843
3990
16095
124033
506407
1.01842e+06
951373
418028
95956
144676
1.04455e+06
3.32591e+06
4.49796e+06
2.66579e+06
761012
322750
1.11276e+06
2.1774e+06
1.86094e+06
852766
920164
2.59253e+06
4.21787e+06
3.30969e+06
1.39684e+06
846138
1.35049e+06
1.40512e+06
1.40456e+06
3.76983e+06
7.85406e+06
7.93365e+06
3.9932e+06
1.50931e+06
1.1747e+06
1.28219e+06
2.46578e+06
5.25396e+06
6.37001e+06
4.5521e+06
3.86611e+06
4.4672e+06
3.79604e+06
3.6283e+06
4.52398e+06
4.12494e+06
3.83587e+06
4.84128e+06
6.01196e+06
9.48556e+06
1.28803e+07
9.53935e+06
3.70325e+06
1.5239e+06
3.58041e+06
7.49433e+06
8.23942e+06
5.47916e+06
3.84274e+06
4.90565e+06
7.95517e+06
9.32541e+06
8.07467e+06
7.94925e+06
9.93251e+06
1.33423e+07
1.31035e+07
9.29021e+06
7.42928e+06
8.4708e+06
9.92286e+06
8.75424e+06
7.43964e+06
8.03567e+06
9.51772e+06
8.48083e+06
6.21417e+06
8.29478e+06
1.41878e+07
1.58152e+07
1.25302e+07
1.29349e+07
1.81048e+07
2.00625e+07
1.6423e+07
1.19405e+07
8.13125e+06
5.27063e+06
5.20601e+06
1.08717e+07
1.70181e+07
1.49357e+07
1.13701e+07
1.54347e+07
1.74711e+07
1.5937e+07
1.16986e+07
1.22737e+07
1.35871e+07
1.5071e+07
1.97153e+07
1.75732e+07
1.3096e+07
1.18333e+07
1.20435e+07
9.96237e+06
6.17929e+06
5.8772e+06
8.01009e+06
1.00393e+07
1.36917e+07
1.6074e+07
1.70196e+07
1.72347e+07
1.15004e+07
8.08561e+06
9.95273e+06
1.16422e+07
1.08187e+07
9.7613e+06
7.25238e+06
5.8333e+06
7.47946e+06
8.79661e+06
4.82878e+06
1.90717e+06
3.73785e+06
7.76256e+06
1.05484e+07
1.22924e+07
1.52492e+07
1.3426e+07
7.01135e+06
2.11545e+06
2.3145e+06
4.77655e+06
3.99436e+06
1.2114e+06
664521
874344
702395
1.98455e+06
2.91627e+06
5.19302e+06
8.09684e+06
8.31877e+06
5.4256e+06
1.94807e+06
1.35604e+06
1.38871e+06
238275
1563
0
0
12
365
10207
122574
785546
2.47532e+06
3.62282e+06
2.04741e+06
321510
14214
339
0
0
0
0
0
0
59
1324
19494
121491
273043
106829
0
0
0
0
0
0
0
0
0
0
0
0
0
0
0
0
0
0
0
0
0
0
0
0
0
0
0
0
0
0
0
0
0
0
0
0
0
0
0
0
0
0
0
0
0
0
0
0
0
0
0
0
0
0
0
0
0
0
0
0
0
0
0
0
0
0
0
0
0
0
0
0
0
0
0
0
0
0
0
0
0
0
0
0
0
0
0
0
0
0
0
0
0
0
0
0
0
0
0
0
0
0
0
0
0
0
0
0
0
0
0
0
0
0
0
0
0
0
0
0
0
0
0
0
0
0
0
0
0
0
0
0
0
0
0
0
0
0
0
0
0
0
0
0
0
0
0
0
0
0
0
0
0
0
0
0
0
0
0
0
0
0
0
0
0
0
0
0
0
0
0
0
0
0
0
0
0
0
0
0
0
0
0
0
0
0
0
0
0
0
0
0
0
0
0
0
0
0
0
0
