1.75104e+06
0
0
0
0
0
0
0
0
0
0
0
0
0
0
0
2
3539
414311
2.97043e+06
4.31677e+06
2.20133e+06
527886
67198
6519
26304
205869
851088
1.7089e+06
1.5964e+06
700666
159018
238838
1.74882e+06
5.5837e+06
7.53818e+06
4.47858e+06
1.27029e+06
535211
1.86602e+06
3.64998e+06
3.12544e+06
1.42669e+06
1.5324e+06
4.35209e+06
7.07305e+06
5.56487e+06
2.3325e+06
1.41015e+06
2.26696e+06
2.35636e+06
2.33948e+06
6.30933e+06
1.31901e+07
1.33321e+07
6.68705e+06
2.51645e+06
1.95922e+06
2.14151e+06
4.12311e+06
8.83089e+06
1.06897e+07
7.62566e+06
6.47665e+06
7.48883e+06
6.36136e+06
6.08153e+06
7.5876e+06
6.9146e+06
6.42849e+06
8.10487e+06
1.00732e+07
1.59243e+07
2.15999e+07
1.60258e+07
6.17921e+06
2.52268e+06
5.99905e+06
1.25916e+07
1.38232e+07
9.17856e+06
6.42262e+06
8.2129e+06
1.33636e+07
1.56362e+07
1.35483e+07
1.32908e+07
1.66573e+07
2.23796e+07
2.19842e+07
1.55809e+07
1.24218e+07
1.42123e+07
1.6631e+07
1.46967e+07
1.2448e+07
1.34743e+07
1.59682e+07
1.42252e+07
1.0399e+07
1.38817e+07
2.38065e+07
2.6521e+07
2.10114e+07
2.167e+07
3.03692e+07
3.36356e+07
2.75584e+07
2.00062e+07
1.36289e+07
8.80258e+06
8.69784e+06
1.82615e+07
2.85273e+07
2.50686e+07
1.90387e+07
2.58802e+07
2.9286e+07
2.67267e+07
1.96132e+07
2.05523e+07
2.2788e+07
2.52503e+07
3.30888e+07
2.94633e+07
2.19451e+07
1.98527e+07
2.01663e+07
1.67126e+07
1.03453e+07
9.83932e+06
1.34434e+07
1.68258e+07
2.29474e+07
2.69535e+07
2.855e+07
2.89025e+07
1.92616e+07
1.35506e+07
1.66851e+07
1.95319e+07
1.81492e+07
1.63478e+07
1.21587e+07
9.77802e+06
1.25292e+07
1.47791e+07
8.07929e+06
3.18487e+06
6.26594e+06
1.30228e+07
1.76515e+07
2.06229e+07
2.55888e+07
2.25308e+07
1.17386e+07
3.52758e+06
3.87268e+06
8.02844e+06
6.6965e+06
2.02256e+06
1.11146e+06
1.46815e+06
1.16852e+06
3.32477e+06
4.88483e+06
8.71281e+06
1.35907e+07
1.39653e+07
9.07547e+06
3.26005e+06
2.27226e+06
2.33238e+06
397372
2566
2
0
12
543
15856
200831
1.31231e+06
4.15247e+06
6.08261e+06
3.43274e+06
539014
22495
465
3
0
0
0
0
0
72
2003
31219
202517
459891
179818
0
0
0
0
0
0
0
0
0
0
0
0
0
0
0
0
0
0
0
0
0
0
0
0
0
0
0
0
0
0
0
0
0
0
0
0
0
0
0
0
0
0
0
0
0
0
0
0
0
0
0
0
0
0
0
0
0
0
0
0
0
0
0
0
0
0
0
0
0
0
0
0
0
0
0
0
0
0
0
0
0
0
0
0
0
0
0
0
0
0
0
0
0
0
0
0
0
0
0
0
0
0
0
0
0
0
0
0
0
0
0
0
0
0
0
0
0
0
0
0
0
0
0
0
0
0
0
0
0
0
0
0
0
0
0
0
0
0
0
0
0
0
0
0
0
0
0
0
0
0
0
0
0
0
0
0
0
0
0
0
0
0
0
0
0
0
0
0
0
0
0
0
0
0
0
0
0
0
0
0
0
0
0
0
0
0
0
0
0
0
0
0
0
0
0
0
0
0
0
0
