1.56877e+06
0
0
0
0
0
0
0
0
0
0
0
0
0
0
0
2
3204
371236
2.6609e+06
3.86803e+06
1.9715e+06
473092
60317
5944
23602
184371
762240
1.53201e+06
1.42943e+06
627190
143042
214471
1.56636e+06
5.0006e+06
6.75567e+06
4.01184e+06
1.13778e+06
479634
1.67261e+06
3.26961e+06
2.80008e+06
1.27766e+06
1.37298e+06
3.89634e+06
6.34302e+06
4.98368e+06
2.08749e+06
1.26394e+06
2.03131e+06
2.11245e+06
2.09688e+06
5.64887e+06
1.18175e+07
1.19472e+07
5.98757e+06
2.25443e+06
1.75716e+06
1.91926e+06
3.6937e+06
7.90999e+06
9.57873e+06
6.82884e+06
5.80239e+06
6.71481e+06
5.6978e+06
5.44562e+06
6.80062e+06
6.19343e+06
5.75923e+06
7.2636e+06
9.01735e+06
1.42633e+07
1.93639e+07
1.43565e+07
5.53318e+06
2.26004e+06
5.37078e+06
1.12836e+07
1.2388e+07
8.22099e+06
5.75355e+06
7.35524e+06
1.19744e+07
1.40115e+07
1.2131e+07
1.19118e+07
1.49237e+07
2.00497e+07
1.96971e+07
1.39576e+07
1.11291e+07
1.27302e+07
1.49056e+07
1.31639e+07
1.11517e+07
1.20688e+07
1.43106e+07
1.27479e+07
9.31218e+06
1.24307e+07
2.13283e+07
2.37733e+07
1.88182e+07
1.94031e+07
2.72119e+07
3.01471e+07
2.46846e+07
1.79241e+07
1.22116e+07
7.88924e+06
7.77822e+06
1.63532e+07
2.55826e+07
2.24621e+07
1.70344e+07
2.31888e+07
2.62511e+07
2.39402e+07
1.75641e+07
1.84185e+07
2.04115e+07
2.26146e+07
2.96486e+07
2.64063e+07
1.9659e+07
1.77817e+07
1.80764e+07
1.49698e+07
9.26195e+06
8.81427e+06
1.20384e+07
1.50717e+07
2.05748e+07
2.41488e+07
2.55715e+07
2.58998e+07
1.72584e+07
1.213e+07
1.49518e+07
1.75043e+07
1.62483e+07
1.46517e+07
1.08927e+07
8.75355e+06
1.12311e+07
1.32481e+07
7.23769e+06
2.8479e+06
5.61056e+06
1.16702e+07
1.5823e+07
1.84565e+07
2.29268e+07
2.01985e+07
1.05191e+07
3.15496e+06
3.46304e+06
7.19566e+06
6.00675e+06
1.8105e+06
994211
1.31612e+06
1.04518e+06
2.97678e+06
4.37859e+06
7.80599e+06
1.21701e+07
1.2512e+07
8.13776e+06
2.91898e+06
2.03347e+06
2.09237e+06
357116
2330
2
0
12
463
14222
179788
1.17388e+06
3.72135e+06
5.44954e+06
3.07685e+06
481905
20478
425
0
0
0
0
0
0
63
1798
28024
181166
412069
161264
0
0
0
0
0
0
0
0
0
0
0
0
0
0
0
0
0
0
0
0
0
0
0
0
0
0
0
0
0
0
0
0
0
0
0
0
0
0
0
0
0
0
0
0
0
0
0
0
0
0
0
0
0
0
0
0
0
0
0
0
0
0
0
0
0
0
0
0
0
0
0
0
0
0
0
0
0
0
0
0
0
0
0
0
0
0
0
0
0
0
0
0
0
0
0
0
0
0
0
0
0
0
0
0
0
0
0
0
0
0
0
0
0
0
0
0
0
0
0
0
0
0
0
0
0
0
0
0
0
0
0
0
0
0
0
0
0
0
0
0
0
0
0
0
0
0
0
0
0
0
0
0
0
0
0
0
0
0
0
0
0
0
0
0
0
0
0
0
0
0
0
0
0
0
0
0
0
0
0
0
0
0
0
0
0
0
0
0
0
0
0
0
0
0
0
0
0
0
0
0
