1.36602e+06
0
0
0
0
0
0
0
0
0
0
0
0
0
0
0
0
2833
323591
2.31596e+06
3.36966e+06
1.71608e+06
411628
52593
5183
20617
160439
663067
1.33455e+06
1.24558e+06
545546
124392
186107
1.36376e+06
4.35434e+06
5.88526e+06
3.49197e+06
990215
417494
1.45526e+06
2.84915e+06
2.4383e+06
1.11105e+06
1.19532e+06
3.39176e+06
5.52666e+06
4.33829e+06
1.81813e+06
1.09955e+06
1.76897e+06
1.83906e+06
1.82549e+06
4.92136e+06
1.02899e+07
1.04004e+07
5.21524e+06
1.96106e+06
1.53116e+06
1.67319e+06
3.21493e+06
6.88497e+06
8.34417e+06
5.94591e+06
5.05134e+06
5.84923e+06
4.96088e+06
4.73958e+06
5.9239e+06
5.39188e+06
5.0146e+06
6.32663e+06
7.84701e+06
1.2417e+07
1.68713e+07
1.25012e+07
4.81524e+06
1.96768e+06
4.67605e+06
9.82202e+06
1.07897e+07
7.1607e+06
5.01008e+06
6.40319e+06
1.04255e+07
1.22021e+07
1.05587e+07
1.03759e+07
1.29911e+07
1.74631e+07
1.71562e+07
1.21448e+07
9.6935e+06
1.10842e+07
1.29839e+07
1.14587e+07
9.71077e+06
1.0508e+07
1.24617e+07
1.11038e+07
8.10377e+06
1.08219e+07
1.85797e+07
2.0705e+07
1.63727e+07
1.68922e+07
2.37009e+07
2.62602e+07
2.1489e+07
1.5604e+07
1.06359e+07
6.87318e+06
6.76808e+06
1.42299e+07
2.22925e+07
1.95557e+07
1.48237e+07
2.01936e+07
2.28641e+07
2.08496e+07
1.52876e+07
1.60324e+07
1.77702e+07
1.96898e+07
2.58212e+07
2.30042e+07
1.7118e+07
1.54773e+07
1.57443e+07
1.30332e+07
8.06266e+06
7.67177e+06
1.0481e+07
1.31278e+07
1.79238e+07
2.10311e+07
2.22567e+07
2.25528e+07
1.50324e+07
1.05617e+07
1.30149e+07
1.52386e+07
1.41452e+07
1.27625e+07
9.4902e+06
7.61849e+06
9.77882e+06
1.15372e+07
6.30735e+06
2.48e+06
4.88344e+06
1.01611e+07
1.37756e+07
1.60687e+07
1.99656e+07
1.75851e+07
9.16488e+06
2.7497e+06
3.01242e+06
6.26392e+06
5.23321e+06
1.57658e+06
865086
1.14672e+06
910270
2.59251e+06
3.8151e+06
6.7937e+06
1.0593e+07
1.08948e+07
7.08912e+06
2.54335e+06
1.77073e+06
1.82233e+06
311160
2015
2
0
12
426
12561
157212
1.02269e+06
3.2389e+06
4.74369e+06
2.68036e+06
419773
18122
396
0
0
0
0
0
0
61
1591
24748
158269
358202
140137
0
0
0
0
0
0
0
0
0
0
0
0
0
0
0
0
0
0
0
0
0
0
0
0
0
0
0
0
0
0
0
0
0
0
0
0
0
0
0
0
0
0
0
0
0
0
0
0
0
0
0
0
0
0
0
0
0
0
0
0
0
0
0
0
0
0
0
0
0
0
0
0
0
0
0
0
0
0
0
0
0
0
0
0
0
0
0
0
0
0
0
0
0
0
0
0
0
0
0
0
0
0
0
0
0
0
0
0
0
0
0
0
0
0
0
0
0
0
0
0
0
0
0
0
0
0
0
0
0
0
0
0
0
0
0
0
0
0
0
0
0
0
0
0
0
0
0
0
0
0
0
0
0
0
0
0
0
0
0
0
0
0
0
0
0
0
0
0
0
0
0
0
0
0
0
0
0
0
0
0
0
0
0
0
0
0
0
0
0
0
0
0
0
0
0
0
0
0
0
0
