1.93946e+06
0
0
0
0
0
0
0
0
0
0
0
0
0
0
0
2
3893
458883
3.2901e+06
4.78106e+06
2.43814e+06
584758
74614
7312
29444
227777
942109
1.89342e+06
1.76796e+06
775762
176209
265792
1.93786e+06
6.18291e+06
8.3457e+06
4.96334e+06
1.40698e+06
593755
2.06699e+06
4.04171e+06
3.46168e+06
1.58179e+06
1.6983e+06
4.82027e+06
7.82902e+06
6.16487e+06
2.58386e+06
1.56348e+06
2.50916e+06
2.61185e+06
2.59345e+06
6.99168e+06
1.46009e+07
1.47657e+07
7.40928e+06
2.78835e+06
2.16978e+06
2.37264e+06
4.56794e+06
9.77995e+06
1.18347e+07
8.45164e+06
7.17613e+06
8.28694e+06
7.04838e+06
6.73412e+06
8.40536e+06
7.66357e+06
7.12072e+06
8.97579e+06
1.11612e+07
1.76397e+07
2.39071e+07
1.77496e+07
6.8499e+06
2.80077e+06
6.64801e+06
1.3941e+07
1.53035e+07
1.01694e+07
7.11736e+06
9.09476e+06
1.48031e+07
1.73167e+07
1.50118e+07
1.47222e+07
1.8455e+07
2.47736e+07
2.43459e+07
1.72603e+07
1.37654e+07
1.57494e+07
1.84046e+07
1.6278e+07
1.37917e+07
1.493e+07
1.76779e+07
1.57479e+07
1.15303e+07
1.53858e+07
2.63625e+07
2.9367e+07
2.32808e+07
2.40083e+07
3.36306e+07
3.7235e+07
3.05302e+07
2.21537e+07
1.51028e+07
9.75664e+06
9.64936e+06
2.02328e+07
3.15613e+07
2.77614e+07
2.11107e+07
2.86703e+07
3.24214e+07
2.96015e+07
2.1737e+07
2.27671e+07
2.52439e+07
2.79739e+07
3.66363e+07
3.26147e+07
2.43124e+07
2.19934e+07
2.23298e+07
1.8516e+07
1.14697e+07
1.09031e+07
1.48905e+07
1.86343e+07
2.54062e+07
2.98506e+07
3.16301e+07
3.19979e+07
2.13317e+07
1.50278e+07
1.84823e+07
2.1625e+07
2.01074e+07
1.81e+07
1.34682e+07
1.08369e+07
1.38765e+07
1.63531e+07
8.94901e+06
3.53516e+06
6.94449e+06
1.44245e+07
1.95551e+07
2.28549e+07
2.83345e+07
2.49363e+07
1.29974e+07
3.91775e+06
4.30028e+06
8.88834e+06
7.40253e+06
2.24464e+06
1.2328e+06
1.62606e+06
1.2965e+06
3.68338e+06
5.40995e+06
9.65162e+06
1.50581e+07
1.54663e+07
1.00404e+07
3.61598e+06
2.51852e+06
2.57925e+06
440377
2882
2
0
13
610
17389
222574
1.45555e+06
4.60093e+06
6.733e+06
3.802e+06
597317
25197
518
3
0
0
0
0
0
73
2228
34351
224754
509325
198997
0
0
0
0
0
0
0
0
0
0
0
0
0
0
0
0
0
0
0
0
0
0
0
0
0
0
0
0
0
0
0
0
0
0
0
0
0
0
0
0
0
0
0
0
0
0
0
0
0
0
0
0
0
0
0
0
0
0
0
0
0
0
0
0
0
0
0
0
0
0
0
0
0
0
0
0
0
0
0
0
0
0
0
0
0
0
0
0
0
0
0
0
0
0
0
0
0
0
0
0
0
0
0
0
0
0
0
0
0
0
0
0
0
0
0
0
0
0
0
0
0
0
0
0
0
0
0
0
0
0
0
0
0
0
0
0
0
0
0
0
0
0
0
0
0
0
0
0
0
0
0
0
0
0
0
0
0
0
0
0
0
0
0
0
0
0
0
0
0
0
0
0
0
0
0
0
0
0
0
0
0
0
0
0
0
0
0
0
0
0
0
0
0
0
0
0
0
0
0
0
