628736
0
0
0
0
0
0
0
0
0
0
0
0
0
0
0
0
1305
149743
1.06336e+06
1.55423e+06
787931
189533
24485
2539
9367
74916
304393
614002
572584
250915
58271
88209
629415
1.99642e+06
2.71372e+06
1.60039e+06
459069
195825
668374
1.31319e+06
1.11818e+06
513019
552993
1.55634e+06
2.55162e+06
1.98821e+06
838204
508367
813245
849491
844248
2.26264e+06
4.73196e+06
4.78241e+06
2.39511e+06
908639
711176
772481
1.47904e+06
3.16274e+06
3.84588e+06
2.72974e+06
2.32402e+06
2.69927e+06
2.27795e+06
2.18065e+06
2.73392e+06
2.48032e+06
2.30006e+06
2.92925e+06
3.61617e+06
5.6975e+06
7.7696e+06
5.73172e+06
2.22544e+06
921074
2.14834e+06
4.51886e+06
4.97126e+06
3.28749e+06
2.31557e+06
2.94364e+06
4.79212e+06
5.62612e+06
4.84566e+06
4.79784e+06
5.96188e+06
8.04108e+06
7.89946e+06
5.57821e+06
4.48041e+06
5.08694e+06
5.98658e+06
5.25628e+06
4.49107e+06
4.82406e+06
5.73915e+06
5.1088e+06
3.73299e+06
4.98474e+06
8.55816e+06
9.52924e+06
7.52669e+06
7.77025e+06
1.09099e+07
1.20898e+07
9.87472e+06
7.19188e+06
4.89401e+06
3.17532e+06
3.12725e+06
6.52836e+06
1.02831e+07
8.97632e+06
6.82709e+06
9.28675e+06
1.05388e+07
9.58426e+06
7.04261e+06
7.39975e+06
8.17479e+06
9.05669e+06
1.18676e+07
1.0602e+07
7.87061e+06
7.11292e+06
7.26775e+06
5.9925e+06
3.71212e+06
3.53752e+06
4.81939e+06
6.03826e+06
8.25748e+06
9.67896e+06
1.02223e+07
1.03986e+07
6.92384e+06
4.85188e+06
5.99904e+06
7.01371e+06
6.49823e+06
5.88623e+06
4.36169e+06
3.5121e+06
4.50249e+06
5.29069e+06
2.91114e+06
1.1438e+06
2.24399e+06
4.67422e+06
6.37512e+06
7.37349e+06
9.18204e+06
8.08911e+06
4.22689e+06
1.26848e+06
1.38616e+06
2.87154e+06
2.41667e+06
726263
399279
526039
420996
1.18937e+06
1.75625e+06
3.12397e+06
4.88182e+06
5.0027e+06
3.278e+06
1.16793e+06
811017
838068
145835
998
0
0
12
260
6136
72768
467368
1.48433e+06
2.1895e+06
1.23745e+06
192244
8344
211
0
0
0
0
0
0
37
727
11478
71787
164074
66265
0
0
0
0
0
0
0
0
0
0
0
0
0
0
0
0
0
0
0
0
0
0
0
0
0
0
0
0
0
0
0
0
0
0
0
0
0
0
0
0
0
0
0
0
0
0
0
0
0
0
0
0
0
0
0
0
0
0
0
0
0
0
0
0
0
0
0
0
0
0
0
0
0
0
0
0
0
0
0
0
0
0
0
0
0
0
0
0
0
0
0
0
0
0
0
0
0
0
0
0
0
0
0
0
0
0
0
0
0
0
0
0
0
0
0
0
0
0
0
0
0
0
0
0
0
0
0
0
0
0
0
0
0
0
0
0
0
0
0
0
0
0
0
0
0
0
0
0
0
0
0
0
0
0
0
0
0
0
0
0
0
0
0
0
0
0
0
0
0
0
0
0
0
0
0
0
0
0
0
0
0
0
0
0
0
0
0
0
0
0
0
0
0
0
0
0
0
0
0
0
