1.09363e+06
0
0
0
0
0
0
0
0
0
0
0
0
0
0
0
0
2253
259259
1.85447e+06
2.69741e+06
1.37252e+06
330274
42616
4173
16864
129521
530554
1.0664e+06
996394
437451
100504
150891
1.09334e+06
3.48324e+06
4.70981e+06
2.7921e+06
796475
336973
1.16555e+06
2.2794e+06
1.94893e+06
892769
962165
2.71568e+06
4.41746e+06
3.4657e+06
1.46212e+06
885028
1.41405e+06
1.4716e+06
1.46859e+06
3.94634e+06
8.22613e+06
8.31077e+06
4.18025e+06
1.57835e+06
1.22923e+06
1.34169e+06
2.58021e+06
5.50362e+06
6.6717e+06
4.76457e+06
4.04771e+06
4.67971e+06
3.97331e+06
3.79715e+06
4.7385e+06
4.31897e+06
4.01623e+06
5.06782e+06
6.29142e+06
9.93429e+06
1.34921e+07
9.99242e+06
3.87201e+06
1.59158e+06
3.74692e+06
7.85136e+06
8.62933e+06
5.73613e+06
4.02125e+06
5.13315e+06
8.33498e+06
9.76476e+06
8.45289e+06
8.32023e+06
1.0401e+07
1.39728e+07
1.3722e+07
9.72715e+06
7.77434e+06
8.87108e+06
1.03922e+07
9.16641e+06
7.78695e+06
8.41236e+06
9.97007e+06
8.88075e+06
6.50176e+06
8.68017e+06
1.48597e+07
1.65651e+07
1.31183e+07
1.35368e+07
1.896e+07
2.10139e+07
1.71958e+07
1.25004e+07
8.51365e+06
5.5156e+06
5.44478e+06
1.13829e+07
1.78277e+07
1.56413e+07
1.18954e+07
1.61615e+07
1.82978e+07
1.669e+07
1.22459e+07
1.28479e+07
1.42263e+07
1.57751e+07
2.06514e+07
1.84045e+07
1.37096e+07
1.23889e+07
1.26107e+07
1.0433e+07
6.46577e+06
6.15156e+06
8.38664e+06
1.05103e+07
1.43409e+07
1.68317e+07
1.78201e+07
1.80503e+07
1.20379e+07
8.4631e+06
1.04216e+07
1.21919e+07
1.13277e+07
1.02215e+07
7.59262e+06
6.10606e+06
7.83134e+06
9.21543e+06
5.05496e+06
1.99407e+06
3.91164e+06
8.12992e+06
1.10428e+07
1.2869e+07
1.59706e+07
1.40637e+07
7.34001e+06
2.21136e+06
2.41991e+06
5.00511e+06
4.18405e+06
1.26684e+06
695469
915873
734270
2.07701e+06
3.0524e+06
5.4379e+06
8.47824e+06
8.71389e+06
5.68059e+06
2.03874e+06
1.41828e+06
1.45602e+06
249522
1613
2
0
12
374
10533
127470
821336
2.59226e+06
3.79541e+06
2.14363e+06
336488
14815
355
0
0
0
0
0
0
61
1371
20334
127010
285872
112168
0
0
0
0
0
0
0
0
0
0
0
0
0
0
0
0
0
0
0
0
0
0
0
0
0
0
0
0
0
0
0
0
0
0
0
0
0
0
0
0
0
0
0
0
0
0
0
0
0
0
0
0
0
0
0
0
0
0
0
0
0
0
0
0
0
0
0
0
0
0
0
0
0
0
0
0
0
0
0
0
0
0
0
0
0
0
0
0
0
0
0
0
0
0
0
0
0
0
0
0
0
0
0
0
0
0
0
0
0
0
0
0
0
0
0
0
0
0
0
0
0
0
0
0
0
0
0
0
0
0
0
0
0
0
0
0
0
0
0
0
0
0
0
0
0
0
0
0
0
0
0
0
0
0
0
0
0
0
0
0
0
0
0
0
0
0
0
0
0
0
0
0
0
0
0
0
0
0
0
0
0
0
0
0
0
0
0
0
0
0
0
0
0
0
0
0
0
0
0
0
