274432
0
0
0
0
0
0
0
0
0
0
0
0
0
0
0
0
621
65678
462088
681358
341942
83141
10950
1112
4094
32739
130733
270340
251019
108878
24920
39294
276075
866040
1.18964e+06
693903
202267
86190
289739
577092
487395
222444
239861
672645
1.12911e+06
864712
363547
220190
354324
372195
369907
981786
2.07087e+06
2.08862e+06
1.03885e+06
397414
314628
336698
641329
1.37629e+06
1.6967e+06
1.18048e+06
1.00706e+06
1.19252e+06
989706
944346
1.20387e+06
1.07658e+06
998439
1.29387e+06
1.57072e+06
2.46944e+06
3.42591e+06
2.48496e+06
966239
403768
931755
1.97968e+06
2.18344e+06
1.42152e+06
1.01227e+06
1.2773e+06
2.09363e+06
2.47052e+06
2.09716e+06
2.10585e+06
2.58264e+06
3.52885e+06
3.45429e+06
2.4222e+06
1.96841e+06
2.19998e+06
2.63263e+06
2.27614e+06
1.972e+06
2.10054e+06
2.51126e+06
2.22951e+06
1.62573e+06
2.16594e+06
3.7417e+06
4.17772e+06
3.27003e+06
3.37499e+06
4.77032e+06
5.30107e+06
4.2959e+06
3.13901e+06
2.13596e+06
1.3904e+06
1.35884e+06
2.83036e+06
4.53151e+06
3.89703e+06
2.96558e+06
4.04728e+06
4.62554e+06
4.17278e+06
3.07181e+06
3.24608e+06
3.55348e+06
3.94394e+06
5.17944e+06
4.65487e+06
3.42364e+06
3.09241e+06
3.18939e+06
2.60604e+06
1.61664e+06
1.55056e+06
2.09758e+06
2.63278e+06
3.62332e+06
4.21554e+06
4.44875e+06
4.55732e+06
3.02586e+06
2.10012e+06
2.62475e+06
3.0642e+06
2.82425e+06
2.58314e+06
1.89976e+06
1.53253e+06
1.96729e+06
2.30336e+06
1.27377e+06
497312
977775
2.03654e+06
2.81429e+06
3.1866e+06
4.00758e+06
3.53551e+06
1.8521e+06
552795
604750
1.24512e+06
1.06402e+06
314714
173747
230532
185685
514902
764413
1.36183e+06
2.13156e+06
2.17848e+06
1.4455e+06
504850
352200
367258
64371
454
0
0
3
120
2836
31925
204047
642712
958378
542346
83723
3710
88
0
0
0
0
0
0
9
353
5085
31259
70526
29984
0
0
0
0
0
0
0
0
0
0
0
0
0
0
0
0
0
0
0
0
0
0
0
0
0
0
0
0
0
0
0
0
0
0
0
0
0
0
0
0
0
0
0
0
0
0
0
0
0
0
0
0
0
0
0
0
0
0
0
0
0
0
0
0
0
0
0
0
0
0
0
0
0
0
0
0
0
0
0
0
0
0
0
0
0
0
0
0
0
0
0
0
0
0
0
0
0
0
0
0
0
0
0
0
0
0
0
0
0
0
0
0
0
0
0
0
0
0
0
0
0
0
0
0
0
0
0
0
0
0
0
0
0
0
0
0
0
0
0
0
0
0
0
0
0
0
0
0
0
0
0
0
0
0
0
0
0
0
0
0
0
0
0
0
0
0
0
0
0
0
0
0
0
0
0
0
0
0
0
0
0
0
0
0
0
0
0
0
0
0
0
0
0
0
0
0
0
0
0
0
