1.92717e+06
0
0
0
0
0
0
0
0
0
0
0
0
0
0
0
2
3875
455886
3.26941e+06
4.75053e+06
2.42307e+06
580889
74094
7269
29237
226424
936128
1.88117e+06
1.75696e+06
770853
175118
264092
1.92538e+06
6.14408e+06
8.29266e+06
4.93189e+06
1.3981e+06
589978
2.05379e+06
4.01621e+06
3.43959e+06
1.57192e+06
1.68782e+06
4.78954e+06
7.779e+06
6.1258e+06
2.56779e+06
1.5538e+06
2.49308e+06
2.5952e+06
2.57714e+06
6.94787e+06
1.45077e+07
1.46716e+07
7.3629e+06
2.77101e+06
2.15582e+06
2.35805e+06
4.53914e+06
9.71724e+06
1.17593e+07
8.39866e+06
7.13068e+06
8.23403e+06
7.00416e+06
6.69168e+06
8.35186e+06
7.61487e+06
7.07564e+06
8.91911e+06
1.1091e+07
1.75277e+07
2.37545e+07
1.76367e+07
6.80762e+06
2.78372e+06
6.60635e+06
1.38515e+07
1.52057e+07
1.01054e+07
7.07288e+06
9.03819e+06
1.47076e+07
1.72073e+07
1.49174e+07
1.46291e+07
1.83377e+07
2.46163e+07
2.41906e+07
1.71515e+07
1.36787e+07
1.56494e+07
1.82884e+07
1.61749e+07
1.37045e+07
1.48355e+07
1.7565e+07
1.56476e+07
1.14583e+07
1.5289e+07
2.61939e+07
2.91809e+07
2.31342e+07
2.38561e+07
3.34175e+07
3.69982e+07
3.03376e+07
2.20129e+07
1.50063e+07
9.69584e+06
9.58944e+06
2.01047e+07
3.13598e+07
2.75845e+07
2.09799e+07
2.8487e+07
3.22154e+07
2.94141e+07
2.15996e+07
2.2623e+07
2.50842e+07
2.77976e+07
3.64024e+07
3.24075e+07
2.41591e+07
2.18553e+07
2.21869e+07
1.83986e+07
1.13978e+07
1.08345e+07
1.47958e+07
1.85168e+07
2.52445e+07
2.96611e+07
3.14304e+07
3.17943e+07
2.11967e+07
1.49335e+07
1.8364e+07
2.14886e+07
1.99803e+07
1.79848e+07
1.3383e+07
1.07688e+07
1.37886e+07
1.62492e+07
8.89213e+06
3.513e+06
6.90098e+06
1.43324e+07
1.94307e+07
2.27106e+07
2.81545e+07
2.47784e+07
1.29153e+07
3.89315e+06
4.2731e+06
8.83187e+06
7.35564e+06
2.23035e+06
1.22513e+06
1.6158e+06
1.28849e+06
3.65999e+06
5.37603e+06
9.59051e+06
1.49616e+07
1.53682e+07
9.97717e+06
3.59332e+06
2.50245e+06
2.56294e+06
437526
2870
2
0
13
609
17298
221236
1.4465e+06
4.57192e+06
6.68998e+06
3.77792e+06
593496
25024
515
3
0
0
0
0
0
72
2210
34186
223330
506107
197679
0
0
0
0
0
0
0
0
0
0
0
0
0
0
0
0
0
0
0
0
0
0
0
0
0
0
0
0
0
0
0
0
0
0
0
0
0
0
0
0
0
0
0
0
0
0
0
0
0
0
0
0
0
0
0
0
0
0
0
0
0
0
0
0
0
0
0
0
0
0
0
0
0
0
0
0
0
0
0
0
0
0
0
0
0
0
0
0
0
0
0
0
0
0
0
0
0
0
0
0
0
0
0
0
0
0
0
0
0
0
0
0
0
0
0
0
0
0
0
0
0
0
0
0
0
0
0
0
0
0
0
0
0
0
0
0
0
0
0
0
0
0
0
0
0
0
0
0
0
0
0
0
0
0
0
0
0
0
0
0
0
0
0
0
0
0
0
0
0
0
0
0
0
0
0
0
0
0
0
0
0
0
0
0
0
0
0
0
0
0
0
0
0
0
0
0
0
0
0
0
