1.57286e+06
0
0
0
0
0
0
0
0
0
0
0
0
0
0
0
2
3205
372253
2.66777e+06
3.87813e+06
1.97669e+06
474307
60503
5957
23666
184881
764253
1.53594e+06
1.43314e+06
628819
143449
215048
1.57054e+06
5.01348e+06
6.7734e+06
4.02216e+06
1.14085e+06
480941
1.67708e+06
3.27803e+06
2.80734e+06
1.28107e+06
1.37675e+06
3.90638e+06
6.3594e+06
4.99659e+06
2.09307e+06
1.26728e+06
2.03665e+06
2.11791e+06
2.10238e+06
5.66382e+06
1.18483e+07
1.1978e+07
6.00329e+06
2.2605e+06
1.76168e+06
1.92439e+06
3.70324e+06
7.93082e+06
9.60347e+06
6.8468e+06
5.81761e+06
6.73212e+06
5.7126e+06
5.46009e+06
6.81846e+06
6.2094e+06
5.77443e+06
7.2824e+06
9.04133e+06
1.43004e+07
1.9414e+07
1.43938e+07
5.54781e+06
2.26619e+06
5.38512e+06
1.13129e+07
1.24196e+07
8.24269e+06
5.76886e+06
7.37475e+06
1.20056e+07
1.40477e+07
1.21628e+07
1.19431e+07
1.49629e+07
2.01014e+07
1.97487e+07
1.3994e+07
1.1158e+07
1.27639e+07
1.49441e+07
1.31984e+07
1.11807e+07
1.21009e+07
1.43477e+07
1.27809e+07
9.33683e+06
1.24636e+07
2.13839e+07
2.38341e+07
1.88678e+07
1.94547e+07
2.72826e+07
3.02252e+07
2.47488e+07
1.79713e+07
1.22433e+07
7.90983e+06
7.79942e+06
1.63962e+07
2.56484e+07
2.252e+07
1.70804e+07
2.32495e+07
2.63186e+07
2.40027e+07
1.76105e+07
1.84663e+07
2.04651e+07
2.26736e+07
2.9726e+07
2.64748e+07
1.97104e+07
1.78282e+07
1.81233e+07
1.5009e+07
9.28647e+06
8.83763e+06
1.20697e+07
1.51112e+07
2.06278e+07
2.42118e+07
2.56389e+07
2.59667e+07
1.73033e+07
1.21625e+07
1.49906e+07
1.75497e+07
1.6291e+07
1.469e+07
1.09209e+07
8.77686e+06
1.12604e+07
1.3282e+07
7.25646e+06
2.85583e+06
5.62543e+06
1.17008e+07
1.58637e+07
1.85053e+07
2.29869e+07
2.02504e+07
1.05463e+07
3.16362e+06
3.47258e+06
7.21418e+06
6.02201e+06
1.8154e+06
996892
1.31951e+06
1.04802e+06
2.98461e+06
4.39004e+06
7.82663e+06
1.22017e+07
1.25446e+07
8.15884e+06
2.9267e+06
2.03887e+06
2.09765e+06
358043
2337
2
0
12
465
14252
180274
1.17704e+06
3.73124e+06
5.46361e+06
3.08466e+06
483272
20529
426
1
0
0
0
0
0
63
1800
28106
181631
413145
161687
0
0
0
0
0
0
0
0
0
0
0
0
0
0
0
0
0
0
0
0
0
0
0
0
0
0
0
0
0
0
0
0
0
0
0
0
0
0
0
0
0
0
0
0
0
0
0
0
0
0
0
0
0
0
0
0
0
0
0
0
0
0
0
0
0
0
0
0
0
0
0
0
0
0
0
0
0
0
0
0
0
0
0
0
0
0
0
0
0
0
0
0
0
0
0
0
0
0
0
0
0
0
0
0
0
0
0
0
0
0
0
0
0
0
0
0
0
0
0
0
0
0
0
0
0
0
0
0
0
0
0
0
0
0
0
0
0
0
0
0
0
0
0
0
0
0
0
0
0
0
0
0
0
0
0
0
0
0
0
0
0
0
0
0
0
0
0
0
0
0
0
0
0
0
0
0
0
0
0
0
0
0
0
0
0
0
0
0
0
0
0
0
0
0
0
0
0
0
0
0
