1.4848e+06
0
0
0
0
0
0
0
0
0
0
0
0
0
0
0
2
3042
351435
2.51797e+06
3.66186e+06
1.86576e+06
447737
56917
5629
22298
174359
720856
1.45062e+06
1.35368e+06
593463
134905
202462
1.48192e+06
4.73237e+06
6.39784e+06
3.79602e+06
1.07636e+06
452856
1.58317e+06
3.09592e+06
2.64992e+06
1.20849e+06
1.29842e+06
3.6871e+06
6.00756e+06
4.71668e+06
1.97467e+06
1.19504e+06
1.92322e+06
1.9998e+06
1.98254e+06
5.3449e+06
1.11899e+07
1.13079e+07
5.66772e+06
2.13101e+06
1.66318e+06
1.8163e+06
3.49501e+06
7.48697e+06
9.06744e+06
6.46324e+06
5.49142e+06
6.35748e+06
5.39159e+06
5.15196e+06
6.43876e+06
5.86172e+06
5.45041e+06
6.87489e+06
8.53032e+06
1.34995e+07
1.83362e+07
1.35911e+07
5.2318e+06
2.13589e+06
5.08223e+06
1.06813e+07
1.17283e+07
7.77956e+06
5.44404e+06
6.95906e+06
1.13352e+07
1.32647e+07
1.14792e+07
1.12724e+07
1.4123e+07
1.89832e+07
1.86447e+07
1.32059e+07
1.05333e+07
1.20456e+07
1.41138e+07
1.24587e+07
1.05526e+07
1.14221e+07
1.35477e+07
1.20671e+07
8.80847e+06
1.17609e+07
2.01927e+07
2.25072e+07
1.78028e+07
1.83586e+07
2.57597e+07
2.85435e+07
2.33613e+07
1.69632e+07
1.15594e+07
7.46547e+06
7.35356e+06
1.54719e+07
2.42278e+07
2.12626e+07
1.61109e+07
2.19483e+07
2.48537e+07
2.26597e+07
1.66186e+07
1.74287e+07
1.93192e+07
2.13966e+07
2.80702e+07
2.50029e+07
1.86036e+07
1.68245e+07
1.71137e+07
1.41686e+07
8.76219e+06
8.33745e+06
1.13914e+07
1.4267e+07
1.94816e+07
2.28587e+07
2.41965e+07
2.4518e+07
1.63368e+07
1.14762e+07
1.41512e+07
1.65668e+07
1.53742e+07
1.38693e+07
1.03135e+07
8.28207e+06
1.06283e+07
1.25454e+07
6.8525e+06
2.69225e+06
5.30839e+06
1.10463e+07
1.49756e+07
1.7463e+07
2.17028e+07
1.91204e+07
9.95934e+06
2.98439e+06
3.27372e+06
6.81231e+06
5.68767e+06
1.71346e+06
939904
1.24603e+06
988245
2.81661e+06
4.14507e+06
7.388e+06
1.1518e+07
1.1843e+07
7.70402e+06
2.76274e+06
1.92343e+06
1.98213e+06
337755
2176
2
0
12
450
13525
170050
1.10966e+06
3.52137e+06
5.15936e+06
2.91346e+06
455484
19423
409
0
0
0
0
0
0
63
1713
26579
171669
389747
152629
0
0
0
0
0
0
0
0
0
0
0
0
0
0
0
0
0
0
0
0
0
0
0
0
0
0
0
0
0
0
0
0
0
0
0
0
0
0
0
0
0
0
0
0
0
0
0
0
0
0
0
0
0
0
0
0
0
0
0
0
0
0
0
0
0
0
0
0
0
0
0
0
0
0
0
0
0
0
0
0
0
0
0
0
0
0
0
0
0
0
0
0
0
0
0
0
0
0
0
0
0
0
0
0
0
0
0
0
0
0
0
0
0
0
0
0
0
0
0
0
0
0
0
0
0
0
0
0
0
0
0
0
0
0
0
0
0
0
0
0
0
0
0
0
0
0
0
0
0
0
0
0
0
0
0
0
0
0
0
0
0
0
0
0
0
0
0
0
0
0
0
0
0
0
0
0
0
0
0
0
0
0
0
0
0
0
0
0
0
0
0
0
0
0
0
0
0
0
0
0
