1.76947e+06
0
0
0
0
0
0
0
0
0
0
0
0
0
0
0
2
3562
418930
3.00152e+06
4.36201e+06
2.22452e+06
533514
67956
6568
26599
207849
860273
1.72698e+06
1.61305e+06
708032
160709
241625
1.76736e+06
5.64202e+06
7.61707e+06
4.52605e+06
1.28374e+06
541084
1.88536e+06
3.68868e+06
3.15813e+06
1.44184e+06
1.54826e+06
4.39851e+06
7.14702e+06
5.62342e+06
2.35731e+06
1.42512e+06
2.29042e+06
2.38124e+06
2.36443e+06
6.37623e+06
1.33276e+07
1.34726e+07
6.75773e+06
2.54316e+06
1.97966e+06
2.16419e+06
4.16636e+06
8.9238e+06
1.08018e+07
7.70676e+06
6.54507e+06
7.56654e+06
6.42896e+06
6.14538e+06
7.66754e+06
6.98728e+06
6.49674e+06
8.18988e+06
1.01795e+07
1.6091e+07
2.18269e+07
1.61955e+07
6.24419e+06
2.54909e+06
6.06218e+06
1.27238e+07
1.39693e+07
9.27517e+06
6.49011e+06
8.29916e+06
1.35042e+07
1.58001e+07
1.36919e+07
1.34307e+07
1.68322e+07
2.26151e+07
2.2216e+07
1.5745e+07
1.2553e+07
1.43622e+07
1.68045e+07
1.48522e+07
1.25786e+07
1.36173e+07
1.61349e+07
1.43755e+07
1.05081e+07
1.40285e+07
2.40562e+07
2.6802e+07
2.12315e+07
2.18972e+07
3.06905e+07
3.3989e+07
2.78488e+07
2.02152e+07
1.37735e+07
8.89575e+06
8.78999e+06
1.8453e+07
2.88259e+07
2.53328e+07
1.924e+07
2.61521e+07
2.95934e+07
2.70089e+07
1.98214e+07
2.07673e+07
2.30274e+07
2.55169e+07
3.34371e+07
2.97726e+07
2.21773e+07
2.00619e+07
2.03764e+07
1.68897e+07
1.04544e+07
9.94322e+06
1.35854e+07
1.70022e+07
2.31889e+07
2.72381e+07
2.885e+07
2.92045e+07
1.94662e+07
1.36941e+07
1.6861e+07
1.97365e+07
1.834e+07
1.65201e+07
1.22869e+07
9.88132e+06
1.26614e+07
1.49334e+07
8.16448e+06
3.2191e+06
6.33185e+06
1.31601e+07
1.78366e+07
2.08414e+07
2.58585e+07
2.27656e+07
1.18621e+07
3.56584e+06
3.91415e+06
8.11308e+06
6.76549e+06
2.04401e+06
1.1233e+06
1.48364e+06
1.18104e+06
3.35983e+06
4.93626e+06
8.80496e+06
1.37342e+07
1.41119e+07
9.17015e+06
3.29494e+06
2.29621e+06
2.35638e+06
401609
2596
2
0
12
547
15992
202856
1.32635e+06
4.19666e+06
6.14647e+06
3.46832e+06
544865
22704
465
3
0
0
0
0
0
72
2016
31449
204895
464679
181625
0
0
0
0
0
0
0
0
0
0
0
0
0
0
0
0
0
0
0
0
0
0
0
0
0
0
0
0
0
0
0
0
0
0
0
0
0
0
0
0
0
0
0
0
0
0
0
0
0
0
0
0
0
0
0
0
0
0
0
0
0
0
0
0
0
0
0
0
0
0
0
0
0
0
0
0
0
0
0
0
0
0
0
0
0
0
0
0
0
0
0
0
0
0
0
0
0
0
0
0
0
0
0
0
0
0
0
0
0
0
0
0
0
0
0
0
0
0
0
0
0
0
0
0
0
0
0
0
0
0
0
0
0
0
0
0
0
0
0
0
0
0
0
0
0
0
0
0
0
0
0
0
0
0
0
0
0
0
0
0
0
0
0
0
0
0
0
0
0
0
0
0
0
0
0
0
0
0
0
0
0
0
0
0
0
0
0
0
0
0
0
0
0
0
0
0
0
0
0
0
