1.1817e+06
0
0
0
0
0
0
0
0
0
0
0
0
0
0
0
0
2426
280203
2.00349e+06
2.91496e+06
1.48331e+06
356645
45918
4467
18114
139384
573598
1.15303e+06
1.07689e+06
472385
108311
162295
1.18164e+06
3.76385e+06
5.08921e+06
3.0188e+06
859206
363530
1.25903e+06
2.46265e+06
2.10766e+06
963917
1.0384e+06
2.93446e+06
4.77343e+06
3.74765e+06
1.57905e+06
954171
1.52863e+06
1.59077e+06
1.58438e+06
4.26242e+06
8.89116e+06
8.98479e+06
4.51654e+06
1.70307e+06
1.32634e+06
1.44935e+06
2.78667e+06
5.94954e+06
7.20994e+06
5.14816e+06
4.37252e+06
5.05547e+06
4.29386e+06
4.10406e+06
5.11952e+06
4.66564e+06
4.34078e+06
5.47393e+06
6.79425e+06
1.07385e+07
1.45814e+07
1.08022e+07
4.17908e+06
1.71655e+06
4.04845e+06
8.48445e+06
9.3241e+06
6.19972e+06
4.34277e+06
5.5464e+06
9.00869e+06
1.05493e+07
9.13458e+06
8.98755e+06
1.12406e+07
1.50978e+07
1.48286e+07
1.05095e+07
8.39742e+06
9.58813e+06
1.12273e+07
9.90908e+06
8.41037e+06
9.08926e+06
1.07737e+07
9.59796e+06
7.02297e+06
9.37918e+06
1.60562e+07
1.78966e+07
1.41778e+07
1.46269e+07
2.04854e+07
2.27062e+07
1.85844e+07
1.35041e+07
9.20146e+06
5.95606e+06
5.87741e+06
1.23051e+07
1.92609e+07
1.69084e+07
1.28525e+07
1.74637e+07
1.9767e+07
1.80323e+07
1.32344e+07
1.38791e+07
1.53742e+07
1.70455e+07
2.23122e+07
1.98891e+07
1.48128e+07
1.33921e+07
1.36196e+07
1.12764e+07
6.98403e+06
6.6456e+06
9.06132e+06
1.1357e+07
1.54972e+07
1.81902e+07
1.92569e+07
1.94997e+07
1.30021e+07
9.14831e+06
1.12604e+07
1.31761e+07
1.22402e+07
1.10407e+07
8.20542e+06
6.5972e+06
8.4623e+06
9.96254e+06
5.45916e+06
2.1547e+06
4.22763e+06
8.78536e+06
1.19215e+07
1.3906e+07
1.72632e+07
1.52006e+07
7.92805e+06
2.38692e+06
2.61453e+06
5.41196e+06
4.5203e+06
1.36787e+06
750164
990680
791636
2.24546e+06
3.30054e+06
5.87631e+06
9.15879e+06
9.41786e+06
6.13378e+06
2.20396e+06
1.5327e+06
1.57458e+06
269290
1721
2
0
12
394
11179
137472
888276
2.8028e+06
4.09853e+06
2.31631e+06
363923
16002
366
0
0
0
0
0
0
61
1442
21883
137493
308883
121086
0
0
0
0
0
0
0
0
0
0
0
0
0
0
0
0
0
0
0
0
0
0
0
0
0
0
0
0
0
0
0
0
0
0
0
0
0
0
0
0
0
0
0
0
0
0
0
0
0
0
0
0
0
0
0
0
0
0
0
0
0
0
0
0
0
0
0
0
0
0
0
0
0
0
0
0
0
0
0
0
0
0
0
0
0
0
0
0
0
0
0
0
0
0
0
0
0
0
0
0
0
0
0
0
0
0
0
0
0
0
0
0
0
0
0
0
0
0
0
0
0
0
0
0
0
0
0
0
0
0
0
0
0
0
0
0
0
0
0
0
0
0
0
0
0
0
0
0
0
0
0
0
0
0
0
0
0
0
0
0
0
0
0
0
0
0
0
0
0
0
0
0
0
0
0
0
0
0
0
0
0
0
0
0
0
0
0
0
0
0
0
0
0
0
0
0
0
0
0
0
