471040
0
0
0
0
0
0
0
0
0
0
0
0
0
0
0
0
979
112431
795653
1.16522e+06
590010
142305
18273
1908
6995
56271
227765
459607
429812
188191
43202
66665
473036
1.49233e+06
2.03428e+06
1.19713e+06
345358
146909
500366
985766
837202
383042
414052
1.1641e+06
1.91546e+06
1.49014e+06
627858
379210
609146
636325
634066
1.69284e+06
3.54769e+06
3.58238e+06
1.79107e+06
681115
534875
578762
1.10692e+06
2.36787e+06
2.88823e+06
2.04091e+06
1.73799e+06
2.02697e+06
1.70582e+06
1.63078e+06
2.05145e+06
1.85663e+06
1.71967e+06
2.20182e+06
2.7078e+06
4.25974e+06
5.83514e+06
4.28586e+06
1.66538e+06
690580
1.60725e+06
3.3908e+06
3.72969e+06
2.45751e+06
1.73397e+06
2.20295e+06
3.58956e+06
4.22236e+06
3.6222e+06
3.59911e+06
4.45672e+06
6.03484e+06
5.92049e+06
4.17247e+06
3.36677e+06
3.80106e+06
4.491e+06
3.92904e+06
3.37064e+06
3.61199e+06
4.30397e+06
3.82666e+06
2.79415e+06
3.73129e+06
6.41266e+06
7.14952e+06
5.63067e+06
5.81489e+06
8.17856e+06
9.06693e+06
7.39151e+06
5.3869e+06
3.66597e+06
2.38147e+06
2.34157e+06
4.88396e+06
7.72005e+06
6.7147e+06
5.10819e+06
6.9549e+06
7.90677e+06
7.17794e+06
5.27245e+06
5.55196e+06
6.11736e+06
6.78396e+06
8.89295e+06
7.95222e+06
5.88866e+06
5.3262e+06
5.44907e+06
4.48523e+06
2.78299e+06
2.65392e+06
3.60975e+06
4.521e+06
6.192e+06
7.24754e+06
7.65326e+06
7.79983e+06
5.18928e+06
3.62994e+06
4.49541e+06
5.25421e+06
4.86281e+06
4.41788e+06
3.26473e+06
2.63111e+06
3.37546e+06
3.95989e+06
2.18019e+06
857433
1.67889e+06
3.49969e+06
4.79346e+06
5.51501e+06
6.87585e+06
6.0588e+06
3.17031e+06
950468
1.03877e+06
2.14702e+06
1.81406e+06
543348
298830
394340
317018
889500
1.31367e+06
2.33784e+06
3.66108e+06
3.7456e+06
2.46139e+06
873006
606197
628358
109547
775
0
0
8
174
4636
54217
349863
1.1088e+06
1.64269e+06
929213
143456
6168
137
0
0
0
0
0
0
15
542
8354
53476
122461
50672
0
0
0
0
0
0
0
0
0
0
0
0
0
0
0
0
0
0
0
0
0
0
0
0
0
0
0
0
0
0
0
0
0
0
0
0
0
0
0
0
0
0
0
0
0
0
0
0
0
0
0
0
0
0
0
0
0
0
0
0
0
0
0
0
0
0
0
0
0
0
0
0
0
0
0
0
0
0
0
0
0
0
0
0
0
0
0
0
0
0
0
0
0
0
0
0
0
0
0
0
0
0
0
0
0
0
0
0
0
0
0
0
0
0
0
0
0
0
0
0
0
0
0
0
0
0
0
0
0
0
0
0
0
0
0
0
0
0
0
0
0
0
0
0
0
0
0
0
0
0
0
0
0
0
0
0
0
0
0
0
0
0
0
0
0
0
0
0
0
0
0
0
0
0
0
0
0
0
0
0
0
0
0
0
0
0
0
0
0
0
0
0
0
0
0
0
0
0
0
0
