1.26157e+06
0
0
0
0
0
0
0
0
0
0
0
0
0
0
0
0
2606
298985
2.13894e+06
3.11196e+06
1.58435e+06
380130
48958
4815
19205
148671
612818
1.23085e+06
1.14974e+06
504544
115222
172908
1.26062e+06
4.01933e+06
5.43417e+06
3.22363e+06
916061
387339
1.34409e+06
2.63001e+06
2.25063e+06
1.02783e+06
1.10704e+06
3.13256e+06
5.09801e+06
4.00492e+06
1.68229e+06
1.01737e+06
1.63299e+06
1.69799e+06
1.6898e+06
4.54825e+06
9.49765e+06
9.596e+06
4.81886e+06
1.81634e+06
1.41475e+06
1.54699e+06
2.97228e+06
6.35451e+06
7.70127e+06
5.49474e+06
4.66575e+06
5.39948e+06
4.58323e+06
4.38011e+06
5.46703e+06
4.97994e+06
4.63258e+06
5.84473e+06
7.25042e+06
1.14658e+07
1.55742e+07
1.15354e+07
4.45618e+06
1.82701e+06
4.31972e+06
9.06307e+06
9.95955e+06
6.61571e+06
4.63412e+06
5.91855e+06
9.6204e+06
1.12643e+07
9.75296e+06
9.58958e+06
1.19992e+07
1.61226e+07
1.5836e+07
1.12174e+07
8.95996e+06
1.02383e+07
1.19874e+07
1.05812e+07
8.97276e+06
9.70419e+06
1.15065e+07
1.02488e+07
7.49096e+06
1.00071e+07
1.71494e+07
1.91114e+07
1.51292e+07
1.56127e+07
2.18784e+07
2.42405e+07
1.98429e+07
1.44146e+07
9.82394e+06
6.35339e+06
6.26616e+06
1.31394e+07
2.0573e+07
1.8054e+07
1.37111e+07
1.86449e+07
2.11084e+07
1.92517e+07
1.41262e+07
1.48103e+07
1.64153e+07
1.81921e+07
2.3832e+07
2.12389e+07
1.58075e+07
1.42969e+07
1.45411e+07
1.20366e+07
7.45274e+06
7.0923e+06
9.67596e+06
1.21233e+07
1.65493e+07
1.94226e+07
2.05539e+07
2.08233e+07
1.38813e+07
9.76106e+06
1.20218e+07
1.40694e+07
1.30661e+07
1.17871e+07
8.76197e+06
7.03928e+06
9.03231e+06
1.0645e+07
5.82653e+06
2.29454e+06
4.51289e+06
9.38173e+06
1.27268e+07
1.48416e+07
1.84344e+07
1.62343e+07
8.46322e+06
2.54398e+06
2.78685e+06
5.78176e+06
4.82866e+06
1.45817e+06
799862
1.05871e+06
842641
2.39611e+06
3.52219e+06
6.27355e+06
9.78134e+06
1.00584e+07
6.54833e+06
2.35077e+06
1.635e+06
1.68245e+06
287326
1848
2
0
12
408
11785
145657
945831
2.99156e+06
4.37932e+06
2.4746e+06
387633
16932
374
0
0
0
0
0
0
61
1498
23041
146276
330482
129426
0
0
0
0
0
0
0
0
0
0
0
0
0
0
0
0
0
0
0
0
0
0
0
0
0
0
0
0
0
0
0
0
0
0
0
0
0
0
0
0
0
0
0
0
0
0
0
0
0
0
0
0
0
0
0
0
0
0
0
0
0
0
0
0
0
0
0
0
0
0
0
0
0
0
0
0
0
0
0
0
0
0
0
0
0
0
0
0
0
0
0
0
0
0
0
0
0
0
0
0
0
0
0
0
0
0
0
0
0
0
0
0
0
0
0
0
0
0
0
0
0
0
0
0
0
0
0
0
0
0
0
0
0
0
0
0
0
0
0
0
0
0
0
0
0
0
0
0
0
0
0
0
0
0
0
0
0
0
0
0
0
0
0
0
0
0
0
0
0
0
0
0
0
0
0
0
0
0
0
0
0
0
0
0
0
0
0
0
0
0
0
0
0
0
0
0
0
0
0
0
