1.00762e+06
0
0
0
0
0
0
0
0
0
0
0
0
0
0
0
0
2103
238875
1.70824e+06
2.48567e+06
1.26447e+06
304072
39490
3853
15553
119739
488290
982755
917542
403243
92736
139710
1.00744e+06
3.20866e+06
4.33946e+06
2.5707e+06
734633
311462
1.07348e+06
2.10084e+06
1.79508e+06
822500
888242
2.50163e+06
4.06861e+06
3.19144e+06
1.34801e+06
816759
1.30294e+06
1.3555e+06
1.35501e+06
3.63642e+06
7.57826e+06
7.65225e+06
3.85122e+06
1.45689e+06
1.13358e+06
1.23726e+06
2.37936e+06
5.06774e+06
6.14477e+06
4.3913e+06
3.72954e+06
4.31016e+06
3.66129e+06
3.5003e+06
4.36552e+06
3.97908e+06
3.69956e+06
4.67241e+06
5.80008e+06
9.15008e+06
1.24242e+07
9.20043e+06
3.57412e+06
1.47159e+06
3.45398e+06
7.23046e+06
7.94732e+06
5.28564e+06
3.70747e+06
4.73239e+06
7.67518e+06
8.99714e+06
7.78775e+06
7.67022e+06
9.58038e+06
1.28725e+07
1.2641e+07
8.96079e+06
7.16857e+06
8.17141e+06
9.5731e+06
8.44392e+06
7.1784e+06
7.75219e+06
9.18085e+06
8.18158e+06
5.99427e+06
8.00219e+06
1.36881e+07
1.52594e+07
1.20853e+07
1.24773e+07
1.7466e+07
1.93555e+07
1.58415e+07
1.15217e+07
7.84234e+06
5.08605e+06
5.02363e+06
1.04854e+07
1.64188e+07
1.44069e+07
1.09669e+07
1.48907e+07
1.68575e+07
1.53732e+07
1.1286e+07
1.1844e+07
1.31055e+07
1.45373e+07
1.90195e+07
1.69555e+07
1.26309e+07
1.14148e+07
1.16215e+07
9.61025e+06
5.96002e+06
5.67085e+06
7.72572e+06
9.68455e+06
1.32104e+07
1.55074e+07
1.64158e+07
1.66288e+07
1.10956e+07
7.79816e+06
9.60279e+06
1.12315e+07
1.04356e+07
9.4165e+06
6.99705e+06
5.62721e+06
7.21473e+06
8.48593e+06
4.65853e+06
1.83993e+06
3.60489e+06
7.49002e+06
1.01805e+07
1.18545e+07
1.47109e+07
1.29506e+07
6.76528e+06
2.04081e+06
2.23307e+06
4.60744e+06
3.85413e+06
1.16819e+06
641507
843245
677873
1.91336e+06
2.81326e+06
5.00898e+06
7.81308e+06
8.02372e+06
5.23582e+06
1.87856e+06
1.30825e+06
1.33962e+06
229987
1479
0
0
12
359
9839
118220
757569
2.38763e+06
3.49526e+06
1.97557e+06
310023
13726
330
0
0
0
0
0
0
57
1249
18804
117278
263124
103296
0
0
0
0
0
0
0
0
0
0
0
0
0
0
0
0
0
0
0
0
0
0
0
0
0
0
0
0
0
0
0
0
0
0
0
0
0
0
0
0
0
0
0
0
0
0
0
0
0
0
0
0
0
0
0
0
0
0
0
0
0
0
0
0
0
0
0
0
0
0
0
0
0
0
0
0
0
0
0
0
0
0
0
0
0
0
0
0
0
0
0
0
0
0
0
0
0
0
0
0
0
0
0
0
0
0
0
0
0
0
0
0
0
0
0
0
0
0
0
0
0
0
0
0
0
0
0
0
0
0
0
0
0
0
0
0
0
0
0
0
0
0
0
0
0
0
0
0
0
0
0
0
0
0
0
0
0
0
0
0
0
0
0
0
0
0
0
0
0
0
0
0
0
0
0
0
0
0
0
0
0
0
0
0
0
0
0
0
0
0
0
0
0
0
0
0
0
0
0
0
