1.69165e+06
0
0
0
0
0
0
0
0
0
0
0
0
0
0
0
2
3440
400387
2.86951e+06
4.17036e+06
2.12625e+06
510300
65007
6308
25517
199119
822332
1.65073e+06
1.54144e+06
676971
154145
231365
1.69011e+06
5.39351e+06
7.28031e+06
4.3272e+06
1.22799e+06
517785
1.80329e+06
3.52517e+06
3.0189e+06
1.37884e+06
1.48204e+06
4.20322e+06
6.8327e+06
5.3748e+06
2.2542e+06
1.36356e+06
2.18913e+06
2.27676e+06
2.26258e+06
6.09656e+06
1.27377e+07
1.28782e+07
6.4615e+06
2.43263e+06
1.89292e+06
2.06973e+06
3.98495e+06
8.53028e+06
1.03246e+07
7.36688e+06
6.25811e+06
7.23511e+06
6.14595e+06
5.87477e+06
7.33063e+06
6.67891e+06
6.21177e+06
7.83166e+06
9.73143e+06
1.53826e+07
2.08649e+07
1.54785e+07
5.97304e+06
2.44153e+06
5.79717e+06
1.21618e+07
1.33495e+07
8.8684e+06
6.20863e+06
7.9353e+06
1.29087e+07
1.51039e+07
1.30881e+07
1.28432e+07
1.60951e+07
2.16166e+07
2.1235e+07
1.5053e+07
1.20024e+07
1.37315e+07
1.60652e+07
1.41989e+07
1.20274e+07
1.30176e+07
1.54249e+07
1.3741e+07
1.00492e+07
1.34161e+07
2.2994e+07
2.56172e+07
2.03018e+07
2.09376e+07
2.9337e+07
3.24922e+07
2.66219e+07
1.93292e+07
1.31673e+07
8.50653e+06
8.40515e+06
1.76431e+07
2.75563e+07
2.42164e+07
1.83969e+07
2.50046e+07
2.82893e+07
2.58168e+07
1.89482e+07
1.98595e+07
2.20173e+07
2.43956e+07
3.19606e+07
2.84615e+07
2.12006e+07
1.9179e+07
1.9486e+07
1.61431e+07
9.9956e+06
9.50956e+06
1.29864e+07
1.62552e+07
2.21684e+07
2.60363e+07
2.75816e+07
2.79224e+07
1.86093e+07
1.30929e+07
1.61165e+07
1.88711e+07
1.75328e+07
1.57952e+07
1.1745e+07
9.44571e+06
1.21055e+07
1.42756e+07
7.80602e+06
3.07701e+06
6.05376e+06
1.25802e+07
1.70572e+07
1.99215e+07
2.47171e+07
2.17668e+07
1.13417e+07
3.40863e+06
3.74158e+06
7.75456e+06
6.47026e+06
1.95411e+06
1.07404e+06
1.41806e+06
1.13008e+06
3.21113e+06
4.71892e+06
8.41761e+06
1.31275e+07
1.34906e+07
8.77006e+06
3.14946e+06
2.19471e+06
2.25315e+06
384344
2489
2
0
12
507
15321
194091
1.26791e+06
4.01147e+06
5.87615e+06
3.31678e+06
520335
21814
440
3
0
0
0
0
0
68
1932
30180
195670
444293
173681
0
0
0
0
0
0
0
0
0
0
0
0
0
0
0
0
0
0
0
0
0
0
0
0
0
0
0
0
0
0
0
0
0
0
0
0
0
0
0
0
0
0
0
0
0
0
0
0
0
0
0
0
0
0
0
0
0
0
0
0
0
0
0
0
0
0
0
0
0
0
0
0
0
0
0
0
0
0
0
0
0
0
0
0
0
0
0
0
0
0
0
0
0
0
0
0
0
0
0
0
0
0
0
0
0
0
0
0
0
0
0
0
0
0
0
0
0
0
0
0
0
0
0
0
0
0
0
0
0
0
0
0
0
0
0
0
0
0
0
0
0
0
0
0
0
0
0
0
0
0
0
0
0
0
0
0
0
0
0
0
0
0
0
0
0
0
0
0
0
0
0
0
0
0
0
0
0
0
0
0
0
0
0
0
0
0
0
0
0
0
0
0
0
0
0
0
0
0
0
0
