104448
0
0
0
0
0
0
0
0
0
0
0
0
0
0
0
0
276
25503
173543
263005
127990
31244
4645
611
1731
12545
48009
104822
95772
40585
9829
15611
104445
324072
462972
257639
77800
34152
108910
222383
184009
83620
91495
251146
441694
323326
136909
83421
135796
143328
141443
367539
792322
798520
387473
152319
124435
127883
241010
518297
660791
440051
377860
468510
370319
352666
468497
405311
373662
505805
592514
918385
1.3401e+06
928865
364787
158119
348425
754775
840421
530994
393471
479374
793728
954460
780928
819329
964595
1.3516e+06
1.32086e+06
909204
760431
822044
1.02626e+06
849738
757451
787448
967993
850391
615358
816210
1.42669e+06
1.60289e+06
1.23371e+06
1.28124e+06
1.8156e+06
2.0268e+06
1.62262e+06
1.20106e+06
812812
536307
515853
1.05337e+06
1.76628e+06
1.46514e+06
1.12059e+06
1.52468e+06
1.79152e+06
1.57359e+06
1.16656e+06
1.25086e+06
1.34064e+06
1.49752e+06
1.95867e+06
1.79822e+06
1.29583e+06
1.1654e+06
1.2314e+06
983174
612698
595601
792353
998589
1.40011e+06
1.59777e+06
1.67652e+06
1.74661e+06
1.15195e+06
790549
1.01136e+06
1.16215e+06
1.06276e+06
995044
717774
586187
751256
869591
488345
192153
372636
765176
1.09814e+06
1.18698e+06
1.5232e+06
1.34968e+06
709487
212131
230024
464769
413421
119521
65842
88005
72791
192189
293453
517257
810140
820244
562086
189947
133741
139269
25742
173
0
0
3
64
1203
12842
77847
240122
366723
207939
31781
1479
29
0
0
0
0
0
0
7
206
1954
11910
25910
12237
0
0
0
0
0
0
0
0
0
0
0
0
0
0
0
0
0
0
0
0
0
0
0
0
0
0
0
0
0
0
0
0
0
0
0
0
0
0
0
0
0
0
0
0
0
0
0
0
0
0
0
0
0
0
0
0
0
0
0
0
0
0
0
0
0
0
0
0
0
0
0
0
0
0
0
0
0
0
0
0
0
0
0
0
0
0
0
0
0
0
0
0
0
0
0
0
0
0
0
0
0
0
0
0
0
0
0
0
0
0
0
0
0
0
0
0
0
0
0
0
0
0
0
0
0
0
0
0
0
0
0
0
0
0
0
0
0
0
0
0
0
0
0
0
0
0
0
0
0
0
0
0
0
0
0
0
0
0
0
0
0
0
0
0
0
0
0
0
0
0
0
0
0
0
0
0
0
0
0
0
0
0
0
0
0
0
0
0
0
0
0
0
0
0
0
0
0
0
0
0
