1.97632e+06
0
0
0
0
0
0
0
0
0
0
0
0
0
0
0
2
3952
467672
3.35228e+06
4.87258e+06
2.48436e+06
595570
76065
7491
29978
231923
960107
1.92966e+06
1.80153e+06
790439
179516
270628
1.97467e+06
6.3011e+06
8.50518e+06
5.05606e+06
1.43366e+06
605499
2.10613e+06
4.11896e+06
3.52705e+06
1.6115e+06
1.73078e+06
4.91227e+06
7.97772e+06
6.28236e+06
2.63278e+06
1.59288e+06
2.55698e+06
2.66146e+06
2.6426e+06
7.12495e+06
1.48792e+07
1.50454e+07
7.54957e+06
2.84192e+06
2.21067e+06
2.41713e+06
4.65538e+06
9.96665e+06
1.20597e+07
8.61214e+06
7.31204e+06
8.4443e+06
7.18314e+06
6.86152e+06
8.56442e+06
7.81005e+06
7.25683e+06
9.14438e+06
1.1374e+07
1.79755e+07
2.43623e+07
1.8088e+07
6.97733e+06
2.8541e+06
6.7755e+06
1.42064e+07
1.55935e+07
1.03637e+07
7.2519e+06
9.26781e+06
1.50835e+07
1.7646e+07
1.52971e+07
1.50023e+07
1.88057e+07
2.52449e+07
2.48091e+07
1.75884e+07
1.40248e+07
1.60518e+07
1.87531e+07
1.65869e+07
1.40543e+07
1.52131e+07
1.80138e+07
1.60486e+07
1.17487e+07
1.56771e+07
2.68645e+07
2.99259e+07
2.37216e+07
2.44655e+07
3.42702e+07
3.79443e+07
3.11095e+07
2.25736e+07
1.53891e+07
9.94412e+06
9.8327e+06
2.06175e+07
3.21595e+07
2.82884e+07
2.15125e+07
2.92155e+07
3.30385e+07
3.01653e+07
2.21505e+07
2.31975e+07
2.57244e+07
2.85046e+07
3.73331e+07
3.32365e+07
2.47744e+07
2.24083e+07
2.27551e+07
1.887e+07
1.16874e+07
1.11097e+07
1.51736e+07
1.89888e+07
2.58889e+07
3.04168e+07
3.22323e+07
3.26054e+07
2.17371e+07
1.53146e+07
1.88341e+07
2.20356e+07
2.04888e+07
1.84437e+07
1.37244e+07
1.10439e+07
1.41393e+07
1.66634e+07
9.12006e+06
3.60166e+06
7.07644e+06
1.47e+07
1.99254e+07
2.32902e+07
2.88751e+07
2.54091e+07
1.32435e+07
3.99222e+06
4.38224e+06
9.05797e+06
7.54215e+06
2.28746e+06
1.25592e+06
1.65725e+06
1.32112e+06
3.75384e+06
5.51279e+06
9.8343e+06
1.53465e+07
1.57598e+07
1.02295e+07
3.68524e+06
2.5661e+06
2.6284e+06
448798
2940
2
0
13
633
17736
227011
1.48322e+06
4.68853e+06
6.86134e+06
3.87346e+06
608785
25619
530
3
0
0
0
0
0
82
2296
35082
228891
518830
202979
0
0
0
0
0
0
0
0
0
0
0
0
0
0
0
0
0
0
0
0
0
0
0
0
0
0
0
0
0
0
0
0
0
0
0
0
0
0
0
0
0
0
0
0
0
0
0
0
0
0
0
0
0
0
0
0
0
0
0
0
0
0
0
0
0
0
0
0
0
0
0
0
0
0
0
0
0
0
0
0
0
0
0
0
0
0
0
0
0
0
0
0
0
0
0
0
0
0
0
0
0
0
0
0
0
0
0
0
0
0
0
0
0
0
0
0
0
0
0
0
0
0
0
0
0
0
0
0
0
0
0
0
0
0
0
0
0
0
0
0
0
0
0
0
0
0
0
0
0
0
0
0
0
0
0
0
0
0
0
0
0
0
0
0
0
0
0
0
0
0
0
0
0
0
0
0
0
0
0
0
0
0
0
0
0
0
0
0
0
0
0
0
0
0
0
0
0
0
0
0
