649216
0
0
0
0
0
0
0
0
0
0
0
0
0
0
0
0
1336
154683
1.09827e+06
1.6043e+06
813593
195834
25413
2605
9712
77196
314479
634047
591099
259105
60126
90936
650312
2.06177e+06
2.80116e+06
1.6527e+06
474223
202398
690400
1.35523e+06
1.15486e+06
529630
571609
1.60677e+06
2.63423e+06
2.05322e+06
865397
525425
839329
876822
872314
2.33759e+06
4.88547e+06
4.93618e+06
2.4742e+06
938667
733971
797624
1.52837e+06
3.26504e+06
3.97001e+06
2.81914e+06
2.40054e+06
2.78602e+06
2.35323e+06
2.25184e+06
2.82232e+06
2.56094e+06
2.37638e+06
3.02279e+06
3.73452e+06
5.88419e+06
8.02084e+06
5.91901e+06
2.29829e+06
951111
2.21934e+06
4.66482e+06
5.1324e+06
3.39601e+06
2.39026e+06
3.04085e+06
4.94776e+06
5.80803e+06
5.00439e+06
4.9532e+06
6.15814e+06
8.30189e+06
8.15566e+06
5.76044e+06
4.62652e+06
5.2539e+06
6.17976e+06
5.42848e+06
4.63693e+06
4.98228e+06
5.92472e+06
5.27514e+06
3.85521e+06
5.14833e+06
8.83589e+06
9.8372e+06
7.77318e+06
8.02618e+06
1.12647e+07
1.24825e+07
1.01959e+07
7.42545e+06
5.0547e+06
3.27815e+06
3.22957e+06
6.74201e+06
1.06152e+07
9.2708e+06
7.05017e+06
9.58888e+06
1.08815e+07
9.89736e+06
7.27276e+06
7.63772e+06
8.44066e+06
9.35376e+06
1.22558e+07
1.09437e+07
8.12802e+06
7.34611e+06
7.50343e+06
6.18729e+06
3.83411e+06
3.65262e+06
4.97509e+06
6.23642e+06
8.52555e+06
9.99461e+06
1.0557e+07
1.07345e+07
7.14817e+06
5.01307e+06
6.19472e+06
7.2403e+06
6.7111e+06
6.07563e+06
4.5054e+06
3.6268e+06
4.64918e+06
5.46323e+06
3.00553e+06
1.18131e+06
2.31815e+06
4.82608e+06
6.57998e+06
7.61684e+06
9.4822e+06
8.35063e+06
4.36298e+06
1.31067e+06
1.4327e+06
2.96529e+06
2.49336e+06
750731
412258
543369
434596
1.22852e+06
1.81346e+06
3.226e+06
5.04149e+06
5.16554e+06
3.38299e+06
1.20655e+06
837828
865402
150210
1027
0
0
12
263
6304
75328
482944
1.5328e+06
2.26021e+06
1.27776e+06
198486
8628
213
0
0
0
0
0
0
37
744
11879
74227
169362
68359
0
0
0
0
0
0
0
0
0
0
0
0
0
0
0
0
0
0
0
0
0
0
0
0
0
0
0
0
0
0
0
0
0
0
0
0
0
0
0
0
0
0
0
0
0
0
0
0
0
0
0
0
0
0
0
0
0
0
0
0
0
0
0
0
0
0
0
0
0
0
0
0
0
0
0
0
0
0
0
0
0
0
0
0
0
0
0
0
0
0
0
0
0
0
0
0
0
0
0
0
0
0
0
0
0
0
0
0
0
0
0
0
0
0
0
0
0
0
0
0
0
0
0
0
0
0
0
0
0
0
0
0
0
0
0
0
0
0
0
0
0
0
0
0
0
0
0
0
0
0
0
0
0
0
0
0
0
0
0
0
0
0
0
0
0
0
0
0
0
0
0
0
0
0
0
0
0
0
0
0
0
0
0
0
0
0
0
0
0
0
0
0
0
0
0
0
0
0
0
0
