913408
0
0
0
0
0
0
0
0
0
0
0
0
0
0
0
0
1919
216731
1.54844e+06
2.2534e+06
1.14561e+06
275759
36022
3550
14036
108924
442382
891009
831357
365497
84290
127276
913526
2.90775e+06
3.93442e+06
2.32803e+06
666755
283704
973066
1.90469e+06
1.62611e+06
745473
806832
2.26644e+06
3.68886e+06
2.89137e+06
1.22247e+06
740860
1.18113e+06
1.22989e+06
1.22945e+06
3.29714e+06
6.86792e+06
6.93344e+06
3.48968e+06
1.32328e+06
1.02925e+06
1.12244e+06
2.15764e+06
4.59343e+06
5.56923e+06
3.97859e+06
3.38141e+06
3.90893e+06
3.31607e+06
3.17406e+06
3.95933e+06
3.60612e+06
3.35356e+06
4.23913e+06
5.25909e+06
8.29056e+06
1.12609e+07
8.33464e+06
3.24247e+06
1.34004e+06
3.13171e+06
6.55197e+06
7.2045e+06
4.78926e+06
3.36583e+06
4.28978e+06
6.95508e+06
8.15547e+06
7.056e+06
6.96143e+06
8.68033e+06
1.16668e+07
1.14581e+07
8.12167e+06
6.5049e+06
7.4064e+06
8.67624e+06
7.65102e+06
6.5134e+06
7.02506e+06
8.32246e+06
7.41487e+06
5.43685e+06
7.25659e+06
1.24091e+07
1.38276e+07
1.09537e+07
1.13131e+07
1.5835e+07
1.75441e+07
1.43543e+07
1.04449e+07
7.11169e+06
4.61464e+06
4.55729e+06
9.50428e+06
1.48822e+07
1.30527e+07
9.9465e+06
1.34995e+07
1.52796e+07
1.39353e+07
1.02331e+07
1.0735e+07
1.18822e+07
1.3178e+07
1.72397e+07
1.53722e+07
1.14468e+07
1.0345e+07
1.05384e+07
8.71144e+06
5.4038e+06
5.14476e+06
7.00541e+06
8.77705e+06
1.1976e+07
1.40562e+07
1.48755e+07
1.50721e+07
1.00611e+07
7.07245e+06
8.70382e+06
1.01796e+07
9.46048e+06
8.53842e+06
6.34119e+06
5.10393e+06
6.5402e+06
7.68616e+06
4.22512e+06
1.6701e+06
3.27026e+06
6.78796e+06
9.2305e+06
1.0746e+07
1.33338e+07
1.17363e+07
6.13145e+06
1.85458e+06
2.0247e+06
4.17378e+06
3.49421e+06
1.05912e+06
582346
764174
615078
1.73466e+06
2.55133e+06
4.54073e+06
7.081e+06
7.27074e+06
4.74733e+06
1.70486e+06
1.18534e+06
1.2138e+06
208649
1361
0
0
12
341
9038
107869
687649
2.16375e+06
3.1665e+06
1.79098e+06
281741
12484
304
0
0
0
0
0
0
57
1141
17122
106451
238333
93600
0
0
0
0
0
0
0
0
0
0
0
0
0
0
0
0
0
0
0
0
0
0
0
0
0
0
0
0
0
0
0
0
0
0
0
0
0
0
0
0
0
0
0
0
0
0
0
0
0
0
0
0
0
0
0
0
0
0
0
0
0
0
0
0
0
0
0
0
0
0
0
0
0
0
0
0
0
0
0
0
0
0
0
0
0
0
0
0
0
0
0
0
0
0
0
0
0
0
0
0
0
0
0
0
0
0
0
0
0
0
0
0
0
0
0
0
0
0
0
0
0
0
0
0
0
0
0
0
0
0
0
0
0
0
0
0
0
0
0
0
0
0
0
0
0
0
0
0
0
0
0
0
0
0
0
0
0
0
0
0
0
0
0
0
0
0
0
0
0
0
0
0
0
0
0
0
0
0
0
0
0
0
0
0
0
0
0
0
0
0
0
0
0
0
0
0
0
0
0
0
