1.46842e+06
0
0
0
0
0
0
0
0
0
0
0
0
0
0
0
0
3000
347704
2.4902e+06
3.62119e+06
1.84527e+06
442828
56267
5573
22054
172462
712800
1.43477e+06
1.33875e+06
586752
133480
200246
1.4657e+06
4.67975e+06
6.32736e+06
3.7546e+06
1.06417e+06
447890
1.5657e+06
3.06157e+06
2.62086e+06
1.1951e+06
1.284e+06
3.64622e+06
5.94171e+06
4.66453e+06
1.95299e+06
1.18179e+06
1.9019e+06
1.97757e+06
1.96111e+06
5.28606e+06
1.10652e+07
1.1184e+07
5.60555e+06
2.10707e+06
1.64461e+06
1.79682e+06
3.45612e+06
7.40332e+06
8.96873e+06
6.3922e+06
5.43019e+06
6.28687e+06
5.33341e+06
5.09443e+06
6.36736e+06
5.79724e+06
5.39066e+06
6.79858e+06
8.43587e+06
1.33489e+07
1.81363e+07
1.3442e+07
5.17346e+06
2.1117e+06
5.0258e+06
1.05623e+07
1.16012e+07
7.69401e+06
5.38303e+06
6.88259e+06
1.12092e+07
1.31185e+07
1.13524e+07
1.11484e+07
1.39671e+07
1.87735e+07
1.84401e+07
1.30603e+07
1.04163e+07
1.19114e+07
1.39595e+07
1.23218e+07
1.0436e+07
1.12949e+07
1.33978e+07
1.19355e+07
8.71093e+06
1.163e+07
1.997e+07
2.22608e+07
1.76046e+07
1.81555e+07
2.54762e+07
2.82296e+07
2.31039e+07
1.6775e+07
1.14314e+07
7.38368e+06
7.27137e+06
1.52991e+07
2.3963e+07
2.10297e+07
1.59309e+07
2.1706e+07
2.45792e+07
2.24114e+07
1.64342e+07
1.72365e+07
1.91045e+07
2.11596e+07
2.77618e+07
2.47288e+07
1.83985e+07
1.66377e+07
1.69249e+07
1.40128e+07
8.66477e+06
8.24401e+06
1.12661e+07
1.41092e+07
1.92673e+07
2.26094e+07
2.39268e+07
2.4248e+07
1.61578e+07
1.13482e+07
1.39941e+07
1.63853e+07
1.52035e+07
1.37164e+07
1.02003e+07
8.1899e+06
1.05114e+07
1.24077e+07
6.77808e+06
2.66117e+06
5.25005e+06
1.0924e+07
1.48094e+07
1.72694e+07
2.14646e+07
1.89102e+07
9.84994e+06
2.95127e+06
3.23671e+06
6.73712e+06
5.6259e+06
1.69413e+06
929556
1.23224e+06
976959
2.78577e+06
4.09946e+06
7.30656e+06
1.13909e+07
1.17121e+07
7.61902e+06
2.7325e+06
1.90221e+06
1.96035e+06
334226
2149
2
0
12
441
13369
168060
1.0972e+06
3.48273e+06
5.10224e+06
2.88155e+06
450534
19210
402
0
0
0
0
0
0
61
1681
26278
169810
385402
150976
0
0
0
0
0
0
0
0
0
0
0
0
0
0
0
0
0
0
0
0
0
0
0
0
0
0
0
0
0
0
0
0
0
0
0
0
0
0
0
0
0
0
0
0
0
0
0
0
0
0
0
0
0
0
0
0
0
0
0
0
0
0
0
0
0
0
0
0
0
0
0
0
0
0
0
0
0
0
0
0
0
0
0
0
0
0
0
0
0
0
0
0
0
0
0
0
0
0
0
0
0
0
0
0
0
0
0
0
0
0
0
0
0
0
0
0
0
0
0
0
0
0
0
0
0
0
0
0
0
0
0
0
0
0
0
0
0
0
0
0
0
0
0
0
0
0
0
0
0
0
0
0
0
0
0
0
0
0
0
0
0
0
0
0
0
0
0
0
0
0
0
0
0
0
0
0
0
0
0
0
0
0
0
0
0
0
0
0
0
0
0
0
0
0
0
0
0
0
0
0
