452608
0
0
0
0
0
0
0
0
0
0
0
0
0
0
0
0
946
108134
764004
1.12006e+06
566906
136738
17534
1848
6674
54142
218701
441803
412951
180874
41532
64194
454411
1.43364e+06
1.95468e+06
1.15049e+06
331872
141041
480433
947728
804581
367919
397537
1.11781e+06
1.84234e+06
1.43131e+06
603394
364117
584646
611876
608986
1.62566e+06
3.41039e+06
3.44291e+06
1.72016e+06
654120
514208
555876
1.0627e+06
2.2754e+06
2.77771e+06
1.95967e+06
1.66874e+06
1.94946e+06
1.63873e+06
1.5657e+06
1.9718e+06
1.78389e+06
1.65226e+06
2.116e+06
2.60139e+06
4.0924e+06
5.61016e+06
4.11748e+06
1.59843e+06
663332
1.54332e+06
3.25992e+06
3.58438e+06
2.3608e+06
1.66551e+06
2.11588e+06
3.44996e+06
4.05861e+06
3.47848e+06
3.4596e+06
4.28011e+06
5.8006e+06
5.69016e+06
4.00816e+06
3.23395e+06
3.65236e+06
4.31662e+06
3.77455e+06
3.23913e+06
3.47002e+06
4.13556e+06
3.67771e+06
2.68335e+06
3.58295e+06
6.16501e+06
6.87274e+06
5.4068e+06
5.58418e+06
7.86135e+06
8.71523e+06
7.1017e+06
5.17574e+06
3.52177e+06
2.28768e+06
2.24817e+06
4.69322e+06
7.42152e+06
6.45022e+06
4.9054e+06
6.68215e+06
7.60052e+06
6.89669e+06
5.06529e+06
5.33653e+06
5.87768e+06
6.51592e+06
8.5453e+06
7.64437e+06
5.65726e+06
5.11683e+06
5.23686e+06
4.30924e+06
2.67257e+06
2.55108e+06
3.46666e+06
4.34468e+06
5.95071e+06
6.96344e+06
7.35297e+06
7.49759e+06
4.98832e+06
3.48369e+06
4.32004e+06
5.04976e+06
4.67112e+06
4.24581e+06
3.13711e+06
2.52748e+06
3.2438e+06
3.8049e+06
2.09484e+06
822322
1.61166e+06
3.36401e+06
4.61102e+06
5.29553e+06
6.60584e+06
5.82294e+06
3.04798e+06
911894
997217
2.06265e+06
1.74495e+06
521474
286910
378955
304626
853398
1.26138e+06
2.24593e+06
3.51954e+06
3.60009e+06
2.36624e+06
837613
581715
604345
105488
739
0
0
3
166
4450
51802
335143
1.06463e+06
1.58047e+06
893195
137615
5874
120
0
0
0
0
0
0
15
513
8002
51200
117719
48855
0
0
0
0
0
0
0
0
0
0
0
0
0
0
0
0
0
0
0
0
0
0
0
0
0
0
0
0
0
0
0
0
0
0
0
0
0
0
0
0
0
0
0
0
0
0
0
0
0
0
0
0
0
0
0
0
0
0
0
0
0
0
0
0
0
0
0
0
0
0
0
0
0
0
0
0
0
0
0
0
0
0
0
0
0
0
0
0
0
0
0
0
0
0
0
0
0
0
0
0
0
0
0
0
0
0
0
0
0
0
0
0
0
0
0
0
0
0
0
0
0
0
0
0
0
0
0
0
0
0
0
0
0
0
0
0
0
0
0
0
0
0
0
0
0
0
0
0
0
0
0
0
0
0
0
0
0
0
0
0
0
0
0
0
0
0
0
0
0
0
0
0
0
0
0
0
0
0
0
0
0
0
0
0
0
0
0
0
0
0
0
0
0
0
0
0
0
0
0
0
