987136
0
0
0
0
0
0
0
0
0
0
0
0
0
0
0
0
2058
234127
1.67346e+06
2.4352e+06
1.23876e+06
297790
38712
3781
15196
117428
478171
962846
898857
395210
90791
137042
986759
3.14343e+06
4.25149e+06
2.51798e+06
719804
305371
1.05145e+06
2.05858e+06
1.75832e+06
805590
870448
2.45039e+06
3.98643e+06
3.1263e+06
1.32072e+06
800023
1.27615e+06
1.3286e+06
1.32762e+06
3.56252e+06
7.42366e+06
7.49661e+06
3.77241e+06
1.42762e+06
1.11098e+06
1.21245e+06
2.33099e+06
4.96484e+06
6.01915e+06
4.30157e+06
3.65412e+06
4.22328e+06
3.58638e+06
3.42929e+06
4.27688e+06
3.89806e+06
3.62408e+06
4.57802e+06
5.68336e+06
8.96281e+06
1.21713e+07
9.01297e+06
3.50118e+06
1.44276e+06
3.3841e+06
7.08317e+06
7.78678e+06
5.17698e+06
3.63271e+06
4.63605e+06
7.51893e+06
8.81478e+06
7.62819e+06
7.51609e+06
9.38378e+06
1.26113e+07
1.23848e+07
8.77817e+06
7.02429e+06
8.00441e+06
9.37776e+06
8.27173e+06
7.03402e+06
7.59388e+06
8.995e+06
8.0141e+06
5.87338e+06
7.83959e+06
1.34091e+07
1.49505e+07
1.18391e+07
1.2223e+07
1.71118e+07
1.89624e+07
1.55178e+07
1.12876e+07
7.68332e+06
4.98404e+06
4.92212e+06
1.02715e+07
1.60864e+07
1.41103e+07
1.07448e+07
1.45884e+07
1.65158e+07
1.50613e+07
1.10559e+07
1.16039e+07
1.28398e+07
1.42417e+07
1.86318e+07
1.66111e+07
1.23735e+07
1.11827e+07
1.13863e+07
9.41409e+06
5.8392e+06
5.5563e+06
7.56914e+06
9.48765e+06
1.29421e+07
1.51908e+07
1.60822e+07
1.62909e+07
1.08702e+07
7.64026e+06
9.40683e+06
1.10039e+07
1.02235e+07
9.2255e+06
6.85401e+06
5.51425e+06
7.06766e+06
8.31156e+06
4.56396e+06
1.80273e+06
3.53182e+06
7.33786e+06
9.9754e+06
1.16137e+07
1.44106e+07
1.26871e+07
6.62766e+06
2e+06
2.18793e+06
4.51263e+06
3.77621e+06
1.14451e+06
628476
826049
664178
1.87444e+06
2.75527e+06
4.90746e+06
7.65445e+06
7.86067e+06
5.1301e+06
1.8403e+06
1.28118e+06
1.31238e+06
225395
1470
0
0
12
359
9639
115827
741542
2.33887e+06
3.42467e+06
1.93582e+06
303779
13397
312
0
0
0
0
0
0
57
1215
18376
114828
257773
101319
0
0
0
0
0
0
0
0
0
0
0
0
0
0
0
0
0
0
0
0
0
0
0
0
0
0
0
0
0
0
0
0
0
0
0
0
0
0
0
0
0
0
0
0
0
0
0
0
0
0
0
0
0
0
0
0
0
0
0
0
0
0
0
0
0
0
0
0
0
0
0
0
0
0
0
0
0
0
0
0
0
0
0
0
0
0
0
0
0
0
0
0
0
0
0
0
0
0
0
0
0
0
0
0
0
0
0
0
0
0
0
0
0
0
0
0
0
0
0
0
0
0
0
0
0
0
0
0
0
0
0
0
0
0
0
0
0
0
0
0
0
0
0
0
0
0
0
0
0
0
0
0
0
0
0
0
0
0
0
0
0
0
0
0
0
0
0
0
0
0
0
0
0
0
0
0
0
0
0
0
0
0
0
0
0
0
0
0
0
0
0
0
0
0
0
0
0
0
0
0
