1.05882e+06
0
0
0
0
0
0
0
0
0
0
0
0
0
0
0
0
2185
251125
1.79524e+06
2.61144e+06
1.32881e+06
319857
41350
4033
16320
125615
513667
1.03228e+06
964201
423848
97381
146571
1.0592e+06
3.37159e+06
4.55888e+06
2.70279e+06
771655
327097
1.12834e+06
2.2065e+06
1.88677e+06
864667
932660
2.62858e+06
4.27553e+06
3.35471e+06
1.41647e+06
857679
1.36882e+06
1.42451e+06
1.42373e+06
3.82168e+06
7.96168e+06
8.04268e+06
4.04849e+06
1.52983e+06
1.19048e+06
1.29978e+06
2.49973e+06
5.32586e+06
6.45803e+06
4.61397e+06
3.91995e+06
4.52838e+06
3.84742e+06
3.67838e+06
4.58623e+06
4.18131e+06
3.88849e+06
4.90773e+06
6.09406e+06
9.61637e+06
1.3057e+07
9.67138e+06
3.75329e+06
1.54447e+06
3.62935e+06
7.59792e+06
8.35184e+06
5.55453e+06
3.89533e+06
4.97281e+06
8.06592e+06
9.45206e+06
8.18577e+06
8.05777e+06
1.00697e+07
1.35251e+07
1.32825e+07
9.41863e+06
7.53075e+06
8.58779e+06
1.00587e+07
8.87466e+06
7.54121e+06
8.14616e+06
9.64864e+06
8.59709e+06
6.29944e+06
8.4085e+06
1.43824e+07
1.60313e+07
1.27035e+07
1.31123e+07
1.83535e+07
2.03386e+07
1.66475e+07
1.21041e+07
8.24339e+06
5.34232e+06
5.27745e+06
1.10206e+07
1.72524e+07
1.51412e+07
1.15256e+07
1.56465e+07
1.77108e+07
1.61569e+07
1.18583e+07
1.24405e+07
1.37743e+07
1.52783e+07
1.99869e+07
1.78133e+07
1.32764e+07
1.19957e+07
1.22088e+07
1.0099e+07
6.26394e+06
5.95789e+06
8.12035e+06
1.01775e+07
1.38796e+07
1.62935e+07
1.72542e+07
1.74711e+07
1.16577e+07
8.19679e+06
1.00892e+07
1.18025e+07
1.09673e+07
9.89568e+06
7.3511e+06
5.91346e+06
7.58246e+06
8.9171e+06
4.89503e+06
1.9333e+06
3.78897e+06
7.86927e+06
1.06927e+07
1.24621e+07
1.54586e+07
1.361e+07
7.10782e+06
2.14406e+06
2.346e+06
4.8426e+06
4.0488e+06
1.22796e+06
673803
886288
712272
2.01128e+06
2.95586e+06
5.26527e+06
8.20702e+06
8.43414e+06
5.49946e+06
1.97487e+06
1.37458e+06
1.40775e+06
241621
1583
2
0
12
365
10325
124019
796200
2.50948e+06
3.67314e+06
2.07526e+06
325794
14404
344
0
0
0
0
0
0
59
1337
19725
123210
276642
108435
0
0
0
0
0
0
0
0
0
0
0
0
0
0
0
0
0
0
0
0
0
0
0
0
0
0
0
0
0
0
0
0
0
0
0
0
0
0
0
0
0
0
0
0
0
0
0
0
0
0
0
0
0
0
0
0
0
0
0
0
0
0
0
0
0
0
0
0
0
0
0
0
0
0
0
0
0
0
0
0
0
0
0
0
0
0
0
0
0
0
0
0
0
0
0
0
0
0
0
0
0
0
0
0
0
0
0
0
0
0
0
0
0
0
0
0
0
0
0
0
0
0
0
0
0
0
0
0
0
0
0
0
0
0
0
0
0
0
0
0
0
0
0
0
0
0
0
0
0
0
0
0
0
0
0
0
0
0
0
0
0
0
0
0
0
0
0
0
0
0
0
0
0
0
0
0
0
0
0
0
0
0
0
0
0
0
0
0
0
0
0
0
0
0
0
0
0
0
0
0
