1.65888e+06
0
0
0
0
0
0
0
0
0
0
0
0
0
0
0
2
3373
392573
2.8138e+06
4.0899e+06
2.085e+06
500318
63790
6196
24986
195197
806453
1.61897e+06
1.51142e+06
663798
151240
226878
1.65731e+06
5.28862e+06
7.14026e+06
4.24302e+06
1.20392e+06
507886
1.76814e+06
3.45704e+06
2.9605e+06
1.35204e+06
1.45304e+06
4.1209e+06
6.70248e+06
5.27075e+06
2.20968e+06
1.3372e+06
2.1466e+06
2.23283e+06
2.21864e+06
5.97668e+06
1.24924e+07
1.263e+07
6.33528e+06
2.38524e+06
1.85698e+06
2.02914e+06
3.90737e+06
8.36482e+06
1.01256e+07
7.22414e+06
6.13572e+06
7.09674e+06
6.02772e+06
5.75934e+06
7.18901e+06
6.5491e+06
6.09086e+06
7.68019e+06
9.54205e+06
1.50827e+07
2.04657e+07
1.51804e+07
5.85498e+06
2.39242e+06
5.68328e+06
1.19271e+07
1.30948e+07
8.69619e+06
6.08633e+06
7.78002e+06
1.26594e+07
1.48133e+07
1.28327e+07
1.25936e+07
1.57831e+07
2.11993e+07
2.08257e+07
1.47615e+07
1.17692e+07
1.34626e+07
1.57572e+07
1.39238e+07
1.1792e+07
1.27655e+07
1.51278e+07
1.34768e+07
9.85237e+06
1.31521e+07
2.25489e+07
2.51272e+07
1.99062e+07
2.05279e+07
2.87704e+07
3.18669e+07
2.61061e+07
1.89551e+07
1.29124e+07
8.34047e+06
8.23798e+06
1.72985e+07
2.70295e+07
2.37501e+07
1.80334e+07
2.45209e+07
2.77452e+07
2.53161e+07
1.85794e+07
1.9475e+07
2.15911e+07
2.39183e+07
3.1342e+07
2.79158e+07
2.079e+07
1.88054e+07
1.91118e+07
1.58297e+07
9.79906e+06
9.32444e+06
1.27335e+07
1.59396e+07
2.17418e+07
2.55351e+07
2.70445e+07
2.73827e+07
1.8251e+07
1.28356e+07
1.5806e+07
1.8507e+07
1.71895e+07
1.54899e+07
1.15175e+07
9.26181e+06
1.18725e+07
1.40017e+07
7.65422e+06
3.01563e+06
5.93536e+06
1.23378e+07
1.6728e+07
1.95307e+07
2.42384e+07
2.13506e+07
1.11223e+07
3.3402e+06
3.66772e+06
7.60552e+06
6.34669e+06
1.91567e+06
1.05323e+06
1.39032e+06
1.10746e+06
3.149e+06
4.62773e+06
8.25442e+06
1.28724e+07
1.32295e+07
8.60182e+06
3.08768e+06
2.15164e+06
2.21047e+06
377043
2439
2
0
12
500
15037
190254
1.24293e+06
3.93437e+06
5.76181e+06
3.25293e+06
510168
21473
437
3
0
0
0
0
0
63
1885
29615
191762
435897
170218
0
0
0
0
0
0
0
0
0
0
0
0
0
0
0
0
0
0
0
0
0
0
0
0
0
0
0
0
0
0
0
0
0
0
0
0
0
0
0
0
0
0
0
0
0
0
0
0
0
0
0
0
0
0
0
0
0
0
0
0
0
0
0
0
0
0
0
0
0
0
0
0
0
0
0
0
0
0
0
0
0
0
0
0
0
0
0
0
0
0
0
0
0
0
0
0
0
0
0
0
0
0
0
0
0
0
0
0
0
0
0
0
0
0
0
0
0
0
0
0
0
0
0
0
0
0
0
0
0
0
0
0
0
0
0
0
0
0
0
0
0
0
0
0
0
0
0
0
0
0
0
0
0
0
0
0
0
0
0
0
0
0
0
0
0
0
0
0
0
0
0
0
0
0
0
0
0
0
0
0
0
0
0
0
0
0
0
0
0
0
0
0
0
0
0
0
0
0
0
0
