1.54624e+06
0
0
0
0
0
0
0
0
0
0
0
0
0
0
0
2
3150
365854
2.62254e+06
3.81286e+06
1.94328e+06
466052
59448
5842
23231
181588
751150
1.51042e+06
1.40917e+06
618050
140734
211124
1.54367e+06
4.92866e+06
6.65996e+06
3.95411e+06
1.12116e+06
472106
1.64857e+06
3.22333e+06
2.76003e+06
1.25854e+06
1.35253e+06
3.8404e+06
6.25383e+06
4.91234e+06
2.0568e+06
1.24511e+06
2.00235e+06
2.08249e+06
2.06578e+06
5.56633e+06
1.16504e+07
1.17765e+07
5.9017e+06
2.22035e+06
1.73234e+06
1.89081e+06
3.64046e+06
7.79694e+06
9.44214e+06
6.73022e+06
5.71872e+06
6.61988e+06
5.61535e+06
5.36619e+06
6.70374e+06
6.10499e+06
5.67587e+06
7.15888e+06
8.88577e+06
1.40591e+07
1.90891e+07
1.41531e+07
5.45128e+06
2.22497e+06
5.29266e+06
1.11226e+07
1.22126e+07
8.10317e+06
5.66923e+06
7.2473e+06
1.18038e+07
1.38134e+07
1.19547e+07
1.17395e+07
1.47078e+07
1.97653e+07
1.94161e+07
1.3755e+07
1.0969e+07
1.25468e+07
1.46927e+07
1.29747e+07
1.09912e+07
1.1894e+07
1.41068e+07
1.25657e+07
9.1769e+06
1.22489e+07
2.10251e+07
2.34357e+07
1.85444e+07
1.91211e+07
2.68224e+07
2.97191e+07
2.4331e+07
1.7665e+07
1.20361e+07
7.77496e+06
7.66305e+06
1.61168e+07
2.52207e+07
2.21407e+07
1.67849e+07
2.28546e+07
2.58783e+07
2.35967e+07
1.73112e+07
1.81517e+07
2.01185e+07
2.22892e+07
2.9224e+07
2.60304e+07
1.93756e+07
1.75254e+07
1.78186e+07
1.47545e+07
9.12687e+06
8.68655e+06
1.18643e+07
1.48553e+07
2.02826e+07
2.38025e+07
2.52022e+07
2.55303e+07
1.70115e+07
1.19533e+07
1.47364e+07
1.72535e+07
1.60148e+07
1.44416e+07
1.07366e+07
8.62668e+06
1.10689e+07
1.30612e+07
7.13441e+06
2.80453e+06
5.52883e+06
1.15039e+07
1.55958e+07
1.81897e+07
2.25985e+07
1.99107e+07
1.03698e+07
3.1075e+06
3.41125e+06
7.09359e+06
5.92195e+06
1.78414e+06
979484
1.29708e+06
1.03012e+06
2.93332e+06
4.31524e+06
7.69308e+06
1.19966e+07
1.23332e+07
8.02218e+06
2.87581e+06
2.00358e+06
2.06331e+06
351931
2269
2
0
12
461
14057
177072
1.15619e+06
3.66743e+06
5.37195e+06
3.03387e+06
474570
20132
418
0
0
0
0
0
0
63
1785
27628
178486
406144
159014
0
0
0
0
0
0
0
0
0
0
0
0
0
0
0
0
0
0
0
0
0
0
0
0
0
0
0
0
0
0
0
0
0
0
0
0
0
0
0
0
0
0
0
0
0
0
0
0
0
0
0
0
0
0
0
0
0
0
0
0
0
0
0
0
0
0
0
0
0
0
0
0
0
0
0
0
0
0
0
0
0
0
0
0
0
0
0
0
0
0
0
0
0
0
0
0
0
0
0
0
0
0
0
0
0
0
0
0
0
0
0
0
0
0
0
0
0
0
0
0
0
0
0
0
0
0
0
0
0
0
0
0
0
0
0
0
0
0
0
0
0
0
0
0
0
0
0
0
0
0
0
0
0
0
0
0
0
0
0
0
0
0
0
0
0
0
0
0
0
0
0
0
0
0
0
0
0
0
0
0
0
0
0
0
0
0
0
0
0
0
0
0
0
0
0
0
0
0
0
0
