397312
0
0
0
0
0
0
0
0
0
0
0
0
0
0
0
0
832
95070
670252
984051
496722
120196
15571
1658
5924
47643
191455
388335
362235
158714
36640
56814
399534
1.25739e+06
1.71553e+06
1.00908e+06
292012
124478
421214
832925
705692
323096
349411
978875
1.62101e+06
1.25401e+06
529669
320017
512946
537585
535358
1.4262e+06
2.99439e+06
3.02118e+06
1.50848e+06
575618
451903
488669
932627
1.99522e+06
2.44187e+06
1.71817e+06
1.46368e+06
1.71323e+06
1.43837e+06
1.37197e+06
1.73388e+06
1.56481e+06
1.45021e+06
1.86031e+06
2.2841e+06
3.58702e+06
4.92923e+06
3.61034e+06
1.40343e+06
585084
1.35484e+06
2.86069e+06
3.14705e+06
2.07014e+06
1.46411e+06
1.85689e+06
3.02676e+06
3.56504e+06
3.05203e+06
3.04059e+06
3.75394e+06
5.0936e+06
4.99341e+06
3.51728e+06
2.84151e+06
3.2013e+06
3.79634e+06
3.30891e+06
2.8449e+06
3.04682e+06
3.62882e+06
3.22721e+06
2.35833e+06
3.14485e+06
5.41132e+06
6.03339e+06
4.74609e+06
4.89944e+06
6.90133e+06
7.65273e+06
6.23179e+06
4.54458e+06
3.09185e+06
2.00932e+06
1.9728e+06
4.1165e+06
6.52314e+06
5.65855e+06
4.30587e+06
5.86227e+06
6.67532e+06
6.05193e+06
4.44685e+06
4.68849e+06
5.15917e+06
5.71581e+06
7.49786e+06
6.71808e+06
4.96521e+06
4.48815e+06
4.60119e+06
3.7797e+06
2.34576e+06
2.23996e+06
3.04233e+06
3.81512e+06
5.22572e+06
6.11008e+06
6.45176e+06
6.58646e+06
4.37991e+06
3.05316e+06
3.79455e+06
4.43191e+06
4.09945e+06
3.72957e+06
2.7513e+06
2.22053e+06
2.84852e+06
3.33791e+06
1.83983e+06
721308
1.41489e+06
2.95137e+06
4.05444e+06
4.64107e+06
5.79959e+06
5.1126e+06
2.67678e+06
800436
876186
1.80883e+06
1.53311e+06
457354
251790
332823
268144
748288
1.1071e+06
1.97066e+06
3.08932e+06
3.15876e+06
2.08175e+06
733970
510422
530111
92820
621
0
0
3
139
3993
45645
294246
933426
1.38765e+06
784428
120945
5223
106
0
0
0
0
0
0
15
485
7038
44902
103057
43159
0
0
0
0
0
0
0
0
0
0
0
0
0
0
0
0
0
0
0
0
0
0
0
0
0
0
0
0
0
0
0
0
0
0
0
0
0
0
0
0
0
0
0
0
0
0
0
0
0
0
0
0
0
0
0
0
0
0
0
0
0
0
0
0
0
0
0
0
0
0
0
0
0
0
0
0
0
0
0
0
0
0
0
0
0
0
0
0
0
0
0
0
0
0
0
0
0
0
0
0
0
0
0
0
0
0
0
0
0
0
0
0
0
0
0
0
0
0
0
0
0
0
0
0
0
0
0
0
0
0
0
0
0
0
0
0
0
0
0
0
0
0
0
0
0
0
0
0
0
0
0
0
0
0
0
0
0
0
0
0
0
0
0
0
0
0
0
0
0
0
0
0
0
0
0
0
0
0
0
0
0
0
0
0
0
0
0
0
0
0
0
0
0
0
0
0
0
0
0
0
