1.8432e+06
0
0
0
0
0
0
0
0
0
0
0
0
0
0
0
2
3705
436209
3.12662e+06
4.54386e+06
2.31741e+06
555558
70833
6852
27865
216581
895789
1.79872e+06
1.68059e+06
737357
167491
252010
1.84136e+06
5.8761e+06
7.93349e+06
4.71678e+06
1.33636e+06
563987
1.96386e+06
3.84191e+06
3.28969e+06
1.50258e+06
1.61403e+06
4.58086e+06
7.44186e+06
5.85948e+06
2.45573e+06
1.48536e+06
2.38412e+06
2.48143e+06
2.46409e+06
6.64411e+06
1.38774e+07
1.40348e+07
7.04166e+06
2.64886e+06
2.06144e+06
2.25478e+06
4.34128e+06
9.29376e+06
1.12493e+07
8.03187e+06
6.81832e+06
7.87787e+06
6.69876e+06
6.40143e+06
7.98624e+06
7.28096e+06
6.76684e+06
8.53021e+06
1.06071e+07
1.67618e+07
2.27278e+07
1.68717e+07
6.50777e+06
2.65724e+06
6.31647e+06
1.32497e+07
1.45485e+07
9.66544e+06
6.76097e+06
8.64502e+06
1.40646e+07
1.64595e+07
1.42653e+07
1.39901e+07
1.75351e+07
2.35499e+07
2.31432e+07
1.64028e+07
1.30784e+07
1.49648e+07
1.74953e+07
1.54724e+07
1.31052e+07
1.41847e+07
1.68038e+07
1.49731e+07
1.0952e+07
1.46155e+07
2.50539e+07
2.79167e+07
2.21218e+07
2.28099e+07
3.19668e+07
3.53997e+07
2.90111e+07
2.10554e+07
1.43492e+07
9.27076e+06
9.16274e+06
1.92236e+07
3.00095e+07
2.63889e+07
2.0053e+07
2.72416e+07
3.08194e+07
2.81357e+07
2.06519e+07
2.16331e+07
2.39888e+07
2.6581e+07
3.48256e+07
3.10087e+07
2.31031e+07
2.08985e+07
2.12238e+07
1.75945e+07
1.08939e+07
1.03593e+07
1.41519e+07
1.77126e+07
2.41491e+07
2.83709e+07
3.00553e+07
3.04159e+07
2.02763e+07
1.42733e+07
1.75632e+07
2.05541e+07
1.91081e+07
1.72046e+07
1.28002e+07
1.02969e+07
1.31874e+07
1.55504e+07
8.5037e+06
3.35641e+06
6.59887e+06
1.3707e+07
1.8581e+07
2.17183e+07
2.69282e+07
2.37068e+07
1.23564e+07
3.71823e+06
4.08301e+06
8.44954e+06
7.04071e+06
2.13113e+06
1.17106e+06
1.54509e+06
1.23182e+06
3.50096e+06
5.14074e+06
9.17262e+06
1.43076e+07
1.46974e+07
9.54821e+06
3.43484e+06
2.39342e+06
2.45263e+06
418421
2708
2
0
13
579
16655
211647
1.38282e+06
4.37185e+06
6.3997e+06
3.61366e+06
567514
23885
481
3
0
0
0
0
0
72
2103
32832
213692
483712
189189
0
0
0
0
0
0
0
0
0
0
0
0
0
0
0
0
0
0
0
0
0
0
0
0
0
0
0
0
0
0
0
0
0
0
0
0
0
0
0
0
0
0
0
0
0
0
0
0
0
0
0
0
0
0
0
0
0
0
0
0
0
0
0
0
0
0
0
0
0
0
0
0
0
0
0
0
0
0
0
0
0
0
0
0
0
0
0
0
0
0
0
0
0
0
0
0
0
0
0
0
0
0
0
0
0
0
0
0
0
0
0
0
0
0
0
0
0
0
0
0
0
0
0
0
0
0
0
0
0
0
0
0
0
0
0
0
0
0
0
0
0
0
0
0
0
0
0
0
0
0
0
0
0
0
0
0
0
0
0
0
0
0
0
0
0
0
0
0
0
0
0
0
0
0
0
0
0
0
0
0
0
0
0
0
0
0
0
0
0
0
0
0
0
0
0
0
0
0
0
0
