1.10182e+06
0
0
0
0
0
0
0
0
0
0
0
0
0
0
0
0
2278
261106
1.86838e+06
2.71774e+06
1.3828e+06
332682
42920
4219
16973
130473
534799
1.07415e+06
1.00384e+06
440717
101311
151962
1.10184e+06
3.50929e+06
4.74468e+06
2.81323e+06
802368
339517
1.17435e+06
2.29632e+06
1.96392e+06
899067
969581
2.73638e+06
4.44996e+06
3.49149e+06
1.47337e+06
891636
1.42482e+06
1.48252e+06
1.47941e+06
3.97591e+06
8.28758e+06
8.37366e+06
4.21127e+06
1.59023e+06
1.2383e+06
1.35165e+06
2.59947e+06
5.54536e+06
6.72108e+06
4.80075e+06
4.07818e+06
4.71432e+06
4.00284e+06
3.82612e+06
4.7737e+06
4.35133e+06
4.04655e+06
5.10571e+06
6.33783e+06
1.00096e+07
1.3593e+07
1.00675e+07
3.90083e+06
1.60341e+06
3.77514e+06
7.91004e+06
8.69343e+06
5.77962e+06
4.0513e+06
5.17157e+06
8.39763e+06
9.83726e+06
8.51713e+06
8.38196e+06
1.04792e+07
1.40772e+07
1.38248e+07
9.80029e+06
7.83193e+06
8.93783e+06
1.047e+07
9.23593e+06
7.84464e+06
8.47541e+06
1.00445e+07
8.94718e+06
6.55085e+06
8.74508e+06
1.49706e+07
1.66896e+07
1.32169e+07
1.36377e+07
1.91021e+07
2.11712e+07
1.73253e+07
1.25936e+07
8.57764e+06
5.55651e+06
5.48519e+06
1.14688e+07
1.79609e+07
1.57591e+07
1.19846e+07
1.62825e+07
1.84342e+07
1.68153e+07
1.23374e+07
1.29442e+07
1.43337e+07
1.5893e+07
2.08055e+07
1.85423e+07
1.38126e+07
1.24827e+07
1.27039e+07
1.0512e+07
6.51384e+06
6.19731e+06
8.44921e+06
1.05891e+07
1.44485e+07
1.6958e+07
1.79549e+07
1.81846e+07
1.2127e+07
8.52709e+06
1.04998e+07
1.22836e+07
1.14125e+07
1.02973e+07
7.64979e+06
6.15199e+06
7.88953e+06
9.28534e+06
5.09258e+06
2.00901e+06
3.94069e+06
8.19099e+06
1.11243e+07
1.29654e+07
1.60914e+07
1.41694e+07
7.39462e+06
2.22758e+06
2.4377e+06
5.04312e+06
4.21575e+06
1.27603e+06
700595
922713
739744
2.09266e+06
3.07516e+06
5.47889e+06
8.54198e+06
8.77874e+06
5.72308e+06
2.05401e+06
1.42896e+06
1.46709e+06
251305
1617
2
0
12
375
10601
128414
827451
2.61186e+06
3.82366e+06
2.15961e+06
339129
14943
356
0
0
0
0
0
0
61
1375
20474
128020
287979
113003
0
0
0
0
0
0
0
0
0
0
0
0
0
0
0
0
0
0
0
0
0
0
0
0
0
0
0
0
0
0
0
0
0
0
0
0
0
0
0
0
0
0
0
0
0
0
0
0
0
0
0
0
0
0
0
0
0
0
0
0
0
0
0
0
0
0
0
0
0
0
0
0
0
0
0
0
0
0
0
0
0
0
0
0
0
0
0
0
0
0
0
0
0
0
0
0
0
0
0
0
0
0
0
0
0
0
0
0
0
0
0
0
0
0
0
0
0
0
0
0
0
0
0
0
0
0
0
0
0
0
0
0
0
0
0
0
0
0
0
0
0
0
0
0
0
0
0
0
0
0
0
0
0
0
0
0
0
0
0
0
0
0
0
0
0
0
0
0
0
0
0
0
0
0
0
0
0
0
0
0
0
0
0
0
0
0
0
0
0
0
0
0
0
0
0
0
0
0
0
0
