514048
0
0
0
0
0
0
0
0
0
0
0
0
0
0
0
0
1063
122660
868558
1.27159e+06
643702
155230
19997
2069
7515
61317
249258
501321
468509
205557
47217
72548
515570
1.62984e+06
2.22021e+06
1.30636e+06
376577
160566
545875
1.07462e+06
914274
418555
451675
1.27125e+06
2.08888e+06
1.62664e+06
684764
414097
665181
694597
691913
1.84737e+06
3.87038e+06
3.91001e+06
1.95598e+06
742964
582891
632032
1.2081e+06
2.5846e+06
3.14937e+06
2.22901e+06
1.89758e+06
2.21054e+06
1.86128e+06
1.78002e+06
2.23865e+06
2.0274e+06
1.87718e+06
2.4005e+06
2.95684e+06
4.65061e+06
6.36165e+06
4.68122e+06
1.81741e+06
753833
1.75527e+06
3.69842e+06
4.0682e+06
2.68331e+06
1.89274e+06
2.40432e+06
3.91871e+06
4.60572e+06
3.95463e+06
3.92705e+06
4.86725e+06
6.5815e+06
6.46066e+06
4.55508e+06
3.67073e+06
4.15206e+06
4.89884e+06
4.2904e+06
3.67736e+06
3.94218e+06
4.69515e+06
4.17539e+06
3.0517e+06
4.0722e+06
6.99767e+06
7.79969e+06
6.147e+06
6.34808e+06
8.92445e+06
9.88998e+06
8.06868e+06
5.8792e+06
4.00112e+06
2.59877e+06
2.55631e+06
5.33009e+06
8.42057e+06
7.33128e+06
5.5783e+06
7.58999e+06
8.62534e+06
7.83346e+06
5.75513e+06
6.05604e+06
6.67913e+06
7.40305e+06
9.70484e+06
8.67316e+06
6.42864e+06
5.81525e+06
5.94571e+06
4.89645e+06
3.03529e+06
2.89519e+06
3.93925e+06
4.93453e+06
6.75485e+06
7.91259e+06
8.35429e+06
8.50864e+06
5.66052e+06
3.96226e+06
4.9065e+06
5.73437e+06
5.30915e+06
4.81771e+06
3.56319e+06
2.87108e+06
3.68402e+06
4.32373e+06
2.37948e+06
935092
1.83288e+06
3.82035e+06
5.22375e+06
6.02214e+06
7.50525e+06
6.61118e+06
3.45877e+06
1.03762e+06
1.13267e+06
2.34571e+06
1.97863e+06
593030
326500
429766
345572
972026
1.43471e+06
2.55221e+06
3.99427e+06
4.08573e+06
2.68482e+06
953864
662672
685448
119258
829
0
0
8
212
5155
59493
382667
1.21174e+06
1.78979e+06
1.01328e+06
157036
6882
162
0
0
0
0
0
0
27
609
9378
58354
133778
54878
0
0
0
0
0
0
0
0
0
0
0
0
0
0
0
0
0
0
0
0
0
0
0
0
0
0
0
0
0
0
0
0
0
0
0
0
0
0
0
0
0
0
0
0
0
0
0
0
0
0
0
0
0
0
0
0
0
0
0
0
0
0
0
0
0
0
0
0
0
0
0
0
0
0
0
0
0
0
0
0
0
0
0
0
0
0
0
0
0
0
0
0
0
0
0
0
0
0
0
0
0
0
0
0
0
0
0
0
0
0
0
0
0
0
0
0
0
0
0
0
0
0
0
0
0
0
0
0
0
0
0
0
0
0
0
0
0
0
0
0
0
0
0
0
0
0
0
0
0
0
0
0
0
0
0
0
0
0
0
0
0
0
0
0
0
0
0
0
0
0
0
0
0
0
0
0
0
0
0
0
0
0
0
0
0
0
0
0
0
0
0
0
0
0
0
0
0
0
0
0
