1.6384e+06
0
0
0
0
0
0
0
0
0
0
0
0
0
0
0
2
3330
387718
2.77907e+06
4.0393e+06
2.05957e+06
493979
62959
6123
24675
192763
796415
1.599e+06
1.49294e+06
655582
149305
224012
1.63686e+06
5.22258e+06
7.05317e+06
4.19099e+06
1.18852e+06
501469
1.74618e+06
3.41427e+06
2.92452e+06
1.33514e+06
1.43451e+06
4.06962e+06
6.62155e+06
5.20579e+06
2.18164e+06
1.32034e+06
2.12021e+06
2.20552e+06
2.19099e+06
5.90176e+06
1.23391e+07
1.24758e+07
6.25599e+06
2.3552e+06
1.8345e+06
2.00397e+06
3.858e+06
8.26155e+06
1.00028e+07
7.1337e+06
6.05916e+06
7.01128e+06
5.95289e+06
5.68711e+06
7.10029e+06
6.46856e+06
6.0153e+06
7.58556e+06
9.42276e+06
1.48959e+07
2.02162e+07
1.49947e+07
5.78072e+06
2.36143e+06
5.61223e+06
1.17816e+07
1.2934e+07
8.58826e+06
6.01118e+06
7.68277e+06
1.25037e+07
1.46312e+07
1.26737e+07
1.24376e+07
1.55878e+07
2.09386e+07
2.05692e+07
1.45797e+07
1.16222e+07
1.32954e+07
1.55648e+07
1.37523e+07
1.16447e+07
1.26076e+07
1.49432e+07
1.33111e+07
9.72906e+06
1.29869e+07
2.22719e+07
2.48204e+07
1.96585e+07
2.02714e+07
2.84169e+07
3.14759e+07
2.57843e+07
1.87208e+07
1.27531e+07
8.23687e+06
8.13246e+06
1.7084e+07
2.67018e+07
2.34584e+07
1.78062e+07
2.42183e+07
2.74037e+07
2.5003e+07
1.83506e+07
1.92331e+07
2.13229e+07
2.36222e+07
3.09575e+07
2.75732e+07
2.05334e+07
1.85726e+07
1.8877e+07
1.56343e+07
9.67527e+06
9.20874e+06
1.2576e+07
1.57417e+07
2.14766e+07
2.52201e+07
2.67103e+07
2.70457e+07
1.80268e+07
1.26736e+07
1.56108e+07
1.82806e+07
1.69752e+07
1.53001e+07
1.13743e+07
9.14596e+06
1.17275e+07
1.38314e+07
7.55902e+06
2.97786e+06
5.86157e+06
1.21857e+07
1.65214e+07
1.92859e+07
2.39416e+07
2.10885e+07
1.09853e+07
3.29825e+06
3.62057e+06
7.51272e+06
6.27006e+06
1.89177e+06
1.03976e+06
1.37336e+06
1.0931e+06
3.11031e+06
4.57128e+06
8.1532e+06
1.27106e+07
1.30673e+07
8.49612e+06
3.04944e+06
2.1253e+06
2.18361e+06
372436
2421
2
0
12
496
14871
187883
1.22726e+06
3.88658e+06
5.69054e+06
3.21233e+06
503927
21266
434
3
0
0
0
0
0
63
1876
29327
189344
430411
168179
0
0
0
0
0
0
0
0
0
0
0
0
0
0
0
0
0
0
0
0
0
0
0
0
0
0
0
0
0
0
0
0
0
0
0
0
0
0
0
0
0
0
0
0
0
0
0
0
0
0
0
0
0
0
0
0
0
0
0
0
0
0
0
0
0
0
0
0
0
0
0
0
0
0
0
0
0
0
0
0
0
0
0
0
0
0
0
0
0
0
0
0
0
0
0
0
0
0
0
0
0
0
0
0
0
0
0
0
0
0
0
0
0
0
0
0
0
0
0
0
0
0
0
0
0
0
0
0
0
0
0
0
0
0
0
0
0
0
0
0
0
0
0
0
0
0
0
0
0
0
0
0
0
0
0
0
0
0
0
0
0
0
0
0
0
0
0
0
0
0
0
0
0
0
0
0
0
0
0
0
0
0
0
0
0
0
0
0
0
0
0
0
0
0
0
0
0
0
0
0
