1.64454e+06
0
0
0
0
0
0
0
0
0
0
0
0
0
0
0
2
3342
389272
2.78944e+06
4.05436e+06
2.06727e+06
495900
63196
6141
24759
193475
799548
1.60485e+06
1.49845e+06
658128
149887
224937
1.643e+06
5.24233e+06
7.07908e+06
4.20689e+06
1.19302e+06
503459
1.75276e+06
3.42713e+06
2.93524e+06
1.34026e+06
1.44009e+06
4.08498e+06
6.64585e+06
5.22517e+06
2.19008e+06
1.32543e+06
2.12812e+06
2.21379e+06
2.1993e+06
5.92397e+06
1.23851e+07
1.25224e+07
6.27974e+06
2.36403e+06
1.84142e+06
2.01152e+06
3.87257e+06
8.29281e+06
1.00394e+07
7.16091e+06
6.08213e+06
7.03696e+06
5.97523e+06
5.70883e+06
7.12697e+06
6.49276e+06
6.03782e+06
7.61394e+06
9.45871e+06
1.49517e+07
2.02912e+07
1.50503e+07
5.80312e+06
2.3707e+06
5.63358e+06
1.18253e+07
1.29821e+07
8.62056e+06
6.03398e+06
7.71177e+06
1.25505e+07
1.46861e+07
1.27212e+07
1.24845e+07
1.56461e+07
2.10167e+07
2.06467e+07
1.46341e+07
1.1666e+07
1.33455e+07
1.56228e+07
1.38041e+07
1.16883e+07
1.2655e+07
1.49986e+07
1.33611e+07
9.76587e+06
1.30363e+07
2.23551e+07
2.49127e+07
1.97329e+07
2.03481e+07
2.85226e+07
3.15934e+07
2.5881e+07
1.87915e+07
1.28007e+07
8.26775e+06
8.16411e+06
1.71483e+07
2.68002e+07
2.35464e+07
1.78742e+07
2.4309e+07
2.75062e+07
2.50969e+07
1.8419e+07
1.93056e+07
2.14035e+07
2.37111e+07
3.10729e+07
2.76759e+07
2.06103e+07
1.86424e+07
1.89476e+07
1.56931e+07
9.71201e+06
9.2437e+06
1.26235e+07
1.58006e+07
2.15566e+07
2.53145e+07
2.68103e+07
2.71469e+07
1.80942e+07
1.27221e+07
1.56693e+07
1.83485e+07
1.70392e+07
1.53575e+07
1.14174e+07
9.18057e+06
1.1771e+07
1.38825e+07
7.58745e+06
2.98932e+06
5.88375e+06
1.22312e+07
1.65837e+07
1.93588e+07
2.40305e+07
2.11675e+07
1.10265e+07
3.3106e+06
3.63459e+06
7.54054e+06
6.29323e+06
1.89894e+06
1.0438e+06
1.37846e+06
1.09733e+06
3.12194e+06
4.58809e+06
8.18383e+06
1.27589e+07
1.31159e+07
8.52804e+06
3.06092e+06
2.13307e+06
2.19169e+06
373799
2423
2
0
12
499
14934
188612
1.23189e+06
3.90095e+06
5.71208e+06
3.2244e+06
505756
21327
434
3
0
0
0
0
0
63
1881
29412
190054
432085
168777
0
0
0
0
0
0
0
0
0
0
0
0
0
0
0
0
0
0
0
0
0
0
0
0
0
0
0
0
0
0
0
0
0
0
0
0
0
0
0
0
0
0
0
0
0
0
0
0
0
0
0
0
0
0
0
0
0
0
0
0
0
0
0
0
0
0
0
0
0
0
0
0
0
0
0
0
0
0
0
0
0
0
0
0
0
0
0
0
0
0
0
0
0
0
0
0
0
0
0
0
0
0
0
0
0
0
0
0
0
0
0
0
0
0
0
0
0
0
0
0
0
0
0
0
0
0
0
0
0
0
0
0
0
0
0
0
0
0
0
0
0
0
0
0
0
0
0
0
0
0
0
0
0
0
0
0
0
0
0
0
0
0
0
0
0
0
0
0
0
0
0
0
0
0
0
0
0
0
0
0
0
0
0
0
0
0
0
0
0
0
0
0
0
0
0
0
0
0
0
0
