497664
0
0
0
0
0
0
0
0
0
0
0
0
0
0
0
0
1028
118725
840901
1.23086e+06
623364
150276
19378
2021
7304
59423
240992
485553
453706
198848
45762
70376
499537
1.57738e+06
2.14905e+06
1.26467e+06
364809
155616
528608
1.04058e+06
884764
405054
437403
1.23102e+06
2.02222e+06
1.57446e+06
663219
400973
643798
672328
670104
1.78877e+06
3.74713e+06
3.78443e+06
1.89351e+06
719550
564710
611673
1.16997e+06
2.50165e+06
3.04998e+06
2.15744e+06
1.83666e+06
2.14045e+06
1.80246e+06
1.72328e+06
2.16668e+06
1.9622e+06
1.81783e+06
2.32465e+06
2.86219e+06
4.50227e+06
6.15983e+06
4.53006e+06
1.76035e+06
730096
1.69933e+06
3.58067e+06
3.93837e+06
2.59809e+06
1.83269e+06
2.32796e+06
3.79285e+06
4.45867e+06
3.82842e+06
3.80242e+06
4.71145e+06
6.37249e+06
6.25419e+06
4.4098e+06
3.55531e+06
4.01873e+06
4.7427e+06
4.15292e+06
3.56034e+06
3.81681e+06
4.54596e+06
4.04226e+06
2.95426e+06
3.94326e+06
6.77388e+06
7.55053e+06
5.95066e+06
6.14713e+06
8.63925e+06
9.57509e+06
7.81123e+06
5.69197e+06
3.87257e+06
2.51689e+06
2.47575e+06
5.16003e+06
8.15232e+06
7.09666e+06
5.401e+06
7.34784e+06
8.34965e+06
7.58391e+06
5.57148e+06
5.86397e+06
6.46549e+06
7.16935e+06
9.39377e+06
8.39677e+06
6.22374e+06
5.62996e+06
5.75585e+06
4.73957e+06
2.94006e+06
2.80393e+06
3.81377e+06
4.77675e+06
6.54009e+06
7.65831e+06
8.08691e+06
8.23908e+06
5.48046e+06
3.83606e+06
4.75051e+06
5.55146e+06
5.13918e+06
4.66507e+06
3.44915e+06
2.78001e+06
3.56673e+06
4.1849e+06
2.30344e+06
906348
1.77463e+06
3.69774e+06
5.0584e+06
5.82946e+06
7.26565e+06
6.4e+06
3.34893e+06
1.00487e+06
1.09771e+06
2.26967e+06
1.9155e+06
574011
316267
416208
335111
941094
1.38886e+06
2.46967e+06
3.86745e+06
3.95539e+06
2.59964e+06
923429
641459
663421
115529
810
0
0
8
208
5014
57832
370741
1.17258e+06
1.7326e+06
981251
151980
6600
159
0
0
0
0
0
0
27
585
9089
56552
129368
53211
0
0
0
0
0
0
0
0
0
0
0
0
0
0
0
0
0
0
0
0
0
0
0
0
0
0
0
0
0
0
0
0
0
0
0
0
0
0
0
0
0
0
0
0
0
0
0
0
0
0
0
0
0
0
0
0
0
0
0
0
0
0
0
0
0
0
0
0
0
0
0
0
0
0
0
0
0
0
0
0
0
0
0
0
0
0
0
0
0
0
0
0
0
0
0
0
0
0
0
0
0
0
0
0
0
0
0
0
0
0
0
0
0
0
0
0
0
0
0
0
0
0
0
0
0
0
0
0
0
0
0
0
0
0
0
0
0
0
0
0
0
0
0
0
0
0
0
0
0
0
0
0
0
0
0
0
0
0
0
0
0
0
0
0
0
0
0
0
0
0
0
0
0
0
0
0
0
0
0
0
0
0
0
0
0
0
0
0
0
0
0
0
0
0
0
0
0
0
0
0
