763904
0
0
0
0
0
0
0
0
0
0
0
0
0
0
0
0
1574
181763
1.29317e+06
1.88646e+06
958186
230381
29744
3028
11558
90962
369520
746326
695149
305479
70515
106271
764236
2.42812e+06
3.29545e+06
1.94705e+06
556442
237047
812643
1.59435e+06
1.35956e+06
623318
673194
1.89396e+06
3.09129e+06
2.4176e+06
1.0203e+06
617925
989027
1.02993e+06
1.02665e+06
2.75186e+06
5.74788e+06
5.80648e+06
2.91473e+06
1.10437e+06
861490
938002
1.80056e+06
3.84282e+06
4.66517e+06
3.32216e+06
2.8257e+06
3.27452e+06
2.76995e+06
2.652e+06
3.3177e+06
3.0137e+06
2.80056e+06
3.55127e+06
4.39401e+06
6.9276e+06
9.43298e+06
6.96902e+06
2.70561e+06
1.11793e+06
2.6142e+06
5.48536e+06
6.03343e+06
3.99997e+06
2.81307e+06
3.58203e+06
5.82137e+06
6.82772e+06
5.89388e+06
5.82269e+06
7.25426e+06
9.76512e+06
9.59054e+06
6.78232e+06
5.44019e+06
6.18887e+06
7.26562e+06
6.39454e+06
5.45012e+06
5.87004e+06
6.96457e+06
6.20438e+06
4.53868e+06
6.06022e+06
1.03901e+07
1.15766e+07
9.15076e+06
9.44887e+06
1.32497e+07
1.46839e+07
1.2001e+07
8.73653e+06
5.94876e+06
3.85494e+06
3.80066e+06
7.94183e+06
1.2473e+07
1.09151e+07
8.3016e+06
1.12866e+07
1.27917e+07
1.16523e+07
8.55613e+06
8.98377e+06
9.93502e+06
1.10106e+07
1.4421e+07
1.2866e+07
9.57001e+06
8.64914e+06
8.8216e+06
7.28248e+06
4.51328e+06
4.29889e+06
5.85474e+06
7.33736e+06
1.00263e+07
1.17624e+07
1.24308e+07
1.26188e+07
8.41188e+06
5.90317e+06
7.28445e+06
8.51898e+06
7.9038e+06
7.14438e+06
5.30256e+06
4.26556e+06
5.47061e+06
6.43315e+06
3.53284e+06
1.39097e+06
2.73006e+06
5.6789e+06
7.73057e+06
8.97261e+06
1.11584e+07
9.8227e+06
5.13124e+06
1.54398e+06
1.68649e+06
3.4912e+06
2.93079e+06
884385
485337
639410
511209
1.44717e+06
2.13302e+06
3.79723e+06
5.92934e+06
6.07984e+06
3.97682e+06
1.42155e+06
987497
1.01771e+06
176088
1186
0
0
12
286
7461
88749
569853
1.80546e+06
2.65595e+06
1.50242e+06
234453
10227
265
0
0
0
0
0
0
54
890
14070
88226
199289
79423
0
0
0
0
0
0
0
0
0
0
0
0
0
0
0
0
0
0
0
0
0
0
0
0
0
0
0
0
0
0
0
0
0
0
0
0
0
0
0
0
0
0
0
0
0
0
0
0
0
0
0
0
0
0
0
0
0
0
0
0
0
0
0
0
0
0
0
0
0
0
0
0
0
0
0
0
0
0
0
0
0
0
0
0
0
0
0
0
0
0
0
0
0
0
0
0
0
0
0
0
0
0
0
0
0
0
0
0
0
0
0
0
0
0
0
0
0
0
0
0
0
0
0
0
0
0
0
0
0
0
0
0
0
0
0
0
0
0
0
0
0
0
0
0
0
0
0
0
0
0
0
0
0
0
0
0
0
0
0
0
0
0
0
0
0
0
0
0
0
0
0
0
0
0
0
0
0
0
0
0
0
0
0
0
0
0
0
0
0
0
0
0
0
0
0
0
0
0
0
0
