206848
0
0
0
0
0
0
0
0
0
0
0
0
0
0
0
0
496
49830
347233
514821
257223
62570
8247
932
3063
24386
98061
204687
189902
81243
18830
29780
206846
651407
902258
519727
152100
65465
217861
436064
367351
166405
179836
505448
858182
649041
273130
165267
267182
281775
278156
736922
1.56353e+06
1.57632e+06
779706
299387
239626
253009
480815
1.03694e+06
1.28582e+06
885105
756369
905581
743384
709316
910313
809263
750903
981415
1.17999e+06
1.85232e+06
2.59977e+06
1.8656e+06
726129
304794
700466
1.49472e+06
1.64881e+06
1.06626e+06
766196
959795
1.57694e+06
1.86888e+06
1.57374e+06
1.59296e+06
1.94105e+06
2.66261e+06
2.60674e+06
1.8207e+06
1.48521e+06
1.65263e+06
1.99709e+06
1.70656e+06
1.4905e+06
1.57762e+06
1.89876e+06
1.6802e+06
1.22287e+06
1.63041e+06
2.82107e+06
3.15518e+06
2.4603e+06
2.54455e+06
3.59307e+06
3.99791e+06
3.23277e+06
2.37162e+06
1.60742e+06
1.04924e+06
1.02674e+06
2.12449e+06
3.43046e+06
2.93007e+06
2.23253e+06
3.04521e+06
3.49766e+06
3.13783e+06
2.31594e+06
2.45565e+06
2.6762e+06
2.97244e+06
3.89336e+06
3.51747e+06
2.57699e+06
2.32816e+06
2.41157e+06
1.96131e+06
1.21745e+06
1.17074e+06
1.57773e+06
1.98128e+06
2.73901e+06
3.1764e+06
3.3474e+06
3.44103e+06
2.27952e+06
1.5783e+06
1.98295e+06
2.31072e+06
2.12363e+06
1.95145e+06
1.42838e+06
1.15528e+06
1.48373e+06
1.7345e+06
960485
374059
736654
1.53327e+06
2.13415e+06
2.39118e+06
3.01871e+06
2.66728e+06
1.39911e+06
415405
454549
935682
805952
237285
130460
173732
140514
386108
575588
1.02511e+06
1.60679e+06
1.64215e+06
1.09472e+06
378522
265001
276609
48924
329
0
0
3
78
2133
23952
152438
482522
724295
410941
62525
2688
57
0
0
0
0
0
0
9
308
3733
23364
52926
23084
0
0
0
0
0
0
0
0
0
0
0
0
0
0
0
0
0
0
0
0
0
0
0
0
0
0
0
0
0
0
0
0
0
0
0
0
0
0
0
0
0
0
0
0
0
0
0
0
0
0
0
0
0
0
0
0
0
0
0
0
0
0
0
0
0
0
0
0
0
0
0
0
0
0
0
0
0
0
0
0
0
0
0
0
0
0
0
0
0
0
0
0
0
0
0
0
0
0
0
0
0
0
0
0
0
0
0
0
0
0
0
0
0
0
0
0
0
0
0
0
0
0
0
0
0
0
0
0
0
0
0
0
0
0
0
0
0
0
0
0
0
0
0
0
0
0
0
0
0
0
0
0
0
0
0
0
0
0
0
0
0
0
0
0
0
0
0
0
0
0
0
0
0
0
0
0
0
0
0
0
0
0
0
0
0
0
0
0
0
0
0
0
0
0
0
0
0
0
0
0
