1.49914e+06
0
0
0
0
0
0
0
0
0
0
0
0
0
0
0
2
3066
354717
2.54274e+06
3.69663e+06
1.88391e+06
452212
57418
5685
22529
175962
728014
1.46463e+06
1.36656e+06
599185
136297
204438
1.49645e+06
4.7781e+06
6.45892e+06
3.83294e+06
1.08676e+06
457516
1.5984e+06
3.12554e+06
2.67574e+06
1.21999e+06
1.31108e+06
3.72316e+06
6.06496e+06
4.76208e+06
1.99392e+06
1.20685e+06
1.94135e+06
2.01928e+06
2.00212e+06
5.39683e+06
1.1297e+07
1.1417e+07
5.72231e+06
2.15194e+06
1.67949e+06
1.83383e+06
3.52881e+06
7.55987e+06
9.15428e+06
6.52531e+06
5.54482e+06
6.41874e+06
5.44365e+06
5.20157e+06
6.5007e+06
5.9189e+06
5.50295e+06
6.94101e+06
8.61348e+06
1.36309e+07
1.85103e+07
1.37226e+07
5.28272e+06
2.15729e+06
5.1311e+06
1.0785e+07
1.18408e+07
7.8548e+06
5.49656e+06
7.02683e+06
1.14447e+07
1.33928e+07
1.15893e+07
1.13813e+07
1.426e+07
1.91657e+07
1.88241e+07
1.33344e+07
1.06354e+07
1.21632e+07
1.42473e+07
1.25794e+07
1.06544e+07
1.15333e+07
1.36781e+07
1.21829e+07
8.89485e+06
1.18746e+07
2.03876e+07
2.27229e+07
1.79763e+07
1.85364e+07
2.60068e+07
2.88191e+07
2.35869e+07
1.71262e+07
1.16713e+07
7.53805e+06
7.4257e+06
1.56234e+07
2.44588e+07
2.14668e+07
1.62683e+07
2.21596e+07
2.50936e+07
2.28778e+07
1.67808e+07
1.75961e+07
1.95063e+07
2.16052e+07
2.83387e+07
2.52426e+07
1.87842e+07
1.69874e+07
1.72785e+07
1.43051e+07
8.84764e+06
8.41888e+06
1.15021e+07
1.44047e+07
1.96682e+07
2.30783e+07
2.44317e+07
2.47535e+07
1.64938e+07
1.15888e+07
1.42872e+07
1.6726e+07
1.55252e+07
1.40029e+07
1.04116e+07
8.36312e+06
1.07308e+07
1.26651e+07
6.91832e+06
2.71903e+06
5.35982e+06
1.11531e+07
1.51204e+07
1.76331e+07
2.19109e+07
1.9305e+07
1.00547e+07
3.01357e+06
3.30595e+06
6.87785e+06
5.74205e+06
1.72994e+06
949284
1.25799e+06
998019
2.8439e+06
4.18434e+06
7.45971e+06
1.16295e+07
1.19577e+07
7.77767e+06
2.78917e+06
1.94233e+06
2.00092e+06
341125
2200
2
0
12
456
13644
171700
1.12048e+06
3.55524e+06
5.20928e+06
2.94165e+06
459792
19574
410
0
0
0
0
0
0
63
1728
26815
173234
393541
154187
0
0
0
0
0
0
0
0
0
0
0
0
0
0
0
0
0
0
0
0
0
0
0
0
0
0
0
0
0
0
0
0
0
0
0
0
0
0
0
0
0
0
0
0
0
0
0
0
0
0
0
0
0
0
0
0
0
0
0
0
0
0
0
0
0
0
0
0
0
0
0
0
0
0
0
0
0
0
0
0
0
0
0
0
0
0
0
0
0
0
0
0
0
0
0
0
0
0
0
0
0
0
0
0
0
0
0
0
0
0
0
0
0
0
0
0
0
0
0
0
0
0
0
0
0
0
0
0
0
0
0
0
0
0
0
0
0
0
0
0
0
0
0
0
0
0
0
0
0
0
0
0
0
0
0
0
0
0
0
0
0
0
0
0
0
0
0
0
0
0
0
0
0
0
0
0
0
0
0
0
0
0
0
0
0
0
0
0
0
0
0
0
0
0
0
0
0
0
0
0
