1.66093e+06
0
0
0
0
0
0
0
0
0
0
0
0
0
0
0
2
3375
393044
2.81731e+06
4.09493e+06
2.08757e+06
500940
63869
6204
25026
195442
807433
1.62097e+06
1.5133e+06
664618
151413
227158
1.65934e+06
5.29529e+06
7.14893e+06
4.24821e+06
1.20547e+06
508511
1.77035e+06
3.46128e+06
2.96417e+06
1.35367e+06
1.45493e+06
4.12604e+06
6.7106e+06
5.27722e+06
2.21248e+06
1.33891e+06
2.14915e+06
2.23558e+06
2.22146e+06
5.98412e+06
1.25078e+07
1.26455e+07
6.34313e+06
2.3883e+06
1.8592e+06
2.03164e+06
3.91229e+06
8.37516e+06
1.01378e+07
7.23326e+06
6.14333e+06
7.10533e+06
6.0352e+06
5.76656e+06
7.19789e+06
6.55711e+06
6.0985e+06
7.68964e+06
9.55379e+06
1.51017e+07
2.04906e+07
1.51989e+07
5.86234e+06
2.39552e+06
5.69046e+06
1.19417e+07
1.31108e+07
8.70707e+06
6.0938e+06
7.78982e+06
1.26749e+07
1.48314e+07
1.28485e+07
1.26094e+07
1.58025e+07
2.12255e+07
2.08512e+07
1.47797e+07
1.1784e+07
1.34793e+07
1.57763e+07
1.3941e+07
1.18068e+07
1.27813e+07
1.51463e+07
1.34933e+07
9.86484e+06
1.31686e+07
2.25767e+07
2.51577e+07
1.9931e+07
2.05535e+07
2.88058e+07
3.1906e+07
2.61382e+07
1.89785e+07
1.29285e+07
8.35086e+06
8.2486e+06
1.73201e+07
2.70621e+07
2.37793e+07
1.80563e+07
2.45512e+07
2.7779e+07
2.53475e+07
1.86025e+07
1.94991e+07
2.16177e+07
2.39483e+07
3.13804e+07
2.79499e+07
2.08157e+07
1.88288e+07
1.91352e+07
1.58493e+07
9.81155e+06
9.33589e+06
1.27493e+07
1.59594e+07
2.17682e+07
2.55665e+07
2.7078e+07
2.74165e+07
1.82733e+07
1.28518e+07
1.58255e+07
1.85296e+07
1.72111e+07
1.55087e+07
1.15318e+07
9.27343e+06
1.1887e+07
1.40188e+07
7.6637e+06
3.01943e+06
5.94269e+06
1.23531e+07
1.67486e+07
1.95554e+07
2.42682e+07
2.13764e+07
1.11361e+07
3.34445e+06
3.6724e+06
7.61495e+06
6.35419e+06
1.91815e+06
1.05454e+06
1.39204e+06
1.10892e+06
3.15285e+06
4.63347e+06
8.26443e+06
1.28885e+07
1.32458e+07
8.61239e+06
3.09145e+06
2.15438e+06
2.21309e+06
377518
2444
2
0
12
500
15055
190467
1.2445e+06
3.93917e+06
5.7689e+06
3.25699e+06
510816
21494
437
3
0
0
0
0
0
63
1885
29653
192005
436426
170432
0
0
0
0
0
0
0
0
0
0
0
0
0
0
0
0
0
0
0
0
0
0
0
0
0
0
0
0
0
0
0
0
0
0
0
0
0
0
0
0
0
0
0
0
0
0
0
0
0
0
0
0
0
0
0
0
0
0
0
0
0
0
0
0
0
0
0
0
0
0
0
0
0
0
0
0
0
0
0
0
0
0
0
0
0
0
0
0
0
0
0
0
0
0
0
0
0
0
0
0
0
0
0
0
0
0
0
0
0
0
0
0
0
0
0
0
0
0
0
0
0
0
0
0
0
0
0
0
0
0
0
0
0
0
0
0
0
0
0
0
0
0
0
0
0
0
0
0
0
0
0
0
0
0
0
0
0
0
0
0
0
0
0
0
0
0
0
0
0
0
0
0
0
0
0
0
0
0
0
0
0
0
0
0
0
0
0
0
0
0
0
0
0
0
0
0
0
0
0
0
