-25208.8
-25207.9
-25205.1
-25200.3
-25193.6
-25185
-25174.5
-25162.1
-25147.7
-25131.5
-25113.3
-25093.3
-25071.5
-25047.8
-25022.3
-24995
-24966
-24935.2
-24902.8
-24868.7
-24833
-24795.9
-24757.3
-24717.3
-24676
-24633.4
-24589.7
-24544.9
-24499.1
-24452.4
-24405
-24357.1
-24308.5
-24259.9
-24211
-24161.9
-24112.9
-24064.3
-24016.5
-23968.9
-23922.2
-23876.5
-23831.9
-23788.7
-23746.3
-23705.2
-23665.7
-23627.8
-23591.5
-23557
-23524.3
-23493.2
-23464.3
-23437.3
-23412.4
-23389.6
-23368.9
-23350.1
-23333.5
-23319.3
-23307.5
-23297.8
-23290.7
-23285.9
-23283.2
-23282.9
-23284.4
-23287.5
-23293.1
-23299.4
-23308.1
-23317.7
-23329.2
-23340.8
-23354.4
-23369.3
-23384.9
-23401.2
-23418
-23435.8
-23452.9
-23471.2
-23489.6
-23508.6
-23527
-23545.3
-23563.6
-23582
-23599.3
-23616.8
-23634.2
-23650.3
-23666.5
-23681.8
-23696.7
-23710.7
-23724.6
-23737.3
-23749
-23761.1
-23772.1
-23781.4
-23790.7
-23799
-23807.1
-23814.2
-23820.9
-23826.6
-23831.3
-23835.8
-23839.3
-23841.1
-23843.4
-23845.2
-23846.6
-23846.7
-23846.9
-23846
-23845.2
-23844.6
-23842.4
-23840.8
-23838.5
-23835.7
-23832.2
-23828.9
-23826
-23822.3
-23817.9
-23815
-23811.6
-23807.6
-23803.6
-23800.1
-23796
-23793.1
-23790.7
-23787.1
-23785
-23783.1
-23781.3
-23780
-23778.7
-23777.9
-23776.8
-23776.3
-23775.1
-23775.3
-23776
-23777.1
-23778.2
-23780.1
-23782.5
-23784.2
-23787.1
-23790.3
-23793.6
-23798
-23802.7
-23808.3
-23813.6
-23819.2
-23825.1
-23831.5
-23837.8
-23845
-23852.4
-23859.5
-23866.5
-23874.7
-23881.7
-23889.6
-23897.5
-23905.8
-23914.9
-23923
-23931.2
-23938.9
-23947.3
-23955.6
-23963
-23970.8
-23979
-23986.2
-23994.3
-24002.1
-24008.4
-24016.1
-24024.1
-24030.2
-24036.2
-24041.9
-24048.1
-24054.1
-24059.8
-24064.3
-24069.2
-24073.3
-24078.1
-24081.9
-24085.2
-24088.4
-24091.5
-24094.4
-24096.4
-24098.2
-24099.3
-24099.7
-24101.1
-24101.3
-24100.5
-24100.6
-24099.6
-24099.2
-24098.7
-24098
-24096.3
-24094.4
-24092.1
-24089.5
-24086.4
-24083.4
-24080
-24076
-24071.3
-24067.2
-24062.7
-24057.6
-24053.1
-24048.6
-24043.8
-24038.7
-24033.5
-24028.5
-24022.7
-24017.1
-24011.1
-24005.9
-24000.4
-23995.4
-23990.8
-23985.3
-23980.7
-23975.9
-23971.7
-23967.4
-23963.2
-23959.1
-23954.3
-23950.2
-23945.9
-23942.9
-23939.2
-23936.4
-23932.9
-23929.6
-23926.4
-23923.6
-23921.2
-23918.8
-23917.1
-23914.5
-23912.9
-23912.4
-23911.3
-23910.5
-23909.7
-23909.6
-23908.3
-23907.8
-23908
-23907.5
-23907.6
-23908.8
-23909.8
-23910.8
-23912.1
-23912.9
-23914.3
-23915.7
-23916.7
-23918.3
-23919.7
-23921.3
-23922.4
-23923.8
-23925.2
-23926
-23927.3
-23929.7
-23931.3
-23932.5
-23934.3
-23935.1
-23936.8
-23938.1
-23939.8
-23941.8
-23944.2
-23945.9
