1.13664e+06
0
0
0
0
0
0
0
0
0
0
0
0
0
0
0
0
2343
269474
1.92731e+06
2.8034e+06
1.42666e+06
343281
44217
4376
17537
134303
551921
1.10825e+06
1.03556e+06
454499
104503
156459
1.13692e+06
3.62022e+06
4.89457e+06
2.9027e+06
827091
350193
1.21146e+06
2.36892e+06
2.02595e+06
927745
999978
2.82341e+06
4.58947e+06
3.60252e+06
1.51997e+06
919402
1.47001e+06
1.52971e+06
1.52549e+06
4.10104e+06
8.55039e+06
8.63913e+06
4.34426e+06
1.64007e+06
1.27686e+06
1.39447e+06
2.6815e+06
5.72127e+06
6.93314e+06
4.95231e+06
4.20702e+06
4.86238e+06
4.12999e+06
3.94825e+06
4.92324e+06
4.48877e+06
4.17529e+06
5.26616e+06
6.53802e+06
1.03266e+07
1.40224e+07
1.03858e+07
4.02395e+06
1.65416e+06
3.89455e+06
8.15945e+06
8.96756e+06
5.96246e+06
4.17972e+06
5.33555e+06
8.66292e+06
1.01477e+07
8.78666e+06
8.64737e+06
1.08103e+07
1.45208e+07
1.42608e+07
1.01102e+07
8.07962e+06
9.222e+06
1.07995e+07
9.52844e+06
8.09244e+06
8.74268e+06
1.03614e+07
9.23169e+06
6.75763e+06
9.02212e+06
1.54418e+07
1.72142e+07
1.36387e+07
1.40706e+07
1.97021e+07
2.18388e+07
1.78748e+07
1.29902e+07
8.84996e+06
5.73175e+06
5.65706e+06
1.18325e+07
1.85271e+07
1.62604e+07
1.23636e+07
1.67969e+07
1.90155e+07
1.7345e+07
1.27284e+07
1.33515e+07
1.47875e+07
1.63968e+07
2.14603e+07
1.91302e+07
1.42479e+07
1.28791e+07
1.31023e+07
1.0846e+07
6.71922e+06
6.39239e+06
8.716e+06
1.09244e+07
1.49057e+07
1.7495e+07
1.85224e+07
1.87562e+07
1.25092e+07
8.79879e+06
1.08313e+07
1.2672e+07
1.1773e+07
1.06213e+07
7.89381e+06
6.34552e+06
8.13773e+06
9.58038e+06
5.25349e+06
2.07337e+06
4.06598e+06
8.44868e+06
1.14717e+07
1.33772e+07
1.66001e+07
1.46183e+07
7.62789e+06
2.29798e+06
2.51458e+06
5.20281e+06
4.3496e+06
1.31601e+06
721991
952272
762452
2.15939e+06
3.17422e+06
5.65176e+06
8.81071e+06
9.05695e+06
5.90175e+06
2.11967e+06
1.47383e+06
1.51421e+06
259231
1676
2
0
12
380
10839
132506
853943
2.6955e+06
3.94303e+06
2.2274e+06
350363
15424
360
0
0
0
0
0
0
61
1402
21052
132151
297068
116586
0
0
0
0
0
0
0
0
0
0
0
0
0
0
0
0
0
0
0
0
0
0
0
0
0
0
0
0
0
0
0
0
0
0
0
0
0
0
0
0
0
0
0
0
0
0
0
0
0
0
0
0
0
0
0
0
0
0
0
0
0
0
0
0
0
0
0
0
0
0
0
0
0
0
0
0
0
0
0
0
0
0
0
0
0
0
0
0
0
0
0
0
0
0
0
0
0
0
0
0
0
0
0
0
0
0
0
0
0
0
0
0
0
0
0
0
0
0
0
0
0
0
0
0
0
0
0
0
0
0
0
0
0
0
0
0
0
0
0
0
0
0
0
0
0
0
0
0
0
0
0
0
0
0
0
0
0
0
0
0
0
0
0
0
0
0
0
0
0
0
0
0
0
0
0
0
0
0
0
0
0
0
0
0
0
0
0
0
0
0
0
0
0
0
0
0
0
0
0
0
