1.75718e+06
0
0
0
0
0
0
0
0
0
0
0
0
0
0
0
2
3543
415843
2.98084e+06
4.33181e+06
2.20907e+06
529765
67438
6527
26396
206534
854206
1.71486e+06
1.60202e+06
703043
159608
239748
1.75501e+06
5.60304e+06
7.56478e+06
4.49415e+06
1.27481e+06
537167
1.87247e+06
3.6629e+06
3.13634e+06
1.43176e+06
1.53766e+06
4.36753e+06
7.09789e+06
5.58422e+06
2.34072e+06
1.41516e+06
2.27486e+06
2.36457e+06
2.34775e+06
6.33164e+06
1.32363e+07
1.33787e+07
6.71064e+06
2.52542e+06
1.96595e+06
2.1491e+06
4.13754e+06
8.86189e+06
1.0727e+07
7.65269e+06
6.49953e+06
7.51486e+06
6.38363e+06
6.10285e+06
7.61434e+06
6.93874e+06
6.45134e+06
8.13312e+06
1.01085e+07
1.598e+07
2.16754e+07
1.60826e+07
6.20085e+06
2.53131e+06
6.01999e+06
1.26356e+07
1.38723e+07
9.21067e+06
6.4449e+06
8.24187e+06
1.34102e+07
1.56908e+07
1.35965e+07
1.33373e+07
1.67155e+07
2.24582e+07
2.20615e+07
1.56354e+07
1.24656e+07
1.4262e+07
1.66892e+07
1.47485e+07
1.24914e+07
1.35222e+07
1.60235e+07
1.42755e+07
1.04353e+07
1.39304e+07
2.38899e+07
2.66149e+07
2.10847e+07
2.17457e+07
3.04759e+07
3.37541e+07
2.76548e+07
2.00761e+07
1.3677e+07
8.83349e+06
8.7287e+06
1.83249e+07
2.86269e+07
2.51571e+07
1.91059e+07
2.59704e+07
2.93885e+07
2.68209e+07
1.96827e+07
2.06237e+07
2.28681e+07
2.53389e+07
3.32049e+07
2.95665e+07
2.20225e+07
1.99224e+07
2.02363e+07
1.67719e+07
1.03815e+07
9.87406e+06
1.34904e+07
1.68846e+07
2.3028e+07
2.70486e+07
2.86498e+07
2.90032e+07
1.93299e+07
1.35986e+07
1.67437e+07
1.96004e+07
1.82127e+07
1.64048e+07
1.22014e+07
9.81256e+06
1.25732e+07
1.48307e+07
8.10767e+06
3.19616e+06
6.28781e+06
1.30686e+07
1.77134e+07
2.06955e+07
2.56787e+07
2.26092e+07
1.17796e+07
3.5404e+06
3.8864e+06
8.05665e+06
6.71968e+06
2.02962e+06
1.11542e+06
1.47331e+06
1.1725e+06
3.33663e+06
4.90188e+06
8.74355e+06
1.36385e+07
1.40145e+07
9.10682e+06
3.2717e+06
2.28015e+06
2.34044e+06
398805
2575
2
0
12
544
15898
201524
1.3169e+06
4.1673e+06
6.10397e+06
3.44452e+06
540960
22566
465
3
0
0
0
0
0
72
2007
31309
203275
461531
180398
0
0
0
0
0
0
0
0
0
0
0
0
0
0
0
0
0
0
0
0
0
0
0
0
0
0
0
0
0
0
0
0
0
0
0
0
0
0
0
0
0
0
0
0
0
0
0
0
0
0
0
0
0
0
0
0
0
0
0
0
0
0
0
0
0
0
0
0
0
0
0
0
0
0
0
0
0
0
0
0
0
0
0
0
0
0
0
0
0
0
0
0
0
0
0
0
0
0
0
0
0
0
0
0
0
0
0
0
0
0
0
0
0
0
0
0
0
0
0
0
0
0
0
0
0
0
0
0
0
0
0
0
0
0
0
0
0
0
0
0
0
0
0
0
0
0
0
0
0
0
0
0
0
0
0
0
0
0
0
0
0
0
0
0
0
0
0
0
0
0
0
0
0
0
0
0
0
0
0
0
0
0
0
0
0
0
0
0
0
0
0
0
0
0
0
0
0
0
0
0
