788480
0
0
0
0
0
0
0
0
0
0
0
0
0
0
0
0
1640
187396
1.3351e+06
1.94707e+06
988850
237853
30769
3091
11967
93964
381276
770356
717555
315309
72748
109701
788531
2.50742e+06
3.40021e+06
2.01005e+06
574443
244443
839429
1.64513e+06
1.40314e+06
643530
695246
1.95527e+06
3.18964e+06
2.49515e+06
1.05361e+06
638144
1.02068e+06
1.06241e+06
1.06036e+06
2.84167e+06
5.93217e+06
5.99087e+06
3.00972e+06
1.14055e+06
888930
968319
1.85934e+06
3.96654e+06
4.81277e+06
3.43011e+06
2.918e+06
3.37814e+06
2.85983e+06
2.73818e+06
3.42232e+06
3.11131e+06
2.89242e+06
3.66328e+06
4.53685e+06
7.15271e+06
9.73189e+06
7.193e+06
2.79418e+06
1.15463e+06
2.69934e+06
5.66207e+06
6.22498e+06
4.12935e+06
2.90435e+06
3.69836e+06
6.00749e+06
7.04522e+06
6.08557e+06
6.0099e+06
7.4888e+06
1.00787e+07
9.89555e+06
7.00408e+06
5.61507e+06
6.38891e+06
7.49694e+06
6.60056e+06
5.6256e+06
6.06093e+06
7.18754e+06
6.40238e+06
4.68524e+06
6.25925e+06
1.07204e+07
1.19469e+07
9.44761e+06
9.75585e+06
1.36742e+07
1.51531e+07
1.23895e+07
9.01602e+06
6.14024e+06
3.97961e+06
3.92576e+06
8.19988e+06
1.28667e+07
1.1266e+07
8.57298e+06
1.16498e+07
1.32016e+07
1.20278e+07
8.83061e+06
9.27331e+06
1.02554e+07
1.13655e+07
1.48845e+07
1.32774e+07
9.87933e+06
8.92816e+06
9.10279e+06
7.51748e+06
4.66134e+06
4.43799e+06
6.04375e+06
7.57439e+06
1.0345e+07
1.21402e+07
1.28326e+07
1.30217e+07
8.68368e+06
6.09441e+06
7.51763e+06
8.79316e+06
8.15934e+06
7.37364e+06
5.47306e+06
4.40298e+06
5.64676e+06
6.63901e+06
3.64671e+06
1.43743e+06
2.81813e+06
5.86142e+06
7.97782e+06
9.26474e+06
1.15141e+07
1.01367e+07
5.29708e+06
1.59468e+06
1.74238e+06
3.603e+06
3.02331e+06
913542
501465
659820
528331
1.49472e+06
2.20114e+06
3.91973e+06
6.11806e+06
6.27545e+06
4.10436e+06
1.46778e+06
1.02002e+06
1.04982e+06
181542
1224
0
0
12
295
7806
92227
589053
1.86375e+06
2.74e+06
1.54989e+06
242424
10594
266
0
0
0
0
0
0
54
950
14644
91214
205523
81855
0
0
0
0
0
0
0
0
0
0
0
0
0
0
0
0
0
0
0
0
0
0
0
0
0
0
0
0
0
0
0
0
0
0
0
0
0
0
0
0
0
0
0
0
0
0
0
0
0
0
0
0
0
0
0
0
0
0
0
0
0
0
0
0
0
0
0
0
0
0
0
0
0
0
0
0
0
0
0
0
0
0
0
0
0
0
0
0
0
0
0
0
0
0
0
0
0
0
0
0
0
0
0
0
0
0
0
0
0
0
0
0
0
0
0
0
0
0
0
0
0
0
0
0
0
0
0
0
0
0
0
0
0
0
0
0
0
0
0
0
0
0
0
0
0
0
0
0
0
0
0
0
0
0
0
0
0
0
0
0
0
0
0
0
0
0
0
0
0
0
0
0
0
0
0
0
0
0
0
0
0
0
0
0
0
0
0
0
0
0
0
0
0
0
0
0
0
0
0
0
