1.13459e+06
0
0
0
0
0
0
0
0
0
0
0
0
0
0
0
0
2338
268994
1.92388e+06
2.79832e+06
1.42405e+06
342682
44137
4373
17497
134090
550930
1.10621e+06
1.03368e+06
453702
104323
156190
1.13489e+06
3.61377e+06
4.88567e+06
2.89733e+06
825714
349578
1.20935e+06
2.3646e+06
2.02228e+06
926066
998257
2.81835e+06
4.58105e+06
3.59597e+06
1.51728e+06
917857
1.4673e+06
1.52692e+06
1.52279e+06
4.09378e+06
8.5349e+06
8.62334e+06
4.33649e+06
1.63724e+06
1.27453e+06
1.39198e+06
2.67674e+06
5.71089e+06
6.92053e+06
4.94343e+06
4.19956e+06
4.85361e+06
4.12252e+06
3.9411e+06
4.91438e+06
4.48075e+06
4.1677e+06
5.25673e+06
6.52629e+06
1.03079e+07
1.3997e+07
1.0367e+07
4.01689e+06
1.6512e+06
3.88764e+06
8.14474e+06
8.95121e+06
5.95179e+06
4.17224e+06
5.326e+06
8.64718e+06
1.01295e+07
8.77087e+06
8.63178e+06
1.07908e+07
1.44947e+07
1.42348e+07
1.00921e+07
8.06511e+06
9.20531e+06
1.07802e+07
9.51107e+06
8.07803e+06
8.72701e+06
1.03428e+07
9.21475e+06
6.7455e+06
9.00593e+06
1.54141e+07
1.71834e+07
1.36138e+07
1.40452e+07
1.96666e+07
2.17994e+07
1.78426e+07
1.29668e+07
8.83393e+06
5.7215e+06
5.647e+06
1.18112e+07
1.84937e+07
1.62308e+07
1.23415e+07
1.67666e+07
1.89812e+07
1.73139e+07
1.27054e+07
1.33274e+07
1.47609e+07
1.63673e+07
2.14216e+07
1.90955e+07
1.42223e+07
1.28559e+07
1.30788e+07
1.08265e+07
6.70715e+06
6.38093e+06
8.70029e+06
1.09047e+07
1.48787e+07
1.74634e+07
1.84891e+07
1.87225e+07
1.24867e+07
8.78288e+06
1.08119e+07
1.2649e+07
1.17517e+07
1.06022e+07
7.87947e+06
6.33413e+06
8.12305e+06
9.56311e+06
5.24403e+06
2.0696e+06
4.05866e+06
8.43342e+06
1.14514e+07
1.3353e+07
1.65702e+07
1.45918e+07
7.61415e+06
2.29391e+06
2.51009e+06
5.19338e+06
4.34171e+06
1.31369e+06
720728
950524
761147
2.15537e+06
3.16851e+06
5.64155e+06
8.795e+06
9.04053e+06
5.89122e+06
2.11576e+06
1.47123e+06
1.51147e+06
258732
1675
2
0
12
379
10822
132268
852405
2.69054e+06
3.93607e+06
2.22339e+06
349691
15396
360
0
0
0
0
0
0
61
1401
21019
131901
296534
116380
0
0
0
0
0
0
0
0
0
0
0
0
0
0
0
0
0
0
0
0
0
0
0
0
0
0
0
0
0
0
0
0
0
0
0
0
0
0
0
0
0
0
0
0
0
0
0
0
0
0
0
0
0
0
0
0
0
0
0
0
0
0
0
0
0
0
0
0
0
0
0
0
0
0
0
0
0
0
0
0
0
0
0
0
0
0
0
0
0
0
0
0
0
0
0
0
0
0
0
0
0
0
0
0
0
0
0
0
0
0
0
0
0
0
0
0
0
0
0
0
0
0
0
0
0
0
0
0
0
0
0
0
0
0
0
0
0
0
0
0
0
0
0
0
0
0
0
0
0
0
0
0
0
0
0
0
0
0
0
0
0
0
0
0
0
0
0
0
0
0
0
0
0
0
0
0
0
0
0
0
0
0
0
0
0
0
0
0
0
0
0
0
0
0
0
0
0
0
0
0
