1.31482e+06
0
0
0
0
0
0
0
0
0
0
0
0
0
0
0
0
2734
311453
2.22938e+06
3.2432e+06
1.65144e+06
396238
50835
5015
19863
154565
638375
1.28434e+06
1.1984e+06
525124
119938
179706
1.3131e+06
4.19058e+06
5.66396e+06
3.35993e+06
954094
402700
1.40087e+06
2.74212e+06
2.34598e+06
1.06989e+06
1.15262e+06
3.26506e+06
5.31626e+06
4.17404e+06
1.7515e+06
1.05981e+06
1.70233e+06
1.76958e+06
1.75929e+06
4.73901e+06
9.90124e+06
1.00052e+07
5.02121e+06
1.89069e+06
1.47368e+06
1.61106e+06
3.09784e+06
6.62477e+06
8.02652e+06
5.72538e+06
4.86382e+06
5.62718e+06
4.77614e+06
4.5641e+06
5.69914e+06
5.18988e+06
4.8282e+06
6.0906e+06
7.55472e+06
1.19523e+07
1.62319e+07
1.20262e+07
4.64214e+06
1.89931e+06
4.50322e+06
9.44732e+06
1.03816e+07
6.89399e+06
4.82698e+06
6.16718e+06
1.00291e+07
1.17418e+07
1.01636e+07
9.9923e+06
1.25052e+07
1.68051e+07
1.65069e+07
1.16909e+07
9.33457e+06
1.06696e+07
1.24938e+07
1.10297e+07
9.35101e+06
1.01148e+07
1.19899e+07
1.06842e+07
7.80518e+06
1.04255e+07
1.78783e+07
1.99178e+07
1.57647e+07
1.62703e+07
2.28059e+07
2.52665e+07
2.06813e+07
1.50211e+07
1.02391e+07
6.61901e+06
6.5243e+06
1.36964e+07
2.14452e+07
1.88188e+07
1.42844e+07
1.94337e+07
2.20006e+07
2.00665e+07
1.4719e+07
1.54332e+07
1.71046e+07
1.89595e+07
2.48445e+07
2.21356e+07
1.64776e+07
1.4899e+07
1.51522e+07
1.2545e+07
7.76562e+06
7.38865e+06
1.0087e+07
1.26366e+07
1.72484e+07
2.02416e+07
2.14231e+07
2.17016e+07
1.44675e+07
1.01732e+07
1.25274e+07
1.46621e+07
1.36195e+07
1.22833e+07
9.13304e+06
7.3365e+06
9.41264e+06
1.10978e+07
6.0713e+06
2.39144e+06
4.70272e+06
9.77821e+06
1.32606e+07
1.54686e+07
1.92143e+07
1.69206e+07
8.81938e+06
2.6516e+06
2.90365e+06
6.02633e+06
5.03348e+06
1.51908e+06
833368
1.10355e+06
878025
2.4967e+06
3.67216e+06
6.5384e+06
1.01942e+07
1.04832e+07
6.82314e+06
2.45052e+06
1.70451e+06
1.75339e+06
299476
1940
2
0
12
420
12260
151890
985759
3.11813e+06
4.56332e+06
2.57928e+06
404312
17568
386
0
0
0
0
0
0
61
1542
23963
152622
344380
134840
0
0
0
0
0
0
0
0
0
0
0
0
0
0
0
0
0
0
0
0
0
0
0
0
0
0
0
0
0
0
0
0
0
0
0
0
0
0
0
0
0
0
0
0
0
0
0
0
0
0
0
0
0
0
0
0
0
0
0
0
0
0
0
0
0
0
0
0
0
0
0
0
0
0
0
0
0
0
0
0
0
0
0
0
0
0
0
0
0
0
0
0
0
0
0
0
0
0
0
0
0
0
0
0
0
0
0
0
0
0
0
0
0
0
0
0
0
0
0
0
0
0
0
0
0
0
0
0
0
0
0
0
0
0
0
0
0
0
0
0
0
0
0
0
0
0
0
0
0
0
0
0
0
0
0
0
0
0
0
0
0
0
0
0
0
0
0
0
0
0
0
0
0
0
0
0
0
0
0
0
0
0
0
0
0
0
0
0
0
0
0
0
0
0
0
0
0
0
0
0
