1.23904e+06
0
0
0
0
0
0
0
0
0
0
0
0
0
0
0
0
2557
293688
2.10077e+06
3.05656e+06
1.55553e+06
373540
48202
4727
18870
146097
601675
1.20883e+06
1.12943e+06
495334
113260
169996
1.23842e+06
3.94716e+06
5.33662e+06
3.16615e+06
899977
380736
1.32024e+06
2.58234e+06
2.21053e+06
1.00973e+06
1.08761e+06
3.07631e+06
5.00687e+06
3.93266e+06
1.65311e+06
999485
1.60354e+06
1.66755e+06
1.66018e+06
4.46781e+06
9.32606e+06
9.42373e+06
4.73358e+06
1.78454e+06
1.38994e+06
1.51963e+06
2.91957e+06
6.24054e+06
7.56272e+06
5.39676e+06
4.58336e+06
5.3024e+06
4.5016e+06
4.3028e+06
5.36819e+06
4.89126e+06
4.54986e+06
5.74052e+06
7.12164e+06
1.12606e+07
1.52951e+07
1.13289e+07
4.37695e+06
1.796e+06
4.24274e+06
8.90088e+06
9.78012e+06
6.49752e+06
4.55238e+06
5.81361e+06
9.44892e+06
1.10622e+07
9.5777e+06
9.41998e+06
1.17848e+07
1.58344e+07
1.55518e+07
1.10176e+07
8.80122e+06
1.00548e+07
1.17736e+07
1.0392e+07
8.81363e+06
9.53045e+06
1.13004e+07
1.00649e+07
7.35881e+06
9.82999e+06
1.68415e+07
1.87682e+07
1.4861e+07
1.53338e+07
2.14871e+07
2.3807e+07
1.94878e+07
1.41582e+07
9.64881e+06
6.2406e+06
6.15647e+06
1.29042e+07
2.02032e+07
1.77311e+07
1.34683e+07
1.83122e+07
2.07303e+07
1.89072e+07
1.38738e+07
1.45487e+07
1.61214e+07
1.78693e+07
2.34025e+07
2.08587e+07
1.55266e+07
1.40414e+07
1.42823e+07
1.18223e+07
7.32007e+06
6.96574e+06
9.50373e+06
1.19072e+07
1.62528e+07
1.90731e+07
2.01883e+07
2.04509e+07
1.36335e+07
9.58763e+06
1.18073e+07
1.38174e+07
1.28332e+07
1.15779e+07
8.60443e+06
6.91373e+06
8.87114e+06
1.04531e+07
5.72241e+06
2.25559e+06
4.43214e+06
9.21314e+06
1.25002e+07
1.45787e+07
1.81029e+07
1.59422e+07
8.31297e+06
2.49954e+06
2.73862e+06
5.67751e+06
4.74095e+06
1.43285e+06
785992
1.03975e+06
828350
2.35377e+06
3.45899e+06
6.1614e+06
9.6062e+06
9.87719e+06
6.43159e+06
2.30962e+06
1.60636e+06
1.65185e+06
282121
1820
2
0
12
404
11589
143219
929893
2.93822e+06
4.30009e+06
2.42976e+06
381109
16691
373
0
0
0
0
0
0
61
1488
22694
143864
324278
127135
0
0
0
0
0
0
0
0
0
0
0
0
0
0
0
0
0
0
0
0
0
0
0
0
0
0
0
0
0
0
0
0
0
0
0
0
0
0
0
0
0
0
0
0
0
0
0
0
0
0
0
0
0
0
0
0
0
0
0
0
0
0
0
0
0
0
0
0
0
0
0
0
0
0
0
0
0
0
0
0
0
0
0
0
0
0
0
0
0
0
0
0
0
0
0
0
0
0
0
0
0
0
0
0
0
0
0
0
0
0
0
0
0
0
0
0
0
0
0
0
0
0
0
0
0
0
0
0
0
0
0
0
0
0
0
0
0
0
0
0
0
0
0
0
0
0
0
0
0
0
0
0
0
0
0
0
0
0
0
0
0
0
0
0
0
0
0
0
0
0
0
0
0
0
0
0
0
0
0
0
0
0
0
0
0
0
0
0
0
0
0
0
0
0
0
0
0
0
0
0
