112640
0
0
0
0
0
0
0
0
0
0
0
0
0
0
0
0
287
27403
187418
283189
138490
33622
4941
623
1855
13468
51883
112988
103458
43667
10539
16603
112598
350261
498556
278617
83506
36515
117666
239470
198915
89956
98294
271537
475923
349084
147563
89951
146366
154287
152251
396431
855253
860833
418554
163999
133465
137855
260061
559771
711570
475070
408415
503311
400142
381063
504055
437728
403335
543787
639705
992777
1.44172e+06
1.00477e+06
392636
169309
376309
814215
906234
573209
422949
517557
856628
1.02808e+06
844292
881054
1.04206e+06
1.45719e+06
1.42389e+06
981925
817830
888464
1.10485e+06
918561
815339
850474
1.04264e+06
916840
663962
880638
1.53918e+06
1.72667e+06
1.33186e+06
1.38258e+06
1.95779e+06
2.18428e+06
1.75166e+06
1.29472e+06
876856
576584
555669
1.13954e+06
1.90077e+06
1.58271e+06
1.20868e+06
1.64601e+06
1.92898e+06
1.69798e+06
1.25792e+06
1.34834e+06
1.44702e+06
1.61496e+06
2.1137e+06
1.93639e+06
1.39821e+06
1.25839e+06
1.32584e+06
1.06173e+06
660470
641125
855189
1.0769e+06
1.50773e+06
1.72437e+06
1.80952e+06
1.88321e+06
1.24221e+06
852835
1.08946e+06
1.25409e+06
1.14738e+06
1.07161e+06
774269
631906
809545
939796
526047
206030
401702
826628
1.18094e+06
1.28246e+06
1.64378e+06
1.45591e+06
764517
227795
247606
503161
444644
128976
70873
94879
78029
207769
316240
557455
873957
886488
604545
205009
144198
150264
27708
186
0
0
3
64
1271
13724
83644
259711
395238
224220
34264
1592
29
0
0
0
0
0
0
7
216
2118
12837
28040
13102
0
0
0
0
0
0
0
0
0
0
0
0
0
0
0
0
0
0
0
0
0
0
0
0
0
0
0
0
0
0
0
0
0
0
0
0
0
0
0
0
0
0
0
0
0
0
0
0
0
0
0
0
0
0
0
0
0
0
0
0
0
0
0
0
0
0
0
0
0
0
0
0
0
0
0
0
0
0
0
0
0
0
0
0
0
0
0
0
0
0
0
0
0
0
0
0
0
0
0
0
0
0
0
0
0
0
0
0
0
0
0
0
0
0
0
0
0
0
0
0
0
0
0
0
0
0
0
0
0
0
0
0
0
0
0
0
0
0
0
0
0
0
0
0
0
0
0
0
0
0
0
0
0
0
0
0
0
0
0
0
0
0
0
0
0
0
0
0
0
0
0
0
0
0
0
0
0
0
0
0
0
0
0
0
0
0
0
0
0
0
0
0
0
0
0
0
0
0
0
0
