921600
0
0
0
0
0
0
0
0
0
0
0
0
0
0
0
0
1939
218568
1.56237e+06
2.27372e+06
1.15592e+06
278201
36289
3571
14163
109846
446454
898964
838700
368933
85008
128308
921584
2.93405e+06
3.96973e+06
2.34932e+06
672316
286085
981766
1.92206e+06
1.64071e+06
752102
813916
2.2868e+06
3.72196e+06
2.91737e+06
1.23354e+06
747394
1.19154e+06
1.24106e+06
1.24013e+06
3.32669e+06
6.92996e+06
6.99592e+06
3.52094e+06
1.33482e+06
1.0384e+06
1.13252e+06
2.17676e+06
4.63512e+06
5.61874e+06
4.01454e+06
3.41169e+06
3.944e+06
3.34599e+06
3.20248e+06
3.99473e+06
3.63844e+06
3.38372e+06
4.2767e+06
5.30622e+06
8.36532e+06
1.13621e+07
8.40985e+06
3.27142e+06
1.35139e+06
3.15967e+06
6.61086e+06
7.26968e+06
4.83213e+06
3.39513e+06
4.32797e+06
7.01856e+06
8.2287e+06
7.11914e+06
7.02336e+06
8.75854e+06
1.17713e+07
1.15619e+07
8.19405e+06
6.56284e+06
7.47263e+06
8.75417e+06
7.71982e+06
6.57128e+06
7.08868e+06
8.3967e+06
7.48152e+06
5.48525e+06
7.32117e+06
1.2521e+07
1.39522e+07
1.10519e+07
1.14138e+07
1.59776e+07
1.77016e+07
1.44834e+07
1.05382e+07
7.17581e+06
4.65524e+06
4.59794e+06
9.58985e+06
1.50155e+07
1.31702e+07
1.0035e+07
1.36208e+07
1.5417e+07
1.40606e+07
1.03243e+07
1.08317e+07
1.19887e+07
1.32962e+07
1.73939e+07
1.55101e+07
1.15495e+07
1.04386e+07
1.06323e+07
8.78972e+06
5.45183e+06
5.19109e+06
7.06781e+06
8.8559e+06
1.20836e+07
1.41819e+07
1.50094e+07
1.52082e+07
1.01505e+07
7.13548e+06
8.78221e+06
1.02715e+07
9.54516e+06
8.61484e+06
6.39784e+06
5.14917e+06
6.59916e+06
7.75618e+06
4.26214e+06
1.68476e+06
3.2994e+06
6.84957e+06
9.31306e+06
1.08419e+07
1.34537e+07
1.1842e+07
6.1867e+06
1.8705e+06
2.04278e+06
4.21154e+06
3.52551e+06
1.06874e+06
587293
771040
620530
1.75011e+06
2.574e+06
4.58179e+06
7.1443e+06
7.33637e+06
4.7901e+06
1.71984e+06
1.19568e+06
1.22502e+06
210504
1375
0
0
12
345
9081
108788
693624
2.18312e+06
3.19531e+06
1.80709e+06
284140
12584
305
0
0
0
0
0
0
57
1144
17232
107409
240504
94454
0
0
0
0
0
0
0
0
0
0
0
0
0
0
0
0
0
0
0
0
0
0
0
0
0
0
0
0
0
0
0
0
0
0
0
0
0
0
0
0
0
0
0
0
0
0
0
0
0
0
0
0
0
0
0
0
0
0
0
0
0
0
0
0
0
0
0
0
0
0
0
0
0
0
0
0
0
0
0
0
0
0
0
0
0
0
0
0
0
0
0
0
0
0
0
0
0
0
0
0
0
0
0
0
0
0
0
0
0
0
0
0
0
0
0
0
0
0
0
0
0
0
0
0
0
0
0
0
0
0
0
0
0
0
0
0
0
0
0
0
0
0
0
0
0
0
0
0
0
0
0
0
0
0
0
0
0
0
0
0
0
0
0
0
0
0
0
0
0
0
0
0
0
0
0
0
0
0
0
0
0
0
0
0
0
0
0
0
0
0
0
0
0
0
0
0
0
0
0
0
