815104
0
0
0
0
0
0
0
0
0
0
0
0
0
0
0
0
1695
193640
1.38062e+06
2.01253e+06
1.02214e+06
245742
31982
3178
12349
97164
394566
795584
742026
326193
75112
113458
814932
2.59254e+06
3.51423e+06
2.07828e+06
594067
252660
868013
1.70013e+06
1.45069e+06
665259
718539
2.02222e+06
3.29652e+06
2.57927e+06
1.08944e+06
660204
1.05505e+06
1.09765e+06
1.09654e+06
2.9387e+06
6.13098e+06
6.1917e+06
3.11298e+06
1.17916e+06
918850
1.00082e+06
1.92296e+06
4.10087e+06
4.97375e+06
3.54654e+06
3.017e+06
3.49159e+06
2.95736e+06
2.83096e+06
3.53573e+06
3.21664e+06
2.99203e+06
3.78509e+06
4.69012e+06
7.39552e+06
1.00588e+07
7.4361e+06
2.88963e+06
1.19279e+06
2.79212e+06
5.8538e+06
6.43281e+06
4.26894e+06
3.00333e+06
3.82464e+06
6.20955e+06
7.28128e+06
6.29152e+06
6.21275e+06
7.74335e+06
1.04171e+07
1.0228e+07
7.24374e+06
5.80512e+06
6.60537e+06
7.74706e+06
6.82373e+06
5.81472e+06
6.26851e+06
7.43061e+06
6.6157e+06
4.84434e+06
6.47285e+06
1.10807e+07
1.23484e+07
9.76831e+06
1.00856e+07
1.41361e+07
1.56643e+07
1.28078e+07
9.31966e+06
6.34696e+06
4.11465e+06
4.06116e+06
8.47927e+06
1.32939e+07
1.16455e+07
8.86634e+06
1.2046e+07
1.36419e+07
1.24356e+07
9.12919e+06
9.58479e+06
1.06019e+07
1.17521e+07
1.53868e+07
1.37236e+07
1.02133e+07
9.23084e+06
9.40798e+06
7.77056e+06
4.82067e+06
4.58952e+06
6.24996e+06
7.83181e+06
1.06886e+07
1.25484e+07
1.32696e+07
1.34586e+07
8.97651e+06
6.30378e+06
7.77018e+06
9.08812e+06
8.43756e+06
7.6228e+06
5.6577e+06
4.55227e+06
5.83681e+06
6.86112e+06
3.76989e+06
1.48755e+06
2.91473e+06
6.05901e+06
8.2453e+06
9.58165e+06
1.19007e+07
1.04771e+07
5.47437e+06
1.65048e+06
1.80322e+06
3.72411e+06
3.12289e+06
945300
518770
681858
546945
1.5452e+06
2.27557e+06
4.05233e+06
6.32387e+06
6.48912e+06
4.23962e+06
1.51858e+06
1.05519e+06
1.08463e+06
187088
1245
0
0
12
296
8025
95388
609797
1.92786e+06
2.83114e+06
1.60168e+06
250549
10916
266
0
0
0
0
0
0
54
970
15110
94480
212648
84290
0
0
0
0
0
0
0
0
0
0
0
0
0
0
0
0
0
0
0
0
0
0
0
0
0
0
0
0
0
0
0
0
0
0
0
0
0
0
0
0
0
0
0
0
0
0
0
0
0
0
0
0
0
0
0
0
0
0
0
0
0
0
0
0
0
0
0
0
0
0
0
0
0
0
0
0
0
0
0
0
0
0
0
0
0
0
0
0
0
0
0
0
0
0
0
0
0
0
0
0
0
0
0
0
0
0
0
0
0
0
0
0
0
0
0
0
0
0
0
0
0
0
0
0
0
0
0
0
0
0
0
0
0
0
0
0
0
0
0
0
0
0
0
0
0
0
0
0
0
0
0
0
0
0
0
0
0
0
0
0
0
0
0
0
0
0
0
0
0
0
0
0
0
0
0
0
0
0
0
0
0
0
0
0
0
0
0
0
0
0
0
0
0
0
0
0
0
0
0
0
