1.86163e+06
0
0
0
0
0
0
0
0
0
0
0
0
0
0
0
2
3750
440699
3.15783e+06
4.58888e+06
2.34067e+06
561340
71568
6926
28202
218944
904535
1.81657e+06
1.6972e+06
744916
169191
254856
1.86018e+06
5.93448e+06
8.01174e+06
4.76392e+06
1.3505e+06
569859
1.98384e+06
3.87969e+06
3.32228e+06
1.51836e+06
1.63056e+06
4.62687e+06
7.51539e+06
5.91687e+06
2.48097e+06
1.50093e+06
2.40763e+06
2.50642e+06
2.48912e+06
6.71186e+06
1.40149e+07
1.41732e+07
7.11225e+06
2.67664e+06
2.0823e+06
2.27756e+06
4.38508e+06
9.38624e+06
1.13607e+07
8.1124e+06
6.88741e+06
7.95533e+06
6.76601e+06
6.4659e+06
8.06565e+06
7.35418e+06
6.83569e+06
8.61547e+06
1.07136e+07
1.693e+07
2.29521e+07
1.70381e+07
6.57443e+06
2.68656e+06
6.38094e+06
1.33807e+07
1.46917e+07
9.76192e+06
6.8306e+06
8.73208e+06
1.42048e+07
1.66232e+07
1.44095e+07
1.41298e+07
1.77125e+07
2.37829e+07
2.33707e+07
1.65684e+07
1.32105e+07
1.51156e+07
1.76696e+07
1.56257e+07
1.32379e+07
1.43265e+07
1.69711e+07
1.51209e+07
1.10642e+07
1.47653e+07
2.53025e+07
2.81917e+07
2.23454e+07
2.30422e+07
3.22838e+07
3.57482e+07
2.93021e+07
2.12662e+07
1.44939e+07
9.36465e+06
9.25845e+06
1.94172e+07
3.03035e+07
2.66495e+07
2.02606e+07
2.75155e+07
3.11236e+07
2.84164e+07
2.08605e+07
2.18503e+07
2.42291e+07
2.68512e+07
3.5169e+07
3.13129e+07
2.33361e+07
2.11096e+07
2.14349e+07
1.77705e+07
1.1006e+07
1.04644e+07
1.42935e+07
1.78889e+07
2.43887e+07
2.86524e+07
3.03591e+07
3.07169e+07
2.0477e+07
1.44209e+07
1.77385e+07
2.07591e+07
1.93008e+07
1.73745e+07
1.29281e+07
1.04018e+07
1.33187e+07
1.57022e+07
8.58961e+06
3.39166e+06
6.6656e+06
1.38441e+07
1.87671e+07
2.19377e+07
2.71955e+07
2.3941e+07
1.24793e+07
3.75761e+06
4.12575e+06
8.53227e+06
7.10959e+06
2.15311e+06
1.18329e+06
1.56037e+06
1.24444e+06
3.5363e+06
5.19265e+06
9.26471e+06
1.4451e+07
1.48428e+07
9.64219e+06
3.47054e+06
2.41737e+06
2.4768e+06
422569
2746
2
0
13
585
16813
213825
1.39715e+06
4.41573e+06
6.46382e+06
3.64892e+06
573168
24169
492
3
0
0
0
0
0
72
2135
33122
215888
488600
190999
0
0
0
0
0
0
0
0
0
0
0
0
0
0
0
0
0
0
0
0
0
0
0
0
0
0
0
0
0
0
0
0
0
0
0
0
0
0
0
0
0
0
0
0
0
0
0
0
0
0
0
0
0
0
0
0
0
0
0
0
0
0
0
0
0
0
0
0
0
0
0
0
0
0
0
0
0
0
0
0
0
0
0
0
0
0
0
0
0
0
0
0
0
0
0
0
0
0
0
0
0
0
0
0
0
0
0
0
0
0
0
0
0
0
0
0
0
0
0
0
0
0
0
0
0
0
0
0
0
0
0
0
0
0
0
0
0
0
0
0
0
0
0
0
0
0
0
0
0
0
0
0
0
0
0
0
0
0
0
0
0
0
0
0
0
0
0
0
0
0
0
0
0
0
0
0
0
0
0
0
0
0
0
0
0
0
0
0
0
0
0
0
0
0
0
0
0
0
0
0
