2.02342e+06
0
0
0
0
0
0
0
0
0
0
0
0
0
0
0
2
4069
478692
3.43225e+06
4.98874e+06
2.54388e+06
609530
77765
7722
30759
237508
982847
1.97565e+06
1.84437e+06
809419
183804
277098
2.02167e+06
6.45113e+06
8.70819e+06
5.17618e+06
1.46821e+06
619968
2.15681e+06
4.21553e+06
3.61193e+06
1.65016e+06
1.77243e+06
5.02851e+06
8.16825e+06
6.4322e+06
2.69545e+06
1.63069e+06
2.61767e+06
2.72537e+06
2.70582e+06
7.29602e+06
1.52312e+07
1.54033e+07
7.73142e+06
2.90978e+06
2.26279e+06
2.47541e+06
4.76626e+06
1.02039e+07
1.23466e+07
8.81884e+06
7.48549e+06
8.64471e+06
7.356e+06
7.02462e+06
8.76828e+06
7.99516e+06
7.43099e+06
9.36128e+06
1.16463e+07
1.84033e+07
2.49411e+07
1.8521e+07
7.14468e+06
2.92114e+06
6.93643e+06
1.45457e+07
1.59647e+07
1.06115e+07
7.4249e+06
9.4887e+06
1.54418e+07
1.80647e+07
1.56641e+07
1.536e+07
1.92551e+07
2.58457e+07
2.5399e+07
1.80102e+07
1.43581e+07
1.64348e+07
1.91967e+07
1.69853e+07
1.43886e+07
1.55747e+07
1.84441e+07
1.64311e+07
1.20305e+07
1.60515e+07
2.75016e+07
3.06377e+07
2.42883e+07
2.50515e+07
3.50848e+07
3.88479e+07
3.18518e+07
2.31106e+07
1.57562e+07
1.01823e+07
1.00679e+07
2.11107e+07
3.292e+07
2.89641e+07
2.2029e+07
2.99109e+07
3.38232e+07
3.08856e+07
2.26809e+07
2.3748e+07
2.6337e+07
2.91875e+07
3.82217e+07
3.40254e+07
2.53651e+07
2.29451e+07
2.32952e+07
1.9321e+07
1.19664e+07
1.13749e+07
1.55354e+07
1.94406e+07
2.65046e+07
3.11415e+07
3.30035e+07
3.33786e+07
2.22548e+07
1.56827e+07
1.92834e+07
2.25596e+07
2.09782e+07
1.88822e+07
1.40512e+07
1.13075e+07
1.44758e+07
1.70622e+07
9.33655e+06
3.68755e+06
7.24496e+06
1.50511e+07
2.03976e+07
2.38465e+07
2.95657e+07
2.60138e+07
1.35573e+07
4.08692e+06
4.48816e+06
9.27534e+06
7.71999e+06
2.34173e+06
1.28577e+06
1.69641e+06
1.35275e+06
3.84427e+06
5.64353e+06
1.00704e+07
1.57131e+07
1.61342e+07
1.04715e+07
3.77392e+06
2.62697e+06
2.69139e+06
459400
3004
2
0
13
647
18117
232446
1.51925e+06
4.80092e+06
7.02392e+06
3.96546e+06
623321
26175
537
3
0
0
0
0
0
88
2330
35897
234508
531180
207709
0
0
0
0
0
0
0
0
0
0
0
0
0
0
0
0
0
0
0
0
0
0
0
0
0
0
0
0
0
0
0
0
0
0
0
0
0
0
0
0
0
0
0
0
0
0
0
0
0
0
0
0
0
0
0
0
0
0
0
0
0
0
0
0
0
0
0
0
0
0
0
0
0
0
0
0
0
0
0
0
0
0
0
0
0
0
0
0
0
0
0
0
0
0
0
0
0
0
0
0
0
0
0
0
0
0
0
0
0
0
0
0
0
0
0
0
0
0
0
0
0
0
0
0
0
0
0
0
0
0
0
0
0
0
0
0
0
0
0
0
0
0
0
0
0
0
0
0
0
0
0
0
0
0
0
0
0
0
0
0
0
0
0
0
0
0
0
0
0
0
0
0
0
0
0
0
0
0
0
0
0
0
0
0
0
0
0
0
0
0
0
0
0
0
0
0
0
0
0
0
