1.7961e+06
0
0
0
0
0
0
0
0
0
0
0
0
0
0
0
2
3627
425160
3.04628e+06
4.42832e+06
2.25786e+06
541568
68874
6668
27002
210951
873146
1.75296e+06
1.63759e+06
718473
163103
245049
1.79433e+06
5.72645e+06
7.7318e+06
4.59536e+06
1.30225e+06
549107
1.91353e+06
3.74405e+06
3.20606e+06
1.46338e+06
1.5716e+06
4.46482e+06
7.25379e+06
5.70925e+06
2.39215e+06
1.44653e+06
2.32473e+06
2.41722e+06
2.40014e+06
6.47177e+06
1.35273e+07
1.36775e+07
6.85956e+06
2.58047e+06
2.00945e+06
2.19649e+06
4.22884e+06
9.0577e+06
1.09647e+07
7.82383e+06
6.64283e+06
7.67998e+06
6.5264e+06
6.2374e+06
7.78275e+06
7.09297e+06
6.59403e+06
8.31348e+06
1.03328e+07
1.63324e+07
2.21555e+07
1.64402e+07
6.33844e+06
2.58562e+06
6.15318e+06
1.29158e+07
1.41811e+07
9.4149e+06
6.58628e+06
8.42271e+06
1.37076e+07
1.60403e+07
1.38978e+07
1.36312e+07
1.70841e+07
2.29567e+07
2.25526e+07
1.59807e+07
1.27419e+07
1.45798e+07
1.70541e+07
1.50764e+07
1.2768e+07
1.38215e+07
1.63788e+07
1.45922e+07
1.06657e+07
1.42372e+07
2.44189e+07
2.72083e+07
2.15502e+07
2.2224e+07
3.11545e+07
3.45002e+07
2.82696e+07
2.05178e+07
1.39812e+07
9.02964e+06
8.92154e+06
1.87313e+07
2.9258e+07
2.57132e+07
1.95296e+07
2.65454e+07
3.00403e+07
2.74165e+07
2.01188e+07
2.10798e+07
2.33735e+07
2.58987e+07
3.39428e+07
3.02212e+07
2.25105e+07
2.03619e+07
2.06839e+07
1.71447e+07
1.06111e+07
1.00922e+07
1.37902e+07
1.7259e+07
2.35369e+07
2.76476e+07
2.92836e+07
2.96451e+07
1.97596e+07
1.39007e+07
1.71141e+07
2.00323e+07
1.86165e+07
1.67678e+07
1.24733e+07
1.00297e+07
1.28515e+07
1.51584e+07
8.28643e+06
3.26773e+06
6.42792e+06
1.33583e+07
1.81053e+07
2.11555e+07
2.62464e+07
2.31078e+07
1.20404e+07
3.61986e+06
3.97441e+06
8.23526e+06
6.86564e+06
2.07498e+06
1.14016e+06
1.50604e+06
1.19893e+06
3.41068e+06
5.00985e+06
8.93791e+06
1.3941e+07
1.43239e+07
9.30798e+06
3.34462e+06
2.33123e+06
2.3912e+06
407818
2639
2
0
13
555
16214
205764
1.34631e+06
4.25984e+06
6.23856e+06
3.52127e+06
552787
23076
471
3
0
0
0
0
0
72
2030
31899
207982
471776
184289
0
0
0
0
0
0
0
0
0
0
0
0
0
0
0
0
0
0
0
0
0
0
0
0
0
0
0
0
0
0
0
0
0
0
0
0
0
0
0
0
0
0
0
0
0
0
0
0
0
0
0
0
0
0
0
0
0
0
0
0
0
0
0
0
0
0
0
0
0
0
0
0
0
0
0
0
0
0
0
0
0
0
0
0
0
0
0
0
0
0
0
0
0
0
0
0
0
0
0
0
0
0
0
0
0
0
0
0
0
0
0
0
0
0
0
0
0
0
0
0
0
0
0
0
0
0
0
0
0
0
0
0
0
0
0
0
0
0
0
0
0
0
0
0
0
0
0
0
0
0
0
0
0
0
0
0
0
0
0
0
0
0
0
0
0
0
0
0
0
0
0
0
0
0
0
0
0
0
0
0
0
0
0
0
0
0
0
0
0
0
0
0
0
0
0
0
0
0
0
0
