819200
0
0
0
0
0
0
0
0
0
0
0
0
0
0
0
0
1707
194642
1.38756e+06
2.02262e+06
1.02724e+06
246973
32177
3192
12410
97644
396603
799513
745796
327826
75472
113983
819078
2.60563e+06
3.53196e+06
2.08856e+06
597065
253899
872395
1.7088e+06
1.45792e+06
668548
722124
2.03251e+06
3.31297e+06
2.5923e+06
1.09488e+06
663538
1.06036e+06
1.10316e+06
1.10196e+06
2.9536e+06
6.16182e+06
6.22278e+06
3.12863e+06
1.18502e+06
923434
1.00592e+06
1.93252e+06
4.12165e+06
4.9987e+06
3.56447e+06
3.03208e+06
3.50913e+06
2.97214e+06
2.84527e+06
3.55344e+06
3.23272e+06
3.00712e+06
3.80402e+06
4.71384e+06
7.43272e+06
1.01093e+07
7.47357e+06
2.90401e+06
1.19867e+06
2.8062e+06
5.88355e+06
6.46483e+06
4.29046e+06
3.01837e+06
3.8439e+06
6.24082e+06
7.31771e+06
6.32337e+06
6.24365e+06
7.78228e+06
1.04696e+07
1.02794e+07
7.28012e+06
5.83464e+06
6.63838e+06
7.78558e+06
6.85826e+06
5.84388e+06
6.30007e+06
7.46821e+06
6.64877e+06
4.86869e+06
6.5052e+06
1.11364e+07
1.24104e+07
9.81731e+06
1.01366e+07
1.42067e+07
1.57436e+07
1.28721e+07
9.36647e+06
6.37848e+06
4.13574e+06
4.08157e+06
8.52218e+06
1.336e+07
1.17039e+07
8.91107e+06
1.21068e+07
1.37102e+07
1.24983e+07
9.17535e+06
9.63231e+06
1.06551e+07
1.18116e+07
1.54641e+07
1.37927e+07
1.02645e+07
9.27749e+06
9.4548e+06
7.80978e+06
4.84482e+06
4.6128e+06
6.28154e+06
7.87151e+06
1.07417e+07
1.26114e+07
1.33367e+07
1.35258e+07
9.02165e+06
6.33566e+06
7.80917e+06
9.1334e+06
8.48027e+06
7.66146e+06
5.6859e+06
4.5752e+06
5.86608e+06
6.89572e+06
3.78856e+06
1.49509e+06
2.92963e+06
6.08944e+06
8.28658e+06
9.63004e+06
1.19603e+07
1.053e+07
5.50138e+06
1.65903e+06
1.8125e+06
3.743e+06
3.1381e+06
950137
521369
685267
549828
1.55301e+06
2.28697e+06
4.07274e+06
6.35516e+06
6.52203e+06
4.2609e+06
1.52631e+06
1.06057e+06
1.09002e+06
187900
1247
0
0
12
296
8078
95853
612965
1.9375e+06
2.84542e+06
1.60962e+06
251811
10978
266
0
0
0
0
0
0
54
976
15191
94956
213729
84694
0
0
0
0
0
0
0
0
0
0
0
0
0
0
0
0
0
0
0
0
0
0
0
0
0
0
0
0
0
0
0
0
0
0
0
0
0
0
0
0
0
0
0
0
0
0
0
0
0
0
0
0
0
0
0
0
0
0
0
0
0
0
0
0
0
0
0
0
0
0
0
0
0
0
0
0
0
0
0
0
0
0
0
0
0
0
0
0
0
0
0
0
0
0
0
0
0
0
0
0
0
0
0
0
0
0
0
0
0
0
0
0
0
0
0
0
0
0
0
0
0
0
0
0
0
0
0
0
0
0
0
0
0
0
0
0
0
0
0
0
0
0
0
0
0
0
0
0
0
0
0
0
0
0
0
0
0
0
0
0
0
0
0
0
0
0
0
0
0
0
0
0
0
0
0
0
0
0
0
0
0
0
0
0
0
0
0
0
0
0
0
0
0
0
0
0
0
0
0
0
