1.37626e+06
0
0
0
0
0
0
0
0
0
0
0
0
0
0
0
0
2842
326015
2.33326e+06
3.39506e+06
1.72886e+06
414719
52996
5234
20763
161662
667828
1.34488e+06
1.25478e+06
549637
125344
187545
1.37382e+06
4.3866e+06
5.9301e+06
3.51799e+06
997611
420596
1.46624e+06
2.87031e+06
2.45669e+06
1.11937e+06
1.20412e+06
3.41689e+06
5.56871e+06
4.37121e+06
1.83123e+06
1.10768e+06
1.7823e+06
1.85311e+06
1.83872e+06
4.95757e+06
1.0368e+07
1.0479e+07
5.25412e+06
1.97542e+06
1.54244e+06
1.68586e+06
3.23816e+06
6.93747e+06
8.40735e+06
5.98958e+06
5.08949e+06
5.89319e+06
4.9982e+06
4.77442e+06
5.96852e+06
5.43256e+06
5.05197e+06
6.37449e+06
7.90527e+06
1.25091e+07
1.69997e+07
1.25955e+07
4.85036e+06
1.98174e+06
4.71023e+06
9.89648e+06
1.08719e+07
7.2139e+06
5.04699e+06
6.45042e+06
1.05051e+07
1.22935e+07
1.06378e+07
1.04528e+07
1.30878e+07
1.75947e+07
1.72861e+07
1.22356e+07
9.76513e+06
1.11677e+07
1.3082e+07
1.15442e+07
9.78303e+06
1.05868e+07
1.25561e+07
1.11874e+07
8.16332e+06
1.09014e+07
1.87196e+07
2.08622e+07
1.64948e+07
1.7017e+07
2.38788e+07
2.64596e+07
2.16507e+07
1.57204e+07
1.07153e+07
6.92418e+06
6.81675e+06
1.43365e+07
2.24622e+07
1.9703e+07
1.49317e+07
2.03456e+07
2.30371e+07
2.10055e+07
1.54014e+07
1.61529e+07
1.79026e+07
1.98356e+07
2.60172e+07
2.31777e+07
1.72454e+07
1.5593e+07
1.58633e+07
1.31304e+07
8.122e+06
7.72853e+06
1.05598e+07
1.32263e+07
1.8059e+07
2.1189e+07
2.24224e+07
2.27242e+07
1.51444e+07
1.064e+07
1.31129e+07
1.5353e+07
1.42506e+07
1.28586e+07
9.56129e+06
7.67491e+06
9.85221e+06
1.16257e+07
6.35366e+06
2.49796e+06
4.91969e+06
1.02377e+07
1.38789e+07
1.61882e+07
2.0116e+07
1.77179e+07
9.2337e+06
2.76945e+06
3.03451e+06
6.31145e+06
5.27295e+06
1.58809e+06
871652
1.1552e+06
916625
2.61182e+06
3.84336e+06
6.84487e+06
1.06725e+07
1.09776e+07
7.14216e+06
2.56188e+06
1.78381e+06
1.83643e+06
313463
2025
2
0
12
427
12640
158176
1.02978e+06
3.26323e+06
4.77989e+06
2.70068e+06
422847
18226
399
0
0
0
0
0
0
61
1605
24894
159342
360959
141267
0
0
0
0
0
0
0
0
0
0
0
0
0
0
0
0
0
0
0
0
0
0
0
0
0
0
0
0
0
0
0
0
0
0
0
0
0
0
0
0
0
0
0
0
0
0
0
0
0
0
0
0
0
0
0
0
0
0
0
0
0
0
0
0
0
0
0
0
0
0
0
0
0
0
0
0
0
0
0
0
0
0
0
0
0
0
0
0
0
0
0
0
0
0
0
0
0
0
0
0
0
0
0
0
0
0
0
0
0
0
0
0
0
0
0
0
0
0
0
0
0
0
0
0
0
0
0
0
0
0
0
0
0
0
0
0
0
0
0
0
0
0
0
0
0
0
0
0
0
0
0
0
0
0
0
0
0
0
0
0
0
0
0
0
0
0
0
0
0
0
0
0
0
0
0
0
0
0
0
0
0
0
0
0
0
0
0
0
0
0
0
0
0
0
0
0
0
0
0
0
