1.70394e+06
0
0
0
0
0
0
0
0
0
0
0
0
0
0
0
2
3465
403249
2.89027e+06
4.2008e+06
2.14191e+06
513835
65434
6351
25681
200529
828225
1.66274e+06
1.55296e+06
681824
155093
232773
1.70211e+06
5.4329e+06
7.33422e+06
4.35864e+06
1.23642e+06
521292
1.81611e+06
3.55108e+06
3.04123e+06
1.38863e+06
1.49225e+06
4.23393e+06
6.88294e+06
5.41403e+06
2.27006e+06
1.37308e+06
2.20542e+06
2.29352e+06
2.27793e+06
6.14028e+06
1.28319e+07
1.29731e+07
6.50753e+06
2.44961e+06
1.90707e+06
2.0843e+06
4.01252e+06
8.59333e+06
1.0401e+07
7.41987e+06
6.30288e+06
7.28822e+06
6.18959e+06
5.91772e+06
7.38493e+06
6.7273e+06
6.25591e+06
7.88836e+06
9.8014e+06
1.54947e+07
2.10192e+07
1.55912e+07
6.01492e+06
2.45808e+06
5.83892e+06
1.22513e+07
1.34473e+07
8.93196e+06
6.25329e+06
7.99252e+06
1.30032e+07
1.52141e+07
1.3183e+07
1.29359e+07
1.62112e+07
2.1775e+07
2.13903e+07
1.51615e+07
1.20888e+07
1.3831e+07
1.61834e+07
1.43013e+07
1.21148e+07
1.31114e+07
1.55375e+07
1.38414e+07
1.0121e+07
1.35123e+07
2.31621e+07
2.58051e+07
2.04482e+07
2.10881e+07
2.95512e+07
3.27296e+07
2.68154e+07
1.94692e+07
1.32624e+07
8.56808e+06
8.46451e+06
1.77711e+07
2.77593e+07
2.43928e+07
1.85287e+07
2.51854e+07
2.84959e+07
2.60045e+07
1.9086e+07
2.0003e+07
2.21765e+07
2.45718e+07
3.21945e+07
2.86698e+07
2.13538e+07
1.93185e+07
1.96269e+07
1.62607e+07
1.00677e+07
9.57814e+06
1.30805e+07
1.63731e+07
2.23298e+07
2.62263e+07
2.77818e+07
2.81259e+07
1.87443e+07
1.31865e+07
1.62343e+07
1.9008e+07
1.76599e+07
1.59103e+07
1.18305e+07
9.51399e+06
1.21932e+07
1.43799e+07
7.86306e+06
3.09899e+06
6.09748e+06
1.26712e+07
1.71806e+07
2.00669e+07
2.4897e+07
2.19256e+07
1.14238e+07
3.43313e+06
3.76829e+06
7.81095e+06
6.51758e+06
1.96831e+06
1.08169e+06
1.42848e+06
1.13796e+06
3.2344e+06
4.75342e+06
8.47868e+06
1.32231e+07
1.35889e+07
8.83401e+06
3.17197e+06
2.21054e+06
2.26958e+06
387130
2496
2
0
12
525
15439
195417
1.27697e+06
4.0405e+06
5.91938e+06
3.34059e+06
524199
21948
441
3
0
0
0
0
0
69
1942
30412
197050
447475
175020
0
0
0
0
0
0
0
0
0
0
0
0
0
0
0
0
0
0
0
0
0
0
0
0
0
0
0
0
0
0
0
0
0
0
0
0
0
0
0
0
0
0
0
0
0
0
0
0
0
0
0
0
0
0
0
0
0
0
0
0
0
0
0
0
0
0
0
0
0
0
0
0
0
0
0
0
0
0
0
0
0
0
0
0
0
0
0
0
0
0
0
0
0
0
0
0
0
0
0
0
0
0
0
0
0
0
0
0
0
0
0
0
0
0
0
0
0
0
0
0
0
0
0
0
0
0
0
0
0
0
0
0
0
0
0
0
0
0
0
0
0
0
0
0
0
0
0
0
0
0
0
0
0
0
0
0
0
0
0
0
0
0
0
0
0
0
0
0
0
0
0
0
0
0
0
0
0
0
0
0
0
0
0
0
0
0
0
0
0
0
0
0
0
0
0
0
0
0
0
0
