663552
0
0
0
0
0
0
0
0
0
0
0
0
0
0
0
0
1366
157935
1.12267e+06
1.63979e+06
831454
200258
25945
2640
9923
78923
321331
648177
604180
264762
61446
92763
664568
2.10742e+06
2.86339e+06
1.68936e+06
484467
206575
705777
1.38493e+06
1.18088e+06
540998
584030
1.64283e+06
2.69164e+06
2.09918e+06
884696
536732
857788
895971
891245
2.38912e+06
4.99402e+06
5.04565e+06
2.52906e+06
958687
749862
815318
1.56195e+06
3.33752e+06
4.05793e+06
2.88152e+06
2.45316e+06
2.84731e+06
2.4056e+06
2.30161e+06
2.88422e+06
2.61741e+06
2.42981e+06
3.08816e+06
3.8164e+06
6.01532e+06
8.19822e+06
6.05138e+06
2.3478e+06
970715
2.26857e+06
4.7687e+06
5.24588e+06
3.47095e+06
2.44253e+06
3.10783e+06
5.05765e+06
5.93547e+06
5.11594e+06
5.06076e+06
6.29492e+06
8.4861e+06
8.33583e+06
5.8877e+06
4.7283e+06
5.37016e+06
6.31519e+06
5.54857e+06
4.73951e+06
5.09264e+06
6.05566e+06
5.39163e+06
3.93947e+06
5.26196e+06
9.03024e+06
1.00561e+07
7.94453e+06
8.2025e+06
1.15145e+07
1.27587e+07
1.04216e+07
7.58894e+06
5.1658e+06
3.35029e+06
3.30044e+06
6.89102e+06
1.0849e+07
9.47561e+06
7.20629e+06
9.80117e+06
1.11197e+07
1.0119e+07
7.43242e+06
7.80472e+06
8.62862e+06
9.55937e+06
1.25272e+07
1.11848e+07
8.3081e+06
7.50877e+06
7.66875e+06
6.32403e+06
3.91884e+06
3.7327e+06
5.08523e+06
6.37383e+06
8.71291e+06
1.02164e+07
1.0792e+07
1.097e+07
7.30523e+06
5.12458e+06
6.33127e+06
7.40003e+06
6.86032e+06
6.20854e+06
4.60466e+06
3.70765e+06
4.75156e+06
5.58458e+06
3.07165e+06
1.20668e+06
2.36959e+06
4.93325e+06
6.72378e+06
7.78651e+06
9.69214e+06
8.53463e+06
4.45922e+06
1.33892e+06
1.46423e+06
3.03146e+06
2.54818e+06
767277
421464
555234
443854
1.25534e+06
1.85354e+06
3.29718e+06
5.15377e+06
5.27986e+06
3.45741e+06
1.23273e+06
856543
884636
153425
1061
0
0
12
263
6387
76749
493425
1.56697e+06
2.31e+06
1.30637e+06
202810
8763
214
0
0
0
0
0
0
37
750
12121
75898
173071
69899
0
0
0
0
0
0
0
0
0
0
0
0
0
0
0
0
0
0
0
0
0
0
0
0
0
0
0
0
0
0
0
0
0
0
0
0
0
0
0
0
0
0
0
0
0
0
0
0
0
0
0
0
0
0
0
0
0
0
0
0
0
0
0
0
0
0
0
0
0
0
0
0
0
0
0
0
0
0
0
0
0
0
0
0
0
0
0
0
0
0
0
0
0
0
0
0
0
0
0
0
0
0
0
0
0
0
0
0
0
0
0
0
0
0
0
0
0
0
0
0
0
0
0
0
0
0
0
0
0
0
0
0
0
0
0
0
0
0
0
0
0
0
0
0
0
0
0
0
0
0
0
0
0
0
0
0
0
0
0
0
0
0
0
0
0
0
0
0
0
0
0
0
0
0
0
0
0
0
0
0
0
0
0
0
0
0
0
0
0
0
0
0
0
0
0
0
0
0
0
0
