1.10387e+06
0
0
0
0
0
0
0
0
0
0
0
0
0
0
0
0
2283
261594
1.87184e+06
2.72278e+06
1.38541e+06
333289
42983
4232
16998
130715
535857
1.07611e+06
1.00566e+06
441550
101507
152230
1.104e+06
3.51576e+06
4.75343e+06
2.81848e+06
803844
340134
1.17659e+06
2.30056e+06
1.96757e+06
900729
971445
2.74156e+06
4.458e+06
3.49795e+06
1.4762e+06
893314
1.42745e+06
1.48529e+06
1.48218e+06
3.98331e+06
8.30302e+06
8.38913e+06
4.21911e+06
1.59328e+06
1.24052e+06
1.35412e+06
2.60432e+06
5.5558e+06
6.73344e+06
4.80975e+06
4.0858e+06
4.72298e+06
4.01023e+06
3.83338e+06
4.7825e+06
4.3594e+06
4.05413e+06
5.1152e+06
6.3495e+06
1.00284e+07
1.36182e+07
1.00861e+07
3.90822e+06
1.60636e+06
3.78222e+06
7.92463e+06
8.70943e+06
5.79056e+06
4.05887e+06
5.18116e+06
8.41324e+06
9.85544e+06
8.53311e+06
8.39744e+06
1.04989e+07
1.41031e+07
1.38504e+07
9.81858e+06
7.84644e+06
8.95456e+06
1.04895e+07
9.25314e+06
7.8591e+06
8.49119e+06
1.00632e+07
8.96367e+06
6.56312e+06
8.7614e+06
1.49985e+07
1.67204e+07
1.32416e+07
1.36632e+07
1.91374e+07
2.12103e+07
1.73577e+07
1.26169e+07
8.59352e+06
5.56685e+06
5.49543e+06
1.14902e+07
1.7994e+07
1.57884e+07
1.20071e+07
1.63127e+07
1.84683e+07
1.68466e+07
1.23604e+07
1.29683e+07
1.43605e+07
1.59226e+07
2.0844e+07
1.85768e+07
1.38383e+07
1.2506e+07
1.27272e+07
1.05317e+07
6.5259e+06
6.20887e+06
8.46477e+06
1.06089e+07
1.44755e+07
1.69894e+07
1.79885e+07
1.8218e+07
1.21494e+07
8.54318e+06
1.05193e+07
1.23065e+07
1.14337e+07
1.03163e+07
7.66406e+06
6.16342e+06
7.90429e+06
9.30249e+06
5.10208e+06
2.0128e+06
3.94801e+06
8.20625e+06
1.11448e+07
1.29896e+07
1.61215e+07
1.41958e+07
7.40827e+06
2.23165e+06
2.4422e+06
5.05257e+06
4.22362e+06
1.27834e+06
701888
924442
741070
2.0966e+06
3.08089e+06
5.48916e+06
8.55797e+06
8.79484e+06
5.73362e+06
2.0579e+06
1.43161e+06
1.46987e+06
251743
1623
2
0
12
375
10617
128666
828969
2.61679e+06
3.83071e+06
2.16357e+06
339806
14973
358
0
0
0
0
0
0
61
1379
20508
128270
288525
113193
0
0
0
0
0
0
0
0
0
0
0
0
0
0
0
0
0
0
0
0
0
0
0
0
0
0
0
0
0
0
0
0
0
0
0
0
0
0
0
0
0
0
0
0
0
0
0
0
0
0
0
0
0
0
0
0
0
0
0
0
0
0
0
0
0
0
0
0
0
0
0
0
0
0
0
0
0
0
0
0
0
0
0
0
0
0
0
0
0
0
0
0
0
0
0
0
0
0
0
0
0
0
0
0
0
0
0
0
0
0
0
0
0
0
0
0
0
0
0
0
0
0
0
0
0
0
0
0
0
0
0
0
0
0
0
0
0
0
0
0
0
0
0
0
0
0
0
0
0
0
0
0
0
0
0
0
0
0
0
0
0
0
0
0
0
0
0
0
0
0
0
0
0
0
0
0
0
0
0
0
0
0
0
0
0
0
0
0
0
0
0
0
0
0
0
0
0
0
0
0
