364544
0
0
0
0
0
0
0
0
0
0
0
0
0
0
0
0
774
87198
614673
903801
454681
110707
14350
1528
5402
44003
175129
356609
332465
145530
33543
52269
367215
1.15293e+06
1.57435e+06
924584
268632
114873
386003
764933
646424
296890
321348
897478
1.48776e+06
1.14945e+06
486122
294176
470776
493091
492418
1.30954e+06
2.74575e+06
2.76833e+06
1.38537e+06
530056
414544
449229
856624
1.82852e+06
2.24011e+06
1.57686e+06
1.34296e+06
1.57244e+06
1.31827e+06
1.26025e+06
1.59166e+06
1.43469e+06
1.33091e+06
1.70753e+06
2.09755e+06
3.2899e+06
4.52096e+06
3.30768e+06
1.2909e+06
540341
1.24426e+06
2.62216e+06
2.88651e+06
1.89824e+06
1.34619e+06
1.70447e+06
2.77665e+06
3.2702e+06
2.79907e+06
2.79294e+06
3.444e+06
4.67168e+06
4.58028e+06
3.22716e+06
2.6107e+06
2.93455e+06
3.4838e+06
3.03361e+06
2.61422e+06
2.795e+06
3.32784e+06
2.95881e+06
2.16777e+06
2.88819e+06
4.96294e+06
5.5334e+06
4.35683e+06
4.49735e+06
6.32858e+06
7.02043e+06
5.71459e+06
4.17032e+06
2.83927e+06
1.84526e+06
1.81621e+06
3.77473e+06
5.98106e+06
5.1875e+06
3.95838e+06
5.3775e+06
6.12204e+06
5.55219e+06
4.08476e+06
4.30253e+06
4.73204e+06
5.24878e+06
6.87336e+06
6.16193e+06
4.55642e+06
4.11837e+06
4.22148e+06
3.46638e+06
2.15628e+06
2.05874e+06
2.79066e+06
3.49975e+06
4.79256e+06
5.60594e+06
5.92012e+06
6.04026e+06
4.01871e+06
2.80404e+06
3.48148e+06
4.0657e+06
3.76307e+06
3.42094e+06
2.52448e+06
2.03887e+06
2.61393e+06
3.05719e+06
1.68878e+06
664319
1.29925e+06
2.70633e+06
3.72489e+06
4.25775e+06
5.31874e+06
4.68674e+06
2.45666e+06
737431
806565
1.65539e+06
1.40633e+06
419985
231757
305508
247095
686197
1.01501e+06
1.80923e+06
2.83269e+06
2.89729e+06
1.91101e+06
674127
468497
485427
85292
574
0
0
3
135
3772
42252
270642
856226
1.27266e+06
718913
111381
4811
106
0
0
0
0
0
0
15
462
6555
41268
94503
39469
0
0
0
0
0
0
0
0
0
0
0
0
0
0
0
0
0
0
0
0
0
0
0
0
0
0
0
0
0
0
0
0
0
0
0
0
0
0
0
0
0
0
0
0
0
0
0
0
0
0
0
0
0
0
0
0
0
0
0
0
0
0
0
0
0
0
0
0
0
0
0
0
0
0
0
0
0
0
0
0
0
0
0
0
0
0
0
0
0
0
0
0
0
0
0
0
0
0
0
0
0
0
0
0
0
0
0
0
0
0
0
0
0
0
0
0
0
0
0
0
0
0
0
0
0
0
0
0
0
0
0
0
0
0
0
0
0
0
0
0
0
0
0
0
0
0
0
0
0
0
0
0
0
0
0
0
0
0
0
0
0
0
0
0
0
0
0
0
0
0
0
0
0
0
0
0
0
0
0
0
0
0
0
0
0
0
0
0
0
0
0
0
0
0
0
0
0
0
0
0
