761856
0
0
0
0
0
0
0
0
0
0
0
0
0
0
0
0
1571
181302
1.28965e+06
1.88145e+06
955615
229752
29660
3023
11533
90713
368493
744383
693258
304672
70317
105984
762173
2.42155e+06
3.28675e+06
1.94184e+06
554884
236415
810375
1.59016e+06
1.35599e+06
621552
671293
1.88888e+06
3.0832e+06
2.41111e+06
1.0175e+06
616238
986364
1.0272e+06
1.02387e+06
2.74428e+06
5.73268e+06
5.79115e+06
2.90673e+06
1.1013e+06
859243
935489
1.79553e+06
3.83257e+06
4.65302e+06
3.31306e+06
2.81795e+06
3.26599e+06
2.76242e+06
2.64483e+06
3.30887e+06
3.0056e+06
2.79296e+06
3.54185e+06
4.38207e+06
6.90886e+06
9.40834e+06
6.95024e+06
2.69814e+06
1.11488e+06
2.60685e+06
5.47098e+06
6.01754e+06
3.98913e+06
2.80542e+06
3.57224e+06
5.806e+06
6.80948e+06
5.8779e+06
5.80705e+06
7.23467e+06
9.73917e+06
9.56509e+06
6.76394e+06
5.42555e+06
6.17207e+06
7.24651e+06
6.37717e+06
5.43574e+06
5.85395e+06
6.94608e+06
6.18798e+06
4.52632e+06
6.04362e+06
1.03626e+07
1.1546e+07
9.1257e+06
9.42311e+06
1.32146e+07
1.46448e+07
1.19685e+07
8.71343e+06
5.93265e+06
3.84459e+06
3.79012e+06
7.92022e+06
1.24405e+07
1.08857e+07
8.27874e+06
1.12564e+07
1.27579e+07
1.16207e+07
8.53324e+06
8.95982e+06
9.90812e+06
1.09809e+07
1.43826e+07
1.28318e+07
9.54411e+06
8.62584e+06
8.79821e+06
7.26288e+06
4.50099e+06
4.28714e+06
5.83903e+06
7.31776e+06
9.99958e+06
1.17311e+07
1.2397e+07
1.25853e+07
8.38923e+06
5.88715e+06
7.26526e+06
8.49603e+06
7.88235e+06
7.12532e+06
5.28844e+06
4.25408e+06
5.45602e+06
6.41594e+06
3.52334e+06
1.38709e+06
2.72264e+06
5.66384e+06
7.70992e+06
8.94835e+06
1.11285e+07
9.79664e+06
5.11755e+06
1.53966e+06
1.68178e+06
3.48198e+06
2.92309e+06
881910
483994
637721
509754
1.44322e+06
2.12729e+06
3.78699e+06
5.91369e+06
6.06359e+06
3.96624e+06
1.41758e+06
984789
1.01505e+06
175624
1183
0
0
12
286
7439
88472
568194
1.80051e+06
2.64906e+06
1.49851e+06
233773
10191
263
0
0
0
0
0
0
54
886
14014
87976
198773
79225
0
0
0
0
0
0
0
0
0
0
0
0
0
0
0
0
0
0
0
0
0
0
0
0
0
0
0
0
0
0
0
0
0
0
0
0
0
0
0
0
0
0
0
0
0
0
0
0
0
0
0
0
0
0
0
0
0
0
0
0
0
0
0
0
0
0
0
0
0
0
0
0
0
0
0
0
0
0
0
0
0
0
0
0
0
0
0
0
0
0
0
0
0
0
0
0
0
0
0
0
0
0
0
0
0
0
0
0
0
0
0
0
0
0
0
0
0
0
0
0
0
0
0
0
0
0
0
0
0
0
0
0
0
0
0
0
0
0
0
0
0
0
0
0
0
0
0
0
0
0
0
0
0
0
0
0
0
0
0
0
0
0
0
0
0
0
0
0
0
0
0
0
0
0
0
0
0
0
0
0
0
0
0
0
0
0
0
0
0
0
0
0
0
0
0
0
0
0
0
0
