1.9456e+06
0
0
0
0
0
0
0
0
0
0
0
0
0
0
0
2
3903
460319
3.30052e+06
4.79637e+06
2.44576e+06
586535
74889
7336
29536
228477
945142
1.89936e+06
1.77362e+06
778153
176775
266638
1.94389e+06
6.20254e+06
8.37249e+06
4.97886e+06
1.41128e+06
595631
2.07359e+06
4.0547e+06
3.47252e+06
1.58673e+06
1.70358e+06
4.83552e+06
7.85423e+06
6.18446e+06
2.5917e+06
1.56841e+06
2.5172e+06
2.62005e+06
2.60162e+06
7.01355e+06
1.46478e+07
1.48127e+07
7.43224e+06
2.79713e+06
2.17672e+06
2.38002e+06
4.58212e+06
9.81128e+06
1.18728e+07
8.47806e+06
7.19849e+06
8.31366e+06
7.07066e+06
6.75493e+06
8.43258e+06
7.68764e+06
7.14306e+06
9.00419e+06
1.11962e+07
1.76956e+07
2.39841e+07
1.7806e+07
6.87069e+06
2.80922e+06
6.66892e+06
1.39857e+07
1.53527e+07
1.02016e+07
7.13923e+06
9.12341e+06
1.48501e+07
1.73719e+07
1.50592e+07
1.47687e+07
1.85129e+07
2.48526e+07
2.4424e+07
1.73141e+07
1.38087e+07
1.57993e+07
1.84634e+07
1.63295e+07
1.38349e+07
1.49773e+07
1.7734e+07
1.57983e+07
1.15661e+07
1.54342e+07
2.6447e+07
2.94602e+07
2.33538e+07
2.4084e+07
3.37377e+07
3.7354e+07
3.06263e+07
2.22241e+07
1.51503e+07
9.78758e+06
9.67908e+06
2.02965e+07
3.16626e+07
2.78494e+07
2.11763e+07
2.87611e+07
3.25253e+07
2.96953e+07
2.18052e+07
2.28393e+07
2.5324e+07
2.80615e+07
3.67532e+07
3.27186e+07
2.43896e+07
2.20622e+07
2.24006e+07
1.85754e+07
1.15054e+07
1.09373e+07
1.49377e+07
1.86933e+07
2.54868e+07
2.99454e+07
3.17304e+07
3.20997e+07
2.13989e+07
1.50755e+07
1.85411e+07
2.16934e+07
2.01705e+07
1.81577e+07
1.35107e+07
1.08712e+07
1.39206e+07
1.64049e+07
8.97749e+06
3.54591e+06
6.9663e+06
1.44708e+07
1.96171e+07
2.29271e+07
2.84245e+07
2.50154e+07
1.30385e+07
3.92981e+06
4.31363e+06
8.9168e+06
7.42625e+06
2.25162e+06
1.2366e+06
1.63122e+06
1.30057e+06
3.69489e+06
5.42702e+06
9.68211e+06
1.51062e+07
1.55156e+07
1.00719e+07
3.62744e+06
2.52637e+06
2.58748e+06
441787
2895
2
0
13
616
17455
223257
1.46007e+06
4.61529e+06
6.75469e+06
3.814e+06
599221
25265
522
3
0
0
0
0
0
79
2243
34463
225420
510906
199689
0
0
0
0
0
0
0
0
0
0
0
0
0
0
0
0
0
0
0
0
0
0
0
0
0
0
0
0
0
0
0
0
0
0
0
0
0
0
0
0
0
0
0
0
0
0
0
0
0
0
0
0
0
0
0
0
0
0
0
0
0
0
0
0
0
0
0
0
0
0
0
0
0
0
0
0
0
0
0
0
0
0
0
0
0
0
0
0
0
0
0
0
0
0
0
0
0
0
0
0
0
0
0
0
0
0
0
0
0
0
0
0
0
0
0
0
0
0
0
0
0
0
0
0
0
0
0
0
0
0
0
0
0
0
0
0
0
0
0
0
0
0
0
0
0
0
0
0
0
0
0
0
0
0
0
0
0
0
0
0
0
0
0
0
0
0
0
0
0
0
0
0
0
0
0
0
0
0
0
0
0
0
0
0
0
0
0
0
0
0
0
0
0
0
0
0
0
0
0
0
