1.8985e+06
0
0
0
0
0
0
0
0
0
0
0
0
0
0
0
2
3809
449186
3.22045e+06
4.6801e+06
2.38708e+06
572244
72934
7117
28780
223093
922400
1.85307e+06
1.73073e+06
759311
172601
260061
1.89628e+06
6.05258e+06
8.17058e+06
4.85806e+06
1.37725e+06
581134
2.02303e+06
3.95662e+06
3.38829e+06
1.54851e+06
1.66228e+06
4.71874e+06
7.66418e+06
6.03409e+06
2.52948e+06
1.53047e+06
2.45606e+06
2.55682e+06
2.53817e+06
6.8438e+06
1.42924e+07
1.44552e+07
7.25269e+06
2.7291e+06
2.12389e+06
2.32277e+06
4.47115e+06
9.57298e+06
1.15854e+07
8.27279e+06
7.02399e+06
8.11268e+06
6.89932e+06
6.59259e+06
8.22774e+06
7.50094e+06
6.96999e+06
8.78708e+06
1.0925e+07
1.7265e+07
2.34052e+07
1.73753e+07
6.70474e+06
2.74147e+06
6.50733e+06
1.36456e+07
1.49808e+07
9.95474e+06
6.96762e+06
8.90345e+06
1.44879e+07
1.69528e+07
1.46946e+07
1.44111e+07
1.80635e+07
2.42523e+07
2.38313e+07
1.68962e+07
1.34731e+07
1.54159e+07
1.80194e+07
1.59346e+07
1.34996e+07
1.4612e+07
1.73053e+07
1.54178e+07
1.12856e+07
1.50585e+07
2.5806e+07
2.87483e+07
2.27891e+07
2.34996e+07
3.29208e+07
3.64521e+07
2.98835e+07
2.16864e+07
1.47824e+07
9.55094e+06
9.44384e+06
1.98053e+07
3.08994e+07
2.7174e+07
2.06638e+07
2.80614e+07
3.17399e+07
2.89765e+07
2.12764e+07
2.22844e+07
2.47127e+07
2.7382e+07
3.58616e+07
3.19295e+07
2.37987e+07
2.153e+07
2.1857e+07
1.81237e+07
1.12273e+07
1.06725e+07
1.45755e+07
1.82416e+07
2.48712e+07
2.92196e+07
3.09615e+07
3.1323e+07
2.08819e+07
1.47094e+07
1.80903e+07
2.11696e+07
1.96827e+07
1.7717e+07
1.31843e+07
1.06088e+07
1.35824e+07
1.601e+07
8.75965e+06
3.46006e+06
6.79779e+06
1.41182e+07
1.91418e+07
2.23717e+07
2.77353e+07
2.44119e+07
1.27242e+07
3.8343e+06
4.20868e+06
8.70036e+06
7.24788e+06
2.1968e+06
1.20672e+06
1.59179e+06
1.26908e+06
3.60556e+06
5.29641e+06
9.44789e+06
1.47379e+07
1.51381e+07
9.83079e+06
3.53995e+06
2.46489e+06
2.52546e+06
431021
2835
2
0
13
604
17095
217991
1.42524e+06
4.50317e+06
6.59087e+06
3.72144e+06
584841
24700
504
3
0
0
0
0
0
72
2178
33774
220080
498461
194683
0
0
0
0
0
0
0
0
0
0
0
0
0
0
0
0
0
0
0
0
0
0
0
0
0
0
0
0
0
0
0
0
0
0
0
0
0
0
0
0
0
0
0
0
0
0
0
0
0
0
0
0
0
0
0
0
0
0
0
0
0
0
0
0
0
0
0
0
0
0
0
0
0
0
0
0
0
0
0
0
0
0
0
0
0
0
0
0
0
0
0
0
0
0
0
0
0
0
0
0
0
0
0
0
0
0
0
0
0
0
0
0
0
0
0
0
0
0
0
0
0
0
0
0
0
0
0
0
0
0
0
0
0
0
0
0
0
0
0
0
0
0
0
0
0
0
0
0
0
0
0
0
0
0
0
0
0
0
0
0
0
0
0
0
0
0
0
0
0
0
0
0
0
0
0
0
0
0
0
0
0
0
0
0
0
0
0
0
0
0
0
0
0
0
0
0
0
0
0
0
