1.02605e+06
0
0
0
0
0
0
0
0
0
0
0
0
0
0
0
0
2136
243254
1.73946e+06
2.53109e+06
1.28775e+06
309637
40177
3901
15833
121848
497311
1.0006e+06
934574
410659
94250
142241
1.02585e+06
3.26712e+06
4.41941e+06
2.61804e+06
747647
317084
1.09305e+06
2.13908e+06
1.82814e+06
837666
904185
2.54691e+06
4.14322e+06
3.25092e+06
1.37222e+06
831463
1.32672e+06
1.38017e+06
1.3798e+06
3.70298e+06
7.71638e+06
7.79299e+06
3.92246e+06
1.48285e+06
1.15393e+06
1.26007e+06
2.42235e+06
5.16076e+06
6.25771e+06
4.47143e+06
3.79814e+06
4.38825e+06
3.72908e+06
3.56397e+06
4.44488e+06
4.05205e+06
3.76753e+06
4.75681e+06
5.90648e+06
9.31717e+06
1.26527e+07
9.3699e+06
3.63881e+06
1.49757e+06
3.51717e+06
7.36263e+06
8.09299e+06
5.38246e+06
3.77507e+06
4.81911e+06
7.81509e+06
9.16154e+06
7.93135e+06
7.80955e+06
9.75619e+06
1.31075e+07
1.28722e+07
9.12593e+06
7.29825e+06
8.32136e+06
9.74811e+06
8.5992e+06
7.30886e+06
7.89407e+06
9.34914e+06
8.33096e+06
6.10469e+06
8.14833e+06
1.39375e+07
1.55375e+07
1.23086e+07
1.27059e+07
1.77848e+07
1.97091e+07
1.61329e+07
1.17316e+07
7.98581e+06
5.17861e+06
5.11427e+06
1.06788e+07
1.67189e+07
1.46714e+07
1.11683e+07
1.51619e+07
1.71644e+07
1.56556e+07
1.14924e+07
1.20589e+07
1.33459e+07
1.48042e+07
1.93673e+07
1.72641e+07
1.28639e+07
1.16241e+07
1.18327e+07
9.78659e+06
6.06935e+06
5.77376e+06
7.86767e+06
9.86161e+06
1.34515e+07
1.57908e+07
1.67177e+07
1.69318e+07
1.12983e+07
7.9415e+06
9.7777e+06
1.14371e+07
1.06268e+07
9.58915e+06
7.12466e+06
5.73032e+06
7.34675e+06
8.6419e+06
4.74396e+06
1.87307e+06
3.6716e+06
7.62581e+06
1.03642e+07
1.2074e+07
1.49793e+07
1.31885e+07
6.88871e+06
2.07814e+06
2.2737e+06
4.69179e+06
3.92473e+06
1.18963e+06
652744
858992
690209
1.94928e+06
2.86475e+06
5.10081e+06
7.95453e+06
8.17204e+06
5.33021e+06
1.9133e+06
1.33232e+06
1.3641e+06
234101
1519
0
0
12
359
10005
120447
771978
2.43151e+06
3.55845e+06
2.01154e+06
315824
13982
330
0
0
0
0
0
0
57
1284
19146
119407
268144
104986
0
0
0
0
0
0
0
0
0
0
0
0
0
0
0
0
0
0
0
0
0
0
0
0
0
0
0
0
0
0
0
0
0
0
0
0
0
0
0
0
0
0
0
0
0
0
0
0
0
0
0
0
0
0
0
0
0
0
0
0
0
0
0
0
0
0
0
0
0
0
0
0
0
0
0
0
0
0
0
0
0
0
0
0
0
0
0
0
0
0
0
0
0
0
0
0
0
0
0
0
0
0
0
0
0
0
0
0
0
0
0
0
0
0
0
0
0
0
0
0
0
0
0
0
0
0
0
0
0
0
0
0
0
0
0
0
0
0
0
0
0
0
0
0
0
0
0
0
0
0
0
0
0
0
0
0
0
0
0
0
0
0
0
0
0
0
0
0
0
0
0
0
0
0
0
0
0
0
0
0
0
0
0
0
0
0
0
0
0
0
0
0
0
0
0
0
0
0
0
0
