1.03629e+06
0
0
0
0
0
0
0
0
0
0
0
0
0
0
0
0
2148
245772
1.75666e+06
2.5566e+06
1.30042e+06
312759
40544
3948
15970
123097
502368
1.01043e+06
944028
414692
95189
143596
1.03621e+06
3.29972e+06
4.46322e+06
2.64467e+06
754893
320275
1.10379e+06
2.16069e+06
1.8462e+06
846032
913094
2.57206e+06
4.18493e+06
3.28364e+06
1.38589e+06
839538
1.33985e+06
1.39406e+06
1.39349e+06
3.74018e+06
7.79298e+06
7.8711e+06
3.96167e+06
1.4976e+06
1.16548e+06
1.27233e+06
2.44641e+06
5.2124e+06
6.32044e+06
4.51612e+06
3.8358e+06
4.43197e+06
3.76663e+06
3.59967e+06
4.48879e+06
4.09257e+06
3.80541e+06
4.80377e+06
5.96495e+06
9.41082e+06
1.27793e+07
9.46393e+06
3.67461e+06
1.51218e+06
3.55206e+06
7.43592e+06
8.17454e+06
5.43617e+06
3.8126e+06
4.86704e+06
7.89315e+06
9.25238e+06
8.01087e+06
7.8873e+06
9.85397e+06
1.32381e+07
1.3001e+07
9.21684e+06
7.3712e+06
8.40395e+06
9.8454e+06
8.68564e+06
7.38128e+06
7.9724e+06
9.44321e+06
8.41416e+06
6.16564e+06
8.22954e+06
1.40763e+07
1.56923e+07
1.24316e+07
1.2833e+07
1.79629e+07
1.9905e+07
1.62945e+07
1.18474e+07
8.06673e+06
5.22987e+06
5.16479e+06
1.07861e+07
1.68853e+07
1.48184e+07
1.12803e+07
1.53134e+07
1.73346e+07
1.58119e+07
1.16071e+07
1.21783e+07
1.348e+07
1.49522e+07
1.95603e+07
1.74365e+07
1.29924e+07
1.17405e+07
1.19497e+07
9.88441e+06
6.13035e+06
5.83096e+06
7.94692e+06
9.96022e+06
1.3585e+07
1.59485e+07
1.68853e+07
1.71e+07
1.14107e+07
8.02133e+06
9.87528e+06
1.15506e+07
1.07335e+07
9.68494e+06
7.19556e+06
5.78751e+06
7.42028e+06
8.72814e+06
4.79124e+06
1.89191e+06
3.70843e+06
7.70158e+06
1.04666e+07
1.21951e+07
1.51289e+07
1.33209e+07
6.95691e+06
2.0987e+06
2.29637e+06
4.73877e+06
3.96352e+06
1.20177e+06
659286
867517
696933
1.96884e+06
2.89357e+06
5.15217e+06
8.03331e+06
8.25344e+06
5.3835e+06
1.9325e+06
1.34549e+06
1.3778e+06
236417
1543
0
0
12
364
10115
121645
779494
2.45585e+06
3.59418e+06
2.03148e+06
319007
14112
335
0
0
0
0
0
0
59
1305
19330
120576
270889
105985
0
0
0
0
0
0
0
0
0
0
0
0
0
0
0
0
0
0
0
0
0
0
0
0
0
0
0
0
0
0
0
0
0
0
0
0
0
0
0
0
0
0
0
0
0
0
0
0
0
0
0
0
0
0
0
0
0
0
0
0
0
0
0
0
0
0
0
0
0
0
0
0
0
0
0
0
0
0
0
0
0
0
0
0
0
0
0
0
0
0
0
0
0
0
0
0
0
0
0
0
0
0
0
0
0
0
0
0
0
0
0
0
0
0
0
0
0
0
0
0
0
0
0
0
0
0
0
0
0
0
0
0
0
0
0
0
0
0
0
0
0
0
0
0
0
0
0
0
0
0
0
0
0
0
0
0
0
0
0
0
0
0
0
0
0
0
0
0
0
0
0
0
0
0
0
0
0
0
0
0
0
0
0
0
0
0
0
0
0
0
0
0
0
0
0
0
0
0
0
0
