1.17965e+06
0
0
0
0
0
0
0
0
0
0
0
0
0
0
0
0
2421
279698
2.00004e+06
2.90993e+06
1.48069e+06
356062
45832
4462
18087
139160
572573
1.15104e+06
1.07498e+06
471616
108122
162038
1.17958e+06
3.75734e+06
5.08034e+06
3.01351e+06
857793
362888
1.25688e+06
2.45841e+06
2.10392e+06
962302
1.03664e+06
2.92936e+06
4.76514e+06
3.74105e+06
1.57639e+06
952585
1.52589e+06
1.58804e+06
1.58165e+06
4.25521e+06
8.87552e+06
8.96908e+06
4.5088e+06
1.70017e+06
1.32414e+06
1.4468e+06
2.78188e+06
5.93919e+06
7.19737e+06
5.13928e+06
4.36497e+06
5.04667e+06
4.28647e+06
4.09701e+06
5.11048e+06
4.65762e+06
4.33332e+06
5.46454e+06
6.78247e+06
1.07199e+07
1.45559e+07
1.07834e+07
4.17208e+06
1.71368e+06
4.04138e+06
8.46971e+06
9.30788e+06
6.18901e+06
4.33528e+06
5.5369e+06
8.99299e+06
1.0531e+07
9.11871e+06
8.97216e+06
1.12212e+07
1.50713e+07
1.4803e+07
1.04913e+07
8.38292e+06
9.57149e+06
1.12079e+07
9.89163e+06
8.39612e+06
9.07346e+06
1.07548e+07
9.58156e+06
7.01091e+06
9.36292e+06
1.60281e+07
1.78656e+07
1.41534e+07
1.46017e+07
2.04498e+07
2.26668e+07
1.85519e+07
1.34809e+07
9.18536e+06
5.94597e+06
5.86748e+06
1.22835e+07
1.92273e+07
1.68792e+07
1.28304e+07
1.74333e+07
1.97326e+07
1.80011e+07
1.32116e+07
1.38551e+07
1.53474e+07
1.70162e+07
2.22733e+07
1.98545e+07
1.47873e+07
1.33687e+07
1.35958e+07
1.12569e+07
6.97221e+06
6.63406e+06
9.04562e+06
1.13372e+07
1.54703e+07
1.81588e+07
1.92237e+07
1.94655e+07
1.29797e+07
9.13257e+06
1.12408e+07
1.3153e+07
1.22192e+07
1.10215e+07
8.19124e+06
6.58581e+06
8.44754e+06
9.94525e+06
5.44967e+06
2.15113e+06
4.22026e+06
8.77e+06
1.1901e+07
1.38819e+07
1.7233e+07
1.51743e+07
7.91429e+06
2.38291e+06
2.61006e+06
5.40247e+06
4.51241e+06
1.36559e+06
748872
988910
790326
2.24151e+06
3.29496e+06
5.86609e+06
9.14286e+06
9.4015e+06
6.12312e+06
2.2002e+06
1.53005e+06
1.5718e+06
268835
1719
2
0
12
394
11169
137252
886745
2.79799e+06
4.09131e+06
2.31231e+06
363306
15979
366
0
0
0
0
0
0
61
1441
21853
137266
308328
120875
0
0
0
0
0
0
0
0
0
0
0
0
0
0
0
0
0
0
0
0
0
0
0
0
0
0
0
0
0
0
0
0
0
0
0
0
0
0
0
0
0
0
0
0
0
0
0
0
0
0
0
0
0
0
0
0
0
0
0
0
0
0
0
0
0
0
0
0
0
0
0
0
0
0
0
0
0
0
0
0
0
0
0
0
0
0
0
0
0
0
0
0
0
0
0
0
0
0
0
0
0
0
0
0
0
0
0
0
0
0
0
0
0
0
0
0
0
0
0
0
0
0
0
0
0
0
0
0
0
0
0
0
0
0
0
0
0
0
0
0
0
0
0
0
0
0
0
0
0
0
0
0
0
0
0
0
0
0
0
0
0
0
0
0
0
0
0
0
0
0
0
0
0
0
0
0
0
0
0
0
0
0
0
0
0
0
0
0
0
0
0
0
0
0
0
0
0
0
0
0
