1.35987e+06
0
0
0
0
0
0
0
0
0
0
0
0
0
0
0
0
2814
322132
2.30566e+06
3.35425e+06
1.70843e+06
409875
52342
5156
20516
159781
660110
1.32841e+06
1.23994e+06
543183
123820
185358
1.35773e+06
4.33474e+06
5.85815e+06
3.47657e+06
985917
415697
1.4487e+06
2.83628e+06
2.42726e+06
1.10612e+06
1.19029e+06
3.37622e+06
5.50169e+06
4.31861e+06
1.81017e+06
1.09472e+06
1.76097e+06
1.83057e+06
1.8178e+06
4.89949e+06
1.0243e+07
1.03528e+07
5.19232e+06
1.95254e+06
1.52414e+06
1.66593e+06
3.20099e+06
6.85333e+06
8.30626e+06
5.91944e+06
5.02899e+06
5.82249e+06
4.93887e+06
4.71844e+06
5.89697e+06
5.36741e+06
4.99232e+06
6.29798e+06
7.81236e+06
1.23615e+07
1.67939e+07
1.24444e+07
4.79446e+06
1.95959e+06
4.65512e+06
9.77754e+06
1.07404e+07
7.12879e+06
4.9881e+06
6.37482e+06
1.03778e+07
1.21468e+07
1.05116e+07
1.03298e+07
1.29331e+07
1.73837e+07
1.70779e+07
1.20907e+07
9.65096e+06
1.1034e+07
1.29248e+07
1.14074e+07
9.66761e+06
1.04608e+07
1.24049e+07
1.10537e+07
8.0679e+06
1.07746e+07
1.8495e+07
2.06105e+07
1.63003e+07
1.68179e+07
2.35927e+07
2.61408e+07
2.13922e+07
1.55341e+07
1.05884e+07
6.84275e+06
6.73911e+06
1.41658e+07
2.21904e+07
1.94673e+07
1.47597e+07
2.01022e+07
2.276e+07
2.07555e+07
1.52194e+07
1.59607e+07
1.76907e+07
1.96024e+07
2.57039e+07
2.28988e+07
1.70418e+07
1.54079e+07
1.56729e+07
1.2975e+07
8.02715e+06
7.63767e+06
1.0434e+07
1.30691e+07
1.78422e+07
2.09363e+07
2.21567e+07
2.24504e+07
1.49651e+07
1.05152e+07
1.29562e+07
1.51694e+07
1.40825e+07
1.27047e+07
9.44719e+06
7.5848e+06
9.73501e+06
1.14841e+07
6.27926e+06
2.46948e+06
4.86195e+06
1.0115e+07
1.37134e+07
1.59972e+07
1.98755e+07
1.75048e+07
9.12367e+06
2.73804e+06
2.99938e+06
6.23538e+06
5.20925e+06
1.56957e+06
861303
1.14154e+06
906482
2.58103e+06
3.79814e+06
6.7631e+06
1.05448e+07
1.08454e+07
7.05715e+06
2.53225e+06
1.7629e+06
1.81388e+06
309773
2006
2
0
12
424
12515
156589
1.01848e+06
3.22456e+06
4.72166e+06
2.66817e+06
417995
18047
396
0
0
0
0
0
0
61
1583
24642
157618
356520
139512
0
0
0
0
0
0
0
0
0
0
0
0
0
0
0
0
0
0
0
0
0
0
0
0
0
0
0
0
0
0
0
0
0
0
0
0
0
0
0
0
0
0
0
0
0
0
0
0
0
0
0
0
0
0
0
0
0
0
0
0
0
0
0
0
0
0
0
0
0
0
0
0
0
0
0
0
0
0
0
0
0
0
0
0
0
0
0
0
0
0
0
0
0
0
0
0
0
0
0
0
0
0
0
0
0
0
0
0
0
0
0
0
0
0
0
0
0
0
0
0
0
0
0
0
0
0
0
0
0
0
0
0
0
0
0
0
0
0
0
0
0
0
0
0
0
0
0
0
0
0
0
0
0
0
0
0
0
0
0
0
0
0
0
0
0
0
0
0
0
0
0
0
0
0
0
0
0
0
0
0
0
0
0
0
0
0
0
0
0
0
0
0
0
0
0
0
0
0
0
0
