137216
0
0
0
0
0
0
0
0
0
0
0
0
0
0
0
0
365
33322
229096
343148
169864
41195
5770
701
2193
16451
63848
136672
126025
53620
12722
20223
137552
427760
604125
341435
101829
44032
143843
290290
243430
109567
119963
333206
574294
427215
180548
110119
177661
187126
185814
485636
1.03953e+06
1.04666e+06
512892
199996
161158
167907
318456
683075
860858
583087
498882
607691
489604
467531
609613
534716
494496
657776
781309
1.21709e+06
1.74198e+06
1.22858e+06
480935
205839
461880
989717
1.09852e+06
702544
513724
633198
1.04366e+06
1.24752e+06
1.03529e+06
1.06623e+06
1.27797e+06
1.77109e+06
1.73036e+06
1.2023e+06
990259
1.08803e+06
1.33822e+06
1.12578e+06
992051
1.039e+06
1.26442e+06
1.1155e+06
810637
1.0789e+06
1.87193e+06
2.09796e+06
1.62688e+06
1.68916e+06
2.38211e+06
2.65398e+06
2.1394e+06
1.57606e+06
1.06761e+06
699516
680689
1.39727e+06
2.29718e+06
1.93422e+06
1.47752e+06
2.01132e+06
2.33768e+06
2.07174e+06
1.53466e+06
1.6376e+06
1.77004e+06
1.97154e+06
2.57418e+06
2.3462e+06
1.70697e+06
1.53786e+06
1.60991e+06
1.29596e+06
806274
779604
1.04344e+06
1.31167e+06
1.82938e+06
2.10385e+06
2.21088e+06
2.28841e+06
1.51203e+06
1.04262e+06
1.32345e+06
1.52914e+06
1.40245e+06
1.30126e+06
943482
770524
984482
1.14635e+06
639818
249761
490062
1.00915e+06
1.43076e+06
1.57204e+06
2.0031e+06
1.77136e+06
929467
276617
302147
615368
538892
157052
86423
115604
94418
254628
383764
679618
1.06491e+06
1.08322e+06
733103
249721
175924
183004
33256
241
0
0
3
66
1464
16472
101764
318317
480513
272774
41639
1893
39
0
0
0
0
0
0
7
233
2503
15694
34593
15578
0
0
0
0
0
0
0
0
0
0
0
0
0
0
0
0
0
0
0
0
0
0
0
0
0
0
0
0
0
0
0
0
0
0
0
0
0
0
0
0
0
0
0
0
0
0
0
0
0
0
0
0
0
0
0
0
0
0
0
0
0
0
0
0
0
0
0
0
0
0
0
0
0
0
0
0
0
0
0
0
0
0
0
0
0
0
0
0
0
0
0
0
0
0
0
0
0
0
0
0
0
0
0
0
0
0
0
0
0
0
0
0
0
0
0
0
0
0
0
0
0
0
0
0
0
0
0
0
0
0
0
0
0
0
0
0
0
0
0
0
0
0
0
0
0
0
0
0
0
0
0
0
0
0
0
0
0
0
0
0
0
0
0
0
0
0
0
0
0
0
0
0
0
0
0
0
0
0
0
0
0
0
0
0
0
0
0
0
0
0
0
0
0
0
0
0
0
0
0
0
