1.05677e+06
0
0
0
0
0
0
0
0
0
0
0
0
0
0
0
0
2182
250652
1.7917e+06
2.60648e+06
1.32624e+06
319190
41278
4027
16292
125380
512623
1.03032e+06
962361
423011
97188
146285
1.05717e+06
3.365e+06
4.55021e+06
2.69745e+06
770167
326480
1.12611e+06
2.20236e+06
1.88307e+06
862987
930837
2.62343e+06
4.26735e+06
3.34823e+06
1.41369e+06
856005
1.36626e+06
1.4217e+06
1.42104e+06
3.81425e+06
7.94632e+06
8.02703e+06
4.0406e+06
1.52689e+06
1.18825e+06
1.29728e+06
2.49496e+06
5.31548e+06
6.44546e+06
4.60516e+06
3.91233e+06
4.51951e+06
3.84016e+06
3.67121e+06
4.57729e+06
4.17331e+06
3.88094e+06
4.89829e+06
6.08231e+06
9.59767e+06
1.30317e+07
9.65255e+06
3.74619e+06
1.54162e+06
3.62236e+06
7.583e+06
8.33584e+06
5.54376e+06
3.88786e+06
4.96328e+06
8.04998e+06
9.43398e+06
8.16991e+06
8.04228e+06
1.00501e+07
1.3499e+07
1.32568e+07
9.40034e+06
7.51634e+06
8.57106e+06
1.00392e+07
8.85747e+06
7.52675e+06
8.13039e+06
9.62992e+06
8.58044e+06
6.28734e+06
8.3923e+06
1.43546e+07
1.60003e+07
1.26789e+07
1.30869e+07
1.8318e+07
2.02991e+07
1.66156e+07
1.20807e+07
8.22741e+06
5.33202e+06
5.26739e+06
1.09992e+07
1.72189e+07
1.51118e+07
1.15036e+07
1.56163e+07
1.76763e+07
1.61255e+07
1.18354e+07
1.24168e+07
1.37475e+07
1.52488e+07
1.99479e+07
1.7779e+07
1.32506e+07
1.19726e+07
1.21851e+07
1.00795e+07
6.25189e+06
5.94646e+06
8.10467e+06
1.01576e+07
1.38528e+07
1.62621e+07
1.72209e+07
1.74371e+07
1.16354e+07
8.18098e+06
1.00697e+07
1.17796e+07
1.0946e+07
9.87651e+06
7.33709e+06
5.902e+06
7.56783e+06
8.89968e+06
4.88559e+06
1.92964e+06
3.78166e+06
7.85389e+06
1.06722e+07
1.24379e+07
1.54286e+07
1.35836e+07
7.09413e+06
2.14e+06
2.34151e+06
4.83316e+06
4.04099e+06
1.22561e+06
672473
884592
710887
2.0075e+06
2.9502e+06
5.25496e+06
8.19118e+06
8.41764e+06
5.48895e+06
1.97103e+06
1.37201e+06
1.40497e+06
241147
1581
2
0
12
365
10312
123832
794696
2.50451e+06
3.66602e+06
2.07126e+06
325187
14372
343
0
0
0
0
0
0
59
1335
19694
122960
276128
108208
0
0
0
0
0
0
0
0
0
0
0
0
0
0
0
0
0
0
0
0
0
0
0
0
0
0
0
0
0
0
0
0
0
0
0
0
0
0
0
0
0
0
0
0
0
0
0
0
0
0
0
0
0
0
0
0
0
0
0
0
0
0
0
0
0
0
0
0
0
0
0
0
0
0
0
0
0
0
0
0
0
0
0
0
0
0
0
0
0
0
0
0
0
0
0
0
0
0
0
0
0
0
0
0
0
0
0
0
0
0
0
0
0
0
0
0
0
0
0
0
0
0
0
0
0
0
0
0
0
0
0
0
0
0
0
0
0
0
0
0
0
0
0
0
0
0
0
0
0
0
0
0
0
0
0
0
0
0
0
0
0
0
0
0
0
0
0
0
0
0
0
0
0
0
0
0
0
0
0
0
0
0
0
0
0
0
0
0
0
0
0
0
0
0
0
0
0
0
0
0
