1.35168e+06
0
0
0
0
0
0
0
0
0
0
0
0
0
0
0
0
2801
320239
2.2917e+06
3.33391e+06
1.69821e+06
407449
52050
5133
20395
158873
656112
1.32034e+06
1.23241e+06
539989
123069
184381
1.34974e+06
4.30866e+06
5.82214e+06
3.45567e+06
980260
413384
1.43994e+06
2.81912e+06
2.41232e+06
1.09972e+06
1.18353e+06
3.35588e+06
5.46788e+06
4.29244e+06
1.79963e+06
1.08838e+06
1.75023e+06
1.81929e+06
1.80741e+06
4.87082e+06
1.01803e+07
1.02889e+07
5.16171e+06
1.94148e+06
1.51484e+06
1.65624e+06
3.182e+06
6.81172e+06
8.25545e+06
5.88409e+06
4.99922e+06
5.78646e+06
4.90988e+06
4.69053e+06
5.86048e+06
5.33505e+06
4.96264e+06
6.2602e+06
7.76606e+06
1.22872e+07
1.66904e+07
1.2369e+07
4.76688e+06
1.94868e+06
4.62777e+06
9.71745e+06
1.0675e+07
7.08602e+06
4.95875e+06
6.33778e+06
1.03135e+07
1.20733e+07
1.04487e+07
1.02682e+07
1.28557e+07
1.72778e+07
1.69739e+07
1.20183e+07
9.5943e+06
1.09674e+07
1.28454e+07
1.13395e+07
9.60987e+06
1.03982e+07
1.23293e+07
1.09867e+07
8.01995e+06
1.07121e+07
1.83814e+07
2.04844e+07
1.6204e+07
1.67188e+07
2.34485e+07
2.59813e+07
2.12631e+07
1.54411e+07
1.0525e+07
6.80214e+06
6.70063e+06
1.40804e+07
2.2054e+07
1.93496e+07
1.46742e+07
1.99806e+07
2.26211e+07
2.06299e+07
1.5129e+07
1.5865e+07
1.75842e+07
1.94863e+07
2.55468e+07
2.27589e+07
1.69399e+07
1.53158e+07
1.5578e+07
1.28966e+07
7.98012e+06
7.59274e+06
1.03707e+07
1.29902e+07
1.77341e+07
2.08101e+07
2.20235e+07
2.23134e+07
1.48751e+07
1.04535e+07
1.2878e+07
1.50767e+07
1.39989e+07
1.26279e+07
9.38996e+06
7.53971e+06
9.6766e+06
1.14133e+07
6.24167e+06
2.45571e+06
4.83335e+06
1.00534e+07
1.36303e+07
1.59022e+07
1.97551e+07
1.73973e+07
9.06886e+06
2.7226e+06
2.98233e+06
6.19712e+06
5.17718e+06
1.56034e+06
856378
1.13456e+06
901420
2.56568e+06
3.7757e+06
6.72229e+06
1.04805e+07
1.07792e+07
7.01497e+06
2.51733e+06
1.75242e+06
1.80269e+06
307964
1997
2
0
12
424
12459
155766
1.01282e+06
3.20515e+06
4.69274e+06
2.65185e+06
415521
17987
394
0
0
0
0
0
0
61
1575
24497
156749
354282
138676
0
0
0
0
0
0
0
0
0
0
0
0
0
0
0
0
0
0
0
0
0
0
0
0
0
0
0
0
0
0
0
0
0
0
0
0
0
0
0
0
0
0
0
0
0
0
0
0
0
0
0
0
0
0
0
0
0
0
0
0
0
0
0
0
0
0
0
0
0
0
0
0
0
0
0
0
0
0
0
0
0
0
0
0
0
0
0
0
0
0
0
0
0
0
0
0
0
0
0
0
0
0
0
0
0
0
0
0
0
0
0
0
0
0
0
0
0
0
0
0
0
0
0
0
0
0
0
0
0
0
0
0
0
0
0
0
0
0
0
0
0
0
0
0
0
0
0
0
0
0
0
0
0
0
0
0
0
0
0
0
0
0
0
0
0
0
0
0
0
0
0
0
0
0
0
0
0
0
0
0
0
0
0
0
0
0
0
0
0
0
0
0
0
0
0
0
0
0
0
0
