2.01523e+06
0
0
0
0
0
0
0
0
0
0
0
0
0
0
0
2
4052
476750
3.4183e+06
4.96864e+06
2.53345e+06
607116
77486
7683
30626
236525
978989
1.96756e+06
1.83693e+06
806150
183026
275977
2.0135e+06
6.42501e+06
8.67288e+06
5.15524e+06
1.46224e+06
617575
2.14788e+06
4.19874e+06
3.59729e+06
1.64332e+06
1.76507e+06
5.00862e+06
8.13487e+06
6.40616e+06
2.68462e+06
1.62395e+06
2.60733e+06
2.71415e+06
2.69485e+06
7.26629e+06
1.51698e+07
1.53411e+07
7.69994e+06
2.89798e+06
2.25356e+06
2.46533e+06
4.74699e+06
1.01628e+07
1.22966e+07
8.78278e+06
7.45546e+06
8.60988e+06
7.32574e+06
6.99636e+06
8.73287e+06
7.96302e+06
7.40048e+06
9.32354e+06
1.15991e+07
1.83292e+07
2.48404e+07
1.84449e+07
7.11598e+06
2.90969e+06
6.90847e+06
1.44865e+07
1.59e+07
1.05685e+07
7.39498e+06
9.45013e+06
1.538e+07
1.79909e+07
1.56008e+07
1.52979e+07
1.91771e+07
2.57405e+07
2.52966e+07
1.79369e+07
1.43001e+07
1.63689e+07
1.9119e+07
1.69163e+07
1.43304e+07
1.55121e+07
1.83689e+07
1.63644e+07
1.19819e+07
1.59864e+07
2.73908e+07
3.05134e+07
2.41896e+07
2.49503e+07
3.49433e+07
3.86903e+07
3.17225e+07
2.3017e+07
1.56924e+07
1.0141e+07
1.00272e+07
2.10258e+07
3.27867e+07
2.8846e+07
2.19404e+07
2.979e+07
3.36862e+07
3.07603e+07
2.25888e+07
2.36522e+07
2.62313e+07
2.90688e+07
3.80667e+07
3.38875e+07
2.52626e+07
2.2852e+07
2.32008e+07
1.92427e+07
1.19179e+07
1.13294e+07
1.54728e+07
1.93619e+07
2.63973e+07
3.10152e+07
3.28693e+07
3.32437e+07
2.21645e+07
1.56195e+07
1.92054e+07
2.2468e+07
2.08933e+07
1.88053e+07
1.39948e+07
1.12616e+07
1.44175e+07
1.69925e+07
9.29902e+06
3.67275e+06
7.21595e+06
1.499e+07
2.03147e+07
2.375e+07
2.94462e+07
2.5908e+07
1.35025e+07
4.07084e+06
4.46977e+06
9.23762e+06
7.68893e+06
2.33233e+06
1.28055e+06
1.68957e+06
1.34717e+06
3.82897e+06
5.6207e+06
1.00292e+07
1.56497e+07
1.60691e+07
1.04286e+07
3.75889e+06
2.61647e+06
2.68023e+06
457592
2988
2
0
13
644
18078
231575
1.51297e+06
4.78164e+06
6.99526e+06
3.94946e+06
620814
26099
534
3
0
0
0
0
0
88
2322
35759
233541
529003
206903
0
0
0
0
0
0
0
0
0
0
0
0
0
0
0
0
0
0
0
0
0
0
0
0
0
0
0
0
0
0
0
0
0
0
0
0
0
0
0
0
0
0
0
0
0
0
0
0
0
0
0
0
0
0
0
0
0
0
0
0
0
0
0
0
0
0
0
0
0
0
0
0
0
0
0
0
0
0
0
0
0
0
0
0
0
0
0
0
0
0
0
0
0
0
0
0
0
0
0
0
0
0
0
0
0
0
0
0
0
0
0
0
0
0
0
0
0
0
0
0
0
0
0
0
0
0
0
0
0
0
0
0
0
0
0
0
0
0
0
0
0
0
0
0
0
0
0
0
0
0
0
0
0
0
0
0
0
0
0
0
0
0
0
0
0
0
0
0
0
0
0
0
0
0
0
0
0
0
0
0
0
0
0
0
0
0
0
0
0
0
0
0
0
0
0
0
0
0
0
0
