1.34144e+06
0
0
0
0
0
0
0
0
0
0
0
0
0
0
0
0
2778
317782
2.27449e+06
3.30876e+06
1.68502e+06
404348
51763
5107
20237
157712
651118
1.31044e+06
1.22289e+06
535911
122156
183096
1.3397e+06
4.27596e+06
5.77795e+06
3.42899e+06
972966
410518
1.42908e+06
2.79771e+06
2.39402e+06
1.0912e+06
1.17492e+06
3.33078e+06
5.42579e+06
4.2597e+06
1.78607e+06
1.08054e+06
1.73702e+06
1.80527e+06
1.79412e+06
4.83426e+06
1.01028e+07
1.02099e+07
5.12267e+06
1.92738e+06
1.50356e+06
1.64358e+06
3.15845e+06
6.75995e+06
8.19219e+06
5.83982e+06
4.96165e+06
5.74194e+06
4.87266e+06
4.65584e+06
5.81564e+06
5.29453e+06
4.92514e+06
6.21304e+06
7.7075e+06
1.21944e+07
1.65625e+07
1.2274e+07
4.73236e+06
1.9347e+06
4.59331e+06
9.64267e+06
1.05934e+07
7.03276e+06
4.92212e+06
6.29066e+06
1.02342e+07
1.19807e+07
1.03699e+07
1.01912e+07
1.27583e+07
1.71467e+07
1.68443e+07
1.19278e+07
9.52185e+06
1.08846e+07
1.27475e+07
1.12536e+07
9.53781e+06
1.03199e+07
1.22346e+07
1.09029e+07
7.96015e+06
1.06328e+07
1.82412e+07
2.03272e+07
1.60824e+07
1.65938e+07
2.327e+07
2.57825e+07
2.1102e+07
1.53243e+07
1.04456e+07
6.75115e+06
6.65222e+06
1.39728e+07
2.18854e+07
1.92023e+07
1.45661e+07
1.98283e+07
2.24488e+07
2.04734e+07
1.5015e+07
1.57453e+07
1.7451e+07
1.93403e+07
2.53509e+07
2.25861e+07
1.68112e+07
1.51999e+07
1.54605e+07
1.2799e+07
7.92036e+06
7.5361e+06
1.02917e+07
1.28922e+07
1.75988e+07
2.06527e+07
2.18572e+07
2.21425e+07
1.47623e+07
1.03752e+07
1.27806e+07
1.49619e+07
1.38933e+07
1.25316e+07
9.31896e+06
7.48335e+06
9.60336e+06
1.13256e+07
6.19458e+06
2.43805e+06
4.79684e+06
9.97674e+06
1.3528e+07
1.57815e+07
1.96051e+07
1.72643e+07
8.99972e+06
2.70294e+06
2.96098e+06
6.14907e+06
5.13762e+06
1.54863e+06
849953
1.126e+06
894922
2.54666e+06
3.74728e+06
6.67113e+06
1.04008e+07
1.06967e+07
6.96189e+06
2.4987e+06
1.73906e+06
1.7891e+06
305538
1980
2
0
12
424
12401
154733
1.00521e+06
3.18119e+06
4.65658e+06
2.63167e+06
412480
17862
390
0
0
0
0
0
0
61
1570
24334
155583
351534
137638
0
0
0
0
0
0
0
0
0
0
0
0
0
0
0
0
0
0
0
0
0
0
0
0
0
0
0
0
0
0
0
0
0
0
0
0
0
0
0
0
0
0
0
0
0
0
0
0
0
0
0
0
0
0
0
0
0
0
0
0
0
0
0
0
0
0
0
0
0
0
0
0
0
0
0
0
0
0
0
0
0
0
0
0
0
0
0
0
0
0
0
0
0
0
0
0
0
0
0
0
0
0
0
0
0
0
0
0
0
0
0
0
0
0
0
0
0
0
0
0
0
0
0
0
0
0
0
0
0
0
0
0
0
0
0
0
0
0
0
0
0
0
0
0
0
0
0
0
0
0
0
0
0
0
0
0
0
0
0
0
0
0
0
0
0
0
0
0
0
0
0
0
0
0
0
0
0
0
0
0
0
0
0
0
0
0
0
0
0
0
0
0
0
0
0
0
0
0
0
0
