1.50118e+06
0
0
0
0
0
0
0
0
0
0
0
0
0
0
0
2
3072
355185
2.54625e+06
3.70163e+06
1.88649e+06
452838
57500
5694
22562
176205
729017
1.46662e+06
1.36843e+06
599988
136485
204737
1.49854e+06
4.78457e+06
6.46767e+06
3.83826e+06
1.08824e+06
458154
1.60056e+06
3.12984e+06
2.67938e+06
1.22166e+06
1.31287e+06
3.72829e+06
6.07323e+06
4.76849e+06
1.99672e+06
1.20852e+06
1.94391e+06
2.02211e+06
2.00488e+06
5.40421e+06
1.13122e+07
1.14326e+07
5.73012e+06
2.15492e+06
1.68186e+06
1.83627e+06
3.53372e+06
7.57018e+06
9.16672e+06
6.53425e+06
5.55239e+06
6.42749e+06
5.45111e+06
5.20871e+06
6.50944e+06
5.9271e+06
5.5105e+06
6.95044e+06
8.6253e+06
1.36497e+07
1.85353e+07
1.37414e+07
5.28995e+06
2.16033e+06
5.13804e+06
1.07997e+07
1.18569e+07
7.86549e+06
5.50417e+06
7.03641e+06
1.14602e+07
1.34112e+07
1.16051e+07
1.13969e+07
1.42795e+07
1.91918e+07
1.88499e+07
1.33526e+07
1.06501e+07
1.218e+07
1.42664e+07
1.25966e+07
1.0669e+07
1.1549e+07
1.36969e+07
1.21995e+07
8.90708e+06
1.18909e+07
2.04154e+07
2.27539e+07
1.8001e+07
1.85617e+07
2.60422e+07
2.88584e+07
2.36192e+07
1.71496e+07
1.1687e+07
7.54852e+06
7.43612e+06
1.56448e+07
2.4492e+07
2.1496e+07
1.62906e+07
2.21898e+07
2.51279e+07
2.2909e+07
1.6804e+07
1.76201e+07
1.9533e+07
2.1635e+07
2.8377e+07
2.52769e+07
1.88099e+07
1.70108e+07
1.73019e+07
1.43247e+07
8.85969e+06
8.4306e+06
1.1518e+07
1.44242e+07
1.96947e+07
2.31101e+07
2.44649e+07
2.47874e+07
1.65162e+07
1.16047e+07
1.43066e+07
1.67489e+07
1.55466e+07
1.4022e+07
1.04256e+07
8.37474e+06
1.07454e+07
1.26823e+07
6.92772e+06
2.7228e+06
5.3671e+06
1.11684e+07
1.51412e+07
1.76573e+07
2.19407e+07
1.93312e+07
1.00685e+07
3.01769e+06
3.31049e+06
6.88717e+06
5.74988e+06
1.73234e+06
950620
1.25966e+06
999471
2.84777e+06
4.18993e+06
7.47002e+06
1.16455e+07
1.19739e+07
7.78824e+06
2.79296e+06
1.94501e+06
2.00365e+06
341572
2205
2
0
12
457
13663
171938
1.122e+06
3.5601e+06
5.21637e+06
2.9457e+06
460410
19601
411
0
0
0
0
0
0
63
1732
26854
173442
394075
154426
0
0
0
0
0
0
0
0
0
0
0
0
0
0
0
0
0
0
0
0
0
0
0
0
0
0
0
0
0
0
0
0
0
0
0
0
0
0
0
0
0
0
0
0
0
0
0
0
0
0
0
0
0
0
0
0
0
0
0
0
0
0
0
0
0
0
0
0
0
0
0
0
0
0
0
0
0
0
0
0
0
0
0
0
0
0
0
0
0
0
0
0
0
0
0
0
0
0
0
0
0
0
0
0
0
0
0
0
0
0
0
0
0
0
0
0
0
0
0
0
0
0
0
0
0
0
0
0
0
0
0
0
0
0
0
0
0
0
0
0
0
0
0
0
0
0
0
0
0
0
0
0
0
0
0
0
0
0
0
0
0
0
0
0
0
0
0
0
0
0
0
0
0
0
0
0
0
0
0
0
0
0
0
0
0
0
0
0
0
0
0
0
0
0
0
0
0
0
0
0
