184320
0
0
0
0
0
0
0
0
0
0
0
0
0
0
0
0
460
44392
309224
458820
229288
55710
7422
831
2762
21838
87204
182569
169006
72279
16905
26667
184808
578758
805726
462169
135790
58601
193900
388933
327003
148274
161138
450050
765094
576099
243888
148155
238111
250936
248707
655880
1.394e+06
1.40385e+06
693824
267790
214073
225503
428833
921911
1.1476e+06
787799
673862
807692
660705
632248
812601
721224
668604
876360
1.05208e+06
1.64773e+06
2.31849e+06
1.65928e+06
647496
274562
623941
1.33024e+06
1.46887e+06
948972
685408
854893
1.40356e+06
1.66802e+06
1.39967e+06
1.42379e+06
1.72714e+06
2.37182e+06
2.32307e+06
1.62132e+06
1.32464e+06
1.46995e+06
1.78396e+06
1.51843e+06
1.32963e+06
1.40456e+06
1.6924e+06
1.49648e+06
1.09001e+06
1.4539e+06
2.5135e+06
2.8114e+06
2.19241e+06
2.26977e+06
3.19923e+06
3.56032e+06
2.88e+06
2.11476e+06
1.43317e+06
935359
916723
1.88972e+06
3.06254e+06
2.60675e+06
1.99062e+06
2.71136e+06
3.12006e+06
2.79261e+06
2.06412e+06
2.19072e+06
2.38481e+06
2.64972e+06
3.46403e+06
3.13747e+06
2.29581e+06
2.07276e+06
2.15145e+06
1.74555e+06
1.08577e+06
1.04461e+06
1.406e+06
1.76478e+06
2.44204e+06
2.8291e+06
2.98192e+06
3.06748e+06
2.03085e+06
1.40567e+06
1.7694e+06
2.05735e+06
1.89135e+06
1.74117e+06
1.27072e+06
1.03121e+06
1.32297e+06
1.54158e+06
857042
334657
656841
1.36377e+06
1.90756e+06
2.12668e+06
2.68948e+06
2.37642e+06
1.24703e+06
371465
405601
831443
718810
211891
116064
154913
126156
342941
513817
912890
1.4314e+06
1.46223e+06
976907
337053
236423
245850
43924
316
0
0
3
71
1918
21523
136143
429708
645051
365997
56025
2388
53
0
0
0
0
0
0
9
288
3335
20867
47027
20634
0
0
0
0
0
0
0
0
0
0
0
0
0
0
0
0
0
0
0
0
0
0
0
0
0
0
0
0
0
0
0
0
0
0
0
0
0
0
0
0
0
0
0
0
0
0
0
0
0
0
0
0
0
0
0
0
0
0
0
0
0
0
0
0
0
0
0
0
0
0
0
0
0
0
0
0
0
0
0
0
0
0
0
0
0
0
0
0
0
0
0
0
0
0
0
0
0
0
0
0
0
0
0
0
0
0
0
0
0
0
0
0
0
0
0
0
0
0
0
0
0
0
0
0
0
0
0
0
0
0
0
0
0
0
0
0
0
0
0
0
0
0
0
0
0
0
0
0
0
0
0
0
0
0
0
0
0
0
0
0
0
0
0
0
0
0
0
0
0
0
0
0
0
0
0
0
0
0
0
0
0
0
0
0
0
0
0
0
0
0
0
0
0
0
0
0
0
0
0
0
