1.81453e+06
0
0
0
0
0
0
0
0
0
0
0
0
0
0
0
2
3655
429578
3.07795e+06
4.47298e+06
2.28128e+06
547138
69647
6749
27339
213263
882213
1.77038e+06
1.65439e+06
725962
164912
247992
1.81308e+06
5.78449e+06
7.81011e+06
4.64309e+06
1.31589e+06
555149
1.93299e+06
3.78231e+06
3.23886e+06
1.47874e+06
1.58866e+06
4.51037e+06
7.32646e+06
5.76797e+06
2.4173e+06
1.46197e+06
2.34794e+06
2.44206e+06
2.42581e+06
6.53932e+06
1.36633e+07
1.38168e+07
6.93149e+06
2.60761e+06
2.0297e+06
2.21913e+06
4.27349e+06
9.14955e+06
1.10759e+07
7.90516e+06
6.71168e+06
7.75736e+06
6.59415e+06
6.30126e+06
7.86229e+06
7.1662e+06
6.66237e+06
8.39858e+06
1.04408e+07
1.64998e+07
2.2378e+07
1.66084e+07
6.40574e+06
2.61412e+06
6.21718e+06
1.30468e+07
1.43241e+07
9.51283e+06
6.6555e+06
8.50948e+06
1.38467e+07
1.62044e+07
1.40419e+07
1.37716e+07
1.72606e+07
2.31882e+07
2.27845e+07
1.61456e+07
1.28742e+07
1.47302e+07
1.72254e+07
1.52327e+07
1.28994e+07
1.39638e+07
1.65453e+07
1.47412e+07
1.07778e+07
1.43859e+07
2.46662e+07
2.74855e+07
2.17734e+07
2.24536e+07
3.14732e+07
3.4852e+07
2.85592e+07
2.07279e+07
1.41257e+07
9.1245e+06
9.0157e+06
1.89236e+07
2.95526e+07
2.59773e+07
1.97342e+07
2.68178e+07
3.03456e+07
2.76974e+07
2.03272e+07
2.12965e+07
2.36145e+07
2.61657e+07
3.42873e+07
3.05312e+07
2.27418e+07
2.05711e+07
2.08947e+07
1.73214e+07
1.07219e+07
1.01973e+07
1.39321e+07
1.74373e+07
2.37754e+07
2.79297e+07
2.95847e+07
2.99474e+07
1.99621e+07
1.40467e+07
1.72903e+07
2.02351e+07
1.88098e+07
1.69391e+07
1.2601e+07
1.01343e+07
1.29829e+07
1.53114e+07
8.37155e+06
3.30298e+06
6.49538e+06
1.34941e+07
1.82917e+07
2.13759e+07
2.65125e+07
2.33417e+07
1.21637e+07
3.65916e+06
4.01746e+06
8.31903e+06
6.9335e+06
2.09726e+06
1.15236e+06
1.5212e+06
1.21202e+06
3.44633e+06
5.06121e+06
9.0293e+06
1.4084e+07
1.447e+07
9.4019e+06
3.38042e+06
2.3556e+06
2.41498e+06
411953
2672
2
0
13
562
16421
208138
1.36082e+06
4.30374e+06
6.3012e+06
3.5572e+06
558658
23513
478
3
0
0
0
0
0
72
2039
32315
210189
476362
186287
0
0
0
0
0
0
0
0
0
0
0
0
0
0
0
0
0
0
0
0
0
0
0
0
0
0
0
0
0
0
0
0
0
0
0
0
0
0
0
0
0
0
0
0
0
0
0
0
0
0
0
0
0
0
0
0
0
0
0
0
0
0
0
0
0
0
0
0
0
0
0
0
0
0
0
0
0
0
0
0
0
0
0
0
0
0
0
0
0
0
0
0
0
0
0
0
0
0
0
0
0
0
0
0
0
0
0
0
0
0
0
0
0
0
0
0
0
0
0
0
0
0
0
0
0
0
0
0
0
0
0
0
0
0
0
0
0
0
0
0
0
0
0
0
0
0
0
0
0
0
0
0
0
0
0
0
0
0
0
0
0
0
0
0
0
0
0
0
0
0
0
0
0
0
0
0
0
0
0
0
0
0
0
0
0
0
0
0
0
0
0
0
0
0
0
0
0
0
0
0
