790528
0
0
0
0
0
0
0
0
0
0
0
0
0
0
0
0
1643
187896
1.3386e+06
1.95202e+06
991441
238500
30853
3102
12007
94202
382287
772310
719414
316161
72939
109985
790646
2.5139e+06
3.40889e+06
2.01533e+06
575982
245140
841612
1.64924e+06
1.40684e+06
645245
697113
1.96034e+06
3.19779e+06
2.50163e+06
1.05642e+06
639839
1.0233e+06
1.06513e+06
1.06329e+06
2.84918e+06
5.94728e+06
6.00619e+06
3.01771e+06
1.14362e+06
891227
970860
1.86426e+06
3.97675e+06
4.82518e+06
3.43904e+06
2.92562e+06
3.38694e+06
2.86729e+06
2.7454e+06
3.43097e+06
3.11938e+06
2.9001e+06
3.67268e+06
4.54871e+06
7.17147e+06
9.75679e+06
7.21162e+06
2.80158e+06
1.15777e+06
2.70639e+06
5.67683e+06
6.24084e+06
4.14015e+06
2.91202e+06
3.70817e+06
6.02295e+06
7.06329e+06
6.10148e+06
6.02558e+06
7.50829e+06
1.01047e+07
9.92105e+06
7.0226e+06
5.62971e+06
6.40556e+06
7.51603e+06
6.61783e+06
5.64018e+06
6.0769e+06
7.20624e+06
6.41865e+06
4.69769e+06
6.2758e+06
1.07477e+07
1.19779e+07
9.47226e+06
9.7815e+06
1.37096e+07
1.51921e+07
1.24217e+07
9.0395e+06
6.15609e+06
3.99008e+06
3.93622e+06
8.22146e+06
1.28993e+07
1.12953e+07
8.5957e+06
1.16801e+07
1.32356e+07
1.20591e+07
8.85352e+06
9.29734e+06
1.02822e+07
1.13953e+07
1.4923e+07
1.33116e+07
9.90505e+06
8.95147e+06
9.12619e+06
7.53699e+06
4.67374e+06
4.44969e+06
6.05965e+06
7.59412e+06
1.03713e+07
1.21716e+07
1.28661e+07
1.30553e+07
8.70629e+06
6.11034e+06
7.5372e+06
8.81599e+06
8.18063e+06
7.39269e+06
5.48722e+06
4.41458e+06
5.66137e+06
6.65604e+06
3.65627e+06
1.44133e+06
2.82566e+06
5.87643e+06
7.9985e+06
9.28919e+06
1.15436e+07
1.01628e+07
5.31078e+06
1.59903e+06
1.74704e+06
3.61232e+06
3.0309e+06
916053
502803
661519
529834
1.49857e+06
2.20688e+06
3.92983e+06
6.13398e+06
6.29179e+06
4.11482e+06
1.47168e+06
1.02272e+06
1.05249e+06
181976
1225
0
0
12
295
7828
92506
590678
1.86865e+06
2.74696e+06
1.55386e+06
243079
10619
266
0
0
0
0
0
0
54
953
14688
91493
206018
82058
0
0
0
0
0
0
0
0
0
0
0
0
0
0
0
0
0
0
0
0
0
0
0
0
0
0
0
0
0
0
0
0
0
0
0
0
0
0
0
0
0
0
0
0
0
0
0
0
0
0
0
0
0
0
0
0
0
0
0
0
0
0
0
0
0
0
0
0
0
0
0
0
0
0
0
0
0
0
0
0
0
0
0
0
0
0
0
0
0
0
0
0
0
0
0
0
0
0
0
0
0
0
0
0
0
0
0
0
0
0
0
0
0
0
0
0
0
0
0
0
0
0
0
0
0
0
0
0
0
0
0
0
0
0
0
0
0
0
0
0
0
0
0
0
0
0
0
0
0
0
0
0
0
0
0
0
0
0
0
0
0
0
0
0
0
0
0
0
0
0
0
0
0
0
0
0
0
0
0
0
0
0
0
0
0
0
0
0
0
0
0
0
0
0
0
0
0
0
0
0
