450560
0
0
0
0
0
0
0
0
0
0
0
0
0
0
0
0
938
107675
760470
1.11509e+06
564314
136112
17441
1843
6637
53914
217647
439862
411099
180041
41351
63872
452311
1.4272e+06
1.94593e+06
1.14528e+06
330317
140371
478159
943648
800926
366208
395641
1.11266e+06
1.83425e+06
1.42489e+06
600552
362413
581953
609206
606161
1.61804e+06
3.39526e+06
3.42764e+06
1.71223e+06
651011
511845
553352
1.05769e+06
2.26516e+06
2.7656e+06
1.95056e+06
1.66104e+06
1.9408e+06
1.63129e+06
1.55849e+06
1.96296e+06
1.77582e+06
1.64472e+06
2.1065e+06
2.58945e+06
4.07354e+06
5.58556e+06
4.09902e+06
1.59083e+06
660095
1.53616e+06
3.24544e+06
3.56848e+06
2.34989e+06
1.65793e+06
2.10598e+06
3.43456e+06
4.04052e+06
3.46258e+06
3.44389e+06
4.26041e+06
5.7748e+06
5.66476e+06
3.98975e+06
3.21906e+06
3.63571e+06
4.29752e+06
3.7574e+06
3.22443e+06
3.45424e+06
4.11694e+06
3.66105e+06
2.6709e+06
3.56635e+06
6.13784e+06
6.84192e+06
5.38197e+06
5.55838e+06
7.82605e+06
8.67643e+06
7.06954e+06
5.15223e+06
3.50573e+06
2.27717e+06
2.2375e+06
4.67204e+06
7.38876e+06
6.42085e+06
4.88263e+06
6.6518e+06
7.56677e+06
6.86534e+06
5.04215e+06
5.31269e+06
5.85098e+06
6.48598e+06
8.5068e+06
7.61039e+06
5.63149e+06
5.0934e+06
5.21339e+06
4.28984e+06
2.66007e+06
2.53951e+06
3.45087e+06
4.32489e+06
5.92415e+06
6.93185e+06
7.31965e+06
7.46439e+06
4.96562e+06
3.46734e+06
4.30054e+06
5.02712e+06
4.64989e+06
4.22667e+06
3.1229e+06
2.51574e+06
3.22945e+06
3.78776e+06
2.08529e+06
818380
1.60412e+06
3.34892e+06
4.5908e+06
5.27086e+06
6.576e+06
5.79696e+06
3.03438e+06
907505
992513
2.05339e+06
1.73733e+06
519005
285545
377264
303209
849383
1.25566e+06
2.23563e+06
3.50384e+06
3.58383e+06
2.35584e+06
833585
579018
601713
105039
732
0
0
3
164
4430
51528
333493
1.05972e+06
1.57355e+06
889235
136951
5846
120
0
0
0
0
0
0
15
509
7958
50956
117188
48654
0
0
0
0
0
0
0
0
0
0
0
0
0
0
0
0
0
0
0
0
0
0
0
0
0
0
0
0
0
0
0
0
0
0
0
0
0
0
0
0
0
0
0
0
0
0
0
0
0
0
0
0
0
0
0
0
0
0
0
0
0
0
0
0
0
0
0
0
0
0
0
0
0
0
0
0
0
0
0
0
0
0
0
0
0
0
0
0
0
0
0
0
0
0
0
0
0
0
0
0
0
0
0
0
0
0
0
0
0
0
0
0
0
0
0
0
0
0
0
0
0
0
0
0
0
0
0
0
0
0
0
0
0
0
0
0
0
0
0
0
0
0
0
0
0
0
0
0
0
0
0
0
0
0
0
0
0
0
0
0
0
0
0
0
0
0
0
0
0
0
0
0
0
0
0
0
0
0
0
0
0
0
0
0
0
0
0
0
0
0
0
0
0
0
0
0
0
0
0
0
