1.08544e+06
0
0
0
0
0
0
0
0
0
0
0
0
0
0
0
0
2240
257338
1.8403e+06
2.67746e+06
1.36224e+06
327825
42278
4130
16735
128594
526527
1.05836e+06
989018
434149
99742
149891
1.08529e+06
3.45671e+06
4.67469e+06
2.77114e+06
790494
334653
1.15669e+06
2.26234e+06
1.93426e+06
886196
955069
2.69514e+06
4.38427e+06
3.43992e+06
1.45109e+06
878501
1.40324e+06
1.46068e+06
1.45798e+06
3.91698e+06
8.16401e+06
8.24792e+06
4.14918e+06
1.5668e+06
1.22004e+06
1.33179e+06
2.56113e+06
5.46183e+06
6.6219e+06
4.72913e+06
4.0171e+06
4.64451e+06
3.94373e+06
3.76881e+06
4.70281e+06
4.28683e+06
3.98578e+06
5.03037e+06
6.24498e+06
9.85888e+06
1.33908e+07
9.91672e+06
3.8439e+06
1.58036e+06
3.71876e+06
7.79241e+06
8.56402e+06
5.69342e+06
3.99144e+06
5.09477e+06
8.27219e+06
9.692e+06
8.389e+06
8.25855e+06
1.03231e+07
1.38677e+07
1.36189e+07
9.65429e+06
7.71702e+06
8.80428e+06
1.03142e+07
9.0973e+06
7.729e+06
8.34945e+06
9.89518e+06
8.81416e+06
6.45369e+06
8.61557e+06
1.47485e+07
1.64394e+07
1.30205e+07
1.34366e+07
1.88174e+07
2.08556e+07
1.70665e+07
1.24073e+07
8.44952e+06
5.47525e+06
5.40517e+06
1.12969e+07
1.76932e+07
1.55237e+07
1.18073e+07
1.60406e+07
1.81608e+07
1.65645e+07
1.21542e+07
1.27522e+07
1.41194e+07
1.56573e+07
2.04965e+07
1.82653e+07
1.36078e+07
1.22958e+07
1.25167e+07
1.03542e+07
6.41797e+06
6.10577e+06
8.32418e+06
1.04322e+07
1.42322e+07
1.67057e+07
1.7686e+07
1.79145e+07
1.19488e+07
8.39998e+06
1.03433e+07
1.21004e+07
1.12431e+07
1.01449e+07
7.53576e+06
6.06043e+06
7.77309e+06
9.14488e+06
5.01765e+06
1.97966e+06
3.88255e+06
8.06888e+06
1.09609e+07
1.27731e+07
1.58493e+07
1.39574e+07
7.28581e+06
2.19519e+06
2.4024e+06
4.96707e+06
4.15221e+06
1.25772e+06
690355
908847
729021
2.06127e+06
3.02972e+06
5.39717e+06
8.41456e+06
8.64843e+06
5.63795e+06
2.02364e+06
1.40791e+06
1.44476e+06
247696
1607
2
0
12
372
10478
126568
815372
2.57247e+06
3.76723e+06
2.12752e+06
333852
14732
355
0
0
0
0
0
0
60
1367
20194
126105
283626
111368
0
0
0
0
0
0
0
0
0
0
0
0
0
0
0
0
0
0
0
0
0
0
0
0
0
0
0
0
0
0
0
0
0
0
0
0
0
0
0
0
0
0
0
0
0
0
0
0
0
0
0
0
0
0
0
0
0
0
0
0
0
0
0
0
0
0
0
0
0
0
0
0
0
0
0
0
0
0
0
0
0
0
0
0
0
0
0
0
0
0
0
0
0
0
0
0
0
0
0
0
0
0
0
0
0
0
0
0
0
0
0
0
0
0
0
0
0
0
0
0
0
0
0
0
0
0
0
0
0
0
0
0
0
0
0
0
0
0
0
0
0
0
0
0
0
0
0
0
0
0
0
0
0
0
0
0
0
0
0
0
0
0
0
0
0
0
0
0
0
0
0
0
0
0
0
0
0
0
0
0
0
0
0
0
0
0
0
0
0
0
0
0
0
0
0
0
0
0
0
0
