1.23085e+06
0
0
0
0
0
0
0
0
0
0
0
0
0
0
0
0
2531
291747
2.08699e+06
3.03625e+06
1.54517e+06
371125
47894
4693
18748
145083
597794
1.20092e+06
1.12178e+06
492060
112577
168868
1.23045e+06
3.92112e+06
5.30082e+06
3.14522e+06
894135
378407
1.31164e+06
2.56494e+06
2.19591e+06
1.00312e+06
1.08061e+06
3.05622e+06
4.97358e+06
3.90601e+06
1.6425e+06
993151
1.59277e+06
1.6564e+06
1.6497e+06
4.43832e+06
9.26385e+06
9.36113e+06
4.70238e+06
1.77298e+06
1.38094e+06
1.50961e+06
2.90067e+06
6.19884e+06
7.51236e+06
5.36118e+06
4.55342e+06
5.26698e+06
4.47193e+06
4.27462e+06
5.33244e+06
4.85908e+06
4.52004e+06
5.70232e+06
7.07515e+06
1.1186e+07
1.51929e+07
1.12535e+07
4.34871e+06
1.78479e+06
4.21541e+06
8.84123e+06
9.7145e+06
6.45509e+06
4.52277e+06
5.77533e+06
9.38654e+06
1.09883e+07
9.51428e+06
9.35872e+06
1.17065e+07
1.5729e+07
1.54488e+07
1.0945e+07
8.74318e+06
9.98852e+06
1.16955e+07
1.03232e+07
8.75578e+06
9.46782e+06
1.12247e+07
9.99798e+06
7.31123e+06
9.76557e+06
1.67295e+07
1.86434e+07
1.47632e+07
1.52334e+07
2.13435e+07
2.36488e+07
1.93596e+07
1.40646e+07
9.58492e+06
6.20001e+06
6.1168e+06
1.28192e+07
2.00681e+07
1.76131e+07
1.33806e+07
1.81919e+07
2.05917e+07
1.87817e+07
1.3783e+07
1.44534e+07
1.60143e+07
1.7752e+07
2.3246e+07
2.07201e+07
1.54244e+07
1.39491e+07
1.41876e+07
1.17442e+07
7.2721e+06
6.92037e+06
9.4405e+06
1.18289e+07
1.61447e+07
1.89464e+07
2.00551e+07
2.03156e+07
1.35428e+07
9.5254e+06
1.17292e+07
1.37255e+07
1.27485e+07
1.15014e+07
8.54687e+06
6.86904e+06
8.81263e+06
1.03826e+07
5.68501e+06
2.24139e+06
4.40295e+06
9.15155e+06
1.24177e+07
1.44831e+07
1.79824e+07
1.58363e+07
8.25787e+06
2.48373e+06
2.72114e+06
5.63965e+06
4.70887e+06
1.42379e+06
780851
1.03279e+06
823303
2.33847e+06
3.43619e+06
6.12014e+06
9.54246e+06
9.81155e+06
6.38888e+06
2.2947e+06
1.59589e+06
1.64084e+06
280299
1801
2
0
12
404
11548
142453
924057
2.91901e+06
4.27102e+06
2.41341e+06
378743
16598
373
0
0
0
0
0
0
61
1483
22600
142965
322032
126283
0
0
0
0
0
0
0
0
0
0
0
0
0
0
0
0
0
0
0
0
0
0
0
0
0
0
0
0
0
0
0
0
0
0
0
0
0
0
0
0
0
0
0
0
0
0
0
0
0
0
0
0
0
0
0
0
0
0
0
0
0
0
0
0
0
0
0
0
0
0
0
0
0
0
0
0
0
0
0
0
0
0
0
0
0
0
0
0
0
0
0
0
0
0
0
0
0
0
0
0
0
0
0
0
0
0
0
0
0
0
0
0
0
0
0
0
0
0
0
0
0
0
0
0
0
0
0
0
0
0
0
0
0
0
0
0
0
0
0
0
0
0
0
0
0
0
0
0
0
0
0
0
0
0
0
0
0
0
0
0
0
0
0
0
0
0
0
0
0
0
0
0
0
0
0
0
0
0
0
0
0
0
0
0
0
0
0
0
0
0
0
0
0
0
0
0
0
0
0
0
