849920
0
0
0
0
0
0
0
0
0
0
0
0
0
0
0
0
1791
201799
1.43948e+06
2.09877e+06
1.06566e+06
256165
33485
3300
12902
101116
411489
829935
773651
339820
78360
118187
849709
2.70364e+06
3.66482e+06
2.16615e+06
619663
263364
904818
1.7734e+06
1.5129e+06
693352
748781
2.10876e+06
3.43762e+06
2.68935e+06
1.13576e+06
688506
1.09988e+06
1.14496e+06
1.14266e+06
3.06441e+06
6.39456e+06
6.45519e+06
3.24522e+06
1.2297e+06
958294
1.04356e+06
2.00448e+06
4.27607e+06
5.18705e+06
3.69857e+06
3.1454e+06
3.64075e+06
3.08358e+06
2.95202e+06
3.68578e+06
3.35463e+06
3.11913e+06
3.94693e+06
4.89004e+06
7.71227e+06
1.04885e+07
7.75507e+06
3.01222e+06
1.24337e+06
2.91078e+06
6.10394e+06
6.70785e+06
4.45243e+06
3.13023e+06
3.98911e+06
6.47367e+06
7.592e+06
6.56183e+06
6.47658e+06
8.07325e+06
1.08635e+07
1.06648e+07
7.55367e+06
6.05289e+06
6.88798e+06
8.0771e+06
7.11629e+06
6.06123e+06
6.53739e+06
7.74721e+06
6.89936e+06
5.05173e+06
6.74766e+06
1.15531e+07
1.28777e+07
1.0185e+07
1.05178e+07
1.47385e+07
1.63339e+07
1.33553e+07
9.71748e+06
6.61654e+06
4.29138e+06
4.23446e+06
8.84433e+06
1.38579e+07
1.21421e+07
9.2474e+06
1.25615e+07
1.42225e+07
1.29677e+07
9.52076e+06
9.99095e+06
1.10551e+07
1.22551e+07
1.60455e+07
1.43089e+07
1.06492e+07
9.62586e+06
9.80876e+06
8.10252e+06
5.02678e+06
4.78593e+06
6.51631e+06
8.16734e+06
1.11457e+07
1.30831e+07
1.38386e+07
1.40306e+07
9.3604e+06
6.5752e+06
8.10004e+06
9.47374e+06
8.80116e+06
7.94759e+06
5.89937e+06
4.74759e+06
6.08548e+06
7.15438e+06
3.93084e+06
1.55117e+06
3.04065e+06
6.31854e+06
8.59391e+06
9.99295e+06
1.24094e+07
1.09238e+07
5.70673e+06
1.7225e+06
1.8812e+06
3.88367e+06
3.25442e+06
985431
541065
711318
570687
1.61193e+06
2.37378e+06
4.22476e+06
6.59154e+06
6.76761e+06
4.41981e+06
1.58403e+06
1.10125e+06
1.13029e+06
194683
1265
0
0
12
302
8312
99737
636963
2.01116e+06
2.95075e+06
1.66866e+06
261668
11438
273
0
0
0
0
0
0
54
1026
15773
98729
221821
87557
0
0
0
0
0
0
0
0
0
0
0
0
0
0
0
0
0
0
0
0
0
0
0
0
0
0
0
0
0
0
0
0
0
0
0
0
0
0
0
0
0
0
0
0
0
0
0
0
0
0
0
0
0
0
0
0
0
0
0
0
0
0
0
0
0
0
0
0
0
0
0
0
0
0
0
0
0
0
0
0
0
0
0
0
0
0
0
0
0
0
0
0
0
0
0
0
0
0
0
0
0
0
0
0
0
0
0
0
0
0
0
0
0
0
0
0
0
0
0
0
0
0
0
0
0
0
0
0
0
0
0
0
0
0
0
0
0
0
0
0
0
0
0
0
0
0
0
0
0
0
0
0
0
0
0
0
0
0
0
0
0
0
0
0
0
0
0
0
0
0
0
0
0
0
0
0
0
0
0
0
0
0
0
0
0
0
0
0
0
0
0
0
0
0
0
0
0
0
0
0
