108544
0
0
0
0
0
0
0
0
0
0
0
0
0
0
0
0
282
26455
180411
273207
133199
32438
4786
617
1784
13010
49938
108940
99594
42120
10188
16091
108502
337160
480848
268144
80601
35331
113286
230931
191477
86762
94862
261275
458945
336199
142219
86672
141069
148821
146848
381969
823771
829731
403048
158121
128909
132890
250505
539040
686284
457436
393179
485974
385174
366836
486323
421544
388464
524764
616073
955659
1.3909e+06
966944
378634
163576
362347
784558
873465
552155
407996
498484
825180
991332
812542
850199
1.00331e+06
1.40439e+06
1.37244e+06
945599
789053
855365
1.06542e+06
884153
786456
818927
1.00532e+06
883633
639586
848275
1.48313e+06
1.66484e+06
1.2828e+06
1.33168e+06
1.88682e+06
2.10575e+06
1.6871e+06
1.2478e+06
844884
556413
535662
1.09638e+06
1.83376e+06
1.5239e+06
1.1646e+06
1.58517e+06
1.86036e+06
1.63585e+06
1.21225e+06
1.29952e+06
1.39378e+06
1.55607e+06
2.03644e+06
1.86728e+06
1.34719e+06
1.21173e+06
1.27864e+06
1.02254e+06
636447
618387
823653
1.03782e+06
1.45386e+06
1.66115e+06
1.743e+06
1.81499e+06
1.19708e+06
821656
1.05024e+06
1.20834e+06
1.10498e+06
1.0333e+06
746123
608951
780419
904692
507242
199119
387001
796020
1.13959e+06
1.23462e+06
1.5835e+06
1.40294e+06
736981
219906
238690
484118
429026
124246
68327
91462
75363
199995
304902
537218
842100
853395
583288
197545
138918
144817
26717
179
0
0
3
64
1235
13288
80717
249959
380931
216127
33015
1528
29
0
0
0
0
0
0
7
209
2037
12360
26981
12678
0
0
0
0
0
0
0
0
0
0
0
0
0
0
0
0
0
0
0
0
0
0
0
0
0
0
0
0
0
0
0
0
0
0
0
0
0
0
0
0
0
0
0
0
0
0
0
0
0
0
0
0
0
0
0
0
0
0
0
0
0
0
0
0
0
0
0
0
0
0
0
0
0
0
0
0
0
0
0
0
0
0
0
0
0
0
0
0
0
0
0
0
0
0
0
0
0
0
0
0
0
0
0
0
0
0
0
0
0
0
0
0
0
0
0
0
0
0
0
0
0
0
0
0
0
0
0
0
0
0
0
0
0
0
0
0
0
0
0
0
0
0
0
0
0
0
0
0
0
0
0
0
0
0
0
0
0
0
0
0
0
0
0
0
0
0
0
0
0
0
0
0
0
0
0
0
0
0
0
0
0
0
0
0
0
0
0
0
0
0
0
0
0
0
0
0
0
0
0
0
