1.20013e+06
0
0
0
0
0
0
0
0
0
0
0
0
0
0
0
0
2468
284570
2.03453e+06
2.96063e+06
1.50666e+06
361969
46654
4552
18341
141593
582663
1.17079e+06
1.09394e+06
479638
109967
164670
1.19967e+06
3.82353e+06
5.16838e+06
3.06603e+06
872300
369277
1.27844e+06
2.50122e+06
2.14072e+06
978530
1.05466e+06
2.98015e+06
4.84797e+06
3.80689e+06
1.60283e+06
969202
1.55299e+06
1.61489e+06
1.60886e+06
4.32797e+06
9.03155e+06
9.12602e+06
4.58577e+06
1.7295e+06
1.34674e+06
1.47223e+06
2.82948e+06
6.04307e+06
7.32264e+06
5.22849e+06
4.44009e+06
5.13503e+06
4.36048e+06
4.16832e+06
5.19975e+06
4.73756e+06
4.40808e+06
5.55898e+06
6.90022e+06
1.09068e+07
1.48099e+07
1.09712e+07
4.24305e+06
1.74268e+06
4.11114e+06
8.61747e+06
9.47057e+06
6.2953e+06
4.41047e+06
5.63261e+06
9.15051e+06
1.07137e+07
9.27706e+06
9.12686e+06
1.14157e+07
1.53331e+07
1.50622e+07
1.06723e+07
8.5279e+06
9.7377e+06
1.1403e+07
1.00642e+07
8.53996e+06
9.23149e+06
1.09426e+07
9.74791e+06
7.13067e+06
9.52458e+06
1.6309e+07
1.81761e+07
1.43976e+07
1.48556e+07
2.08058e+07
2.30596e+07
1.88743e+07
1.3715e+07
9.34556e+06
6.04754e+06
5.96793e+06
1.24976e+07
1.9563e+07
1.71719e+07
1.30513e+07
1.7738e+07
2.00748e+07
1.83132e+07
1.34401e+07
1.4095e+07
1.5615e+07
1.73102e+07
2.26614e+07
2.02006e+07
1.5043e+07
1.36007e+07
1.38324e+07
1.14518e+07
7.09195e+06
6.74914e+06
9.2035e+06
1.15348e+07
1.5738e+07
1.8475e+07
1.95565e+07
1.98053e+07
1.32039e+07
9.29001e+06
1.14368e+07
1.33825e+07
1.24301e+07
1.12136e+07
8.33327e+06
6.69969e+06
8.59355e+06
1.01195e+07
5.54413e+06
2.18734e+06
4.2941e+06
8.92233e+06
1.21061e+07
1.41238e+07
1.75323e+07
1.54388e+07
8.05162e+06
2.42347e+06
2.65485e+06
5.49721e+06
4.59117e+06
1.38859e+06
761878
1.00626e+06
803554
2.28075e+06
3.35133e+06
5.96763e+06
9.30221e+06
9.56585e+06
6.22938e+06
2.23762e+06
1.55669e+06
1.59941e+06
273430
1755
2
0
12
399
11320
139466
901785
2.84664e+06
4.16257e+06
2.35283e+06
369534
16231
367
0
0
0
0
0
0
61
1462
22116
139602
313910
122913
0
0
0
0
0
0
0
0
0
0
0
0
0
0
0
0
0
0
0
0
0
0
0
0
0
0
0
0
0
0
0
0
0
0
0
0
0
0
0
0
0
0
0
0
0
0
0
0
0
0
0
0
0
0
0
0
0
0
0
0
0
0
0
0
0
0
0
0
0
0
0
0
0
0
0
0
0
0
0
0
0
0
0
0
0
0
0
0
0
0
0
0
0
0
0
0
0
0
0
0
0
0
0
0
0
0
0
0
0
0
0
0
0
0
0
0
0
0
0
0
0
0
0
0
0
0
0
0
0
0
0
0
0
0
0
0
0
0
0
0
0
0
0
0
0
0
0
0
0
0
0
0
0
0
0
0
0
0
0
0
0
0
0
0
0
0
0
0
0
0
0
0
0
0
0
0
0
0
0
0
0
0
0
0
0
0
0
0
0
0
0
0
0
0
0
0
0
0
0
0
