1.2329e+06
0
0
0
0
0
0
0
0
0
0
0
0
0
0
0
0
2539
292219
2.09046e+06
3.04131e+06
1.54775e+06
371739
47976
4701
18777
145322
598805
1.2029e+06
1.12366e+06
492894
112741
169159
1.23245e+06
3.9276e+06
5.30976e+06
3.15048e+06
895571
379004
1.31382e+06
2.56924e+06
2.19959e+06
1.00476e+06
1.08234e+06
3.06124e+06
4.98196e+06
3.91263e+06
1.64517e+06
994730
1.59545e+06
1.65919e+06
1.65232e+06
4.44569e+06
9.27936e+06
9.37685e+06
4.71017e+06
1.77586e+06
1.38319e+06
1.51214e+06
2.90535e+06
6.20927e+06
7.52494e+06
5.37008e+06
4.56092e+06
5.27588e+06
4.47928e+06
4.28172e+06
5.34129e+06
4.86721e+06
4.52748e+06
5.7118e+06
7.08681e+06
1.12047e+07
1.52185e+07
1.12723e+07
4.35578e+06
1.7876e+06
4.22222e+06
8.85616e+06
9.73085e+06
6.46571e+06
4.53026e+06
5.7849e+06
9.4021e+06
1.10068e+07
9.53019e+06
9.374e+06
1.1726e+07
1.57555e+07
1.54746e+07
1.0963e+07
8.75765e+06
1.00051e+07
1.17151e+07
1.03404e+07
8.7702e+06
9.48348e+06
1.12436e+07
1.00147e+07
7.32313e+06
9.78169e+06
1.67575e+07
1.86746e+07
1.47876e+07
1.52585e+07
2.13795e+07
2.36883e+07
1.93918e+07
1.4088e+07
9.60087e+06
6.21012e+06
6.12675e+06
1.28404e+07
2.0102e+07
1.76426e+07
1.34025e+07
1.8222e+07
2.06262e+07
1.88132e+07
1.38057e+07
1.44773e+07
1.60411e+07
1.77814e+07
2.32853e+07
2.07546e+07
1.54499e+07
1.39722e+07
1.42113e+07
1.17638e+07
7.28397e+06
6.93176e+06
9.45633e+06
1.18485e+07
1.61717e+07
1.8978e+07
2.00884e+07
2.03494e+07
1.35655e+07
9.54107e+06
1.17487e+07
1.37485e+07
1.27697e+07
1.15206e+07
8.56124e+06
6.8802e+06
8.82725e+06
1.04004e+07
5.69428e+06
2.24497e+06
4.41026e+06
9.16689e+06
1.24384e+07
1.45069e+07
1.80126e+07
1.58627e+07
8.27165e+06
2.48771e+06
2.72548e+06
5.6491e+06
4.7169e+06
1.42608e+06
782124
1.03455e+06
824540
2.34233e+06
3.44186e+06
6.13049e+06
9.55842e+06
9.82789e+06
6.39956e+06
2.29844e+06
1.59854e+06
1.64354e+06
280770
1810
2
0
12
404
11559
142648
925485
2.92383e+06
4.27832e+06
2.41746e+06
379345
16626
373
0
0
0
0
0
0
61
1485
22623
143181
322605
126493
0
0
0
0
0
0
0
0
0
0
0
0
0
0
0
0
0
0
0
0
0
0
0
0
0
0
0
0
0
0
0
0
0
0
0
0
0
0
0
0
0
0
0
0
0
0
0
0
0
0
0
0
0
0
0
0
0
0
0
0
0
0
0
0
0
0
0
0
0
0
0
0
0
0
0
0
0
0
0
0
0
0
0
0
0
0
0
0
0
0
0
0
0
0
0
0
0
0
0
0
0
0
0
0
0
0
0
0
0
0
0
0
0
0
0
0
0
0
0
0
0
0
0
0
0
0
0
0
0
0
0
0
0
0
0
0
0
0
0
0
0
0
0
0
0
0
0
0
0
0
0
0
0
0
0
0
0
0
0
0
0
0
0
0
0
0
0
0
0
0
0
0
0
0
0
0
0
0
0
0
0
0
0
0
0
0
0
0
0
0
0
0
0
0
0
0
0
0
0
0
