233472
0
0
0
0
0
0
0
0
0
0
0
0
0
0
0
0
547
56020
392520
580627
290522
70488
9375
1014
3436
27551
111176
230437
213993
92145
21222
33501
233635
736617
1.01574e+06
587793
171932
73480
246300
492053
414377
188287
203187
571221
965709
734032
308441
186692
301785
317519
313781
832781
1.76483e+06
1.77824e+06
880768
338294
269157
285853
544249
1.17056e+06
1.44864e+06
1.00055e+06
854965
1.01941e+06
839592
802178
1.02598e+06
914449
848166
1.10531e+06
1.33197e+06
2.09693e+06
2.9266e+06
2.10795e+06
820930
343477
791766
1.68596e+06
1.8595e+06
1.20593e+06
863465
1.08407e+06
1.78149e+06
2.10627e+06
1.77898e+06
1.79506e+06
2.19351e+06
3.00428e+06
2.94077e+06
2.05754e+06
1.6753e+06
1.86876e+06
2.2469e+06
1.93087e+06
1.68062e+06
1.78387e+06
2.14042e+06
1.89518e+06
1.38249e+06
1.8407e+06
3.18471e+06
3.55688e+06
2.78004e+06
2.87088e+06
4.05721e+06
4.51241e+06
3.65099e+06
2.67373e+06
1.81556e+06
1.1833e+06
1.15794e+06
2.40242e+06
3.8647e+06
3.31068e+06
2.52091e+06
3.4404e+06
3.94188e+06
3.54508e+06
2.61348e+06
2.76773e+06
3.02139e+06
3.35547e+06
4.40046e+06
3.96521e+06
2.90915e+06
2.62978e+06
2.72006e+06
2.21464e+06
1.37428e+06
1.32038e+06
1.78225e+06
2.23632e+06
3.0885e+06
3.58803e+06
3.78012e+06
3.88044e+06
2.57254e+06
1.78388e+06
2.23661e+06
2.60847e+06
2.39842e+06
2.20059e+06
1.61392e+06
1.30313e+06
1.674e+06
1.96066e+06
1.08343e+06
422028
830961
1.73209e+06
2.40153e+06
2.70363e+06
3.41014e+06
3.00988e+06
1.57731e+06
468682
513044
1.05808e+06
908331
267434
147284
196256
157873
436546
650102
1.15757e+06
1.81384e+06
1.85457e+06
1.23276e+06
427753
298904
312926
54984
356
0
0
3
102
2383
27026
172393
545713
817139
462624
70707
3096
62
0
0
0
0
0
0
9
322
4291
26375
59927
25812
0
0
0
0
0
0
0
0
0
0
0
0
0
0
0
0
0
0
0
0
0
0
0
0
0
0
0
0
0
0
0
0
0
0
0
0
0
0
0
0
0
0
0
0
0
0
0
0
0
0
0
0
0
0
0
0
0
0
0
0
0
0
0
0
0
0
0
0
0
0
0
0
0
0
0
0
0
0
0
0
0
0
0
0
0
0
0
0
0
0
0
0
0
0
0
0
0
0
0
0
0
0
0
0
0
0
0
0
0
0
0
0
0
0
0
0
0
0
0
0
0
0
0
0
0
0
0
0
0
0
0
0
0
0
0
0
0
0
0
0
0
0
0
0
0
0
0
0
0
0
0
0
0
0
0
0
0
0
0
0
0
0
0
0
0
0
0
0
0
0
0
0
0
0
0
0
0
0
0
0
0
0
0
0
0
0
0
0
0
0
0
0
0
0
0
0
0
0
0
0
