1.08134e+06
0
0
0
0
0
0
0
0
0
0
0
0
0
0
0
0
2230
256372
1.8333e+06
2.66741e+06
1.35708e+06
326613
42128
4105
16674
128148
524550
1.05428e+06
985282
432554
99370
149410
1.08129e+06
3.44344e+06
4.65708e+06
2.76059e+06
787558
333474
1.1523e+06
2.25376e+06
1.92704e+06
882807
951621
2.68493e+06
4.36749e+06
3.42697e+06
1.44569e+06
875241
1.39795e+06
1.45512e+06
1.4527e+06
3.90232e+06
8.13282e+06
8.21644e+06
4.13369e+06
1.56108e+06
1.21551e+06
1.32695e+06
2.5515e+06
5.44087e+06
6.59683e+06
4.71156e+06
4.00195e+06
4.62676e+06
3.9289e+06
3.75481e+06
4.68501e+06
4.27052e+06
3.97066e+06
5.01166e+06
6.22172e+06
9.82141e+06
1.33397e+07
9.87891e+06
3.82997e+06
1.5748e+06
3.70486e+06
7.76258e+06
8.53142e+06
5.67208e+06
3.97664e+06
5.07586e+06
8.2405e+06
9.65524e+06
8.35772e+06
8.22755e+06
1.02843e+07
1.38149e+07
1.3567e+07
9.61805e+06
7.68842e+06
8.77084e+06
1.02751e+07
9.06298e+06
7.70005e+06
8.31818e+06
9.8573e+06
8.78086e+06
6.42998e+06
8.58342e+06
1.46923e+07
1.63766e+07
1.29718e+07
1.33866e+07
1.87464e+07
2.07758e+07
1.70021e+07
1.23604e+07
8.41802e+06
5.45478e+06
5.38554e+06
1.12541e+07
1.76257e+07
1.54651e+07
1.17635e+07
1.59801e+07
1.80918e+07
1.65017e+07
1.21085e+07
1.27046e+07
1.4066e+07
1.55987e+07
2.04186e+07
1.81959e+07
1.35566e+07
1.22494e+07
1.24697e+07
1.03149e+07
6.39424e+06
6.083e+06
8.29274e+06
1.03933e+07
1.41778e+07
1.66424e+07
1.76194e+07
1.78466e+07
1.19039e+07
8.36882e+06
1.0304e+07
1.20548e+07
1.12006e+07
1.01063e+07
7.50765e+06
6.03768e+06
7.74375e+06
9.1098e+06
4.99875e+06
1.97258e+06
3.86811e+06
8.03823e+06
1.09198e+07
1.27254e+07
1.57891e+07
1.39038e+07
7.2585e+06
2.18738e+06
2.39357e+06
4.94807e+06
4.13625e+06
1.25315e+06
687812
905359
726455
2.05356e+06
3.01828e+06
5.37682e+06
8.38279e+06
8.61548e+06
5.61665e+06
2.01615e+06
1.40268e+06
1.43918e+06
246704
1606
2
0
12
369
10450
126157
812398
2.56268e+06
3.75292e+06
2.11952e+06
332546
14687
355
0
0
0
0
0
0
59
1362
20122
125657
282531
110941
0
0
0
0
0
0
0
0
0
0
0
0
0
0
0
0
0
0
0
0
0
0
0
0
0
0
0
0
0
0
0
0
0
0
0
0
0
0
0
0
0
0
0
0
0
0
0
0
0
0
0
0
0
0
0
0
0
0
0
0
0
0
0
0
0
0
0
0
0
0
0
0
0
0
0
0
0
0
0
0
0
0
0
0
0
0
0
0
0
0
0
0
0
0
0
0
0
0
0
0
0
0
0
0
0
0
0
0
0
0
0
0
0
0
0
0
0
0
0
0
0
0
0
0
0
0
0
0
0
0
0
0
0
0
0
0
0
0
0
0
0
0
0
0
0
0
0
0
0
0
0
0
0
0
0
0
0
0
0
0
0
0
0
0
0
0
0
0
0
0
0
0
0
0
0
0
0
0
0
0
0
0
0
0
0
0
0
0
0
0
0
0
0
0
0
0
0
0
0
0
