1.44794e+06
0
0
0
0
0
0
0
0
0
0
0
0
0
0
0
0
2966
342796
2.45514e+06
3.57122e+06
1.81972e+06
436302
55483
5511
21720
169904
702504
1.41565e+06
1.32007e+06
578288
131594
197347
1.4443e+06
4.61482e+06
6.24104e+06
3.7019e+06
1.04864e+06
441487
1.54324e+06
3.01937e+06
2.58494e+06
1.17782e+06
1.26489e+06
3.59575e+06
5.86047e+06
4.59998e+06
1.92491e+06
1.16462e+06
1.87574e+06
1.95029e+06
1.93257e+06
5.21099e+06
1.09126e+07
1.1031e+07
5.52581e+06
2.07628e+06
1.62214e+06
1.77174e+06
3.40638e+06
7.30044e+06
8.84699e+06
6.30124e+06
5.35305e+06
6.20088e+06
5.25932e+06
5.02181e+06
6.27983e+06
5.7156e+06
5.31446e+06
6.7052e+06
8.3159e+06
1.31604e+07
1.78904e+07
1.32562e+07
5.09804e+06
2.08012e+06
4.95386e+06
1.04164e+07
1.14428e+07
7.58665e+06
5.306e+06
6.78479e+06
1.10537e+07
1.2938e+07
1.11922e+07
1.09916e+07
1.37707e+07
1.85149e+07
1.81863e+07
1.28756e+07
1.02702e+07
1.17447e+07
1.37665e+07
1.21493e+07
1.02895e+07
1.11361e+07
1.32136e+07
1.17702e+07
8.58653e+06
1.14651e+07
1.96937e+07
2.19547e+07
1.7355e+07
1.78991e+07
2.51239e+07
2.78412e+07
2.27804e+07
1.65398e+07
1.1272e+07
7.27992e+06
7.16514e+06
1.50854e+07
2.36358e+07
2.07364e+07
1.57015e+07
2.14031e+07
2.42418e+07
2.20997e+07
1.62025e+07
1.69954e+07
1.88365e+07
2.08603e+07
2.73792e+07
2.43877e+07
1.8142e+07
1.64041e+07
1.66903e+07
1.38169e+07
8.54135e+06
8.12696e+06
1.11082e+07
1.39125e+07
1.9003e+07
2.22952e+07
2.35904e+07
2.39124e+07
1.59325e+07
1.1188e+07
1.37984e+07
1.61569e+07
1.49894e+07
1.35271e+07
1.00591e+07
8.07355e+06
1.0365e+07
1.22382e+07
6.68274e+06
2.62254e+06
5.17484e+06
1.07732e+07
1.46038e+07
1.70251e+07
2.11665e+07
1.8649e+07
9.71441e+06
2.9082e+06
3.18897e+06
6.64491e+06
5.54895e+06
1.66975e+06
916144
1.21558e+06
962263
2.74678e+06
4.04228e+06
7.20384e+06
1.12318e+07
1.15503e+07
7.51463e+06
2.69303e+06
1.87502e+06
1.93409e+06
329710
2123
2
0
12
440
13098
165430
1.0814e+06
3.43324e+06
5.03219e+06
2.8422e+06
444073
18935
402
0
0
0
0
0
0
61
1658
25899
167364
379930
149056
0
0
0
0
0
0
0
0
0
0
0
0
0
0
0
0
0
0
0
0
0
0
0
0
0
0
0
0
0
0
0
0
0
0
0
0
0
0
0
0
0
0
0
0
0
0
0
0
0
0
0
0
0
0
0
0
0
0
0
0
0
0
0
0
0
0
0
0
0
0
0
0
0
0
0
0
0
0
0
0
0
0
0
0
0
0
0
0
0
0
0
0
0
0
0
0
0
0
0
0
0
0
0
0
0
0
0
0
0
0
0
0
0
0
0
0
0
0
0
0
0
0
0
0
0
0
0
0
0
0
0
0
0
0
0
0
0
0
0
0
0
0
0
0
0
0
0
0
0
0
0
0
0
0
0
0
0
0
0
0
0
0
0
0
0
0
0
0
0
0
0
0
0
0
0
0
0
0
0
0
0
0
0
0
0
0
0
0
0
0
0
0
0
0
0
0
0
0
0
0
