1.41312e+06
0
0
0
0
0
0
0
0
0
0
0
0
0
0
0
0
2920
334580
2.39607e+06
3.48553e+06
1.77565e+06
425897
54182
5381
21218
165746
685589
1.38157e+06
1.2888e+06
563910
128553
192632
1.40958e+06
4.50425e+06
6.09017e+06
3.61298e+06
1.02366e+06
431194
1.50571e+06
2.94678e+06
2.52323e+06
1.14931e+06
1.23422e+06
3.50848e+06
5.72089e+06
4.48927e+06
1.87857e+06
1.13652e+06
1.83056e+06
1.9028e+06
1.88679e+06
5.08698e+06
1.06487e+07
1.07649e+07
5.39333e+06
2.02602e+06
1.58384e+06
1.72979e+06
3.32339e+06
7.12507e+06
8.63582e+06
6.14805e+06
5.22443e+06
6.05282e+06
5.13258e+06
4.90082e+06
6.12862e+06
5.57813e+06
5.18639e+06
6.54528e+06
8.11531e+06
1.28423e+07
1.74615e+07
1.29371e+07
4.97589e+06
2.03038e+06
4.83449e+06
1.0166e+07
1.1167e+07
7.40446e+06
5.17965e+06
6.62127e+06
1.0788e+07
1.26263e+07
1.0922e+07
1.07292e+07
1.34373e+07
1.80699e+07
1.7751e+07
1.25641e+07
1.00236e+07
1.14637e+07
1.34364e+07
1.18552e+07
1.00411e+07
1.08694e+07
1.28975e+07
1.14867e+07
8.37871e+06
1.11888e+07
1.92225e+07
2.14277e+07
1.69352e+07
1.74676e+07
2.45197e+07
2.71744e+07
2.22318e+07
1.6141e+07
1.10015e+07
7.10639e+06
6.9921e+06
1.47214e+07
2.30709e+07
2.02348e+07
1.53232e+07
2.08907e+07
2.36574e+07
2.15687e+07
1.58127e+07
1.65861e+07
1.83809e+07
2.03606e+07
2.67209e+07
2.3803e+07
1.77053e+07
1.60098e+07
1.629e+07
1.3483e+07
8.33589e+06
7.93168e+06
1.08417e+07
1.35796e+07
1.85451e+07
2.17586e+07
2.30231e+07
2.33376e+07
1.55494e+07
1.09206e+07
1.34653e+07
1.57662e+07
1.46304e+07
1.32029e+07
9.81718e+06
7.87801e+06
1.01166e+07
1.19437e+07
6.52206e+06
2.56032e+06
5.04931e+06
1.05144e+07
1.42527e+07
1.66176e+07
2.06567e+07
1.81986e+07
9.48141e+06
2.83876e+06
3.11274e+06
6.48389e+06
5.41665e+06
1.62935e+06
894382
1.18614e+06
939736
2.68047e+06
3.94486e+06
7.02968e+06
1.09617e+07
1.12724e+07
7.33439e+06
2.6284e+06
1.8301e+06
1.88735e+06
322058
2065
2
0
12
433
12833
161534
1.05522e+06
3.35099e+06
4.91043e+06
2.77424e+06
433435
18549
399
0
0
0
0
0
0
61
1632
25361
163296
370760
145450
0
0
0
0
0
0
0
0
0
0
0
0
0
0
0
0
0
0
0
0
0
0
0
0
0
0
0
0
0
0
0
0
0
0
0
0
0
0
0
0
0
0
0
0
0
0
0
0
0
0
0
0
0
0
0
0
0
0
0
0
0
0
0
0
0
0
0
0
0
0
0
0
0
0
0
0
0
0
0
0
0
0
0
0
0
0
0
0
0
0
0
0
0
0
0
0
0
0
0
0
0
0
0
0
0
0
0
0
0
0
0
0
0
0
0
0
0
0
0
0
0
0
0
0
0
0
0
0
0
0
0
0
0
0
0
0
0
0
0
0
0
0
0
0
0
0
0
0
0
0
0
0
0
0
0
0
0
0
0
0
0
0
0
0
0
0
0
0
0
0
0
0
0
0
0
0
0
0
0
0
0
0
0
0
0
0
0
0
0
0
0
0
0
0
0
0
0
0
0
0
