317440
0
0
0
0
0
0
0
0
0
0
0
0
0
0
0
0
698
75806
535227
787461
395578
96307
12601
1330
4749
38197
151665
311411
290252
126390
28930
45501
320033
1.00217e+06
1.37355e+06
803968
233916
99947
335363
667117
563338
257721
278114
779871
1.30175e+06
1.00085e+06
421680
255403
409704
429572
428360
1.13751e+06
2.39415e+06
2.41343e+06
1.20334e+06
460380
362846
390155
742843
1.59289e+06
1.95809e+06
1.36844e+06
1.16664e+06
1.37554e+06
1.14728e+06
1.09393e+06
1.38855e+06
1.24642e+06
1.15768e+06
1.49069e+06
1.82046e+06
2.86182e+06
3.95276e+06
2.87844e+06
1.11826e+06
466811
1.08013e+06
2.28908e+06
2.52178e+06
1.64678e+06
1.17108e+06
1.48142e+06
2.41944e+06
2.85268e+06
2.42996e+06
2.43343e+06
2.99388e+06
4.07598e+06
3.99336e+06
2.80573e+06
2.27446e+06
2.54975e+06
3.039e+06
2.63815e+06
2.27689e+06
2.43284e+06
2.90346e+06
2.57843e+06
1.88132e+06
2.50929e+06
4.32605e+06
4.8247e+06
3.78685e+06
3.91141e+06
5.51561e+06
6.1236e+06
4.97291e+06
3.63073e+06
2.47096e+06
1.60605e+06
1.57534e+06
3.28056e+06
5.22809e+06
4.5128e+06
3.43611e+06
4.68224e+06
5.34208e+06
4.83107e+06
3.55349e+06
3.74932e+06
4.11536e+06
4.5669e+06
5.99002e+06
5.3751e+06
3.96316e+06
3.58256e+06
3.6826e+06
3.01731e+06
1.87234e+06
1.79269e+06
2.42932e+06
3.04674e+06
4.18229e+06
4.87835e+06
5.14952e+06
5.26632e+06
3.5002e+06
2.43516e+06
3.03373e+06
3.54286e+06
3.2722e+06
2.98345e+06
2.19723e+06
1.77398e+06
2.27583e+06
2.66405e+06
1.47198e+06
576479
1.13156e+06
2.35513e+06
3.24912e+06
3.69572e+06
4.63459e+06
4.08686e+06
2.14034e+06
640307
700056
1.44216e+06
1.22793e+06
364400
201300
266383
214910
596903
884586
1.57419e+06
2.46524e+06
2.52273e+06
1.66782e+06
585389
407715
424079
74354
513
0
0
3
132
3286
37059
235997
744380
1.10821e+06
626603
96989
4193
106
0
0
0
0
0
0
15
415
5804
36111
82031
34344
0
0
0
0
0
0
0
0
0
0
0
0
0
0
0
0
0
0
0
0
0
0
0
0
0
0
0
0
0
0
0
0
0
0
0
0
0
0
0
0
0
0
0
0
0
0
0
0
0
0
0
0
0
0
0
0
0
0
0
0
0
0
0
0
0
0
0
0
0
0
0
0
0
0
0
0
0
0
0
0
0
0
0
0
0
0
0
0
0
0
0
0
0
0
0
0
0
0
0
0
0
0
0
0
0
0
0
0
0
0
0
0
0
0
0
0
0
0
0
0
0
0
0
0
0
0
0
0
0
0
0
0
0
0
0
0
0
0
0
0
0
0
0
0
0
0
0
0
0
0
0
0
0
0
0
0
0
0
0
0
0
0
0
0
0
0
0
0
0
0
0
0
0
0
0
0
0
0
0
0
0
0
0
0
0
0
0
0
0
0
0
0
0
0
0
0
0
0
0
0
