1.14688e+06
0
0
0
0
0
0
0
0
0
0
0
0
0
0
0
0
2359
271880
1.94465e+06
2.82861e+06
1.43972e+06
346258
44636
4394
17698
135464
556894
1.11826e+06
1.04494e+06
458666
105404
157834
1.14707e+06
3.65265e+06
4.93877e+06
2.92917e+06
834483
353316
1.22218e+06
2.39018e+06
2.0444e+06
936210
1.00868e+06
2.84863e+06
4.63126e+06
3.63534e+06
1.53353e+06
927311
1.48337e+06
1.54366e+06
1.53904e+06
4.13744e+06
8.62772e+06
8.71754e+06
4.38344e+06
1.6546e+06
1.28823e+06
1.40704e+06
2.70526e+06
5.77341e+06
6.99577e+06
4.99675e+06
4.24462e+06
4.90631e+06
4.16714e+06
3.9837e+06
4.96798e+06
4.52875e+06
4.21304e+06
5.31331e+06
6.59685e+06
1.04202e+07
1.41485e+07
1.04803e+07
4.05949e+06
1.66878e+06
3.92974e+06
8.23283e+06
9.04855e+06
6.01675e+06
4.21654e+06
5.38363e+06
8.74146e+06
1.02393e+07
8.8651e+06
8.72527e+06
1.09078e+07
1.46516e+07
1.43902e+07
1.0201e+07
8.15182e+06
9.30558e+06
1.08962e+07
9.61444e+06
8.16529e+06
8.82136e+06
1.04545e+07
9.31592e+06
6.81849e+06
9.10365e+06
1.55807e+07
1.73679e+07
1.37621e+07
1.41976e+07
1.98795e+07
2.20359e+07
1.80352e+07
1.31076e+07
8.92986e+06
5.78319e+06
5.70749e+06
1.19394e+07
1.86937e+07
1.64083e+07
1.2475e+07
1.69481e+07
1.9186e+07
1.75011e+07
1.28431e+07
1.34722e+07
1.49201e+07
1.65442e+07
2.16544e+07
1.9303e+07
1.43756e+07
1.29955e+07
1.32202e+07
1.09435e+07
6.77964e+06
6.45058e+06
8.79445e+06
1.10223e+07
1.50405e+07
1.76529e+07
1.86887e+07
1.89255e+07
1.2621e+07
8.87893e+06
1.09282e+07
1.27866e+07
1.18797e+07
1.0716e+07
7.96522e+06
6.40293e+06
8.21132e+06
9.66667e+06
5.30047e+06
2.09209e+06
4.10311e+06
8.5249e+06
1.15736e+07
1.34975e+07
1.67505e+07
1.47509e+07
7.69586e+06
2.31842e+06
2.53728e+06
5.25024e+06
4.38829e+06
1.328e+06
728265
961026
769137
2.17924e+06
3.20294e+06
5.70308e+06
8.8893e+06
9.13874e+06
5.9545e+06
2.1389e+06
1.48724e+06
1.52785e+06
261629
1690
2
0
12
387
10917
133805
861753
2.72e+06
3.97823e+06
2.24726e+06
353617
15578
362
0
0
0
0
0
0
61
1402
21311
133353
299707
117606
0
0
0
0
0
0
0
0
0
0
0
0
0
0
0
0
0
0
0
0
0
0
0
0
0
0
0
0
0
0
0
0
0
0
0
0
0
0
0
0
0
0
0
0
0
0
0
0
0
0
0
0
0
0
0
0
0
0
0
0
0
0
0
0
0
0
0
0
0
0
0
0
0
0
0
0
0
0
0
0
0
0
0
0
0
0
0
0
0
0
0
0
0
0
0
0
0
0
0
0
0
0
0
0
0
0
0
0
0
0
0
0
0
0
0
0
0
0
0
0
0
0
0
0
0
0
0
0
0
0
0
0
0
0
0
0
0
0
0
0
0
0
0
0
0
0
0
0
0
0
0
0
0
0
0
0
0
0
0
0
0
0
0
0
0
0
0
0
0
0
0
0
0
0
0
0
0
0
0
0
0
0
0
0
0
0
0
0
0
0
0
0
0
0
0
0
0
0
0
0
