1.26566e+06
0
0
0
0
0
0
0
0
0
0
0
0
0
0
0
0
2617
299924
2.14592e+06
3.1221e+06
1.58946e+06
381374
49099
4828
19262
149118
614829
1.23494e+06
1.15341e+06
506172
115578
173436
1.2647e+06
4.03252e+06
5.45181e+06
3.23413e+06
918931
388516
1.34848e+06
2.63863e+06
2.2579e+06
1.03108e+06
1.11058e+06
3.14289e+06
5.11462e+06
4.01806e+06
1.68752e+06
1.02058e+06
1.63846e+06
1.7034e+06
1.69508e+06
4.56299e+06
9.52892e+06
9.62721e+06
4.83444e+06
1.82211e+06
1.41931e+06
1.55188e+06
2.98207e+06
6.37522e+06
7.72619e+06
5.51263e+06
4.68087e+06
5.41705e+06
4.59806e+06
4.3942e+06
5.48479e+06
4.99626e+06
4.64769e+06
5.86342e+06
7.27401e+06
1.15035e+07
1.56243e+07
1.15731e+07
4.47058e+06
1.83288e+06
4.33378e+06
9.09258e+06
9.99176e+06
6.63708e+06
4.64922e+06
5.93775e+06
9.65153e+06
1.13011e+07
9.7847e+06
9.62067e+06
1.20381e+07
1.6175e+07
1.58878e+07
1.12537e+07
8.98858e+06
1.02718e+07
1.20265e+07
1.06154e+07
9.00194e+06
9.73595e+06
1.15435e+07
1.02823e+07
7.51487e+06
1.00397e+07
1.72053e+07
1.91734e+07
1.5178e+07
1.56637e+07
2.19492e+07
2.43195e+07
1.99075e+07
1.44611e+07
9.8561e+06
6.37362e+06
6.2863e+06
1.31823e+07
2.064e+07
1.81129e+07
1.37553e+07
1.87055e+07
2.1177e+07
1.93142e+07
1.41722e+07
1.48579e+07
1.64686e+07
1.82509e+07
2.39101e+07
2.13076e+07
1.58589e+07
1.43435e+07
1.45881e+07
1.20755e+07
7.47686e+06
7.11534e+06
9.70716e+06
1.21629e+07
1.66031e+07
1.94859e+07
2.06205e+07
2.08912e+07
1.3926e+07
9.7926e+06
1.2061e+07
1.41153e+07
1.31084e+07
1.18249e+07
8.79069e+06
7.06197e+06
9.06174e+06
1.06799e+07
5.8453e+06
2.30188e+06
4.52749e+06
9.41232e+06
1.27678e+07
1.48897e+07
1.84946e+07
1.62873e+07
8.4904e+06
2.55229e+06
2.79578e+06
5.80071e+06
4.84445e+06
1.46284e+06
802399
1.06212e+06
845394
2.40384e+06
3.53365e+06
6.29378e+06
9.81318e+06
1.00912e+07
6.56958e+06
2.35837e+06
1.64022e+06
1.68794e+06
288304
1857
2
0
12
408
11822
146104
948851
3.00131e+06
4.39343e+06
2.48281e+06
388878
16975
375
0
0
0
0
0
0
61
1504
23106
146740
331612
129809
0
0
0
0
0
0
0
0
0
0
0
0
0
0
0
0
0
0
0
0
0
0
0
0
0
0
0
0
0
0
0
0
0
0
0
0
0
0
0
0
0
0
0
0
0
0
0
0
0
0
0
0
0
0
0
0
0
0
0
0
0
0
0
0
0
0
0
0
0
0
0
0
0
0
0
0
0
0
0
0
0
0
0
0
0
0
0
0
0
0
0
0
0
0
0
0
0
0
0
0
0
0
0
0
0
0
0
0
0
0
0
0
0
0
0
0
0
0
0
0
0
0
0
0
0
0
0
0
0
0
0
0
0
0
0
0
0
0
0
0
0
0
0
0
0
0
0
0
0
0
0
0
0
0
0
0
0
0
0
0
0
0
0
0
0
0
0
0
0
0
0
0
0
0
0
0
0
0
0
0
0
0
0
0
0
0
0
0
0
0
0
0
0
0
0
0
0
0
0
0
