1.37421e+06
0
0
0
0
0
0
0
0
0
0
0
0
0
0
0
0
2840
325517
2.32979e+06
3.39003e+06
1.7263e+06
414062
52931
5221
20733
161411
666850
1.34286e+06
1.25294e+06
548812
125150
187229
1.3718e+06
4.3802e+06
5.92119e+06
3.51275e+06
996100
419976
1.464e+06
2.86614e+06
2.45303e+06
1.11764e+06
1.20236e+06
3.41189e+06
5.56035e+06
4.36457e+06
1.82862e+06
1.10605e+06
1.77965e+06
1.85029e+06
1.83605e+06
4.95033e+06
1.03524e+07
1.04633e+07
5.2463e+06
1.97257e+06
1.54017e+06
1.68332e+06
3.23345e+06
6.92701e+06
8.3948e+06
5.9808e+06
5.08184e+06
5.88444e+06
4.99069e+06
4.76743e+06
5.95967e+06
5.42443e+06
5.04444e+06
6.36494e+06
7.89362e+06
1.24906e+07
1.69743e+07
1.25766e+07
4.84326e+06
1.9789e+06
4.70336e+06
9.88156e+06
1.08556e+07
7.20323e+06
5.03957e+06
6.44088e+06
1.04894e+07
1.22751e+07
1.06219e+07
1.04374e+07
1.30684e+07
1.75684e+07
1.72604e+07
1.22172e+07
9.75072e+06
1.11511e+07
1.30623e+07
1.1527e+07
9.76855e+06
1.05711e+07
1.25372e+07
1.11708e+07
8.15134e+06
1.08853e+07
1.86916e+07
2.0831e+07
1.64701e+07
1.6992e+07
2.38434e+07
2.64199e+07
2.16182e+07
1.56971e+07
1.06993e+07
6.91395e+06
6.80693e+06
1.43152e+07
2.24284e+07
1.96734e+07
1.491e+07
2.03153e+07
2.30026e+07
2.09743e+07
1.53786e+07
1.61289e+07
1.78761e+07
1.98062e+07
2.59783e+07
2.31431e+07
1.72199e+07
1.55698e+07
1.58397e+07
1.31108e+07
8.11004e+06
7.71722e+06
1.0544e+07
1.32067e+07
1.8032e+07
2.11574e+07
2.23892e+07
2.269e+07
1.51219e+07
1.06243e+07
1.30934e+07
1.533e+07
1.42294e+07
1.28395e+07
9.5471e+06
7.66359e+06
9.83748e+06
1.1608e+07
6.34441e+06
2.49438e+06
4.91235e+06
1.02224e+07
1.38582e+07
1.61643e+07
2.00861e+07
1.76914e+07
9.2199e+06
2.76553e+06
3.03e+06
6.302e+06
5.26498e+06
1.58583e+06
870337
1.15348e+06
915337
2.60799e+06
3.83771e+06
6.83456e+06
1.06565e+07
1.09613e+07
7.13146e+06
2.55816e+06
1.78118e+06
1.83364e+06
313001
2022
2
0
12
427
12623
157986
1.02835e+06
3.25827e+06
4.7727e+06
2.69666e+06
422238
18204
398
0
0
0
0
0
0
61
1601
24868
159139
360395
141040
0
0
0
0
0
0
0
0
0
0
0
0
0
0
0
0
0
0
0
0
0
0
0
0
0
0
0
0
0
0
0
0
0
0
0
0
0
0
0
0
0
0
0
0
0
0
0
0
0
0
0
0
0
0
0
0
0
0
0
0
0
0
0
0
0
0
0
0
0
0
0
0
0
0
0
0
0
0
0
0
0
0
0
0
0
0
0
0
0
0
0
0
0
0
0
0
0
0
0
0
0
0
0
0
0
0
0
0
0
0
0
0
0
0
0
0
0
0
0
0
0
0
0
0
0
0
0
0
0
0
0
0
0
0
0
0
0
0
0
0
0
0
0
0
0
0
0
0
0
0
0
0
0
0
0
0
0
0
0
0
0
0
0
0
0
0
0
0
0
0
0
0
0
0
0
0
0
0
0
0
0
0
0
0
0
0
0
0
0
0
0
0
0
0
0
0
0
0
0
0
