743424
0
0
0
0
0
0
0
0
0
0
0
0
0
0
0
0
1545
176882
1.25814e+06
1.83632e+06
932781
223949
28826
2953
11241
88429
359464
726749
676683
296926
68609
103345
743355
2.36304e+06
3.20831e+06
1.89472e+06
540870
230559
790453
1.55223e+06
1.32383e+06
605843
653939
1.84257e+06
3.01211e+06
2.35242e+06
991783
601061
962299
1.00274e+06
997997
2.67613e+06
5.59695e+06
5.65374e+06
2.83393e+06
1.07357e+06
838910
912920
1.74999e+06
3.74115e+06
4.5434e+06
3.23082e+06
2.7487e+06
3.18913e+06
2.69527e+06
2.57964e+06
3.22991e+06
2.93233e+06
2.72394e+06
3.4575e+06
4.27433e+06
6.74092e+06
9.18611e+06
6.78226e+06
2.63062e+06
1.08587e+06
2.54177e+06
5.34152e+06
5.87502e+06
3.89119e+06
2.7359e+06
3.48425e+06
5.66718e+06
6.64669e+06
5.73339e+06
5.6664e+06
7.05717e+06
9.50735e+06
9.33636e+06
6.59806e+06
5.29321e+06
6.02107e+06
7.0736e+06
6.22176e+06
5.3052e+06
5.71074e+06
6.77928e+06
6.04016e+06
4.4141e+06
5.89459e+06
1.01161e+07
1.12689e+07
8.9007e+06
9.19173e+06
1.28989e+07
1.42941e+07
1.16777e+07
8.50314e+06
5.78778e+06
3.75065e+06
3.69536e+06
7.72734e+06
1.21474e+07
1.06209e+07
8.07316e+06
1.09844e+07
1.24528e+07
1.13398e+07
8.32534e+06
8.74342e+06
9.66729e+06
1.0712e+07
1.40372e+07
1.25252e+07
9.31265e+06
8.4145e+06
8.58796e+06
7.08702e+06
4.38962e+06
4.18212e+06
5.69789e+06
7.14046e+06
9.75944e+06
1.14495e+07
1.20938e+07
1.22844e+07
8.18551e+06
5.74199e+06
7.0913e+06
8.29163e+06
7.68857e+06
6.95396e+06
5.16128e+06
4.15086e+06
5.32358e+06
6.26123e+06
3.43893e+06
1.3516e+06
2.65614e+06
5.5278e+06
7.52614e+06
8.72825e+06
1.08597e+07
9.56171e+06
4.99487e+06
1.50085e+06
1.63998e+06
3.39828e+06
2.85381e+06
859881
472088
622250
497008
1.40692e+06
2.07574e+06
3.69518e+06
5.77129e+06
5.91834e+06
3.87149e+06
1.3822e+06
959868
991364
171577
1156
0
0
12
280
7215
86023
553209
1.75582e+06
2.58709e+06
1.46318e+06
227902
9830
251
0
0
0
0
0
0
53
842
13647
85509
194094
77567
0
0
0
0
0
0
0
0
0
0
0
0
0
0
0
0
0
0
0
0
0
0
0
0
0
0
0
0
0
0
0
0
0
0
0
0
0
0
0
0
0
0
0
0
0
0
0
0
0
0
0
0
0
0
0
0
0
0
0
0
0
0
0
0
0
0
0
0
0
0
0
0
0
0
0
0
0
0
0
0
0
0
0
0
0
0
0
0
0
0
0
0
0
0
0
0
0
0
0
0
0
0
0
0
0
0
0
0
0
0
0
0
0
0
0
0
0
0
0
0
0
0
0
0
0
0
0
0
0
0
0
0
0
0
0
0
0
0
0
0
0
0
0
0
0
0
0
0
0
0
0
0
0
0
0
0
0
0
0
0
0
0
0
0
0
0
0
0
0
0
0
0
0
0
0
0
0
0
0
0
0
0
0
0
0
0
0
0
0
0
0
0
0
0
0
0
0
0
0
0
