1.98451e+06
0
0
0
0
0
0
0
0
0
0
0
0
0
0
0
2
3969
469646
3.36624e+06
4.8927e+06
2.49452e+06
598141
76399
7525
30105
232952
964076
1.93758e+06
1.80895e+06
793794
180227
271876
1.98295e+06
6.32706e+06
8.54026e+06
5.07712e+06
1.43961e+06
608185
2.11506e+06
4.13542e+06
3.54172e+06
1.61829e+06
1.73823e+06
4.93288e+06
8.01028e+06
6.30814e+06
2.64404e+06
1.59935e+06
2.56762e+06
2.67261e+06
2.65396e+06
7.15458e+06
1.49401e+07
1.51072e+07
7.58146e+06
2.85396e+06
2.21972e+06
2.42729e+06
4.67521e+06
1.00073e+07
1.21092e+07
8.64836e+06
7.3426e+06
8.47876e+06
7.21325e+06
6.89e+06
8.59968e+06
7.8424e+06
7.2873e+06
9.18192e+06
1.14217e+07
1.805e+07
2.44621e+07
1.81629e+07
7.00694e+06
2.86626e+06
6.80369e+06
1.4265e+07
1.56579e+07
1.04069e+07
7.28233e+06
9.30631e+06
1.51459e+07
1.77179e+07
1.53611e+07
1.50654e+07
1.88838e+07
2.53491e+07
2.49112e+07
1.7662e+07
1.4083e+07
1.61189e+07
1.88298e+07
1.66556e+07
1.4113e+07
1.52763e+07
1.80884e+07
1.61144e+07
1.17983e+07
1.57427e+07
2.69752e+07
3.0049e+07
2.38201e+07
2.45685e+07
3.44114e+07
3.81009e+07
3.12385e+07
2.2667e+07
1.5453e+07
9.98539e+06
9.87469e+06
2.07037e+07
3.22903e+07
2.84052e+07
2.16041e+07
2.93364e+07
3.31742e+07
3.02907e+07
2.22432e+07
2.32929e+07
2.58313e+07
2.8624e+07
3.74874e+07
3.33728e+07
2.48772e+07
2.25014e+07
2.28497e+07
1.8948e+07
1.17362e+07
1.11563e+07
1.5237e+07
1.90673e+07
2.59955e+07
3.05428e+07
3.23665e+07
3.27392e+07
2.18269e+07
1.53796e+07
1.89122e+07
2.21261e+07
2.05742e+07
1.85198e+07
1.37814e+07
1.10899e+07
1.41979e+07
1.67324e+07
9.15757e+06
3.61682e+06
7.10622e+06
1.47608e+07
2.00072e+07
2.33874e+07
2.89955e+07
2.55132e+07
1.32977e+07
4.00928e+06
4.40093e+06
9.09574e+06
7.57265e+06
2.29701e+06
1.26117e+06
1.66408e+06
1.32671e+06
3.76965e+06
5.53561e+06
9.8752e+06
1.54109e+07
1.58242e+07
1.02713e+07
3.70084e+06
2.57703e+06
2.63916e+06
450587
2956
2
0
13
636
17787
228077
1.48956e+06
4.70838e+06
6.88905e+06
3.88945e+06
611408
25720
530
3
0
0
0
0
0
82
2298
35233
229935
520966
203742
0
0
0
0
0
0
0
0
0
0
0
0
0
0
0
0
0
0
0
0
0
0
0
0
0
0
0
0
0
0
0
0
0
0
0
0
0
0
0
0
0
0
0
0
0
0
0
0
0
0
0
0
0
0
0
0
0
0
0
0
0
0
0
0
0
0
0
0
0
0
0
0
0
0
0
0
0
0
0
0
0
0
0
0
0
0
0
0
0
0
0
0
0
0
0
0
0
0
0
0
0
0
0
0
0
0
0
0
0
0
0
0
0
0
0
0
0
0
0
0
0
0
0
0
0
0
0
0
0
0
0
0
0
0
0
0
0
0
0
0
0
0
0
0
0
0
0
0
0
0
0
0
0
0
0
0
0
0
0
0
0
0
0
0
0
0
0
0
0
0
0
0
0
0
0
0
0
0
0
0
0
0
0
0
0
0
0
0
0
0
0
0
0
0
0
0
0
0
0
0
