634880
0
0
0
0
0
0
0
0
0
0
0
0
0
0
0
0
1311
151166
1.07386e+06
1.56942e+06
795509
191417
24763
2561
9466
75579
307398
620101
578082
253411
58818
88960
635555
2.01624e+06
2.73999e+06
1.61607e+06
463530
197829
674971
1.32577e+06
1.12923e+06
518022
558560
1.57138e+06
2.57647e+06
2.00781e+06
846230
513531
821060
857747
852479
2.28523e+06
4.77808e+06
4.82855e+06
2.41896e+06
917583
717929
780028
1.4937e+06
3.1937e+06
3.88278e+06
2.75698e+06
2.34683e+06
2.72518e+06
2.30064e+06
2.20196e+06
2.76042e+06
2.50463e+06
2.3228e+06
2.95707e+06
3.65201e+06
5.75355e+06
7.84496e+06
5.78788e+06
2.24742e+06
929880
2.16954e+06
4.56271e+06
5.01945e+06
3.32029e+06
2.33797e+06
2.97287e+06
4.83852e+06
5.6808e+06
4.89346e+06
4.84465e+06
6.0202e+06
8.11952e+06
7.97655e+06
5.63294e+06
4.524e+06
5.13714e+06
6.04434e+06
5.30825e+06
4.53459e+06
4.87137e+06
5.7949e+06
5.15896e+06
3.76939e+06
5.03371e+06
8.64207e+06
9.62102e+06
7.60087e+06
7.8469e+06
1.10166e+07
1.22072e+07
9.97137e+06
7.26219e+06
4.94223e+06
3.20581e+06
3.15794e+06
6.5922e+06
1.03832e+07
9.06488e+06
6.89384e+06
9.37718e+06
1.06418e+07
9.67812e+06
7.11168e+06
7.47113e+06
8.25417e+06
9.14602e+06
1.19842e+07
1.07047e+07
7.9479e+06
7.18267e+06
7.33839e+06
6.05098e+06
3.74858e+06
3.57192e+06
4.86604e+06
6.09793e+06
8.33769e+06
9.77376e+06
1.0323e+07
1.04993e+07
6.9913e+06
4.90001e+06
6.05762e+06
7.08159e+06
6.56252e+06
5.94297e+06
4.4045e+06
3.54654e+06
4.54657e+06
5.34244e+06
2.93963e+06
1.15515e+06
2.26612e+06
4.71942e+06
6.43646e+06
7.44668e+06
9.27219e+06
8.16751e+06
4.26796e+06
1.281e+06
1.40015e+06
2.89976e+06
2.4396e+06
733609
403202
531176
425151
1.20115e+06
1.77351e+06
3.15424e+06
4.92975e+06
5.05163e+06
3.30971e+06
1.17936e+06
819111
846206
147192
1008
0
0
12
263
6181
73554
472014
1.49883e+06
2.21075e+06
1.24957e+06
194105
8423
213
0
0
0
0
0
0
37
732
11618
72466
165747
66840
0
0
0
0
0
0
0
0
0
0
0
0
0
0
0
0
0
0
0
0
0
0
0
0
0
0
0
0
0
0
0
0
0
0
0
0
0
0
0
0
0
0
0
0
0
0
0
0
0
0
0
0
0
0
0
0
0
0
0
0
0
0
0
0
0
0
0
0
0
0
0
0
0
0
0
0
0
0
0
0
0
0
0
0
0
0
0
0
0
0
0
0
0
0
0
0
0
0
0
0
0
0
0
0
0
0
0
0
0
0
0
0
0
0
0
0
0
0
0
0
0
0
0
0
0
0
0
0
0
0
0
0
0
0
0
0
0
0
0
0
0
0
0
0
0
0
0
0
0
0
0
0
0
0
0
0
0
0
0
0
0
0
0
0
0
0
0
0
0
0
0
0
0
0
0
0
0
0
0
0
0
0
0
0
0
0
0
0
0
0
0
0
0
0
0
0
0
0
0
0
