1.92512e+06
0
0
0
0
0
0
0
0
0
0
0
0
0
0
0
2
3870
455409
3.26598e+06
4.7454e+06
2.42053e+06
580269
74013
7260
29205
226195
935163
1.87912e+06
1.7551e+06
770014
174952
263818
1.92335e+06
6.13754e+06
8.28385e+06
4.92661e+06
1.39664e+06
589354
2.05162e+06
4.01194e+06
3.4359e+06
1.57025e+06
1.68609e+06
4.7845e+06
7.7707e+06
6.11911e+06
2.56518e+06
1.55218e+06
2.4904e+06
2.59243e+06
2.57446e+06
6.94052e+06
1.44922e+07
1.4656e+07
7.35505e+06
2.76809e+06
2.15354e+06
2.35559e+06
4.53439e+06
9.70678e+06
1.17468e+07
8.38975e+06
7.12308e+06
8.22526e+06
6.99666e+06
6.68467e+06
8.34302e+06
7.6067e+06
7.06814e+06
8.90963e+06
1.10793e+07
1.75089e+07
2.37292e+07
1.7618e+07
6.80049e+06
2.78088e+06
6.59929e+06
1.38366e+07
1.51895e+07
1.00947e+07
7.06546e+06
9.02865e+06
1.46918e+07
1.71889e+07
1.49017e+07
1.46135e+07
1.83182e+07
2.45901e+07
2.41648e+07
1.71333e+07
1.36643e+07
1.56326e+07
1.8269e+07
1.61578e+07
1.369e+07
1.48196e+07
1.75463e+07
1.5631e+07
1.14464e+07
1.52726e+07
2.61661e+07
2.91498e+07
2.31096e+07
2.38308e+07
3.3382e+07
3.69589e+07
3.03053e+07
2.19895e+07
1.49901e+07
9.68573e+06
9.57937e+06
2.00834e+07
3.13262e+07
2.75551e+07
2.09579e+07
2.84566e+07
3.2181e+07
2.93829e+07
2.15767e+07
2.25988e+07
2.50578e+07
2.7768e+07
3.63636e+07
3.23731e+07
2.41334e+07
2.18322e+07
2.21631e+07
1.8379e+07
1.13858e+07
1.08231e+07
1.47801e+07
1.84971e+07
2.52175e+07
2.96298e+07
3.13969e+07
3.17604e+07
2.11741e+07
1.49178e+07
1.83443e+07
2.14659e+07
1.99591e+07
1.79656e+07
1.33688e+07
1.07575e+07
1.37739e+07
1.62318e+07
8.88271e+06
3.50936e+06
6.8936e+06
1.43171e+07
1.94101e+07
2.26864e+07
2.81246e+07
2.4752e+07
1.29016e+07
3.88902e+06
4.26858e+06
8.8224e+06
7.3479e+06
2.22798e+06
1.22385e+06
1.61403e+06
1.28721e+06
3.65608e+06
5.37037e+06
9.58024e+06
1.49457e+07
1.53517e+07
9.96674e+06
3.58948e+06
2.49981e+06
2.56021e+06
437053
2865
2
0
13
609
17286
221039
1.44502e+06
4.567e+06
6.68285e+06
3.77389e+06
592860
25004
515
3
0
0
0
0
0
72
2207
34160
223082
505571
197468
0
0
0
0
0
0
0
0
0
0
0
0
0
0
0
0
0
0
0
0
0
0
0
0
0
0
0
0
0
0
0
0
0
0
0
0
0
0
0
0
0
0
0
0
0
0
0
0
0
0
0
0
0
0
0
0
0
0
0
0
0
0
0
0
0
0
0
0
0
0
0
0
0
0
0
0
0
0
0
0
0
0
0
0
0
0
0
0
0
0
0
0
0
0
0
0
0
0
0
0
0
0
0
0
0
0
0
0
0
0
0
0
0
0
0
0
0
0
0
0
0
0
0
0
0
0
0
0
0
0
0
0
0
0
0
0
0
0
0
0
0
0
0
0
0
0
0
0
0
0
0
0
0
0
0
0
0
0
0
0
0
0
0
0
0
0
0
0
0
0
0
0
0
0
0
0
0
0
0
0
0
0
0
0
0
0
0
0
0
0
0
0
0
0
0
0
0
0
0
0
