1.06086e+06
0
0
0
0
0
0
0
0
0
0
0
0
0
0
0
0
2186
251606
1.79877e+06
2.61641e+06
1.33138e+06
320521
41421
4039
16346
125842
514706
1.03423e+06
966095
424663
97563
146851
1.06129e+06
3.37809e+06
4.56765e+06
2.70808e+06
773156
327718
1.13054e+06
2.21065e+06
1.89048e+06
866364
934459
2.63374e+06
4.2838e+06
3.36115e+06
1.41921e+06
859353
1.37141e+06
1.42729e+06
1.4264e+06
3.82913e+06
7.97711e+06
8.0583e+06
4.05628e+06
1.53279e+06
1.19275e+06
1.30227e+06
2.50453e+06
5.33619e+06
6.4706e+06
4.6228e+06
3.92754e+06
4.53732e+06
3.85473e+06
3.68544e+06
4.59524e+06
4.1893e+06
3.89604e+06
4.91711e+06
6.10578e+06
9.63508e+06
1.30823e+07
9.69028e+06
3.76042e+06
1.5473e+06
3.63631e+06
7.6129e+06
8.36785e+06
5.56529e+06
3.90282e+06
4.98227e+06
8.08187e+06
9.4702e+06
8.20157e+06
8.07331e+06
1.00892e+07
1.35513e+07
1.33082e+07
9.43689e+06
7.54523e+06
8.60441e+06
1.00783e+07
8.8918e+06
7.55576e+06
8.16189e+06
9.66738e+06
8.61377e+06
6.31153e+06
8.42459e+06
1.44104e+07
1.60624e+07
1.27281e+07
1.31375e+07
1.83892e+07
2.0378e+07
1.66796e+07
1.21275e+07
8.25931e+06
5.35268e+06
5.28746e+06
1.10419e+07
1.72859e+07
1.51706e+07
1.15476e+07
1.56768e+07
1.77452e+07
1.61882e+07
1.18813e+07
1.24644e+07
1.38009e+07
1.53077e+07
2.00259e+07
1.78477e+07
1.33021e+07
1.20189e+07
1.22323e+07
1.01188e+07
6.27585e+06
5.96936e+06
8.13601e+06
1.01973e+07
1.39064e+07
1.6325e+07
1.72877e+07
1.75051e+07
1.168e+07
8.21265e+06
1.01086e+07
1.18253e+07
1.09885e+07
9.91499e+06
7.36517e+06
5.92491e+06
7.59702e+06
8.93458e+06
4.90445e+06
1.93697e+06
3.79626e+06
7.88457e+06
1.07133e+07
1.24863e+07
1.54886e+07
1.36365e+07
7.12144e+06
2.14809e+06
2.35039e+06
4.85217e+06
4.0566e+06
1.23029e+06
675112
888007
713657
2.01508e+06
2.96154e+06
5.27544e+06
8.22291e+06
8.45069e+06
5.51003e+06
1.97869e+06
1.37712e+06
1.41056e+06
242102
1583
2
0
12
365
10338
124210
797714
2.51438e+06
3.68036e+06
2.07921e+06
326403
14437
345
0
0
0
0
0
0
59
1339
19750
123472
277137
108675
0
0
0
0
0
0
0
0
0
0
0
0
0
0
0
0
0
0
0
0
0
0
0
0
0
0
0
0
0
0
0
0
0
0
0
0
0
0
0
0
0
0
0
0
0
0
0
0
0
0
0
0
0
0
0
0
0
0
0
0
0
0
0
0
0
0
0
0
0
0
0
0
0
0
0
0
0
0
0
0
0
0
0
0
0
0
0
0
0
0
0
0
0
0
0
0
0
0
0
0
0
0
0
0
0
0
0
0
0
0
0
0
0
0
0
0
0
0
0
0
0
0
0
0
0
0
0
0
0
0
0
0
0
0
0
0
0
0
0
0
0
0
0
0
0
0
0
0
0
0
0
0
0
0
0
0
0
0
0
0
0
0
0
0
0
0
0
0
0
0
0
0
0
0
0
0
0
0
0
0
0
0
0
0
0
0
0
0
0
0
0
0
0
0
0
0
0
0
0
0
