1.09978e+06
0
0
0
0
0
0
0
0
0
0
0
0
0
0
0
0
2271
260648
1.8649e+06
2.71268e+06
1.3802e+06
332064
42863
4205
16947
130232
533734
1.07219e+06
1.00199e+06
439923
101105
151697
1.09966e+06
3.50278e+06
4.73602e+06
2.80792e+06
800915
338896
1.17209e+06
2.29214e+06
1.96018e+06
897464
967711
2.73118e+06
4.44189e+06
3.48509e+06
1.47051e+06
889955
1.42218e+06
1.4798e+06
1.47665e+06
3.96848e+06
8.27223e+06
8.35806e+06
4.20344e+06
1.58724e+06
1.23605e+06
1.34918e+06
2.59464e+06
5.53497e+06
6.70869e+06
4.79171e+06
4.07056e+06
4.70568e+06
3.99547e+06
3.81884e+06
4.76491e+06
4.34325e+06
4.03897e+06
5.09622e+06
6.32614e+06
9.99073e+06
1.35679e+07
1.00488e+07
3.89353e+06
1.60044e+06
3.76806e+06
7.89539e+06
8.67748e+06
5.76866e+06
4.04378e+06
5.16199e+06
8.38193e+06
9.81914e+06
8.50105e+06
8.36658e+06
1.04596e+07
1.40512e+07
1.37992e+07
9.78198e+06
7.8175e+06
8.92114e+06
1.04505e+07
9.21862e+06
7.83026e+06
8.45959e+06
1.00259e+07
8.93068e+06
6.53852e+06
8.72878e+06
1.49428e+07
1.66586e+07
1.31922e+07
1.36123e+07
1.90667e+07
2.1132e+07
1.72928e+07
1.25703e+07
8.56175e+06
5.54619e+06
5.47496e+06
1.14474e+07
1.79276e+07
1.57298e+07
1.1962e+07
1.62524e+07
1.84002e+07
1.6784e+07
1.23145e+07
1.292e+07
1.43069e+07
1.58636e+07
2.0767e+07
1.85079e+07
1.37868e+07
1.24591e+07
1.26807e+07
1.04923e+07
6.50183e+06
6.18588e+06
8.43355e+06
1.05693e+07
1.44217e+07
1.69264e+07
1.79211e+07
1.81512e+07
1.21047e+07
8.51107e+06
1.04802e+07
1.22608e+07
1.13913e+07
1.02783e+07
7.63553e+06
6.14046e+06
7.87493e+06
9.26802e+06
5.08315e+06
2.00524e+06
3.93337e+06
8.17574e+06
1.1104e+07
1.29414e+07
1.60612e+07
1.4143e+07
7.38097e+06
2.22353e+06
2.43315e+06
5.03369e+06
4.20783e+06
1.27373e+06
699313
921005
738389
2.08874e+06
3.06942e+06
5.46861e+06
8.52606e+06
8.7626e+06
5.7125e+06
2.05015e+06
1.4263e+06
1.46431e+06
250868
1614
2
0
12
375
10583
128166
825946
2.60693e+06
3.8166e+06
2.15567e+06
338441
14906
355
0
0
0
0
0
0
61
1373
20440
127769
287451
112794
0
0
0
0
0
0
0
0
0
0
0
0
0
0
0
0
0
0
0
0
0
0
0
0
0
0
0
0
0
0
0
0
0
0
0
0
0
0
0
0
0
0
0
0
0
0
0
0
0
0
0
0
0
0
0
0
0
0
0
0
0
0
0
0
0
0
0
0
0
0
0
0
0
0
0
0
0
0
0
0
0
0
0
0
0
0
0
0
0
0
0
0
0
0
0
0
0
0
0
0
0
0
0
0
0
0
0
0
0
0
0
0
0
0
0
0
0
0
0
0
0
0
0
0
0
0
0
0
0
0
0
0
0
0
0
0
0
0
0
0
0
0
0
0
0
0
0
0
0
0
0
0
0
0
0
0
0
0
0
0
0
0
0
0
0
0
0
0
0
0
0
0
0
0
0
0
0
0
0
0
0
0
0
0
0
0
0
0
0
0
0
0
0
0
0
0
0
0
0
0
