530432
0
0
0
0
0
0
0
0
0
0
0
0
0
0
0
0
1097
126530
896136
1.31224e+06
664416
160023
20612
2120
7735
63335
257030
517556
483399
212025
48756
74528
531532
1.6827e+06
2.29126e+06
1.34829e+06
388014
165528
563185
1.10862e+06
943823
432000
465749
1.31195e+06
2.15567e+06
1.67801e+06
706499
427494
686583
716752
713348
1.90575e+06
3.99498e+06
4.0351e+06
2.01842e+06
766254
600969
652329
1.24633e+06
2.66713e+06
3.24951e+06
2.30065e+06
1.95828e+06
2.27996e+06
1.92034e+06
1.83745e+06
2.31066e+06
2.09179e+06
1.93696e+06
2.47651e+06
3.05044e+06
4.79997e+06
6.56363e+06
4.83175e+06
1.87522e+06
777215
1.8118e+06
3.81534e+06
4.1978e+06
2.76912e+06
1.95247e+06
2.48081e+06
4.04427e+06
4.75319e+06
4.08085e+06
4.05083e+06
5.0236e+06
6.79069e+06
6.6673e+06
4.70058e+06
3.78571e+06
4.28564e+06
5.05406e+06
4.42858e+06
3.79433e+06
4.06698e+06
4.84445e+06
4.3093e+06
3.14848e+06
4.20104e+06
7.22167e+06
8.04945e+06
6.34241e+06
6.55033e+06
9.20853e+06
1.02051e+07
8.32698e+06
6.06664e+06
4.12864e+06
2.6806e+06
2.63697e+06
5.50068e+06
8.68797e+06
7.56598e+06
5.75552e+06
7.83334e+06
8.89942e+06
8.08387e+06
5.93759e+06
6.24927e+06
6.89306e+06
7.63754e+06
1.00146e+07
8.94982e+06
6.63364e+06
6.00051e+06
6.13605e+06
5.05223e+06
3.13104e+06
2.98753e+06
4.06383e+06
5.09156e+06
6.96997e+06
8.16656e+06
8.62158e+06
8.77987e+06
5.83941e+06
4.08861e+06
5.06236e+06
5.91782e+06
5.47929e+06
4.97062e+06
3.67657e+06
2.96265e+06
3.79994e+06
4.46331e+06
2.45521e+06
963750
1.89049e+06
3.94367e+06
5.38995e+06
6.21394e+06
7.74535e+06
6.82263e+06
3.56893e+06
1.06972e+06
1.16832e+06
2.42114e+06
2.04161e+06
612017
336638
443557
356138
1.00238e+06
1.47979e+06
2.63462e+06
4.12175e+06
4.21723e+06
2.77003e+06
983984
683490
707573
123038
849
0
0
8
212
5243
61004
394044
1.25051e+06
1.84769e+06
1.04597e+06
162009
7030
162
0
0
0
0
0
0
27
616
9606
60130
138242
56595
0
0
0
0
0
0
0
0
0
0
0
0
0
0
0
0
0
0
0
0
0
0
0
0
0
0
0
0
0
0
0
0
0
0
0
0
0
0
0
0
0
0
0
0
0
0
0
0
0
0
0
0
0
0
0
0
0
0
0
0
0
0
0
0
0
0
0
0
0
0
0
0
0
0
0
0
0
0
0
0
0
0
0
0
0
0
0
0
0
0
0
0
0
0
0
0
0
0
0
0
0
0
0
0
0
0
0
0
0
0
0
0
0
0
0
0
0
0
0
0
0
0
0
0
0
0
0
0
0
0
0
0
0
0
0
0
0
0
0
0
0
0
0
0
0
0
0
0
0
0
0
0
0
0
0
0
0
0
0
0
0
0
0
0
0
0
0
0
0
0
0
0
0
0
0
0
0
0
0
0
0
0
0
0
0
0
0
0
0
0
0
0
0
0
0
0
0
0
0
0
