2.04186e+06
0
0
0
0
0
0
0
0
0
0
0
0
0
0
0
2
4107
482898
3.46409e+06
5.03347e+06
2.56728e+06
615067
78533
7812
31065
239744
991825
1.99323e+06
1.86129e+06
816910
185591
279670
2.04024e+06
6.5098e+06
8.78704e+06
5.22352e+06
1.48166e+06
625734
2.17664e+06
4.25349e+06
3.64495e+06
1.66536e+06
1.78847e+06
5.07401e+06
8.24288e+06
6.49112e+06
2.71962e+06
1.64585e+06
2.6414e+06
2.7502e+06
2.73086e+06
7.36242e+06
1.53688e+07
1.5544e+07
7.80201e+06
2.93631e+06
2.2836e+06
2.49801e+06
4.80952e+06
1.02968e+07
1.24594e+07
8.89896e+06
7.55325e+06
8.72384e+06
7.4232e+06
7.08816e+06
8.84847e+06
8.06788e+06
7.49903e+06
9.44587e+06
1.17532e+07
1.85703e+07
2.5168e+07
1.86902e+07
7.20961e+06
2.94793e+06
6.99922e+06
1.46783e+07
1.61111e+07
1.07079e+07
7.4923e+06
9.57468e+06
1.55825e+07
1.82301e+07
1.58066e+07
1.54991e+07
1.9431e+07
2.60802e+07
2.56311e+07
1.81745e+07
1.44894e+07
1.65845e+07
1.93708e+07
1.71401e+07
1.45201e+07
1.5716e+07
1.86123e+07
1.65818e+07
1.21398e+07
1.61967e+07
2.77517e+07
3.09183e+07
2.45097e+07
2.52789e+07
3.54028e+07
3.92037e+07
3.21421e+07
2.33209e+07
1.58995e+07
1.02754e+07
1.01591e+07
2.13018e+07
3.32219e+07
2.92281e+07
2.22285e+07
3.01837e+07
3.41325e+07
3.11657e+07
2.28882e+07
2.39637e+07
2.65774e+07
2.94541e+07
3.85687e+07
3.43352e+07
2.55961e+07
2.31545e+07
2.35079e+07
1.94976e+07
1.20746e+07
1.14786e+07
1.56761e+07
1.96169e+07
2.67476e+07
3.14254e+07
3.33032e+07
3.36838e+07
2.24582e+07
1.58242e+07
1.9458e+07
2.27666e+07
2.11692e+07
1.90542e+07
1.4179e+07
1.14101e+07
1.46075e+07
1.72189e+07
9.42044e+06
3.7208e+06
7.31088e+06
1.51885e+07
2.05843e+07
2.40636e+07
2.98341e+07
2.62526e+07
1.36805e+07
4.12383e+06
4.52797e+06
9.36071e+06
7.79058e+06
2.36257e+06
1.29747e+06
1.7118e+06
1.36515e+06
3.87844e+06
5.69503e+06
1.01627e+07
1.58564e+07
1.62813e+07
1.05672e+07
3.80786e+06
2.65038e+06
2.71648e+06
463627
3035
2
0
13
652
18228
234498
1.53299e+06
4.84417e+06
7.08843e+06
4.00187e+06
628851
26461
537
3
0
0
0
0
0
88
2341
36250
236592
536080
209577
0
0
0
0
0
0
0
0
0
0
0
0
0
0
0
0
0
0
0
0
0
0
0
0
0
0
0
0
0
0
0
0
0
0
0
0
0
0
0
0
0
0
0
0
0
0
0
0
0
0
0
0
0
0
0
0
0
0
0
0
0
0
0
0
0
0
0
0
0
0
0
0
0
0
0
0
0
0
0
0
0
0
0
0
0
0
0
0
0
0
0
0
0
0
0
0
0
0
0
0
0
0
0
0
0
0
0
0
0
0
0
0
0
0
0
0
0
0
0
0
0
0
0
0
0
0
0
0
0
0
0
0
0
0
0
0
0
0
0
0
0
0
0
0
0
0
0
0
0
0
0
0
0
0
0
0
0
0
0
0
0
0
0
0
0
0
0
0
0
0
0
0
0
0
0
0
0
0
0
0
0
0
0
0
0
0
0
0
0
0
0
0
0
0
0
0
0
0
0
0
