1.95584e+06
0
0
0
0
0
0
0
0
0
0
0
0
0
0
0
2
3920
462761
3.3176e+06
4.82214e+06
2.45851e+06
589410
75347
7397
29689
229641
950105
1.90936e+06
1.78308e+06
782174
177696
267923
1.95412e+06
6.23537e+06
8.41694e+06
5.00465e+06
1.41859e+06
598811
2.08432e+06
4.07654e+06
3.49056e+06
1.59492e+06
1.71254e+06
4.86084e+06
7.89597e+06
6.21716e+06
2.60506e+06
1.57664e+06
2.53054e+06
2.63365e+06
2.61508e+06
7.05036e+06
1.47258e+07
1.48908e+07
7.47054e+06
2.81183e+06
2.18836e+06
2.39207e+06
4.60633e+06
9.86316e+06
1.19357e+07
8.52247e+06
7.23595e+06
8.35793e+06
7.10787e+06
6.79026e+06
8.47695e+06
7.72799e+06
7.1809e+06
9.05097e+06
1.1255e+07
1.77893e+07
2.41115e+07
1.78998e+07
6.90539e+06
2.82399e+06
6.70399e+06
1.406e+07
1.54336e+07
1.02551e+07
7.17628e+06
9.1714e+06
1.49283e+07
1.74637e+07
1.51381e+07
1.48464e+07
1.86104e+07
2.49837e+07
2.45532e+07
1.74046e+07
1.3881e+07
1.58831e+07
1.85605e+07
1.64152e+07
1.39078e+07
1.5056e+07
1.78272e+07
1.58826e+07
1.1626e+07
1.55142e+07
2.65874e+07
2.96162e+07
2.34754e+07
2.42103e+07
3.39162e+07
3.75514e+07
3.07873e+07
2.23403e+07
1.523e+07
9.83948e+06
9.72947e+06
2.0403e+07
3.18301e+07
2.79954e+07
2.12871e+07
2.89131e+07
3.26976e+07
2.98515e+07
2.19195e+07
2.29593e+07
2.54574e+07
2.82072e+07
3.69484e+07
3.28917e+07
2.45177e+07
2.21773e+07
2.25187e+07
1.86741e+07
1.15654e+07
1.09943e+07
1.50165e+07
1.87916e+07
2.56212e+07
3.01032e+07
3.18966e+07
3.2269e+07
2.15123e+07
1.51546e+07
1.86389e+07
2.18077e+07
2.02757e+07
1.82537e+07
1.35816e+07
1.09286e+07
1.39933e+07
1.64917e+07
9.0251e+06
3.56399e+06
7.00284e+06
1.45474e+07
1.97201e+07
2.30475e+07
2.85749e+07
2.51468e+07
1.31076e+07
3.95011e+06
4.33604e+06
8.96411e+06
7.46528e+06
2.26342e+06
1.24291e+06
1.64002e+06
1.30726e+06
3.71432e+06
5.45561e+06
9.73277e+06
1.51865e+07
1.55975e+07
1.01242e+07
3.64667e+06
2.53944e+06
2.60131e+06
444117
2906
2
0
13
630
17558
224471
1.46751e+06
4.63959e+06
6.79065e+06
3.83393e+06
602300
25378
523
3
0
0
0
0
0
82
2264
34674
226524
513525
200851
0
0
0
0
0
0
0
0
0
0
0
0
0
0
0
0
0
0
0
0
0
0
0
0
0
0
0
0
0
0
0
0
0
0
0
0
0
0
0
0
0
0
0
0
0
0
0
0
0
0
0
0
0
0
0
0
0
0
0
0
0
0
0
0
0
0
0
0
0
0
0
0
0
0
0
0
0
0
0
0
0
0
0
0
0
0
0
0
0
0
0
0
0
0
0
0
0
0
0
0
0
0
0
0
0
0
0
0
0
0
0
0
0
0
0
0
0
0
0
0
0
0
0
0
0
0
0
0
0
0
0
0
0
0
0
0
0
0
0
0
0
0
0
0
0
0
0
0
0
0
0
0
0
0
0
0
0
0
0
0
0
0
0
0
0
0
0
0
0
0
0
0
0
0
0
0
0
0
0
0
0
0
0
0
0
0
0
0
0
0
0
0
0
0
0
0
0
0
0
0
