1.95789e+06
0
0
0
0
0
0
0
0
0
0
0
0
0
0
0
2
3922
463295
3.32092e+06
4.82734e+06
2.46109e+06
589986
75425
7409
29722
229867
951096
1.9114e+06
1.78494e+06
782981
177888
268166
1.95617e+06
6.24191e+06
8.42591e+06
5.0097e+06
1.42011e+06
599446
2.0865e+06
4.08084e+06
3.49422e+06
1.59658e+06
1.71428e+06
4.86594e+06
7.90425e+06
6.22369e+06
2.60779e+06
1.57827e+06
2.53322e+06
2.63637e+06
2.61782e+06
7.05775e+06
1.47413e+07
1.49064e+07
7.4783e+06
2.81478e+06
2.19069e+06
2.39448e+06
4.61125e+06
9.87351e+06
1.19481e+07
8.5314e+06
7.24354e+06
8.36671e+06
7.11527e+06
6.79738e+06
8.4857e+06
7.73613e+06
7.18854e+06
9.06039e+06
1.12668e+07
1.7808e+07
2.41366e+07
1.79187e+07
6.91242e+06
2.82703e+06
6.71104e+06
1.40748e+07
1.54496e+07
1.02659e+07
7.18371e+06
9.18109e+06
1.49439e+07
1.7482e+07
1.51538e+07
1.4862e+07
1.863e+07
2.50097e+07
2.45789e+07
1.74228e+07
1.38955e+07
1.59e+07
1.85798e+07
1.64323e+07
1.39223e+07
1.50718e+07
1.78459e+07
1.58992e+07
1.16383e+07
1.55302e+07
2.66155e+07
2.96472e+07
2.34998e+07
2.42358e+07
3.39516e+07
3.75909e+07
3.08194e+07
2.23636e+07
1.52459e+07
9.84992e+06
9.73974e+06
2.04245e+07
3.18632e+07
2.80247e+07
2.13094e+07
2.89435e+07
3.27317e+07
2.98829e+07
2.19424e+07
2.29833e+07
2.5484e+07
2.82368e+07
3.69871e+07
3.29262e+07
2.45433e+07
2.22005e+07
2.25421e+07
1.86937e+07
1.15776e+07
1.10057e+07
1.50322e+07
1.88113e+07
2.5648e+07
3.01346e+07
3.193e+07
3.23027e+07
2.1535e+07
1.51705e+07
1.86584e+07
2.18305e+07
2.02972e+07
1.82726e+07
1.35959e+07
1.09401e+07
1.40079e+07
1.6509e+07
9.03459e+06
3.56777e+06
7.01014e+06
1.45627e+07
1.97407e+07
2.30718e+07
2.86048e+07
2.5173e+07
1.31214e+07
3.95422e+06
4.34061e+06
8.97354e+06
7.47298e+06
2.26579e+06
1.24422e+06
1.64175e+06
1.30868e+06
3.71825e+06
5.46132e+06
9.74299e+06
1.52024e+07
1.56138e+07
1.01347e+07
3.65048e+06
2.54208e+06
2.60408e+06
444578
2909
2
0
13
630
17582
224727
1.46902e+06
4.6445e+06
6.79777e+06
3.8379e+06
602924
25401
523
3
0
0
0
0
0
82
2267
34709
226762
514056
201068
0
0
0
0
0
0
0
0
0
0
0
0
0
0
0
0
0
0
0
0
0
0
0
0
0
0
0
0
0
0
0
0
0
0
0
0
0
0
0
0
0
0
0
0
0
0
0
0
0
0
0
0
0
0
0
0
0
0
0
0
0
0
0
0
0
0
0
0
0
0
0
0
0
0
0
0
0
0
0
0
0
0
0
0
0
0
0
0
0
0
0
0
0
0
0
0
0
0
0
0
0
0
0
0
0
0
0
0
0
0
0
0
0
0
0
0
0
0
0
0
0
0
0
0
0
0
0
0
0
0
0
0
0
0
0
0
0
0
0
0
0
0
0
0
0
0
0
0
0
0
0
0
0
0
0
0
0
0
0
0
0
0
0
0
0
0
0
0
0
0
0
0
0
0
0
0
0
0
0
0
0
0
0
0
0
0
0
0
0
0
0
0
0
0
0
0
0
0
0
0
