735232
0
0
0
0
0
0
0
0
0
0
0
0
0
0
0
0
1532
174976
1.24414e+06
1.8162e+06
922404
221577
28498
2912
11093
87531
355377
718803
669310
293607
67836
102141
735220
2.33699e+06
3.17304e+06
1.87367e+06
535052
227955
781889
1.53494e+06
1.30915e+06
599320
646391
1.82185e+06
2.98025e+06
2.32627e+06
980602
594500
951470
991725
986875
2.64636e+06
5.53607e+06
5.59144e+06
2.80236e+06
1.0615e+06
829935
902881
1.73002e+06
3.70012e+06
4.49461e+06
3.19412e+06
2.71825e+06
3.15482e+06
2.66524e+06
2.55111e+06
3.1943e+06
2.90007e+06
2.6936e+06
3.41966e+06
4.22726e+06
6.66619e+06
9.08569e+06
6.70787e+06
2.60102e+06
1.0734e+06
2.51326e+06
5.28348e+06
5.81116e+06
3.84801e+06
2.70531e+06
3.44524e+06
5.60502e+06
6.57444e+06
5.6693e+06
5.6039e+06
6.97887e+06
9.4033e+06
9.2345e+06
6.52434e+06
5.23557e+06
5.95417e+06
6.9953e+06
6.15289e+06
5.24752e+06
5.64731e+06
6.70506e+06
5.97407e+06
4.36479e+06
5.82918e+06
1.00056e+07
1.11445e+07
8.8021e+06
9.08915e+06
1.27578e+07
1.41381e+07
1.15486e+07
8.40866e+06
5.72435e+06
3.70923e+06
3.65458e+06
7.64101e+06
1.20153e+07
1.05035e+07
7.98338e+06
1.08625e+07
1.23168e+07
1.12152e+07
8.23355e+06
8.64664e+06
9.56039e+06
1.05929e+07
1.38835e+07
1.23886e+07
9.20896e+06
8.32172e+06
8.49324e+06
7.00948e+06
4.3407e+06
4.13604e+06
5.63519e+06
7.06163e+06
9.65167e+06
1.13234e+07
1.19602e+07
1.21504e+07
8.09525e+06
5.67808e+06
7.01328e+06
8.20102e+06
7.60267e+06
6.87785e+06
5.1045e+06
4.10512e+06
5.26436e+06
6.19222e+06
3.40136e+06
1.33666e+06
2.6265e+06
5.46684e+06
7.44493e+06
8.63122e+06
1.07391e+07
9.457e+06
4.94041e+06
1.48382e+06
1.6216e+06
3.36069e+06
2.82299e+06
850213
467053
615176
491501
1.3912e+06
2.05267e+06
3.65464e+06
5.70729e+06
5.85343e+06
3.82954e+06
1.36652e+06
949139
980668
169729
1148
0
0
12
274
7107
84976
546780
1.73651e+06
2.55866e+06
1.44743e+06
225419
9682
237
0
0
0
0
0
0
46
829
13473
84500
191988
76780
0
0
0
0
0
0
0
0
0
0
0
0
0
0
0
0
0
0
0
0
0
0
0
0
0
0
0
0
0
0
0
0
0
0
0
0
0
0
0
0
0
0
0
0
0
0
0
0
0
0
0
0
0
0
0
0
0
0
0
0
0
0
0
0
0
0
0
0
0
0
0
0
0
0
0
0
0
0
0
0
0
0
0
0
0
0
0
0
0
0
0
0
0
0
0
0
0
0
0
0
0
0
0
0
0
0
0
0
0
0
0
0
0
0
0
0
0
0
0
0
0
0
0
0
0
0
0
0
0
0
0
0
0
0
0
0
0
0
0
0
0
0
0
0
0
0
0
0
0
0
0
0
0
0
0
0
0
0
0
0
0
0
0
0
0
0
0
0
0
0
0
0
0
0
0
0
0
0
0
0
0
0
0
0
0
0
0
0
0
0
0
0
0
0
0
0
0
0
0
0
