1.61178e+06
0
0
0
0
0
0
0
0
0
0
0
0
0
0
0
2
3265
381629
2.73358e+06
3.97381e+06
2.02588e+06
486090
61986
6056
24308
189604
783184
1.57349e+06
1.46848e+06
644840
146929
220370
1.61019e+06
5.13764e+06
6.93896e+06
4.12224e+06
1.16944e+06
493325
1.71818e+06
3.35876e+06
2.87671e+06
1.31354e+06
1.41118e+06
4.00356e+06
6.51408e+06
5.1207e+06
2.14652e+06
1.29863e+06
2.08624e+06
2.16983e+06
2.1552e+06
5.80584e+06
1.21386e+07
1.22726e+07
6.15412e+06
2.31686e+06
1.80496e+06
1.97196e+06
3.79549e+06
8.12681e+06
9.83976e+06
7.01779e+06
5.96066e+06
6.89816e+06
5.85564e+06
5.5954e+06
6.98454e+06
6.36335e+06
5.91832e+06
7.4623e+06
9.26806e+06
1.46542e+07
1.98887e+07
1.47505e+07
5.68616e+06
2.32378e+06
5.52032e+06
1.15908e+07
1.27243e+07
8.44852e+06
5.91305e+06
7.5584e+06
1.23006e+07
1.43935e+07
1.2466e+07
1.22372e+07
1.53352e+07
2.0597e+07
2.02353e+07
1.43418e+07
1.14354e+07
1.30782e+07
1.53125e+07
1.35271e+07
1.14566e+07
1.24025e+07
1.47011e+07
1.30949e+07
9.57095e+06
1.27764e+07
2.1909e+07
2.44167e+07
1.93386e+07
1.99422e+07
2.79544e+07
3.09667e+07
2.53634e+07
1.84175e+07
1.25451e+07
8.10508e+06
7.99822e+06
1.68048e+07
2.62734e+07
2.3076e+07
1.75129e+07
2.38259e+07
2.69608e+07
2.45962e+07
1.80507e+07
1.8921e+07
2.0974e+07
2.32381e+07
3.0458e+07
2.7125e+07
2.01978e+07
1.82726e+07
1.85694e+07
1.53798e+07
9.51876e+06
9.05846e+06
1.2371e+07
1.54853e+07
2.1131e+07
2.481e+07
2.62751e+07
2.66067e+07
1.77324e+07
1.24674e+07
1.53589e+07
1.7984e+07
1.66967e+07
1.50525e+07
1.11895e+07
8.99668e+06
1.15376e+07
1.3608e+07
7.43631e+06
2.92846e+06
5.76662e+06
1.19881e+07
1.6253e+07
1.89694e+07
2.35543e+07
2.07475e+07
1.08055e+07
3.245e+06
3.56059e+06
7.39136e+06
6.16862e+06
1.86098e+06
1.02281e+06
1.35118e+06
1.07498e+06
3.05968e+06
4.49873e+06
8.01993e+06
1.25035e+07
1.28539e+07
8.35876e+06
3.00005e+06
2.09078e+06
2.1483e+06
366582
2401
2
0
12
493
14637
184963
1.2076e+06
3.8234e+06
5.59793e+06
3.15969e+06
495834
20987
434
3
0
0
0
0
0
63
1851
28902
186325
423225
165522
0
0
0
0
0
0
0
0
0
0
0
0
0
0
0
0
0
0
0
0
0
0
0
0
0
0
0
0
0
0
0
0
0
0
0
0
0
0
0
0
0
0
0
0
0
0
0
0
0
0
0
0
0
0
0
0
0
0
0
0
0
0
0
0
0
0
0
0
0
0
0
0
0
0
0
0
0
0
0
0
0
0
0
0
0
0
0
0
0
0
0
0
0
0
0
0
0
0
0
0
0
0
0
0
0
0
0
0
0
0
0
0
0
0
0
0
0
0
0
0
0
0
0
0
0
0
0
0
0
0
0
0
0
0
0
0
0
0
0
0
0
0
0
0
0
0
0
0
0
0
0
0
0
0
0
0
0
0
0
0
0
0
0
0
0
0
0
0
0
0
0
0
0
0
0
0
0
0
0
0
0
0
0
0
0
0
0
0
0
0
0
0
0
0
0
0
0
0
0
0
