1.49504e+06
0
0
0
0
0
0
0
0
0
0
0
0
0
0
0
2
3057
353792
2.53566e+06
3.68664e+06
1.87879e+06
450923
57268
5669
22471
175501
725919
1.46066e+06
1.36287e+06
597572
135899
203850
1.49231e+06
4.76515e+06
6.44131e+06
3.82239e+06
1.08384e+06
456216
1.59398e+06
3.11711e+06
2.66833e+06
1.21675e+06
1.30747e+06
3.71282e+06
6.04854e+06
4.74915e+06
1.98839e+06
1.20347e+06
1.93625e+06
2.01369e+06
1.99649e+06
5.38189e+06
1.12666e+07
1.13857e+07
5.70674e+06
2.14593e+06
1.67487e+06
1.82882e+06
3.51907e+06
7.53915e+06
9.12945e+06
6.50747e+06
5.52967e+06
6.40118e+06
5.42883e+06
5.18739e+06
6.48307e+06
5.90244e+06
5.48801e+06
6.922e+06
8.5899e+06
1.35935e+07
1.84603e+07
1.3685e+07
5.26818e+06
2.15125e+06
5.11715e+06
1.07554e+07
1.18084e+07
7.83332e+06
5.48145e+06
7.00758e+06
1.14136e+07
1.33561e+07
1.15579e+07
1.13501e+07
1.4221e+07
1.91135e+07
1.87726e+07
1.3298e+07
1.06062e+07
1.21297e+07
1.42091e+07
1.25449e+07
1.06251e+07
1.15018e+07
1.36407e+07
1.21499e+07
8.87022e+06
1.18421e+07
2.0332e+07
2.2661e+07
1.79268e+07
1.84859e+07
2.59359e+07
2.87406e+07
2.35223e+07
1.70795e+07
1.16397e+07
7.5171e+06
7.40499e+06
1.55803e+07
2.43925e+07
2.14085e+07
1.62236e+07
2.20992e+07
2.50248e+07
2.28155e+07
1.67344e+07
1.75484e+07
1.94529e+07
2.15458e+07
2.82619e+07
2.51739e+07
1.87327e+07
1.69409e+07
1.72314e+07
1.42662e+07
8.82329e+06
8.39553e+06
1.14706e+07
1.43653e+07
1.9615e+07
2.30152e+07
2.43649e+07
2.46858e+07
1.6449e+07
1.15569e+07
1.42481e+07
1.66807e+07
1.54821e+07
1.39647e+07
1.03835e+07
8.33998e+06
1.07016e+07
1.26309e+07
6.89946e+06
2.7114e+06
5.34522e+06
1.11226e+07
1.5079e+07
1.75845e+07
2.18514e+07
1.92524e+07
1.00272e+07
3.00533e+06
3.29686e+06
6.85919e+06
5.72636e+06
1.72522e+06
946659
1.25456e+06
995201
2.83614e+06
4.17317e+06
7.43903e+06
1.15977e+07
1.19251e+07
7.75638e+06
2.78178e+06
1.93693e+06
1.99551e+06
340171
2193
2
0
12
453
13613
171224
1.11741e+06
3.54557e+06
5.19503e+06
2.93356e+06
458546
19525
410
0
0
0
0
0
0
63
1724
26744
172807
392463
153719
0
0
0
0
0
0
0
0
0
0
0
0
0
0
0
0
0
0
0
0
0
0
0
0
0
0
0
0
0
0
0
0
0
0
0
0
0
0
0
0
0
0
0
0
0
0
0
0
0
0
0
0
0
0
0
0
0
0
0
0
0
0
0
0
0
0
0
0
0
0
0
0
0
0
0
0
0
0
0
0
0
0
0
0
0
0
0
0
0
0
0
0
0
0
0
0
0
0
0
0
0
0
0
0
0
0
0
0
0
0
0
0
0
0
0
0
0
0
0
0
0
0
0
0
0
0
0
0
0
0
0
0
0
0
0
0
0
0
0
0
0
0
0
0
0
0
0
0
0
0
0
0
0
0
0
0
0
0
0
0
0
0
0
0
0
0
0
0
0
0
0
0
0
0
0
0
0
0
0
0
0
0
0
0
0
0
0
0
0
0
0
0
0
0
0
0
0
0
0
0
