1.05472e+06
0
0
0
0
0
0
0
0
0
0
0
0
0
0
0
0
2180
250178
1.78814e+06
2.60151e+06
1.32371e+06
318521
41207
4021
16259
125145
511594
1.02835e+06
960513
422185
96997
146014
1.05508e+06
3.35843e+06
4.54156e+06
2.69211e+06
768680
325866
1.12391e+06
2.19816e+06
1.87941e+06
861277
929059
2.61828e+06
4.25907e+06
3.34182e+06
1.41089e+06
854339
1.36368e+06
1.41892e+06
1.41833e+06
3.80684e+06
7.93092e+06
8.01146e+06
4.03266e+06
1.52397e+06
1.18601e+06
1.29475e+06
2.49015e+06
5.30519e+06
6.4329e+06
4.59629e+06
3.90464e+06
4.51075e+06
3.83286e+06
3.66403e+06
4.56841e+06
4.16523e+06
3.87344e+06
4.88881e+06
6.07055e+06
9.57902e+06
1.30064e+07
9.63375e+06
3.73899e+06
1.53873e+06
3.61545e+06
7.5679e+06
8.32002e+06
5.53288e+06
3.88043e+06
4.9537e+06
8.03406e+06
9.41596e+06
8.15403e+06
8.02687e+06
1.00305e+07
1.34728e+07
1.32312e+07
9.38202e+06
7.50193e+06
8.55427e+06
1.00198e+07
8.84025e+06
7.51229e+06
8.11456e+06
9.61127e+06
8.5638e+06
6.2752e+06
8.3761e+06
1.43266e+07
1.59695e+07
1.26543e+07
1.30615e+07
1.82824e+07
2.02596e+07
1.65837e+07
1.20572e+07
8.21149e+06
5.32171e+06
5.25725e+06
1.0978e+07
1.71854e+07
1.50823e+07
1.14816e+07
1.55862e+07
1.76419e+07
1.60942e+07
1.18125e+07
1.2393e+07
1.37208e+07
1.52193e+07
1.9909e+07
1.77447e+07
1.32248e+07
1.19496e+07
1.21613e+07
1.006e+07
6.23983e+06
5.93498e+06
8.0889e+06
1.01379e+07
1.3826e+07
1.62306e+07
1.71874e+07
1.74032e+07
1.1613e+07
8.16512e+06
1.00502e+07
1.17567e+07
1.09248e+07
9.8572e+06
7.32308e+06
5.8905e+06
7.55318e+06
8.88238e+06
4.87613e+06
1.92598e+06
3.77437e+06
7.83852e+06
1.06517e+07
1.24137e+07
1.53987e+07
1.35572e+07
7.0804e+06
2.13594e+06
2.33708e+06
4.82367e+06
4.03321e+06
1.22324e+06
671134
882911
709475
2.00371e+06
2.94453e+06
5.2446e+06
8.1755e+06
8.40112e+06
5.47836e+06
1.96722e+06
1.3694e+06
1.40224e+06
240646
1579
2
0
12
365
10295
123636
793179
2.49958e+06
3.65889e+06
2.06725e+06
324585
14346
342
0
0
0
0
0
0
59
1334
19664
122705
275615
107983
0
0
0
0
0
0
0
0
0
0
0
0
0
0
0
0
0
0
0
0
0
0
0
0
0
0
0
0
0
0
0
0
0
0
0
0
0
0
0
0
0
0
0
0
0
0
0
0
0
0
0
0
0
0
0
0
0
0
0
0
0
0
0
0
0
0
0
0
0
0
0
0
0
0
0
0
0
0
0
0
0
0
0
0
0
0
0
0
0
0
0
0
0
0
0
0
0
0
0
0
0
0
0
0
0
0
0
0
0
0
0
0
0
0
0
0
0
0
0
0
0
0
0
0
0
0
0
0
0
0
0
0
0
0
0
0
0
0
0
0
0
0
0
0
0
0
0
0
0
0
0
0
0
0
0
0
0
0
0
0
0
0
0
0
0
0
0
0
0
0
0
0
0
0
0
0
0
0
0
0
0
0
0
0
0
0
0
0
0
0
0
0
0
0
0
0
0
0
0
0
