1.90874e+06
0
0
0
0
0
0
0
0
0
0
0
0
0
0
0
2
3829
451712
3.2379e+06
4.70508e+06
2.39988e+06
575453
73353
7177
28950
224357
927330
1.86304e+06
1.7399e+06
763484
173599
261591
1.90702e+06
6.08499e+06
8.21372e+06
4.88447e+06
1.38489e+06
584440
2.0341e+06
3.97778e+06
3.40638e+06
1.55707e+06
1.6717e+06
4.7444e+06
7.70437e+06
6.06626e+06
2.54359e+06
1.53927e+06
2.46903e+06
2.57054e+06
2.55257e+06
6.88136e+06
1.43685e+07
1.45317e+07
7.29244e+06
2.74425e+06
2.13554e+06
2.33555e+06
4.49569e+06
9.62422e+06
1.16472e+07
8.31752e+06
7.06257e+06
8.15555e+06
6.93702e+06
6.62802e+06
8.27217e+06
7.54174e+06
7.00749e+06
8.83441e+06
1.09848e+07
1.73584e+07
2.35293e+07
1.74679e+07
6.74225e+06
2.75755e+06
6.54301e+06
1.37183e+07
1.50604e+07
1.00089e+07
7.00541e+06
8.95199e+06
1.45662e+07
1.70431e+07
1.47748e+07
1.44891e+07
1.81616e+07
2.43818e+07
2.39592e+07
1.69874e+07
1.35471e+07
1.54995e+07
1.8115e+07
1.60203e+07
1.35733e+07
1.4692e+07
1.73972e+07
1.54996e+07
1.13484e+07
1.51416e+07
2.59433e+07
2.89027e+07
2.29126e+07
2.36279e+07
3.30976e+07
3.66458e+07
3.00457e+07
2.18028e+07
1.48624e+07
9.60354e+06
9.49739e+06
1.99125e+07
3.10618e+07
2.73195e+07
2.07793e+07
2.82134e+07
3.19087e+07
2.91317e+07
2.1393e+07
2.24055e+07
2.48458e+07
2.7531e+07
3.60535e+07
3.2099e+07
2.39283e+07
2.16466e+07
2.19742e+07
1.82216e+07
1.12892e+07
1.07311e+07
1.46541e+07
1.83404e+07
2.50028e+07
2.9378e+07
3.11288e+07
3.14902e+07
2.09945e+07
1.47907e+07
1.81876e+07
2.12836e+07
1.97888e+07
1.78126e+07
1.32549e+07
1.06667e+07
1.36563e+07
1.60941e+07
8.80733e+06
3.47953e+06
6.83498e+06
1.41944e+07
1.9245e+07
2.24935e+07
2.78844e+07
2.45418e+07
1.27924e+07
3.85604e+06
4.23206e+06
8.74703e+06
7.28594e+06
2.20892e+06
1.21342e+06
1.60028e+06
1.27626e+06
3.62525e+06
5.32494e+06
9.49862e+06
1.48178e+07
1.52197e+07
9.88312e+06
3.55926e+06
2.47828e+06
2.53871e+06
433366
2842
2
0
13
604
17204
219265
1.43313e+06
4.52764e+06
6.62573e+06
3.74168e+06
588016
24817
515
3
0
0
0
0
0
72
2193
33947
221245
501160
195751
0
0
0
0
0
0
0
0
0
0
0
0
0
0
0
0
0
0
0
0
0
0
0
0
0
0
0
0
0
0
0
0
0
0
0
0
0
0
0
0
0
0
0
0
0
0
0
0
0
0
0
0
0
0
0
0
0
0
0
0
0
0
0
0
0
0
0
0
0
0
0
0
0
0
0
0
0
0
0
0
0
0
0
0
0
0
0
0
0
0
0
0
0
0
0
0
0
0
0
0
0
0
0
0
0
0
0
0
0
0
0
0
0
0
0
0
0
0
0
0
0
0
0
0
0
0
0
0
0
0
0
0
0
0
0
0
0
0
0
0
0
0
0
0
0
0
0
0
0
0
0
0
0
0
0
0
0
0
0
0
0
0
0
0
0
0
0
0
0
0
0
0
0
0
0
0
0
0
0
0
0
0
0
0
0
0
0
0
0
0
0
0
0
0
0
0
0
0
0
0
