1.24723e+06
0
0
0
0
0
0
0
0
0
0
0
0
0
0
0
0
2582
295641
2.11463e+06
3.07682e+06
1.56588e+06
375916
48506
4753
19007
147074
605591
1.21682e+06
1.13688e+06
498734
113961
171091
1.24636e+06
3.97348e+06
5.37211e+06
3.18707e+06
905861
383152
1.32871e+06
2.59976e+06
2.2251e+06
1.01639e+06
1.09474e+06
3.09652e+06
5.04008e+06
3.95894e+06
1.66384e+06
1.00594e+06
1.61424e+06
1.67863e+06
1.67096e+06
4.49703e+06
9.38856e+06
9.48626e+06
4.76453e+06
1.79616e+06
1.39898e+06
1.52954e+06
2.93882e+06
6.28196e+06
7.61283e+06
5.4328e+06
4.61324e+06
5.33753e+06
4.5315e+06
4.33067e+06
5.40436e+06
4.92341e+06
4.57985e+06
5.77833e+06
7.16868e+06
1.13352e+07
1.53964e+07
1.14043e+07
4.40579e+06
1.80709e+06
4.27073e+06
8.95978e+06
9.84581e+06
6.54047e+06
4.58168e+06
5.85196e+06
9.51106e+06
1.11362e+07
9.64117e+06
9.48164e+06
1.18628e+07
1.59391e+07
1.5655e+07
1.10903e+07
8.85922e+06
1.01216e+07
1.1851e+07
1.04609e+07
8.87143e+06
9.59358e+06
1.13757e+07
1.01316e+07
7.40688e+06
9.89424e+06
1.69533e+07
1.88932e+07
1.49585e+07
1.54352e+07
2.16296e+07
2.39649e+07
1.96164e+07
1.42519e+07
9.71204e+06
6.28193e+06
6.19614e+06
1.29899e+07
2.03374e+07
1.78487e+07
1.35564e+07
1.8433e+07
2.08685e+07
1.90323e+07
1.39654e+07
1.46436e+07
1.62283e+07
1.79869e+07
2.35588e+07
2.09972e+07
1.56287e+07
1.41338e+07
1.43765e+07
1.19002e+07
7.36863e+06
7.01129e+06
9.56674e+06
1.19855e+07
1.63607e+07
1.92005e+07
2.03212e+07
2.05863e+07
1.37235e+07
9.65048e+06
1.18857e+07
1.39086e+07
1.29182e+07
1.16542e+07
8.66158e+06
6.95939e+06
8.92933e+06
1.05232e+07
5.76021e+06
2.26958e+06
4.46161e+06
9.27483e+06
1.25822e+07
1.46745e+07
1.82236e+07
1.60483e+07
8.3679e+06
2.51542e+06
2.75602e+06
5.71554e+06
4.77277e+06
1.44212e+06
791035
1.04662e+06
833532
2.36904e+06
3.48228e+06
6.20213e+06
9.67005e+06
9.94292e+06
6.47411e+06
2.32444e+06
1.6168e+06
1.66299e+06
283948
1832
2
0
12
405
11654
144099
935525
2.9577e+06
4.32908e+06
2.44608e+06
383385
16779
373
0
0
0
0
0
0
61
1489
22821
144734
326562
127949
0
0
0
0
0
0
0
0
0
0
0
0
0
0
0
0
0
0
0
0
0
0
0
0
0
0
0
0
0
0
0
0
0
0
0
0
0
0
0
0
0
0
0
0
0
0
0
0
0
0
0
0
0
0
0
0
0
0
0
0
0
0
0
0
0
0
0
0
0
0
0
0
0
0
0
0
0
0
0
0
0
0
0
0
0
0
0
0
0
0
0
0
0
0
0
0
0
0
0
0
0
0
0
0
0
0
0
0
0
0
0
0
0
0
0
0
0
0
0
0
0
0
0
0
0
0
0
0
0
0
0
0
0
0
0
0
0
0
0
0
0
0
0
0
0
0
0
0
0
0
0
0
0
0
0
0
0
0
0
0
0
0
0
0
0
0
0
0
0
0
0
0
0
0
0
0
0
0
0
0
0
0
0
0
0
0
0
0
0
0
0
0
0
0
0
0
0
0
0
0
