1.73875e+06
0
0
0
0
0
0
0
0
0
0
0
0
0
0
0
2
3526
411458
2.94945e+06
4.28651e+06
2.1858e+06
524253
66757
6488
26133
204488
845189
1.69679e+06
1.58501e+06
695878
157920
237309
1.73664e+06
5.54436e+06
7.48461e+06
4.44762e+06
1.2614e+06
531705
1.85306e+06
3.62397e+06
3.10332e+06
1.41699e+06
1.52209e+06
4.32132e+06
7.02299e+06
5.52567e+06
2.31624e+06
1.40055e+06
2.2509e+06
2.34015e+06
2.32338e+06
6.26509e+06
1.30966e+07
1.3238e+07
6.64091e+06
2.49871e+06
1.9459e+06
2.12632e+06
4.0946e+06
8.7692e+06
1.06135e+07
7.57233e+06
6.43122e+06
7.43634e+06
6.31665e+06
6.03888e+06
7.53481e+06
6.86586e+06
6.38322e+06
8.04862e+06
1.00028e+07
1.58119e+07
2.14478e+07
1.59121e+07
6.13686e+06
2.50599e+06
5.95771e+06
1.25025e+07
1.37243e+07
9.11438e+06
6.37865e+06
8.15544e+06
1.32702e+07
1.55257e+07
1.3453e+07
1.31977e+07
1.65418e+07
2.22213e+07
2.18292e+07
1.54715e+07
1.23348e+07
1.41131e+07
1.6514e+07
1.45938e+07
1.23612e+07
1.33797e+07
1.58555e+07
1.41251e+07
1.03267e+07
1.37863e+07
2.36382e+07
2.63329e+07
2.08651e+07
2.15194e+07
3.01549e+07
3.3398e+07
2.73654e+07
1.98663e+07
1.35332e+07
8.7417e+06
8.63688e+06
1.8134e+07
2.83268e+07
2.48914e+07
1.89069e+07
2.5699e+07
2.90801e+07
2.65379e+07
1.94751e+07
2.04095e+07
2.26277e+07
2.5074e+07
3.28559e+07
2.92548e+07
2.17912e+07
1.97137e+07
2.00254e+07
1.65944e+07
1.02735e+07
9.77086e+06
1.33492e+07
1.67081e+07
2.27853e+07
2.67637e+07
2.83501e+07
2.86999e+07
1.91257e+07
1.34562e+07
1.65677e+07
1.93949e+07
1.8022e+07
1.62335e+07
1.20734e+07
9.70885e+06
1.24414e+07
1.46749e+07
8.023e+06
3.16268e+06
6.22222e+06
1.29316e+07
1.75275e+07
2.04785e+07
2.54077e+07
2.23729e+07
1.16566e+07
3.5029e+06
3.84557e+06
7.9719e+06
6.64925e+06
2.00882e+06
1.10355e+06
1.45791e+06
1.1606e+06
3.30149e+06
4.85054e+06
8.65168e+06
1.34943e+07
1.38674e+07
9.01233e+06
3.23696e+06
2.25647e+06
2.31579e+06
394735
2534
2
0
12
538
15767
199544
1.3032e+06
4.12321e+06
6.04018e+06
3.40832e+06
535148
22384
465
3
0
0
0
0
0
71
1992
30998
201087
456631
178597
0
0
0
0
0
0
0
0
0
0
0
0
0
0
0
0
0
0
0
0
0
0
0
0
0
0
0
0
0
0
0
0
0
0
0
0
0
0
0
0
0
0
0
0
0
0
0
0
0
0
0
0
0
0
0
0
0
0
0
0
0
0
0
0
0
0
0
0
0
0
0
0
0
0
0
0
0
0
0
0
0
0
0
0
0
0
0
0
0
0
0
0
0
0
0
0
0
0
0
0
0
0
0
0
0
0
0
0
0
0
0
0
0
0
0
0
0
0
0
0
0
0
0
0
0
0
0
0
0
0
0
0
0
0
0
0
0
0
0
0
0
0
0
0
0
0
0
0
0
0
0
0
0
0
0
0
0
0
0
0
0
0
0
0
0
0
0
0
0
0
0
0
0
0
0
0
0
0
0
0
0
0
0
0
0
0
0
0
0
0
0
0
0
0
0
0
0
0
0
0
