1.09773e+06
0
0
0
0
0
0
0
0
0
0
0
0
0
0
0
0
2264
260203
1.8614e+06
2.7076e+06
1.37763e+06
331480
42790
4193
16919
129988
532673
1.07027e+06
1.00012e+06
439109
100905
151426
1.09751e+06
3.49625e+06
4.72738e+06
2.80261e+06
799437
338267
1.16985e+06
2.28795e+06
1.95642e+06
895891
965848
2.72598e+06
4.4338e+06
3.47863e+06
1.46772e+06
888276
1.41951e+06
1.47705e+06
1.47395e+06
3.9611e+06
8.25686e+06
8.34233e+06
4.19571e+06
1.58426e+06
1.23377e+06
1.34672e+06
2.5898e+06
5.52452e+06
6.69632e+06
4.78272e+06
4.06288e+06
4.69711e+06
3.9881e+06
3.81158e+06
4.75612e+06
4.33516e+06
4.03139e+06
5.08673e+06
6.31453e+06
9.97192e+06
1.35427e+07
1.00301e+07
3.88627e+06
1.59746e+06
3.761e+06
7.88073e+06
8.66151e+06
5.75775e+06
4.03627e+06
5.15243e+06
8.3662e+06
9.801e+06
8.48503e+06
8.35116e+06
1.044e+07
1.40251e+07
1.37735e+07
9.76369e+06
7.80312e+06
8.9044e+06
1.04311e+07
9.20118e+06
7.81588e+06
8.44381e+06
1.00073e+07
8.91406e+06
6.52626e+06
8.71264e+06
1.4915e+07
1.66275e+07
1.31676e+07
1.3587e+07
1.90312e+07
2.10928e+07
1.72603e+07
1.2547e+07
8.54572e+06
5.53599e+06
5.46479e+06
1.1426e+07
1.78943e+07
1.57004e+07
1.19396e+07
1.62221e+07
1.83662e+07
1.67527e+07
1.22915e+07
1.2896e+07
1.428e+07
1.58341e+07
2.07284e+07
1.84736e+07
1.3761e+07
1.24357e+07
1.26573e+07
1.04725e+07
6.48986e+06
6.17445e+06
8.41791e+06
1.05495e+07
1.43947e+07
1.68949e+07
1.78875e+07
1.81178e+07
1.20823e+07
8.49502e+06
1.04606e+07
1.22379e+07
1.13701e+07
1.02594e+07
7.62126e+06
6.12893e+06
7.86045e+06
9.25052e+06
5.07372e+06
2.0015e+06
3.92609e+06
8.16045e+06
1.10837e+07
1.29172e+07
1.6031e+07
1.41166e+07
7.3673e+06
2.21946e+06
2.42871e+06
5.02418e+06
4.19989e+06
1.27145e+06
698029
919322
737010
2.08484e+06
3.0637e+06
5.45831e+06
8.51018e+06
8.74638e+06
5.70191e+06
2.04634e+06
1.42361e+06
1.46154e+06
250424
1614
2
0
12
375
10562
127939
824391
2.60201e+06
3.80957e+06
2.15168e+06
337783
14872
355
0
0
0
0
0
0
61
1372
20401
127522
286921
112587
0
0
0
0
0
0
0
0
0
0
0
0
0
0
0
0
0
0
0
0
0
0
0
0
0
0
0
0
0
0
0
0
0
0
0
0
0
0
0
0
0
0
0
0
0
0
0
0
0
0
0
0
0
0
0
0
0
0
0
0
0
0
0
0
0
0
0
0
0
0
0
0
0
0
0
0
0
0
0
0
0
0
0
0
0
0
0
0
0
0
0
0
0
0
0
0
0
0
0
0
0
0
0
0
0
0
0
0
0
0
0
0
0
0
0
0
0
0
0
0
0
0
0
0
0
0
0
0
0
0
0
0
0
0
0
0
0
0
0
0
0
0
0
0
0
0
0
0
0
0
0
0
0
0
0
0
0
0
0
0
0
0
0
0
0
0
0
0
0
0
0
0
0
0
0
0
0
0
0
0
0
0
0
0
0
0
0
0
0
0
0
0
0
0
0
0
0
0
0
0
