1.1776e+06
0
0
0
0
0
0
0
0
0
0
0
0
0
0
0
0
2417
279180
1.99659e+06
2.90489e+06
1.47807e+06
355487
45745
4456
18068
138935
571555
1.14903e+06
1.07306e+06
470853
107938
161769
1.17756e+06
3.75076e+06
5.07148e+06
3.00828e+06
856377
362253
1.25475e+06
2.45412e+06
2.10015e+06
960724
1.03487e+06
2.92432e+06
4.7568e+06
3.73444e+06
1.57374e+06
950994
1.52318e+06
1.58529e+06
1.57895e+06
4.24796e+06
8.85993e+06
8.95332e+06
4.50106e+06
1.6973e+06
1.32194e+06
1.44426e+06
2.77709e+06
5.92884e+06
7.18478e+06
5.1304e+06
4.35741e+06
5.03789e+06
4.27906e+06
4.08994e+06
5.10143e+06
4.64965e+06
4.32587e+06
5.45506e+06
6.77083e+06
1.07012e+07
1.45303e+07
1.07645e+07
4.16509e+06
1.71083e+06
4.0344e+06
8.45484e+06
9.29165e+06
6.17834e+06
4.32781e+06
5.52747e+06
8.97723e+06
1.05125e+07
9.10292e+06
8.9567e+06
1.1202e+07
1.50447e+07
1.47774e+07
1.04732e+07
8.3685e+06
9.55485e+06
1.11884e+07
9.87425e+06
8.38178e+06
9.05771e+06
1.07361e+07
9.56498e+06
6.99888e+06
9.34668e+06
1.6e+07
1.78345e+07
1.41289e+07
1.45765e+07
2.04142e+07
2.26272e+07
1.85196e+07
1.34577e+07
9.16927e+06
5.93589e+06
5.85755e+06
1.2262e+07
1.91936e+07
1.68499e+07
1.28084e+07
1.74029e+07
1.96982e+07
1.79699e+07
1.31888e+07
1.38311e+07
1.53206e+07
1.69869e+07
2.22345e+07
1.98199e+07
1.47619e+07
1.33454e+07
1.35721e+07
1.12373e+07
6.9604e+06
6.62248e+06
9.02985e+06
1.13175e+07
1.54433e+07
1.81273e+07
1.91906e+07
1.94314e+07
1.29573e+07
9.11689e+06
1.12212e+07
1.313e+07
1.21982e+07
1.10023e+07
8.17712e+06
6.57445e+06
8.43286e+06
9.9278e+06
5.44023e+06
2.14759e+06
4.21291e+06
8.75461e+06
1.18805e+07
1.38579e+07
1.72029e+07
1.51479e+07
7.90062e+06
2.37896e+06
2.60552e+06
5.39298e+06
4.50454e+06
1.36328e+06
747593
987145
788979
2.23766e+06
3.28928e+06
5.85601e+06
9.1268e+06
9.38515e+06
6.1125e+06
2.1964e+06
1.52741e+06
1.56904e+06
268368
1719
2
0
12
394
11160
137037
885230
2.79315e+06
4.08409e+06
2.3083e+06
362705
15956
366
0
0
0
0
0
0
61
1440
21824
137034
307774
120667
0
0
0
0
0
0
0
0
0
0
0
0
0
0
0
0
0
0
0
0
0
0
0
0
0
0
0
0
0
0
0
0
0
0
0
0
0
0
0
0
0
0
0
0
0
0
0
0
0
0
0
0
0
0
0
0
0
0
0
0
0
0
0
0
0
0
0
0
0
0
0
0
0
0
0
0
0
0
0
0
0
0
0
0
0
0
0
0
0
0
0
0
0
0
0
0
0
0
0
0
0
0
0
0
0
0
0
0
0
0
0
0
0
0
0
0
0
0
0
0
0
0
0
0
0
0
0
0
0
0
0
0
0
0
0
0
0
0
0
0
0
0
0
0
0
0
0
0
0
0
0
0
0
0
0
0
0
0
0
0
0
0
0
0
0
0
0
0
0
0
0
0
0
0
0
0
0
0
0
0
0
0
0
0
0
0
0
0
0
0
0
0
0
0
0
0
0
0
0
0
