1.85958e+06
0
0
0
0
0
0
0
0
0
0
0
0
0
0
0
2
3742
440213
3.15434e+06
4.58391e+06
2.33805e+06
560734
71478
6913
28174
218685
903572
1.81452e+06
1.6954e+06
744062
169014
254550
1.85812e+06
5.92792e+06
8.00301e+06
4.75871e+06
1.34895e+06
569238
1.98162e+06
3.87549e+06
3.3186e+06
1.51662e+06
1.62881e+06
4.6217e+06
7.50719e+06
5.91046e+06
2.47823e+06
1.49921e+06
2.40501e+06
2.50364e+06
2.48632e+06
6.70437e+06
1.39996e+07
1.41578e+07
7.10439e+06
2.67356e+06
2.07999e+06
2.27502e+06
4.38028e+06
9.37587e+06
1.13483e+07
8.1036e+06
6.87976e+06
7.94658e+06
6.75859e+06
6.45879e+06
8.05679e+06
7.34601e+06
6.82806e+06
8.606e+06
1.07018e+07
1.69114e+07
2.29269e+07
1.70197e+07
6.567e+06
2.68342e+06
6.37379e+06
1.3366e+07
1.46756e+07
9.75136e+06
6.82295e+06
8.72247e+06
1.41891e+07
1.66049e+07
1.43936e+07
1.41142e+07
1.7693e+07
2.37569e+07
2.33454e+07
1.65501e+07
1.31958e+07
1.50988e+07
1.76503e+07
1.56086e+07
1.32232e+07
1.43108e+07
1.69524e+07
1.51045e+07
1.10519e+07
1.47486e+07
2.52748e+07
2.81609e+07
2.23205e+07
2.30166e+07
3.22486e+07
3.57094e+07
2.92697e+07
2.12429e+07
1.44776e+07
9.35436e+06
9.24812e+06
1.93955e+07
3.02706e+07
2.66204e+07
2.02381e+07
2.74851e+07
3.10895e+07
2.83852e+07
2.08375e+07
2.1826e+07
2.42025e+07
2.68212e+07
3.51308e+07
3.12791e+07
2.33102e+07
2.10863e+07
2.14115e+07
1.7751e+07
1.09935e+07
1.04527e+07
1.42778e+07
1.78693e+07
2.43621e+07
2.86211e+07
3.03252e+07
3.06836e+07
2.04545e+07
1.44047e+07
1.7719e+07
2.07362e+07
1.92795e+07
1.73555e+07
1.29138e+07
1.03902e+07
1.33041e+07
1.56853e+07
8.58008e+06
3.38776e+06
6.6582e+06
1.3829e+07
1.87463e+07
2.19135e+07
2.71657e+07
2.39148e+07
1.24656e+07
3.75325e+06
4.1211e+06
8.52299e+06
7.1019e+06
2.15066e+06
1.182e+06
1.55861e+06
1.24305e+06
3.5324e+06
5.18687e+06
9.25451e+06
1.44351e+07
1.48265e+07
9.63173e+06
3.4666e+06
2.41477e+06
2.47407e+06
422105
2742
2
0
13
584
16796
213583
1.39558e+06
4.41089e+06
6.45668e+06
3.645e+06
572502
24141
490
3
0
0
0
0
0
72
2133
33086
215648
488071
190782
0
0
0
0
0
0
0
0
0
0
0
0
0
0
0
0
0
0
0
0
0
0
0
0
0
0
0
0
0
0
0
0
0
0
0
0
0
0
0
0
0
0
0
0
0
0
0
0
0
0
0
0
0
0
0
0
0
0
0
0
0
0
0
0
0
0
0
0
0
0
0
0
0
0
0
0
0
0
0
0
0
0
0
0
0
0
0
0
0
0
0
0
0
0
0
0
0
0
0
0
0
0
0
0
0
0
0
0
0
0
0
0
0
0
0
0
0
0
0
0
0
0
0
0
0
0
0
0
0
0
0
0
0
0
0
0
0
0
0
0
0
0
0
0
0
0
0
0
0
0
0
0
0
0
0
0
0
0
0
0
0
0
0
0
0
0
0
0
0
0
0
0
0
0
0
0
0
0
0
0
0
0
0
0
0
0
0
0
0
0
0
0
0
0
0
0
0
0
0
0
