1.95994e+06
0
0
0
0
0
0
0
0
0
0
0
0
0
0
0
2
3923
463817
3.32432e+06
4.83243e+06
2.46369e+06
590573
75501
7421
29759
230077
952133
1.9134e+06
1.78679e+06
783796
178081
268402
1.9582e+06
6.24848e+06
8.43484e+06
5.01481e+06
1.42162e+06
600095
2.08863e+06
4.08514e+06
3.49788e+06
1.59824e+06
1.71607e+06
4.87104e+06
7.91245e+06
6.23028e+06
2.61052e+06
1.57987e+06
2.5359e+06
2.63912e+06
2.62052e+06
7.06521e+06
1.47567e+07
1.49219e+07
7.48612e+06
2.81775e+06
2.19299e+06
2.39694e+06
4.61616e+06
9.88384e+06
1.19606e+07
8.54035e+06
7.25112e+06
8.37545e+06
7.12274e+06
6.80454e+06
8.49435e+06
7.74438e+06
7.19611e+06
9.06981e+06
1.12786e+07
1.78266e+07
2.41618e+07
1.79376e+07
6.91947e+06
2.83006e+06
6.71805e+06
1.40897e+07
1.54656e+07
1.02768e+07
7.1912e+06
9.19078e+06
1.49595e+07
1.75002e+07
1.51696e+07
1.48777e+07
1.86495e+07
2.50358e+07
2.46045e+07
1.74412e+07
1.39098e+07
1.5917e+07
1.85991e+07
1.64495e+07
1.39368e+07
1.50875e+07
1.78646e+07
1.59157e+07
1.16506e+07
1.55463e+07
2.66434e+07
2.96782e+07
2.35243e+07
2.42612e+07
3.3987e+07
3.76304e+07
3.08516e+07
2.23868e+07
1.52618e+07
9.86032e+06
9.75003e+06
2.04461e+07
3.18961e+07
2.8054e+07
2.13317e+07
2.89739e+07
3.27659e+07
2.99142e+07
2.19653e+07
2.30073e+07
2.55106e+07
2.82666e+07
3.70256e+07
3.29606e+07
2.4569e+07
2.22238e+07
2.25656e+07
1.87134e+07
1.15899e+07
1.10172e+07
1.50478e+07
1.88311e+07
2.5675e+07
3.01658e+07
3.19636e+07
3.23364e+07
2.15576e+07
1.51865e+07
1.86778e+07
2.18532e+07
2.03186e+07
1.82915e+07
1.36103e+07
1.09516e+07
1.40224e+07
1.65261e+07
9.04415e+06
3.57153e+06
7.01743e+06
1.45779e+07
1.97613e+07
2.30962e+07
2.86346e+07
2.51994e+07
1.3135e+07
3.95834e+06
4.34515e+06
8.98301e+06
7.48064e+06
2.26818e+06
1.24553e+06
1.64349e+06
1.31009e+06
3.72215e+06
5.46703e+06
9.7532e+06
1.52184e+07
1.563e+07
1.01453e+07
3.65433e+06
2.54473e+06
2.6068e+06
445055
2913
2
0
13
631
17598
224980
1.47051e+06
4.64942e+06
6.80488e+06
3.84189e+06
603551
25425
523
3
0
0
0
0
0
82
2270
34749
226988
514585
201294
0
0
0
0
0
0
0
0
0
0
0
0
0
0
0
0
0
0
0
0
0
0
0
0
0
0
0
0
0
0
0
0
0
0
0
0
0
0
0
0
0
0
0
0
0
0
0
0
0
0
0
0
0
0
0
0
0
0
0
0
0
0
0
0
0
0
0
0
0
0
0
0
0
0
0
0
0
0
0
0
0
0
0
0
0
0
0
0
0
0
0
0
0
0
0
0
0
0
0
0
0
0
0
0
0
0
0
0
0
0
0
0
0
0
0
0
0
0
0
0
0
0
0
0
0
0
0
0
0
0
0
0
0
0
0
0
0
0
0
0
0
0
0
0
0
0
0
0
0
0
0
0
0
0
0
0
0
0
0
0
0
0
0
0
0
0
0
0
0
0
0
0
0
0
0
0
0
0
0
0
0
0
0
0
0
0
0
0
0
0
0
0
0
0
0
0
0
0
0
0
