1.51962e+06
0
0
0
0
0
0
0
0
0
0
0
0
0
0
0
2
3104
359530
2.57757e+06
3.74716e+06
1.90943e+06
458361
58328
5780
22815
178442
738134
1.48447e+06
1.38519e+06
607219
138282
207387
1.51712e+06
4.84359e+06
6.54604e+06
3.88541e+06
1.10199e+06
463982
1.62035e+06
3.16768e+06
2.71239e+06
1.23663e+06
1.32941e+06
3.77432e+06
6.14694e+06
4.82715e+06
2.02148e+06
1.22352e+06
1.96767e+06
2.04685e+06
2.0297e+06
5.47119e+06
1.14502e+07
1.15725e+07
5.80059e+06
2.1821e+06
1.70256e+06
1.85824e+06
3.57813e+06
7.66268e+06
9.27886e+06
6.61449e+06
5.6203e+06
6.50682e+06
5.51814e+06
5.27315e+06
6.58858e+06
6.0001e+06
5.57815e+06
7.03517e+06
8.73213e+06
1.38181e+07
1.87611e+07
1.39096e+07
5.35578e+06
2.18724e+06
5.20094e+06
1.09319e+07
1.2003e+07
7.96262e+06
5.57143e+06
7.12289e+06
1.16007e+07
1.35748e+07
1.17485e+07
1.15377e+07
1.44542e+07
1.94263e+07
1.90817e+07
1.35173e+07
1.07811e+07
1.23297e+07
1.44404e+07
1.27511e+07
1.08012e+07
1.16904e+07
1.3864e+07
1.23498e+07
9.01747e+06
1.20374e+07
2.06645e+07
2.30325e+07
1.8224e+07
1.87906e+07
2.63609e+07
2.92104e+07
2.39101e+07
1.73609e+07
1.18294e+07
7.64145e+06
7.52963e+06
1.58377e+07
2.47893e+07
2.17595e+07
1.64937e+07
2.24613e+07
2.54356e+07
2.31897e+07
1.70117e+07
1.78377e+07
1.97728e+07
2.19036e+07
2.8722e+07
2.55852e+07
1.90411e+07
1.72214e+07
1.7513e+07
1.45009e+07
8.96917e+06
8.53578e+06
1.16597e+07
1.46006e+07
1.99345e+07
2.33941e+07
2.47655e+07
2.50917e+07
1.67194e+07
1.17476e+07
1.44821e+07
1.6955e+07
1.57383e+07
1.41936e+07
1.05528e+07
8.4783e+06
1.08768e+07
1.28369e+07
7.013e+06
2.75625e+06
5.43302e+06
1.13063e+07
1.53281e+07
1.78747e+07
2.2209e+07
1.95673e+07
1.01923e+07
3.05492e+06
3.35182e+06
6.97165e+06
5.81999e+06
1.75347e+06
962603
1.27483e+06
1.0124e+06
2.88244e+06
4.24121e+06
7.56124e+06
1.17899e+07
1.21204e+07
7.88361e+06
2.82688e+06
1.96914e+06
2.02778e+06
345880
2224
2
0
12
459
13815
174058
1.1359e+06
3.60413e+06
5.28016e+06
2.98172e+06
466069
19809
414
0
0
0
0
0
0
63
1762
27145
175431
399067
156340
0
0
0
0
0
0
0
0
0
0
0
0
0
0
0
0
0
0
0
0
0
0
0
0
0
0
0
0
0
0
0
0
0
0
0
0
0
0
0
0
0
0
0
0
0
0
0
0
0
0
0
0
0
0
0
0
0
0
0
0
0
0
0
0
0
0
0
0
0
0
0
0
0
0
0
0
0
0
0
0
0
0
0
0
0
0
0
0
0
0
0
0
0
0
0
0
0
0
0
0
0
0
0
0
0
0
0
0
0
0
0
0
0
0
0
0
0
0
0
0
0
0
0
0
0
0
0
0
0
0
0
0
0
0
0
0
0
0
0
0
0
0
0
0
0
0
0
0
0
0
0
0
0
0
0
0
0
0
0
0
0
0
0
0
0
0
0
0
0
0
0
0
0
0
0
0
0
0
0
0
0
0
0
0
0
0
0
0
0
0
0
0
0
0
0
0
0
0
0
0
