1.93331e+06
0
0
0
0
0
0
0
0
0
0
0
0
0
0
0
2
3884
457388
3.27967e+06
4.76583e+06
2.43064e+06
582840
74353
7283
29346
227120
939083
1.88727e+06
1.7625e+06
773319
175664
264936
1.93163e+06
6.16353e+06
8.31908e+06
4.94771e+06
1.40252e+06
591867
2.06036e+06
4.02891e+06
3.45066e+06
1.57692e+06
1.69302e+06
4.80497e+06
7.80385e+06
6.1454e+06
2.57587e+06
1.55863e+06
2.50114e+06
2.60348e+06
2.58528e+06
6.96994e+06
1.45542e+07
1.47184e+07
7.38627e+06
2.7797e+06
2.16279e+06
2.36527e+06
4.55356e+06
9.74869e+06
1.17969e+07
8.42521e+06
7.15341e+06
8.26028e+06
7.02644e+06
6.71291e+06
8.3785e+06
7.63927e+06
7.09821e+06
8.94738e+06
1.11262e+07
1.75837e+07
2.38306e+07
1.76932e+07
6.8288e+06
2.79232e+06
6.62725e+06
1.38962e+07
1.52546e+07
1.01373e+07
7.0952e+06
9.06656e+06
1.47551e+07
1.72622e+07
1.49645e+07
1.46756e+07
1.83964e+07
2.46949e+07
2.42681e+07
1.72061e+07
1.3722e+07
1.56996e+07
1.83462e+07
1.62264e+07
1.37482e+07
1.48828e+07
1.76214e+07
1.56976e+07
1.14944e+07
1.53375e+07
2.6278e+07
2.92741e+07
2.32075e+07
2.39322e+07
3.35238e+07
3.71164e+07
3.04343e+07
2.20833e+07
1.50546e+07
9.72595e+06
9.61962e+06
2.01687e+07
3.14606e+07
2.76728e+07
2.10456e+07
2.85786e+07
3.23181e+07
2.95078e+07
2.16683e+07
2.26954e+07
2.51635e+07
2.78861e+07
3.65194e+07
3.25107e+07
2.42358e+07
2.19244e+07
2.22583e+07
1.84572e+07
1.14338e+07
1.08688e+07
1.48431e+07
1.85757e+07
2.53253e+07
2.97559e+07
3.15301e+07
3.18962e+07
2.12643e+07
1.49804e+07
1.84233e+07
2.15569e+07
2.00438e+07
1.80423e+07
1.34257e+07
1.08028e+07
1.38326e+07
1.63012e+07
8.92055e+06
3.5241e+06
6.92284e+06
1.43782e+07
1.9493e+07
2.27827e+07
2.82447e+07
2.48571e+07
1.29565e+07
3.90547e+06
4.28673e+06
8.86014e+06
7.37888e+06
2.23758e+06
1.229e+06
1.62092e+06
1.29242e+06
3.67175e+06
5.39299e+06
9.62114e+06
1.50097e+07
1.54174e+07
1.00087e+07
3.60463e+06
2.51047e+06
2.57112e+06
438938
2879
2
0
13
609
17334
221872
1.45102e+06
4.58661e+06
6.71133e+06
3.78996e+06
595431
25114
515
3
0
0
0
0
0
72
2214
34266
224045
507735
198324
0
0
0
0
0
0
0
0
0
0
0
0
0
0
0
0
0
0
0
0
0
0
0
0
0
0
0
0
0
0
0
0
0
0
0
0
0
0
0
0
0
0
0
0
0
0
0
0
0
0
0
0
0
0
0
0
0
0
0
0
0
0
0
0
0
0
0
0
0
0
0
0
0
0
0
0
0
0
0
0
0
0
0
0
0
0
0
0
0
0
0
0
0
0
0
0
0
0
0
0
0
0
0
0
0
0
0
0
0
0
0
0
0
0
0
0
0
0
0
0
0
0
0
0
0
0
0
0
0
0
0
0
0
0
0
0
0
0
0
0
0
0
0
0
0
0
0
0
0
0
0
0
0
0
0
0
0
0
0
0
0
0
0
0
0
0
0
0
0
0
0
0
0
0
0
0
0
0
0
0
0
0
0
0
0
0
0
0
0
0
0
0
0
0
0
0
0
0
0
0
