223232
0
0
0
0
0
0
0
0
0
0
0
0
0
0
0
0
527
53656
375123
555324
277721
67431
8906
975
3244
26257
106087
220744
204846
87884
20257
31922
223190
704024
972363
561660
164057
70328
235248
470679
396472
179631
193659
546157
925049
701564
294656
178085
288451
303886
299604
795881
1.68772e+06
1.70132e+06
841540
322999
257905
273014
519639
1.11934e+06
1.38675e+06
955909
816638
976011
802709
766043
981470
874162
810260
1.05792e+06
1.27311e+06
2.00251e+06
2.80247e+06
2.01483e+06
784077
327803
756480
1.6131e+06
1.77871e+06
1.15231e+06
825674
1.03583e+06
1.70288e+06
2.01535e+06
1.69988e+06
1.71718e+06
2.09603e+06
2.87375e+06
2.81271e+06
1.96608e+06
1.60139e+06
1.78598e+06
2.15134e+06
1.84461e+06
1.6073e+06
1.70423e+06
2.04789e+06
1.81223e+06
1.32064e+06
1.75938e+06
3.0453e+06
3.40352e+06
2.65663e+06
2.74419e+06
3.87936e+06
4.31529e+06
3.4905e+06
2.55736e+06
1.73496e+06
1.13133e+06
1.10697e+06
2.29519e+06
3.69916e+06
3.16462e+06
2.40875e+06
3.28829e+06
3.7721e+06
3.38755e+06
2.49984e+06
2.6473e+06
2.88834e+06
3.20772e+06
4.206e+06
3.79378e+06
2.78095e+06
2.51381e+06
2.60163e+06
2.11715e+06
1.31344e+06
1.26227e+06
1.703e+06
2.13851e+06
2.95492e+06
3.4303e+06
3.61313e+06
3.71191e+06
2.46e+06
1.70424e+06
2.13878e+06
2.49443e+06
2.29251e+06
2.10449e+06
1.54271e+06
1.24592e+06
1.60128e+06
1.87428e+06
1.0359e+06
402939
794226
1.65636e+06
2.29838e+06
2.58276e+06
3.26062e+06
2.87878e+06
1.50896e+06
447399
489823
1.01125e+06
869845
255526
140610
187648
151031
417117
620975
1.1067e+06
1.73453e+06
1.77322e+06
1.18002e+06
408473
285711
299185
52642
339
0
0
3
89
2297
25827
164283
521500
781654
442966
67480
2927
62
0
0
0
0
0
0
9
317
4051
25183
57267
24789
0
0
0
0
0
0
0
0
0
0
0
0
0
0
0
0
0
0
0
0
0
0
0
0
0
0
0
0
0
0
0
0
0
0
0
0
0
0
0
0
0
0
0
0
0
0
0
0
0
0
0
0
0
0
0
0
0
0
0
0
0
0
0
0
0
0
0
0
0
0
0
0
0
0
0
0
0
0
0
0
0
0
0
0
0
0
0
0
0
0
0
0
0
0
0
0
0
0
0
0
0
0
0
0
0
0
0
0
0
0
0
0
0
0
0
0
0
0
0
0
0
0
0
0
0
0
0
0
0
0
0
0
0
0
0
0
0
0
0
0
0
0
0
0
0
0
0
0
0
0
0
0
0
0
0
0
0
0
0
0
0
0
0
0
0
0
0
0
0
0
0
0
0
0
0
0
0
0
0
0
0
0
0
0
0
0
0
0
0
0
0
0
0
0
0
0
0
0
0
0
