1.97222e+06
0
0
0
0
0
0
0
0
0
0
0
0
0
0
0
2
3943
466686
3.34526e+06
4.86262e+06
2.47925e+06
594249
75919
7467
29931
231435
958067
1.9257e+06
1.79785e+06
788737
179170
270011
1.97051e+06
6.28795e+06
8.48781e+06
5.04566e+06
1.43058e+06
604132
2.10172e+06
4.1106e+06
3.5198e+06
1.60817e+06
1.72698e+06
4.90197e+06
7.96147e+06
6.26942e+06
2.62716e+06
1.58963e+06
2.55163e+06
2.65596e+06
2.63694e+06
7.10993e+06
1.4849e+07
1.50144e+07
7.53372e+06
2.8358e+06
2.2062e+06
2.41202e+06
4.64554e+06
9.94606e+06
1.20351e+07
8.59391e+06
7.29706e+06
8.42697e+06
7.1681e+06
6.84717e+06
8.54704e+06
7.7936e+06
7.24155e+06
9.1258e+06
1.135e+07
1.79382e+07
2.43127e+07
1.80502e+07
6.96272e+06
2.848e+06
6.76107e+06
1.41774e+07
1.55616e+07
1.0342e+07
7.23659e+06
9.2485e+06
1.50525e+07
1.76098e+07
1.52651e+07
1.4971e+07
1.87668e+07
2.51926e+07
2.47582e+07
1.75516e+07
1.39958e+07
1.60181e+07
1.8715e+07
1.65524e+07
1.40248e+07
1.51817e+07
1.79765e+07
1.60157e+07
1.17236e+07
1.56446e+07
2.68094e+07
2.98642e+07
2.36721e+07
2.44142e+07
3.41995e+07
3.7866e+07
3.10451e+07
2.25268e+07
1.53571e+07
9.92335e+06
9.81178e+06
2.05746e+07
3.20942e+07
2.82297e+07
2.1467e+07
2.91551e+07
3.29706e+07
3.01025e+07
2.21042e+07
2.31498e+07
2.5671e+07
2.84448e+07
3.72563e+07
3.31679e+07
2.47231e+07
2.23618e+07
2.27077e+07
1.8831e+07
1.1663e+07
1.10864e+07
1.5142e+07
1.89494e+07
2.58356e+07
3.0354e+07
3.2165e+07
3.25384e+07
2.16923e+07
1.52823e+07
1.87949e+07
2.19902e+07
2.04464e+07
1.84054e+07
1.36958e+07
1.10211e+07
1.411e+07
1.66291e+07
9.10115e+06
3.59403e+06
7.06159e+06
1.46694e+07
1.98847e+07
2.32414e+07
2.88147e+07
2.53572e+07
1.32164e+07
3.98363e+06
4.37283e+06
9.03919e+06
7.52691e+06
2.28262e+06
1.2533e+06
1.65386e+06
1.31839e+06
3.74583e+06
5.50126e+06
9.81416e+06
1.53143e+07
1.57276e+07
1.02085e+07
3.67742e+06
2.56068e+06
2.62302e+06
447893
2933
2
0
13
633
17707
226506
1.47996e+06
4.67868e+06
6.84745e+06
3.86553e+06
607443
25556
530
3
0
0
0
0
0
82
2292
34999
228370
517774
202595
0
0
0
0
0
0
0
0
0
0
0
0
0
0
0
0
0
0
0
0
0
0
0
0
0
0
0
0
0
0
0
0
0
0
0
0
0
0
0
0
0
0
0
0
0
0
0
0
0
0
0
0
0
0
0
0
0
0
0
0
0
0
0
0
0
0
0
0
0
0
0
0
0
0
0
0
0
0
0
0
0
0
0
0
0
0
0
0
0
0
0
0
0
0
0
0
0
0
0
0
0
0
0
0
0
0
0
0
0
0
0
0
0
0
0
0
0
0
0
0
0
0
0
0
0
0
0
0
0
0
0
0
0
0
0
0
0
0
0
0
0
0
0
0
0
0
0
0
0
0
0
0
0
0
0
0
0
0
0
0
0
0
0
0
0
0
0
0
0
0
0
0
0
0
0
0
0
0
0
0
0
0
0
0
0
0
0
0
0
0
0
0
0
0
0
0
0
0
0
0
