1.09158e+06
0
0
0
0
0
0
0
0
0
0
0
0
0
0
0
0
2251
258782
1.85098e+06
2.69235e+06
1.36996e+06
329661
42528
4164
16834
129289
529525
1.06444e+06
994539
436610
100316
150629
1.0913e+06
3.4767e+06
4.70094e+06
2.7869e+06
794994
336361
1.1634e+06
2.27509e+06
1.94523e+06
891172
960378
2.71052e+06
4.4092e+06
3.45926e+06
1.45933e+06
883417
1.41133e+06
1.46887e+06
1.46594e+06
3.93896e+06
8.21065e+06
8.29513e+06
4.17246e+06
1.57543e+06
1.22695e+06
1.33918e+06
2.57548e+06
5.49312e+06
6.6593e+06
4.75562e+06
4.04012e+06
4.67094e+06
3.96594e+06
3.78997e+06
4.72963e+06
4.31093e+06
4.00861e+06
5.05846e+06
6.27985e+06
9.91543e+06
1.34667e+07
9.97356e+06
3.86492e+06
1.58874e+06
3.73987e+06
7.83658e+06
8.61316e+06
5.72542e+06
4.01376e+06
5.12356e+06
8.31926e+06
9.74667e+06
8.4368e+06
8.30481e+06
1.03815e+07
1.39466e+07
1.36963e+07
9.70887e+06
7.75998e+06
8.85436e+06
1.03728e+07
9.14913e+06
7.77242e+06
8.39662e+06
9.95149e+06
8.86412e+06
6.4896e+06
8.66401e+06
1.4832e+07
1.65337e+07
1.30937e+07
1.35118e+07
1.89242e+07
2.09746e+07
1.71634e+07
1.24771e+07
8.49761e+06
5.50549e+06
5.43492e+06
1.13613e+07
1.77943e+07
1.56117e+07
1.18734e+07
1.61312e+07
1.82637e+07
1.66586e+07
1.2223e+07
1.28239e+07
1.41996e+07
1.57456e+07
2.06128e+07
1.83698e+07
1.3684e+07
1.23656e+07
1.25873e+07
1.04133e+07
6.45374e+06
6.14012e+06
8.37106e+06
1.04907e+07
1.43139e+07
1.68002e+07
1.77866e+07
1.80164e+07
1.20156e+07
8.4473e+06
1.0402e+07
1.21689e+07
1.13066e+07
1.02024e+07
7.57837e+06
6.09455e+06
7.81686e+06
9.19773e+06
5.04568e+06
1.99041e+06
3.90442e+06
8.11466e+06
1.10223e+07
1.28449e+07
1.59403e+07
1.40372e+07
7.32649e+06
2.20731e+06
2.41554e+06
4.9956e+06
4.17612e+06
1.26456e+06
694187
914113
732924
2.07304e+06
3.0468e+06
5.42768e+06
8.46229e+06
8.69763e+06
5.66992e+06
2.03493e+06
1.41568e+06
1.45322e+06
249085
1611
2
0
12
374
10518
127233
819832
2.58737e+06
3.78831e+06
2.13961e+06
335840
14792
355
0
0
0
0
0
0
61
1370
20300
126768
285317
111976
0
0
0
0
0
0
0
0
0
0
0
0
0
0
0
0
0
0
0
0
0
0
0
0
0
0
0
0
0
0
0
0
0
0
0
0
0
0
0
0
0
0
0
0
0
0
0
0
0
0
0
0
0
0
0
0
0
0
0
0
0
0
0
0
0
0
0
0
0
0
0
0
0
0
0
0
0
0
0
0
0
0
0
0
0
0
0
0
0
0
0
0
0
0
0
0
0
0
0
0
0
0
0
0
0
0
0
0
0
0
0
0
0
0
0
0
0
0
0
0
0
0
0
0
0
0
0
0
0
0
0
0
0
0
0
0
0
0
0
0
0
0
0
0
0
0
0
0
0
0
0
0
0
0
0
0
0
0
0
0
0
0
0
0
0
0
0
0
0
0
0
0
0
0
0
0
0
0
0
0
0
0
0
0
0
0
0
0
0
0
0
0
0
0
0
0
0
0
0
0
