331776
0
0
0
0
0
0
0
0
0
0
0
0
0
0
0
0
720
79369
559427
822665
413340
100879
13253
1408
5005
40018
158890
324886
302983
132296
30442
47788
334621
1.04779e+06
1.4341e+06
840529
244777
104972
350822
696187
588925
269829
291677
815496
1.35775e+06
1.04578e+06
441658
267466
428215
448902
448636
1.19034e+06
2.49991e+06
2.5202e+06
1.25924e+06
482146
378852
408618
777804
1.66397e+06
2.04319e+06
1.43186e+06
1.22101e+06
1.4353e+06
1.19932e+06
1.14449e+06
1.45058e+06
1.30332e+06
1.21113e+06
1.55626e+06
1.90631e+06
2.99079e+06
4.12386e+06
3.00908e+06
1.17194e+06
490288
1.13057e+06
2.38938e+06
2.63154e+06
1.72359e+06
1.2258e+06
1.54999e+06
2.52789e+06
2.97781e+06
2.54286e+06
2.54378e+06
3.13116e+06
4.25608e+06
4.17111e+06
2.93491e+06
2.3771e+06
2.6669e+06
3.17412e+06
2.7585e+06
2.3801e+06
2.54331e+06
3.03123e+06
2.69415e+06
1.97008e+06
2.62546e+06
4.51872e+06
5.03939e+06
3.96117e+06
4.09075e+06
5.76192e+06
6.39598e+06
5.197e+06
3.79593e+06
2.58266e+06
1.68035e+06
1.65077e+06
3.43088e+06
5.45405e+06
4.71836e+06
3.59759e+06
4.89346e+06
5.57768e+06
5.05071e+06
3.71555e+06
3.91837e+06
4.30378e+06
4.77541e+06
6.25725e+06
5.6135e+06
4.14376e+06
3.74539e+06
3.84689e+06
3.15337e+06
1.96023e+06
1.8748e+06
2.53941e+06
3.18442e+06
4.36765e+06
5.09922e+06
5.38374e+06
5.50095e+06
3.65808e+06
2.54894e+06
3.1698e+06
3.701e+06
3.42247e+06
3.11615e+06
2.29732e+06
1.85563e+06
2.37773e+06
2.78228e+06
1.53804e+06
604234
1.18326e+06
2.46199e+06
3.39344e+06
3.86738e+06
4.84271e+06
4.26805e+06
2.23584e+06
671136
733938
1.50561e+06
1.28142e+06
381857
210555
278446
225159
624268
924421
1.64598e+06
2.5766e+06
2.63577e+06
1.74145e+06
613111
426441
442397
77679
530
0
0
3
132
3442
38796
247005
778701
1.15768e+06
654243
101489
4390
106
0
0
0
0
0
0
15
430
6053
37726
85850
35814
0
0
0
0
0
0
0
0
0
0
0
0
0
0
0
0
0
0
0
0
0
0
0
0
0
0
0
0
0
0
0
0
0
0
0
0
0
0
0
0
0
0
0
0
0
0
0
0
0
0
0
0
0
0
0
0
0
0
0
0
0
0
0
0
0
0
0
0
0
0
0
0
0
0
0
0
0
0
0
0
0
0
0
0
0
0
0
0
0
0
0
0
0
0
0
0
0
0
0
0
0
0
0
0
0
0
0
0
0
0
0
0
0
0
0
0
0
0
0
0
0
0
0
0
0
0
0
0
0
0
0
0
0
0
0
0
0
0
0
0
0
0
0
0
0
0
0
0
0
0
0
0
0
0
0
0
0
0
0
0
0
0
0
0
0
0
0
0
0
0
0
0
0
0
0
0
0
0
0
0
0
0
0
0
0
0
0
0
0
0
0
0
0
0
0
0
0
0
0
0
