1.70803e+06
0
0
0
0
0
0
0
0
0
0
0
0
0
0
0
2
3473
404158
2.89714e+06
4.2111e+06
2.14714e+06
514954
65578
6365
25733
200942
830238
1.66682e+06
1.55674e+06
683467
155394
233219
1.70601e+06
5.44613e+06
7.35224e+06
4.36913e+06
1.2392e+06
522405
1.82031e+06
3.55989e+06
3.04864e+06
1.39184e+06
1.49551e+06
4.2442e+06
6.89996e+06
5.42688e+06
2.27546e+06
1.37623e+06
2.21085e+06
2.29913e+06
2.28295e+06
6.15468e+06
1.28634e+07
1.30049e+07
6.52296e+06
2.45515e+06
1.9117e+06
2.08906e+06
4.02186e+06
8.61448e+06
1.04263e+07
7.43751e+06
6.3178e+06
7.306e+06
6.20418e+06
5.93196e+06
7.4029e+06
6.74343e+06
6.27062e+06
7.90746e+06
9.82484e+06
1.55318e+07
2.10707e+07
1.5629e+07
6.02875e+06
2.46347e+06
5.85276e+06
1.22811e+07
1.34803e+07
8.95298e+06
6.26792e+06
8.01147e+06
1.30351e+07
1.52509e+07
1.32145e+07
1.29668e+07
1.62496e+07
2.18281e+07
2.14424e+07
1.51976e+07
1.21174e+07
1.38642e+07
1.62227e+07
1.43356e+07
1.21437e+07
1.31428e+07
1.55752e+07
1.38749e+07
1.01447e+07
1.35445e+07
2.32182e+07
2.58682e+07
2.04967e+07
2.11379e+07
2.96232e+07
3.28085e+07
2.688e+07
1.95161e+07
1.32942e+07
8.58832e+06
8.48426e+06
1.78134e+07
2.78272e+07
2.44518e+07
1.85719e+07
2.5246e+07
2.85651e+07
2.60671e+07
1.91318e+07
2.00509e+07
2.22296e+07
2.46303e+07
3.22726e+07
2.87394e+07
2.14048e+07
1.93649e+07
1.96741e+07
1.62997e+07
1.00914e+07
9.60088e+06
1.31119e+07
1.64125e+07
2.23838e+07
2.62897e+07
2.78485e+07
2.8194e+07
1.87891e+07
1.32174e+07
1.62739e+07
1.90538e+07
1.77019e+07
1.59489e+07
1.18589e+07
9.5367e+06
1.22224e+07
1.4415e+07
7.88186e+06
3.10614e+06
6.11206e+06
1.2702e+07
1.72215e+07
2.01147e+07
2.49576e+07
2.19785e+07
1.14513e+07
3.44096e+06
3.7772e+06
7.82978e+06
6.53358e+06
1.97295e+06
1.08424e+06
1.43197e+06
1.14043e+06
3.24224e+06
4.76483e+06
8.49915e+06
1.32551e+07
1.36216e+07
8.85526e+06
3.17938e+06
2.21594e+06
2.27503e+06
388089
2498
2
0
12
527
15468
195900
1.27988e+06
4.05014e+06
5.93389e+06
3.34859e+06
525436
21998
443
3
0
0
0
0
0
70
1945
30472
197519
448534
175476
0
0
0
0
0
0
0
0
0
0
0
0
0
0
0
0
0
0
0
0
0
0
0
0
0
0
0
0
0
0
0
0
0
0
0
0
0
0
0
0
0
0
0
0
0
0
0
0
0
0
0
0
0
0
0
0
0
0
0
0
0
0
0
0
0
0
0
0
0
0
0
0
0
0
0
0
0
0
0
0
0
0
0
0
0
0
0
0
0
0
0
0
0
0
0
0
0
0
0
0
0
0
0
0
0
0
0
0
0
0
0
0
0
0
0
0
0
0
0
0
0
0
0
0
0
0
0
0
0
0
0
0
0
0
0
0
0
0
0
0
0
0
0
0
0
0
0
0
0
0
0
0
0
0
0
0
0
0
0
0
0
0
0
0
0
0
0
0
0
0
0
0
0
0
0
0
0
0
0
0
0
0
0
0
0
0
0
0
0
0
0
0
0
0
0
0
0
0
0
0
