1.17146e+06
0
0
0
0
0
0
0
0
0
0
0
0
0
0
0
0
2410
277736
1.98622e+06
2.88959e+06
1.47031e+06
353743
45510
4446
18018
138266
568499
1.14294e+06
1.06736e+06
468533
107404
160969
1.17151e+06
3.73117e+06
5.0447e+06
2.99251e+06
852152
360457
1.24827e+06
2.44126e+06
2.08886e+06
955940
1.02963e+06
2.90935e+06
4.73132e+06
3.71485e+06
1.56579e+06
946161
1.51518e+06
1.57704e+06
1.57098e+06
4.22602e+06
8.81329e+06
8.90596e+06
4.47764e+06
1.68882e+06
1.31522e+06
1.43684e+06
2.76286e+06
5.89759e+06
7.14673e+06
5.104e+06
4.33474e+06
5.01158e+06
4.25671e+06
4.06884e+06
5.07449e+06
4.62547e+06
4.30346e+06
5.42665e+06
6.73619e+06
1.06451e+07
1.44535e+07
1.07076e+07
4.14432e+06
1.70246e+06
4.01355e+06
8.41014e+06
9.2431e+06
6.14614e+06
4.30545e+06
5.499e+06
8.92989e+06
1.04577e+07
9.05532e+06
8.9106e+06
1.11436e+07
1.49654e+07
1.46997e+07
1.04193e+07
8.32539e+06
9.50476e+06
1.11296e+07
9.82224e+06
8.33885e+06
9.01034e+06
1.06799e+07
9.51506e+06
6.96313e+06
9.29805e+06
1.59162e+07
1.77403e+07
1.40561e+07
1.45011e+07
2.03071e+07
2.25087e+07
1.84227e+07
1.33874e+07
9.12166e+06
5.90532e+06
5.82815e+06
1.2197e+07
1.90932e+07
1.67617e+07
1.27426e+07
1.73119e+07
1.9595e+07
1.7876e+07
1.31204e+07
1.37595e+07
1.524e+07
1.68992e+07
2.21177e+07
1.97158e+07
1.46855e+07
1.32755e+07
1.35015e+07
1.11782e+07
6.9249e+06
6.58814e+06
8.98258e+06
1.12588e+07
1.53621e+07
1.80325e+07
1.90908e+07
1.93293e+07
1.28902e+07
9.06981e+06
1.11623e+07
1.30611e+07
1.21351e+07
1.09444e+07
8.13481e+06
6.54045e+06
8.38867e+06
9.87519e+06
5.41221e+06
2.13695e+06
4.19068e+06
8.70873e+06
1.18185e+07
1.37863e+07
1.71124e+07
1.50682e+07
7.85957e+06
2.3671e+06
2.59205e+06
5.36438e+06
4.48105e+06
1.35628e+06
743770
981879
785027
2.22611e+06
3.27217e+06
5.82544e+06
9.07912e+06
9.33598e+06
6.08057e+06
2.18497e+06
1.51954e+06
1.56062e+06
267033
1716
2
0
12
394
11128
136414
880691
2.7787e+06
4.06252e+06
2.29599e+06
360999
15885
366
0
0
0
0
0
0
61
1435
21737
136338
306090
120067
0
0
0
0
0
0
0
0
0
0
0
0
0
0
0
0
0
0
0
0
0
0
0
0
0
0
0
0
0
0
0
0
0
0
0
0
0
0
0
0
0
0
0
0
0
0
0
0
0
0
0
0
0
0
0
0
0
0
0
0
0
0
0
0
0
0
0
0
0
0
0
0
0
0
0
0
0
0
0
0
0
0
0
0
0
0
0
0
0
0
0
0
0
0
0
0
0
0
0
0
0
0
0
0
0
0
0
0
0
0
0
0
0
0
0
0
0
0
0
0
0
0
0
0
0
0
0
0
0
0
0
0
0
0
0
0
0
0
0
0
0
0
0
0
0
0
0
0
0
0
0
0
0
0
0
0
0
0
0
0
0
0
0
0
0
0
0
0
0
0
0
0
0
0
0
0
0
0
0
0
0
0
0
0
0
0
0
0
0
0
0
0
0
0
0
0
0
0
0
0
