1.44589e+06
0
0
0
0
0
0
0
0
0
0
0
0
0
0
0
0
2964
342303
2.4516e+06
3.5663e+06
1.81716e+06
435619
55407
5501
21689
169633
701464
1.41375e+06
1.31826e+06
577383
131401
197052
1.44214e+06
4.60832e+06
6.23246e+06
3.69668e+06
1.04699e+06
440859
1.54098e+06
3.01516e+06
2.58141e+06
1.17605e+06
1.26295e+06
3.5906e+06
5.85261e+06
4.59345e+06
1.92203e+06
1.16291e+06
1.87313e+06
1.94753e+06
1.9297e+06
5.20358e+06
1.08974e+07
1.10157e+07
5.51777e+06
2.07313e+06
1.61992e+06
1.76919e+06
3.40135e+06
7.29026e+06
8.83496e+06
6.29201e+06
5.34536e+06
6.19235e+06
5.25175e+06
5.01457e+06
6.27109e+06
5.70742e+06
5.3069e+06
6.69592e+06
8.30376e+06
1.31416e+07
1.7866e+07
1.32376e+07
5.09037e+06
2.0769e+06
4.94664e+06
1.0402e+07
1.1427e+07
7.57576e+06
5.29835e+06
6.77496e+06
1.10382e+07
1.29199e+07
1.11761e+07
1.09761e+07
1.37509e+07
1.84891e+07
1.8161e+07
1.28569e+07
1.02556e+07
1.17283e+07
1.37473e+07
1.2132e+07
1.02746e+07
1.11203e+07
1.31954e+07
1.17536e+07
8.57391e+06
1.14484e+07
1.96666e+07
2.19241e+07
1.73299e+07
1.78734e+07
2.50888e+07
2.78023e+07
2.27482e+07
1.65162e+07
1.12561e+07
7.26962e+06
7.15445e+06
1.50641e+07
2.36032e+07
2.07069e+07
1.56785e+07
2.13729e+07
2.42079e+07
2.20687e+07
1.61793e+07
1.69714e+07
1.88097e+07
2.08302e+07
2.7341e+07
2.43539e+07
1.81162e+07
1.63807e+07
1.66669e+07
1.37972e+07
8.52907e+06
8.11523e+06
1.10925e+07
1.38928e+07
1.89767e+07
2.22636e+07
2.35567e+07
2.38791e+07
1.591e+07
1.11718e+07
1.3779e+07
1.61339e+07
1.4968e+07
1.35082e+07
1.00449e+07
8.06183e+06
1.03504e+07
1.22212e+07
6.67328e+06
2.61857e+06
5.16734e+06
1.07581e+07
1.45834e+07
1.70006e+07
2.11364e+07
1.86232e+07
9.70074e+06
2.90386e+06
3.1842e+06
6.63565e+06
5.54132e+06
1.66738e+06
914737
1.21388e+06
960858
2.74279e+06
4.03646e+06
7.19371e+06
1.12158e+07
1.1534e+07
7.5043e+06
2.68906e+06
1.87225e+06
1.9315e+06
329277
2119
2
0
12
440
13073
165171
1.07976e+06
3.42829e+06
5.02522e+06
2.8383e+06
443408
18913
402
0
0
0
0
0
0
61
1654
25864
167111
379393
148861
0
0
0
0
0
0
0
0
0
0
0
0
0
0
0
0
0
0
0
0
0
0
0
0
0
0
0
0
0
0
0
0
0
0
0
0
0
0
0
0
0
0
0
0
0
0
0
0
0
0
0
0
0
0
0
0
0
0
0
0
0
0
0
0
0
0
0
0
0
0
0
0
0
0
0
0
0
0
0
0
0
0
0
0
0
0
0
0
0
0
0
0
0
0
0
0
0
0
0
0
0
0
0
0
0
0
0
0
0
0
0
0
0
0
0
0
0
0
0
0
0
0
0
0
0
0
0
0
0
0
0
0
0
0
0
0
0
0
0
0
0
0
0
0
0
0
0
0
0
0
0
0
0
0
0
0
0
0
0
0
0
0
0
0
0
0
0
0
0
0
0
0
0
0
0
0
0
0
0
0
0
0
0
0
0
0
0
0
0
0
0
0
0
0
0
0
0
0
0
0
