454656
0
0
0
0
0
0
0
0
0
0
0
0
0
0
0
0
951
108606
767536
1.12505e+06
569491
137353
17621
1854
6714
54360
219760
443736
414814
181694
41720
64504
456501
1.4401e+06
1.96342e+06
1.15572e+06
333439
141702
482705
951847
808213
369616
399419
1.12301e+06
1.85033e+06
1.43782e+06
606195
365804
587338
614582
611833
1.63326e+06
3.42552e+06
3.45821e+06
1.7281e+06
657207
516520
558423
1.06776e+06
2.28554e+06
2.78991e+06
1.9688e+06
1.67637e+06
1.9581e+06
1.64618e+06
1.5729e+06
1.98065e+06
1.79195e+06
1.65979e+06
2.12547e+06
2.61335e+06
4.11118e+06
5.63489e+06
4.13597e+06
1.60602e+06
666510
1.5505e+06
3.27437e+06
3.60037e+06
2.37162e+06
1.67307e+06
2.12571e+06
3.46542e+06
4.07675e+06
3.49438e+06
3.47527e+06
4.29981e+06
5.82646e+06
5.71569e+06
4.02651e+06
3.24881e+06
3.6689e+06
4.33577e+06
3.79171e+06
3.25384e+06
3.4858e+06
4.15421e+06
3.69427e+06
2.69582e+06
3.59955e+06
6.1923e+06
6.90344e+06
5.43171e+06
5.6099e+06
7.89661e+06
8.75412e+06
7.1338e+06
5.19928e+06
3.53785e+06
2.29817e+06
2.2588e+06
4.7143e+06
7.4544e+06
6.47966e+06
4.92808e+06
6.71246e+06
7.63438e+06
6.92797e+06
5.08835e+06
5.36048e+06
5.9044e+06
6.54578e+06
8.58384e+06
7.67832e+06
5.68311e+06
5.14019e+06
5.26032e+06
4.32875e+06
2.68496e+06
2.56267e+06
3.48251e+06
4.36434e+06
5.97738e+06
6.99516e+06
7.38629e+06
7.53086e+06
5.01089e+06
3.49995e+06
4.33958e+06
5.07233e+06
4.69243e+06
4.26494e+06
3.15134e+06
2.53913e+06
3.25827e+06
3.82205e+06
2.10434e+06
826296
1.6192e+06
3.37913e+06
4.63117e+06
5.32008e+06
6.63574e+06
5.84887e+06
3.06165e+06
916310
1.00195e+06
2.07183e+06
1.75264e+06
523955
288250
380646
306031
857421
1.26713e+06
2.25623e+06
3.53523e+06
3.61619e+06
2.37681e+06
841595
584450
606954
105940
746
0
0
4
167
4468
52073
336769
1.06963e+06
1.58731e+06
897194
138262
5903
121
0
0
0
0
0
0
15
517
8043
51455
118244
49054
0
0
0
0
0
0
0
0
0
0
0
0
0
0
0
0
0
0
0
0
0
0
0
0
0
0
0
0
0
0
0
0
0
0
0
0
0
0
0
0
0
0
0
0
0
0
0
0
0
0
0
0
0
0
0
0
0
0
0
0
0
0
0
0
0
0
0
0
0
0
0
0
0
0
0
0
0
0
0
0
0
0
0
0
0
0
0
0
0
0
0
0
0
0
0
0
0
0
0
0
0
0
0
0
0
0
0
0
0
0
0
0
0
0
0
0
0
0
0
0
0
0
0
0
0
0
0
0
0
0
0
0
0
0
0
0
0
0
0
0
0
0
0
0
0
0
0
0
0
0
0
0
0
0
0
0
0
0
0
0
0
0
0
0
0
0
0
0
0
0
0
0
0
0
0
0
0
0
0
0
0
0
0
0
0
0
0
0
0
0
0
0
0
0
0
0
0
0
0
0
