1.3824e+06
0
0
0
0
0
0
0
0
0
0
0
0
0
0
0
0
2853
327560
2.34362e+06
3.40998e+06
1.73675e+06
416611
53214
5265
20856
162395
670743
1.35095e+06
1.26031e+06
552156
125923
188471
1.37996e+06
4.40603e+06
5.95628e+06
3.53398e+06
1.00213e+06
422466
1.47298e+06
2.88273e+06
2.46777e+06
1.1245e+06
1.20927e+06
3.43221e+06
5.59354e+06
4.39113e+06
1.83909e+06
1.11262e+06
1.79027e+06
1.86154e+06
1.84695e+06
4.97918e+06
1.04144e+07
1.05261e+07
5.27778e+06
1.98389e+06
1.54938e+06
1.69335e+06
3.25249e+06
6.96876e+06
8.44487e+06
6.01593e+06
5.11251e+06
5.91952e+06
5.02063e+06
4.79548e+06
5.99514e+06
5.4569e+06
5.07437e+06
6.40324e+06
7.94045e+06
1.25647e+07
1.70754e+07
1.26526e+07
4.87169e+06
1.99034e+06
4.73113e+06
9.9411e+06
1.09204e+07
7.24598e+06
5.06945e+06
6.47893e+06
1.05521e+07
1.23487e+07
1.06855e+07
1.04988e+07
1.31462e+07
1.76737e+07
1.73628e+07
1.22907e+07
9.80878e+06
1.1217e+07
1.31407e+07
1.15961e+07
9.82619e+06
1.06337e+07
1.26133e+07
1.12371e+07
8.19944e+06
1.09496e+07
1.88031e+07
2.09559e+07
1.65689e+07
1.70923e+07
2.39848e+07
2.65789e+07
2.17475e+07
1.57905e+07
1.0763e+07
6.95484e+06
6.84647e+06
1.44004e+07
2.2563e+07
1.97917e+07
1.49976e+07
2.04368e+07
2.31397e+07
2.10994e+07
1.54702e+07
1.6225e+07
1.79823e+07
1.99235e+07
2.6134e+07
2.32818e+07
1.73223e+07
1.56626e+07
1.59342e+07
1.31891e+07
8.15817e+06
7.76262e+06
1.06067e+07
1.32854e+07
1.81396e+07
2.12835e+07
2.25232e+07
2.28256e+07
1.52122e+07
1.06872e+07
1.31714e+07
1.54217e+07
1.43141e+07
1.2916e+07
9.60395e+06
7.7089e+06
9.89651e+06
1.16782e+07
6.38172e+06
2.50873e+06
4.94156e+06
1.02836e+07
1.39409e+07
1.62605e+07
2.02056e+07
1.77975e+07
9.27501e+06
2.78131e+06
3.04792e+06
6.34003e+06
5.2966e+06
1.59503e+06
875569
1.16024e+06
920565
2.62328e+06
3.86047e+06
6.87583e+06
1.07201e+07
1.10268e+07
7.17403e+06
2.57317e+06
1.79173e+06
1.84471e+06
314879
2033
2
0
12
427
12680
158714
1.03409e+06
3.27824e+06
4.80121e+06
2.71286e+06
424679
18291
399
0
0
0
0
0
0
61
1616
24963
160019
362618
141923
0
0
0
0
0
0
0
0
0
0
0
0
0
0
0
0
0
0
0
0
0
0
0
0
0
0
0
0
0
0
0
0
0
0
0
0
0
0
0
0
0
0
0
0
0
0
0
0
0
0
0
0
0
0
0
0
0
0
0
0
0
0
0
0
0
0
0
0
0
0
0
0
0
0
0
0
0
0
0
0
0
0
0
0
0
0
0
0
0
0
0
0
0
0
0
0
0
0
0
0
0
0
0
0
0
0
0
0
0
0
0
0
0
0
0
0
0
0
0
0
0
0
0
0
0
0
0
0
0
0
0
0
0
0
0
0
0
0
0
0
0
0
0
0
0
0
0
0
0
0
0
0
0
0
0
0
0
0
0
0
0
0
0
0
0
0
0
0
0
0
0
0
0
0
0
0
0
0
0
0
0
0
0
0
0
0
0
0
0
0
0
0
0
0
0
0
0
0
0
0
