395264
0
0
0
0
0
0
0
0
0
0
0
0
0
0
0
0
828
94572
666733
979096
494100
119595
15488
1649
5893
47414
190434
386373
360338
157898
36457
56517
397567
1.2508e+06
1.70672e+06
1.00378e+06
290552
123867
419077
828616
701984
321520
347623
973835
1.61268e+06
1.24739e+06
526964
318420
510296
534831
532648
1.41886e+06
2.97899e+06
3.00531e+06
1.50082e+06
572698
449612
486161
927972
1.98475e+06
2.42922e+06
1.70936e+06
1.45606e+06
1.70451e+06
1.43088e+06
1.36495e+06
1.72498e+06
1.55675e+06
1.44274e+06
1.85069e+06
2.2725e+06
3.56845e+06
4.90361e+06
3.59151e+06
1.39637e+06
582403
1.3479e+06
2.84566e+06
3.13083e+06
2.05936e+06
1.45679e+06
1.84736e+06
3.01109e+06
3.5466e+06
3.03628e+06
3.02528e+06
3.73443e+06
5.06715e+06
4.96754e+06
3.49923e+06
2.82689e+06
3.18464e+06
3.77709e+06
3.29167e+06
2.83037e+06
3.03103e+06
3.60995e+06
3.21062e+06
2.3464e+06
3.12876e+06
5.38329e+06
6.00213e+06
4.72178e+06
4.87431e+06
6.86539e+06
7.61327e+06
6.19962e+06
4.52121e+06
3.07594e+06
1.99909e+06
1.96308e+06
4.09502e+06
6.48932e+06
5.62931e+06
4.28398e+06
5.83188e+06
6.64078e+06
6.02075e+06
4.42418e+06
4.66443e+06
5.13255e+06
5.68649e+06
7.45864e+06
6.68368e+06
4.93947e+06
4.46504e+06
4.57751e+06
3.76011e+06
2.33395e+06
2.22857e+06
3.02658e+06
3.79542e+06
5.19871e+06
6.0786e+06
6.41838e+06
6.55242e+06
4.3573e+06
3.03751e+06
3.7752e+06
4.4089e+06
4.07833e+06
3.71028e+06
2.73723e+06
2.20915e+06
2.83389e+06
3.32041e+06
1.83034e+06
717764
1.40754e+06
2.93603e+06
4.03409e+06
4.61712e+06
5.76942e+06
5.08608e+06
2.6629e+06
796482
871801
1.79933e+06
1.52516e+06
455044
250525
331125
266808
744413
1.10135e+06
1.96056e+06
3.07338e+06
3.1424e+06
2.071e+06
730182
507809
527372
92333
619
0
0
3
139
3984
45450
292727
928619
1.38041e+06
780424
120310
5200
106
0
0
0
0
0
0
15
484
7012
44661
102521
42939
0
0
0
0
0
0
0
0
0
0
0
0
0
0
0
0
0
0
0
0
0
0
0
0
0
0
0
0
0
0
0
0
0
0
0
0
0
0
0
0
0
0
0
0
0
0
0
0
0
0
0
0
0
0
0
0
0
0
0
0
0
0
0
0
0
0
0
0
0
0
0
0
0
0
0
0
0
0
0
0
0
0
0
0
0
0
0
0
0
0
0
0
0
0
0
0
0
0
0
0
0
0
0
0
0
0
0
0
0
0
0
0
0
0
0
0
0
0
0
0
0
0
0
0
0
0
0
0
0
0
0
0
0
0
0
0
0
0
0
0
0
0
0
0
0
0
0
0
0
0
0
0
0
0
0
0
0
0
0
0
0
0
0
0
0
0
0
0
0
0
0
0
0
0
0
0
0
0
0
0
0
0
0
0
0
0
0
0
0
0
0
0
0
0
0
0
0
0
0
0
