1.39059e+06
0
0
0
0
0
0
0
0
0
0
0
0
0
0
0
0
2879
329445
2.35757e+06
3.4301e+06
1.74715e+06
419079
53496
5305
20976
163323
674646
1.35902e+06
1.26794e+06
555384
126592
189695
1.38795e+06
4.43215e+06
5.9915e+06
3.55513e+06
1.00813e+06
424828
1.4818e+06
2.89956e+06
2.48276e+06
1.13118e+06
1.21598e+06
3.45261e+06
5.62693e+06
4.41743e+06
1.84984e+06
1.11908e+06
1.80089e+06
1.87256e+06
1.85799e+06
5.00765e+06
1.04766e+07
1.05895e+07
5.3089e+06
1.99518e+06
1.55864e+06
1.70326e+06
3.27142e+06
7.01021e+06
8.49555e+06
6.05117e+06
5.14253e+06
5.95532e+06
5.05025e+06
4.82356e+06
6.03077e+06
5.48909e+06
5.10441e+06
6.44126e+06
7.9871e+06
1.26389e+07
1.71775e+07
1.27285e+07
4.89976e+06
2.00149e+06
4.75875e+06
1.00007e+07
1.09862e+07
7.28808e+06
5.09935e+06
6.51674e+06
1.06149e+07
1.24225e+07
1.07489e+07
1.05603e+07
1.32239e+07
1.77789e+07
1.74657e+07
1.23643e+07
9.86622e+06
1.1283e+07
1.32189e+07
1.16656e+07
9.88324e+06
1.06967e+07
1.2689e+07
1.13036e+07
8.24767e+06
1.10134e+07
1.89146e+07
2.10813e+07
1.66671e+07
1.71925e+07
2.41269e+07
2.67376e+07
2.1877e+07
1.58838e+07
1.08265e+07
6.99547e+06
6.88588e+06
1.44857e+07
2.26974e+07
1.99106e+07
1.50846e+07
2.05577e+07
2.32774e+07
2.12244e+07
1.5562e+07
1.6321e+07
1.80889e+07
2.00402e+07
2.62903e+07
2.34206e+07
1.74246e+07
1.57551e+07
1.60289e+07
1.3267e+07
8.2063e+06
7.80776e+06
1.067e+07
1.33637e+07
1.82472e+07
2.14097e+07
2.26573e+07
2.29613e+07
1.53022e+07
1.07498e+07
1.32495e+07
1.55137e+07
1.43985e+07
1.29923e+07
9.66121e+06
7.75395e+06
9.95524e+06
1.17484e+07
6.41949e+06
2.52258e+06
4.97041e+06
1.03451e+07
1.40239e+07
1.63563e+07
2.03256e+07
1.79041e+07
9.32997e+06
2.79682e+06
3.06553e+06
6.37821e+06
5.32851e+06
1.60417e+06
880689
1.16702e+06
925761
2.63865e+06
3.8829e+06
6.91725e+06
1.0784e+07
1.10925e+07
7.21636e+06
2.58831e+06
1.80204e+06
1.85592e+06
316751
2042
2
0
12
427
12709
159478
1.03977e+06
3.29805e+06
4.82997e+06
2.72911e+06
427021
18376
399
0
0
0
0
0
0
61
1621
25056
160923
364803
142832
0
0
0
0
0
0
0
0
0
0
0
0
0
0
0
0
0
0
0
0
0
0
0
0
0
0
0
0
0
0
0
0
0
0
0
0
0
0
0
0
0
0
0
0
0
0
0
0
0
0
0
0
0
0
0
0
0
0
0
0
0
0
0
0
0
0
0
0
0
0
0
0
0
0
0
0
0
0
0
0
0
0
0
0
0
0
0
0
0
0
0
0
0
0
0
0
0
0
0
0
0
0
0
0
0
0
0
0
0
0
0
0
0
0
0
0
0
0
0
0
0
0
0
0
0
0
0
0
0
0
0
0
0
0
0
0
0
0
0
0
0
0
0
0
0
0
0
0
0
0
0
0
0
0
0
0
0
0
0
0
0
0
0
0
0
0
0
0
0
0
0
0
0
0
0
0
0
0
0
0
0
0
0
0
0
0
0
0
0
0
0
0
0
0
0
0
0
0
0
0
