1.11411e+06
0
0
0
0
0
0
0
0
0
0
0
0
0
0
0
0
2297
264093
1.8892e+06
2.74776e+06
1.3984e+06
336452
43365
4297
17139
131908
541064
1.08586e+06
1.01489e+06
445694
102510
153576
1.11453e+06
3.54844e+06
4.79714e+06
2.84466e+06
811184
343477
1.18757e+06
2.32184e+06
1.9857e+06
909177
980669
2.76764e+06
4.49818e+06
3.5302e+06
1.49046e+06
901576
1.44048e+06
1.49937e+06
1.49572e+06
4.02076e+06
8.37998e+06
8.46637e+06
4.25837e+06
1.60833e+06
1.2518e+06
1.36668e+06
2.62864e+06
5.60764e+06
6.7955e+06
4.85434e+06
4.12408e+06
4.76625e+06
4.04761e+06
3.86909e+06
4.82676e+06
4.39966e+06
4.09222e+06
5.16223e+06
6.40834e+06
1.01222e+07
1.37433e+07
1.01797e+07
3.94511e+06
1.6215e+06
3.8175e+06
7.99775e+06
8.7893e+06
5.84486e+06
4.09675e+06
5.22974e+06
8.49087e+06
9.94638e+06
8.6129e+06
8.47585e+06
1.05965e+07
1.42331e+07
1.39781e+07
9.91021e+06
7.91925e+06
9.0383e+06
1.05866e+07
9.33893e+06
7.9321e+06
8.57e+06
1.01562e+07
9.04678e+06
6.62427e+06
8.84331e+06
1.51371e+07
1.68744e+07
1.33658e+07
1.37905e+07
1.93143e+07
2.14056e+07
1.75202e+07
1.27337e+07
8.67293e+06
5.61827e+06
5.54675e+06
1.15975e+07
1.81594e+07
1.59362e+07
1.21193e+07
1.6464e+07
1.86385e+07
1.70023e+07
1.24759e+07
1.30882e+07
1.44939e+07
1.60713e+07
2.10358e+07
1.87494e+07
1.39668e+07
1.26225e+07
1.2845e+07
1.06292e+07
6.58648e+06
6.26644e+06
8.54335e+06
1.07078e+07
1.46095e+07
1.71477e+07
1.81556e+07
1.83856e+07
1.22617e+07
8.62317e+06
1.06171e+07
1.24204e+07
1.15401e+07
1.04115e+07
7.73567e+06
6.22038e+06
7.97758e+06
9.38883e+06
5.14931e+06
2.03179e+06
3.98504e+06
8.28199e+06
1.12474e+07
1.31102e+07
1.62714e+07
1.43276e+07
7.47655e+06
2.25258e+06
2.4648e+06
5.09976e+06
4.26267e+06
1.29014e+06
708312
933093
747725
2.11628e+06
3.10995e+06
5.54062e+06
8.6367e+06
8.87638e+06
5.78612e+06
2.07712e+06
1.44504e+06
1.48365e+06
254038
1642
2
0
12
379
10690
129861
836853
2.64144e+06
3.86574e+06
2.18346e+06
343083
15134
360
0
0
0
0
0
0
61
1388
20686
129503
291237
114181
0
0
0
0
0
0
0
0
0
0
0
0
0
0
0
0
0
0
0
0
0
0
0
0
0
0
0
0
0
0
0
0
0
0
0
0
0
0
0
0
0
0
0
0
0
0
0
0
0
0
0
0
0
0
0
0
0
0
0
0
0
0
0
0
0
0
0
0
0
0
0
0
0
0
0
0
0
0
0
0
0
0
0
0
0
0
0
0
0
0
0
0
0
0
0
0
0
0
0
0
0
0
0
0
0
0
0
0
0
0
0
0
0
0
0
0
0
0
0
0
0
0
0
0
0
0
0
0
0
0
0
0
0
0
0
0
0
0
0
0
0
0
0
0
0
0
0
0
0
0
0
0
0
0
0
0
0
0
0
0
0
0
0
0
0
0
0
0
0
0
0
0
0
0
0
0
0
0
0
0
0
0
0
0
0
0
0
0
0
0
0
0
0
0
0
0
0
0
0
0
