534528
0
0
0
0
0
0
0
0
0
0
0
0
0
0
0
0
1111
127538
903024
1.32232e+06
669598
161266
20762
2131
7817
63777
259030
521622
487054
213633
49175
75126
535632
1.6957e+06
2.30887e+06
1.35881e+06
390992
166795
567564
1.11708e+06
951150
435391
469312
1.3221e+06
2.17256e+06
1.69052e+06
711970
430975
691952
722146
718906
1.92059e+06
4.02565e+06
4.06633e+06
2.03405e+06
772104
605679
657358
1.2559e+06
2.68772e+06
3.27453e+06
2.31837e+06
1.9736e+06
2.29752e+06
1.93497e+06
1.8519e+06
2.32863e+06
2.10763e+06
1.95212e+06
2.49539e+06
3.07423e+06
4.8372e+06
6.61373e+06
4.8694e+06
1.88966e+06
783294
1.82585e+06
3.84483e+06
4.22996e+06
2.79056e+06
1.9677e+06
2.50005e+06
4.07546e+06
4.78974e+06
4.11234e+06
4.08212e+06
5.0629e+06
6.84262e+06
6.71883e+06
4.73708e+06
3.81452e+06
4.31913e+06
5.09278e+06
4.46289e+06
3.82368e+06
4.09865e+06
4.88145e+06
4.34262e+06
3.1728e+06
4.2338e+06
7.27693e+06
8.11187e+06
6.39147e+06
6.60099e+06
9.2799e+06
1.02832e+07
8.39146e+06
6.11347e+06
4.16078e+06
2.70116e+06
2.65746e+06
5.54354e+06
8.75413e+06
7.62471e+06
5.80032e+06
7.89407e+06
8.96735e+06
8.1464e+06
5.98388e+06
6.29738e+06
6.94645e+06
7.69667e+06
1.00916e+07
9.01891e+06
6.68489e+06
6.04682e+06
6.18316e+06
5.09146e+06
3.15524e+06
3.0107e+06
4.0956e+06
5.13049e+06
7.02318e+06
8.22984e+06
8.68879e+06
8.8474e+06
5.88414e+06
4.1205e+06
5.10145e+06
5.96382e+06
5.52145e+06
5.00888e+06
3.70512e+06
2.98548e+06
3.82892e+06
4.49802e+06
2.47392e+06
971275
1.9049e+06
3.97443e+06
5.43176e+06
6.26184e+06
7.80521e+06
6.87548e+06
3.59627e+06
1.07801e+06
1.1773e+06
2.43989e+06
2.05717e+06
616771
339245
447044
358870
1.00994e+06
1.49107e+06
2.6551e+06
4.15374e+06
4.2501e+06
2.79124e+06
991413
688755
713137
123935
852
0
0
8
212
5275
61435
396937
1.26017e+06
1.86223e+06
1.05401e+06
163247
7066
162
0
0
0
0
0
0
27
616
9661
60614
139310
57036
0
0
0
0
0
0
0
0
0
0
0
0
0
0
0
0
0
0
0
0
0
0
0
0
0
0
0
0
0
0
0
0
0
0
0
0
0
0
0
0
0
0
0
0
0
0
0
0
0
0
0
0
0
0
0
0
0
0
0
0
0
0
0
0
0
0
0
0
0
0
0
0
0
0
0
0
0
0
0
0
0
0
0
0
0
0
0
0
0
0
0
0
0
0
0
0
0
0
0
0
0
0
0
0
0
0
0
0
0
0
0
0
0
0
0
0
0
0
0
0
0
0
0
0
0
0
0
0
0
0
0
0
0
0
0
0
0
0
0
0
0
0
0
0
0
0
0
0
0
0
0
0
0
0
0
0
0
0
0
0
0
0
0
0
0
0
0
0
0
0
0
0
0
0
0
0
0
0
0
0
0
0
0
0
0
0
0
0
0
0
0
0
0
0
0
0
0
0
0
0
