1.43155e+06
0
0
0
0
0
0
0
0
0
0
0
0
0
0
0
0
2947
338947
2.42719e+06
3.53114e+06
1.79903e+06
431245
54871
5444
21472
167870
694345
1.40002e+06
1.30549e+06
571240
130212
195007
1.42769e+06
4.56274e+06
6.17104e+06
3.65992e+06
1.03641e+06
436542
1.52541e+06
2.98565e+06
2.55594e+06
1.16417e+06
1.24992e+06
3.55465e+06
5.79619e+06
4.5477e+06
1.9026e+06
1.15116e+06
1.85458e+06
1.92809e+06
1.91025e+06
5.15227e+06
1.07894e+07
1.0907e+07
5.46285e+06
2.05182e+06
1.6043e+06
1.75153e+06
3.36694e+06
7.21867e+06
8.74862e+06
6.2283e+06
5.29229e+06
6.13179e+06
5.19944e+06
4.96423e+06
6.20948e+06
5.6505e+06
5.25387e+06
6.6305e+06
8.22025e+06
1.30105e+07
1.76915e+07
1.31064e+07
5.03897e+06
2.0557e+06
4.89669e+06
1.03e+07
1.13146e+07
7.49987e+06
5.24623e+06
6.70702e+06
1.09295e+07
1.27915e+07
1.1065e+07
1.08672e+07
1.36137e+07
1.8307e+07
1.79819e+07
1.27278e+07
1.01534e+07
1.16137e+07
1.36115e+07
1.20106e+07
1.01717e+07
1.10101e+07
1.30665e+07
1.16371e+07
8.48709e+06
1.13336e+07
1.94741e+07
2.17082e+07
1.71556e+07
1.76947e+07
2.48406e+07
2.75297e+07
2.25219e+07
1.63516e+07
1.11445e+07
7.19781e+06
7.08146e+06
1.49143e+07
2.33735e+07
2.05e+07
1.55204e+07
2.11623e+07
2.39686e+07
2.185e+07
1.60178e+07
1.68037e+07
1.86216e+07
2.06226e+07
2.70715e+07
2.41144e+07
1.79361e+07
1.62173e+07
1.65027e+07
1.36601e+07
8.44326e+06
8.03437e+06
1.09822e+07
1.37558e+07
1.87893e+07
2.20428e+07
2.33229e+07
2.36436e+07
1.57519e+07
1.10608e+07
1.36419e+07
1.59735e+07
1.48191e+07
1.33756e+07
9.94557e+06
7.98035e+06
1.02485e+07
1.21006e+07
6.60697e+06
2.59233e+06
5.11469e+06
1.06526e+07
1.44397e+07
1.6831e+07
2.09273e+07
1.84389e+07
9.60501e+06
2.87453e+06
3.15192e+06
6.56966e+06
5.48792e+06
1.65033e+06
905660
1.20175e+06
951261
2.71533e+06
3.99609e+06
7.12224e+06
1.11043e+07
1.14205e+07
7.43055e+06
2.66192e+06
1.8534e+06
1.91266e+06
326151
2090
2
0
12
440
12948
163448
1.06868e+06
3.39412e+06
4.97576e+06
2.81041e+06
439012
18731
400
0
0
0
0
0
0
61
1641
25640
165385
375591
147458
0
0
0
0
0
0
0
0
0
0
0
0
0
0
0
0
0
0
0
0
0
0
0
0
0
0
0
0
0
0
0
0
0
0
0
0
0
0
0
0
0
0
0
0
0
0
0
0
0
0
0
0
0
0
0
0
0
0
0
0
0
0
0
0
0
0
0
0
0
0
0
0
0
0
0
0
0
0
0
0
0
0
0
0
0
0
0
0
0
0
0
0
0
0
0
0
0
0
0
0
0
0
0
0
0
0
0
0
0
0
0
0
0
0
0
0
0
0
0
0
0
0
0
0
0
0
0
0
0
0
0
0
0
0
0
0
0
0
0
0
0
0
0
0
0
0
0
0
0
0
0
0
0
0
0
0
0
0
0
0
0
0
0
0
0
0
0
0
0
0
0
0
0
0
0
0
0
0
0
0
0
0
0
0
0
0
0
0
0
0
0
0
0
0
0
0
0
0
0
0
