1.62406e+06
0
0
0
0
0
0
0
0
0
0
0
0
0
0
0
2
3291
384396
2.75458e+06
4.00416e+06
2.04142e+06
489666
62423
6089
24476
190965
789268
1.5855e+06
1.4798e+06
649691
147987
221990
1.62219e+06
5.17715e+06
6.99217e+06
4.15343e+06
1.17832e+06
497046
1.73106e+06
3.38457e+06
2.89878e+06
1.3234e+06
1.42181e+06
4.03413e+06
6.56387e+06
5.1602e+06
2.1625e+06
1.30847e+06
2.10204e+06
2.18635e+06
2.17156e+06
5.84972e+06
1.22316e+07
1.23668e+07
6.2008e+06
2.33448e+06
1.81844e+06
1.98654e+06
3.82439e+06
8.18897e+06
9.91556e+06
7.0712e+06
6.00566e+06
6.9511e+06
5.9001e+06
5.6378e+06
7.03792e+06
6.41184e+06
5.96286e+06
7.51945e+06
9.33916e+06
1.47657e+07
2.00404e+07
1.48635e+07
5.72945e+06
2.3409e+06
5.56238e+06
1.16791e+07
1.28215e+07
8.51308e+06
5.95792e+06
7.61589e+06
1.23941e+07
1.45035e+07
1.25616e+07
1.23298e+07
1.54518e+07
2.07551e+07
2.03891e+07
1.44518e+07
1.15215e+07
1.31784e+07
1.54289e+07
1.3631e+07
1.15436e+07
1.24971e+07
1.48128e+07
1.31948e+07
9.64372e+06
1.28732e+07
2.20766e+07
2.46035e+07
1.94862e+07
2.0093e+07
2.81684e+07
3.1203e+07
2.55567e+07
1.85583e+07
1.26404e+07
8.16596e+06
8.05957e+06
1.69334e+07
2.64722e+07
2.32529e+07
1.76469e+07
2.40073e+07
2.71654e+07
2.47841e+07
1.81895e+07
1.9064e+07
2.11358e+07
2.34143e+07
3.06892e+07
2.73319e+07
2.03528e+07
1.84113e+07
1.87115e+07
1.5497e+07
9.59058e+06
9.12795e+06
1.24657e+07
1.56034e+07
2.12909e+07
2.49991e+07
2.6476e+07
2.68097e+07
1.78683e+07
1.25622e+07
1.54751e+07
1.81215e+07
1.68247e+07
1.51669e+07
1.1275e+07
9.0653e+06
1.16253e+07
1.37115e+07
7.49283e+06
2.95129e+06
5.81021e+06
1.2079e+07
1.6377e+07
1.9115e+07
2.37337e+07
2.09048e+07
1.08885e+07
3.26961e+06
3.58793e+06
7.44764e+06
6.21566e+06
1.87502e+06
1.0307e+06
1.3614e+06
1.08323e+06
3.08305e+06
4.53208e+06
8.08173e+06
1.25988e+07
1.29525e+07
8.42203e+06
3.02304e+06
2.10661e+06
2.16483e+06
369277
2413
2
0
12
496
14745
186341
1.21669e+06
3.85248e+06
5.64068e+06
3.18395e+06
499616
21128
434
3
0
0
0
0
0
63
1872
29098
187774
426393
166832
0
0
0
0
0
0
0
0
0
0
0
0
0
0
0
0
0
0
0
0
0
0
0
0
0
0
0
0
0
0
0
0
0
0
0
0
0
0
0
0
0
0
0
0
0
0
0
0
0
0
0
0
0
0
0
0
0
0
0
0
0
0
0
0
0
0
0
0
0
0
0
0
0
0
0
0
0
0
0
0
0
0
0
0
0
0
0
0
0
0
0
0
0
0
0
0
0
0
0
0
0
0
0
0
0
0
0
0
0
0
0
0
0
0
0
0
0
0
0
0
0
0
0
0
0
0
0
0
0
0
0
0
0
0
0
0
0
0
0
0
0
0
0
0
0
0
0
0
0
0
0
0
0
0
0
0
0
0
0
0
0
0
0
0
0
0
0
0
0
0
0
0
0
0
0
0
0
0
0
0
0
0
0
0
0
0
0
0
0
0
0
0
0
0
0
0
0
0
0
0
