1.3271e+06
0
0
0
0
0
0
0
0
0
0
0
0
0
0
0
0
2745
314376
2.25016e+06
3.27364e+06
1.66682e+06
399978
51235
5067
20056
155925
644111
1.29668e+06
1.20979e+06
529999
120900
181131
1.32532e+06
4.22988e+06
5.71736e+06
3.39157e+06
962575
406144
1.41384e+06
2.76793e+06
2.36847e+06
1.07947e+06
1.1627e+06
3.2952e+06
5.36723e+06
4.21382e+06
1.76723e+06
1.06916e+06
1.71848e+06
1.78604e+06
1.77502e+06
4.7827e+06
9.99473e+06
1.01004e+07
5.06775e+06
1.90737e+06
1.48759e+06
1.62584e+06
3.12547e+06
6.68751e+06
8.10355e+06
5.77772e+06
4.90902e+06
5.68026e+06
4.82026e+06
4.60662e+06
5.75327e+06
5.23792e+06
4.87265e+06
6.1475e+06
7.62476e+06
1.20635e+07
1.63858e+07
1.21415e+07
4.68291e+06
1.915e+06
4.54419e+06
9.5382e+06
1.04797e+07
6.95794e+06
4.87061e+06
6.22382e+06
1.01243e+07
1.18522e+07
1.02585e+07
1.00844e+07
1.26209e+07
1.69638e+07
1.66628e+07
1.18002e+07
9.4208e+06
1.07685e+07
1.26113e+07
1.11332e+07
9.43656e+06
1.02099e+07
1.21026e+07
1.07856e+07
7.87599e+06
1.05207e+07
1.80465e+07
2.01072e+07
1.59105e+07
1.6419e+07
2.30212e+07
2.55048e+07
2.08756e+07
1.5161e+07
1.03343e+07
6.67968e+06
6.58252e+06
1.38235e+07
2.165e+07
1.89964e+07
1.44131e+07
1.96154e+07
2.2208e+07
2.02552e+07
1.48546e+07
1.55773e+07
1.72645e+07
1.91344e+07
2.50788e+07
2.23442e+07
1.66318e+07
1.50375e+07
1.52944e+07
1.26627e+07
7.83637e+06
7.45627e+06
1.01812e+07
1.27545e+07
1.74111e+07
2.04317e+07
2.1623e+07
2.19055e+07
1.46034e+07
1.02662e+07
1.26442e+07
1.48006e+07
1.37456e+07
1.23976e+07
9.21919e+06
7.404e+06
9.50079e+06
1.12038e+07
6.12794e+06
2.41235e+06
4.74616e+06
9.87e+06
1.33843e+07
1.56123e+07
1.93955e+07
1.70794e+07
8.90258e+06
2.67494e+06
2.92961e+06
6.0836e+06
5.08148e+06
1.53273e+06
840892
1.11394e+06
885680
2.51962e+06
3.7069e+06
6.59955e+06
1.029e+07
1.05817e+07
6.88723e+06
2.47248e+06
1.72044e+06
1.77006e+06
302292
1952
2
0
12
421
12313
153123
994752
3.14725e+06
4.60634e+06
2.60347e+06
408185
17677
389
0
0
0
0
0
0
61
1545
24112
154070
347618
136146
0
0
0
0
0
0
0
0
0
0
0
0
0
0
0
0
0
0
0
0
0
0
0
0
0
0
0
0
0
0
0
0
0
0
0
0
0
0
0
0
0
0
0
0
0
0
0
0
0
0
0
0
0
0
0
0
0
0
0
0
0
0
0
0
0
0
0
0
0
0
0
0
0
0
0
0
0
0
0
0
0
0
0
0
0
0
0
0
0
0
0
0
0
0
0
0
0
0
0
0
0
0
0
0
0
0
0
0
0
0
0
0
0
0
0
0
0
0
0
0
0
0
0
0
0
0
0
0
0
0
0
0
0
0
0
0
0
0
0
0
0
0
0
0
0
0
0
0
0
0
0
0
0
0
0
0
0
0
0
0
0
0
0
0
0
0
0
0
0
0
0
0
0
0
0
0
0
0
0
0
0
0
0
0
0
0
0
0
0
0
0
0
0
0
0
0
0
0
0
0
