1.43974e+06
0
0
0
0
0
0
0
0
0
0
0
0
0
0
0
0
2955
340861
2.44112e+06
3.55124e+06
1.80949e+06
433668
55172
5479
21583
168861
698377
1.40793e+06
1.31284e+06
574707
130894
196140
1.43586e+06
4.58882e+06
6.20645e+06
3.68085e+06
1.04232e+06
438942
1.53429e+06
3.00248e+06
2.57064e+06
1.17089e+06
1.25726e+06
3.57517e+06
5.82871e+06
4.57381e+06
1.91358e+06
1.15785e+06
1.86528e+06
1.93915e+06
1.92125e+06
5.18136e+06
1.08514e+07
1.09697e+07
5.49384e+06
2.06383e+06
1.61324e+06
1.76155e+06
3.38647e+06
7.25954e+06
8.79862e+06
6.26435e+06
5.32253e+06
6.16657e+06
5.22923e+06
4.99279e+06
6.24497e+06
5.68297e+06
5.28402e+06
6.66806e+06
8.26774e+06
1.30852e+07
1.77918e+07
1.31816e+07
5.06788e+06
2.06756e+06
4.92497e+06
1.03586e+07
1.13794e+07
7.54296e+06
5.27594e+06
6.74542e+06
1.09919e+07
1.28652e+07
1.11285e+07
1.09292e+07
1.36917e+07
1.84116e+07
1.80845e+07
1.28012e+07
1.02118e+07
1.16794e+07
1.36891e+07
1.20799e+07
1.02303e+07
1.1073e+07
1.31405e+07
1.17038e+07
8.53641e+06
1.13988e+07
1.95845e+07
2.18319e+07
1.72548e+07
1.77965e+07
2.49826e+07
2.76859e+07
2.26513e+07
1.64454e+07
1.12084e+07
7.23872e+06
7.12262e+06
1.50001e+07
2.35053e+07
2.06182e+07
1.56101e+07
2.12827e+07
2.41058e+07
2.19752e+07
1.61096e+07
1.68997e+07
1.87288e+07
2.07406e+07
2.72262e+07
2.42517e+07
1.80389e+07
1.63103e+07
1.65967e+07
1.37385e+07
8.49211e+06
8.08036e+06
1.10453e+07
1.38339e+07
1.88969e+07
2.21691e+07
2.3456e+07
2.3779e+07
1.58422e+07
1.11237e+07
1.37203e+07
1.60651e+07
1.49039e+07
1.34517e+07
1.00024e+07
8.02683e+06
1.03067e+07
1.21697e+07
6.6449e+06
2.607e+06
5.14485e+06
1.0713e+07
1.45219e+07
1.69275e+07
2.10465e+07
1.8545e+07
9.65969e+06
2.89125e+06
3.17007e+06
6.60748e+06
5.51855e+06
1.66016e+06
910660
1.20877e+06
956626
2.73096e+06
4.01912e+06
7.16314e+06
1.11681e+07
1.14853e+07
7.47304e+06
2.67722e+06
1.86407e+06
1.92355e+06
327941
2108
2
0
12
440
13014
164402
1.07493e+06
3.41354e+06
5.0042e+06
2.82642e+06
441498
18838
401
0
0
0
0
0
0
61
1644
25773
166345
377771
148278
0
0
0
0
0
0
0
0
0
0
0
0
0
0
0
0
0
0
0
0
0
0
0
0
0
0
0
0
0
0
0
0
0
0
0
0
0
0
0
0
0
0
0
0
0
0
0
0
0
0
0
0
0
0
0
0
0
0
0
0
0
0
0
0
0
0
0
0
0
0
0
0
0
0
0
0
0
0
0
0
0
0
0
0
0
0
0
0
0
0
0
0
0
0
0
0
0
0
0
0
0
0
0
0
0
0
0
0
0
0
0
0
0
0
0
0
0
0
0
0
0
0
0
0
0
0
0
0
0
0
0
0
0
0
0
0
0
0
0
0
0
0
0
0
0
0
0
0
0
0
0
0
0
0
0
0
0
0
0
0
0
0
0
0
0
0
0
0
0
0
0
0
0
0
0
0
0
0
0
0
0
0
0
0
0
0
0
0
0
0
0
0
0
0
0
0
0
0
0
0
