528384
0
0
0
0
0
0
0
0
0
0
0
0
0
0
0
0
1089
126046
892675
1.30718e+06
661831
159408
20542
2115
7695
63095
256066
515489
481555
211249
48550
74239
529487
1.67616e+06
2.28246e+06
1.34302e+06
386565
164894
561002
1.10436e+06
940159
430331
463962
1.30686e+06
2.14731e+06
1.67168e+06
703769
425712
683949
714061
710587
1.89839e+06
3.97948e+06
4.01954e+06
2.01062e+06
763303
598655
649805
1.24157e+06
2.65678e+06
3.23703e+06
2.29175e+06
1.95063e+06
2.27124e+06
1.91303e+06
1.83015e+06
2.30176e+06
2.08381e+06
1.92938e+06
2.46707e+06
3.03865e+06
4.78129e+06
6.53851e+06
4.81292e+06
1.868e+06
774246
1.80471e+06
3.80071e+06
4.18171e+06
2.75836e+06
1.94485e+06
2.47129e+06
4.02854e+06
4.7349e+06
4.06511e+06
4.03528e+06
5.00391e+06
6.76476e+06
6.64145e+06
4.68242e+06
3.77126e+06
4.26881e+06
5.03483e+06
4.41138e+06
3.77969e+06
4.05117e+06
4.82592e+06
4.29258e+06
3.13638e+06
4.18475e+06
7.1939e+06
8.01833e+06
6.31786e+06
6.52495e+06
9.17301e+06
1.01658e+07
8.29482e+06
6.04328e+06
4.11247e+06
2.67041e+06
2.62677e+06
5.47932e+06
8.65483e+06
7.53657e+06
5.73327e+06
7.80277e+06
8.86541e+06
8.05257e+06
5.91454e+06
6.22527e+06
6.86636e+06
7.60803e+06
9.97607e+06
8.91519e+06
6.60787e+06
5.97748e+06
6.11231e+06
5.03272e+06
3.11895e+06
2.97597e+06
4.04817e+06
5.07198e+06
6.94326e+06
8.13483e+06
8.58811e+06
8.74594e+06
5.81719e+06
4.07268e+06
5.04288e+06
5.89483e+06
5.4581e+06
4.95158e+06
3.6623e+06
2.9511e+06
3.78558e+06
4.44587e+06
2.44583e+06
960066
1.88331e+06
3.92833e+06
5.36903e+06
6.18999e+06
7.71537e+06
6.79621e+06
3.5552e+06
1.06568e+06
1.16379e+06
2.41176e+06
2.03378e+06
609643
335351
441813
354799
998602
1.47414e+06
2.62435e+06
4.10573e+06
4.2008e+06
2.75944e+06
980255
680889
704764
122602
848
0
0
8
212
5228
60805
392597
1.24568e+06
1.84044e+06
1.04192e+06
161388
7014
162
0
0
0
0
0
0
27
616
9583
59883
137697
56386
0
0
0
0
0
0
0
0
0
0
0
0
0
0
0
0
0
0
0
0
0
0
0
0
0
0
0
0
0
0
0
0
0
0
0
0
0
0
0
0
0
0
0
0
0
0
0
0
0
0
0
0
0
0
0
0
0
0
0
0
0
0
0
0
0
0
0
0
0
0
0
0
0
0
0
0
0
0
0
0
0
0
0
0
0
0
0
0
0
0
0
0
0
0
0
0
0
0
0
0
0
0
0
0
0
0
0
0
0
0
0
0
0
0
0
0
0
0
0
0
0
0
0
0
0
0
0
0
0
0
0
0
0
0
0
0
0
0
0
0
0
0
0
0
0
0
0
0
0
0
0
0
0
0
0
0
0
0
0
0
0
0
0
0
0
0
0
0
0
0
0
0
0
0
0
0
0
0
0
0
0
0
0
0
0
0
0
0
0
0
0
0
0
0
0
0
0
0
0
0
