1.35578e+06
0
0
0
0
0
0
0
0
0
0
0
0
0
0
0
0
2807
321171
2.2987e+06
3.34408e+06
1.70335e+06
408631
52200
5140
20451
159330
658118
1.32435e+06
1.23618e+06
541613
123428
184875
1.35377e+06
4.32167e+06
5.84008e+06
3.4662e+06
983069
414529
1.44435e+06
2.82764e+06
2.41982e+06
1.10294e+06
1.1869e+06
3.36595e+06
5.48492e+06
4.30544e+06
1.80494e+06
1.09152e+06
1.75565e+06
1.82491e+06
1.81263e+06
4.88515e+06
1.02116e+07
1.03208e+07
5.17706e+06
1.947e+06
1.51944e+06
1.66114e+06
3.19153e+06
6.83243e+06
8.28088e+06
5.90171e+06
5.01419e+06
5.80447e+06
4.9244e+06
4.70449e+06
5.8787e+06
5.35123e+06
4.97751e+06
6.27906e+06
7.78925e+06
1.23243e+07
1.67421e+07
1.24068e+07
4.78064e+06
1.95417e+06
4.6414e+06
9.74748e+06
1.07076e+07
7.10754e+06
4.97333e+06
6.35629e+06
1.03457e+07
1.211e+07
1.04801e+07
1.02991e+07
1.28944e+07
1.73306e+07
1.70259e+07
1.20545e+07
9.62266e+06
1.10007e+07
1.2885e+07
1.13735e+07
9.63869e+06
1.04294e+07
1.2367e+07
1.10204e+07
8.04389e+06
1.07434e+07
1.84381e+07
2.05474e+07
1.62523e+07
1.67683e+07
2.35206e+07
2.60612e+07
2.13276e+07
1.54877e+07
1.05567e+07
6.82252e+06
6.71979e+06
1.41232e+07
2.21221e+07
1.94083e+07
1.47172e+07
2.00413e+07
2.26906e+07
2.06927e+07
1.51742e+07
1.59128e+07
1.76376e+07
1.95443e+07
2.56254e+07
2.28287e+07
1.6991e+07
1.53618e+07
1.56252e+07
1.29359e+07
8.00362e+06
7.61526e+06
1.04023e+07
1.30298e+07
1.7788e+07
2.08732e+07
2.209e+07
2.2382e+07
1.492e+07
1.04844e+07
1.29171e+07
1.5123e+07
1.40408e+07
1.26664e+07
9.41844e+06
7.56235e+06
9.70573e+06
1.14487e+07
6.26045e+06
2.4626e+06
4.84769e+06
1.00842e+07
1.36718e+07
1.59497e+07
1.98154e+07
1.74509e+07
9.09632e+06
2.73025e+06
2.99081e+06
6.21631e+06
5.19321e+06
1.56497e+06
858856
1.13804e+06
903956
2.57338e+06
3.78693e+06
6.74268e+06
1.05126e+07
1.08124e+07
7.036e+06
2.52479e+06
1.75769e+06
1.80824e+06
308866
2001
2
0
12
424
12486
156168
1.01573e+06
3.21483e+06
4.70716e+06
2.65997e+06
416790
18016
396
0
0
0
0
0
0
61
1579
24569
157189
355385
139105
0
0
0
0
0
0
0
0
0
0
0
0
0
0
0
0
0
0
0
0
0
0
0
0
0
0
0
0
0
0
0
0
0
0
0
0
0
0
0
0
0
0
0
0
0
0
0
0
0
0
0
0
0
0
0
0
0
0
0
0
0
0
0
0
0
0
0
0
0
0
0
0
0
0
0
0
0
0
0
0
0
0
0
0
0
0
0
0
0
0
0
0
0
0
0
0
0
0
0
0
0
0
0
0
0
0
0
0
0
0
0
0
0
0
0
0
0
0
0
0
0
0
0
0
0
0
0
0
0
0
0
0
0
0
0
0
0
0
0
0
0
0
0
0
0
0
0
0
0
0
0
0
0
0
0
0
0
0
0
0
0
0
0
0
0
0
0
0
0
0
0
0
0
0
0
0
0
0
0
0
0
0
0
0
0
0
0
0
0
0
0
0
0
0
0
0
0
0
0
0
