501760
0
0
0
0
0
0
0
0
0
0
0
0
0
0
0
0
1040
119716
847789
1.24108e+06
628453
151494
19531
2036
7350
59909
243061
489530
457309
200555
46159
70917
503611
1.59042e+06
2.16685e+06
1.27498e+06
367846
156874
532913
1.04906e+06
892147
408418
440990
1.24122e+06
2.03879e+06
1.58748e+06
668557
404329
649059
677925
675589
1.80353e+06
3.77782e+06
3.81577e+06
1.90914e+06
725422
569290
616780
1.17953e+06
2.52231e+06
3.07488e+06
2.17522e+06
1.85186e+06
2.15817e+06
1.8171e+06
1.73738e+06
2.18468e+06
1.97854e+06
1.83277e+06
2.34353e+06
2.88585e+06
4.53948e+06
6.21018e+06
4.56765e+06
1.77472e+06
736093
1.7133e+06
3.61022e+06
3.97068e+06
2.61945e+06
1.84783e+06
2.34702e+06
3.82423e+06
4.49529e+06
3.86015e+06
3.8335e+06
4.75049e+06
6.42479e+06
6.30566e+06
4.446e+06
3.5844e+06
4.0522e+06
4.78156e+06
4.18714e+06
3.58964e+06
3.84831e+06
4.58314e+06
4.07558e+06
2.97856e+06
3.97588e+06
6.82931e+06
7.61283e+06
5.99986e+06
6.19742e+06
8.71086e+06
9.65339e+06
7.87555e+06
5.73876e+06
3.90481e+06
2.53753e+06
2.49605e+06
5.20224e+06
8.21934e+06
7.15553e+06
5.44544e+06
7.40843e+06
8.41838e+06
7.64604e+06
5.61771e+06
5.91182e+06
6.51897e+06
7.22784e+06
9.4714e+06
8.46587e+06
6.27506e+06
5.67617e+06
5.80352e+06
4.77869e+06
2.96392e+06
2.82664e+06
3.84539e+06
4.81616e+06
6.5936e+06
7.72157e+06
8.15409e+06
8.30624e+06
5.52553e+06
3.86774e+06
4.78963e+06
5.59705e+06
5.18178e+06
4.70311e+06
3.47768e+06
2.80278e+06
3.59597e+06
4.2197e+06
2.32236e+06
913659
1.7893e+06
3.72837e+06
5.09958e+06
5.87753e+06
7.32568e+06
6.45258e+06
3.37646e+06
1.0132e+06
1.10648e+06
2.28874e+06
1.93115e+06
578821
318834
419562
337790
948827
1.40052e+06
2.49002e+06
3.89932e+06
3.98773e+06
2.62095e+06
931072
646855
668958
116409
815
0
0
8
209
5064
58307
373816
1.18243e+06
1.74664e+06
989266
153262
6681
160
0
0
0
0
0
0
27
595
9168
57016
130492
53582
0
0
0
0
0
0
0
0
0
0
0
0
0
0
0
0
0
0
0
0
0
0
0
0
0
0
0
0
0
0
0
0
0
0
0
0
0
0
0
0
0
0
0
0
0
0
0
0
0
0
0
0
0
0
0
0
0
0
0
0
0
0
0
0
0
0
0
0
0
0
0
0
0
0
0
0
0
0
0
0
0
0
0
0
0
0
0
0
0
0
0
0
0
0
0
0
0
0
0
0
0
0
0
0
0
0
0
0
0
0
0
0
0
0
0
0
0
0
0
0
0
0
0
0
0
0
0
0
0
0
0
0
0
0
0
0
0
0
0
0
0
0
0
0
0
0
0
0
0
0
0
0
0
0
0
0
0
0
0
0
0
0
0
0
0
0
0
0
0
0
0
0
0
0
0
0
0
0
0
0
0
0
0
0
0
0
0
0
0
0
0
0
0
0
0
0
0
0
0
0
