1.27795e+06
0
0
0
0
0
0
0
0
0
0
0
0
0
0
0
0
2648
302810
2.16678e+06
3.15261e+06
1.60462e+06
385109
49615
4882
19393
150400
620962
1.24729e+06
1.16444e+06
510946
116685
175017
1.27674e+06
4.07219e+06
5.50479e+06
3.26555e+06
927703
391966
1.36172e+06
2.66469e+06
2.27979e+06
1.04054e+06
1.12139e+06
3.1736e+06
5.16472e+06
4.0569e+06
1.7035e+06
1.03043e+06
1.65463e+06
1.7198e+06
1.71131e+06
4.6071e+06
9.62224e+06
9.72112e+06
4.88097e+06
1.8395e+06
1.4331e+06
1.5666e+06
3.01148e+06
6.43742e+06
7.80042e+06
5.56649e+06
4.72687e+06
5.46874e+06
4.64295e+06
4.43645e+06
5.53837e+06
5.04501e+06
4.69308e+06
5.91993e+06
7.34468e+06
1.16158e+07
1.57755e+07
1.16854e+07
4.51411e+06
1.85042e+06
4.37662e+06
9.18009e+06
1.00885e+07
6.70155e+06
4.69444e+06
5.99541e+06
9.74565e+06
1.14109e+07
9.87936e+06
9.71372e+06
1.21553e+07
1.6332e+07
1.60428e+07
1.13625e+07
9.07576e+06
1.03709e+07
1.21439e+07
1.07183e+07
9.08951e+06
9.83109e+06
1.16544e+07
1.03825e+07
7.58814e+06
1.01365e+07
1.73735e+07
1.93583e+07
1.53257e+07
1.58162e+07
2.21623e+07
2.45556e+07
2.01007e+07
1.46022e+07
9.95166e+06
6.43457e+06
6.3468e+06
1.33116e+07
2.08401e+07
1.82885e+07
1.38891e+07
1.88873e+07
2.13817e+07
1.95024e+07
1.43098e+07
1.50015e+07
1.66275e+07
1.84285e+07
2.41432e+07
2.15138e+07
1.6014e+07
1.44826e+07
1.47293e+07
1.21928e+07
7.54924e+06
7.1839e+06
9.80175e+06
1.22817e+07
1.67644e+07
1.96753e+07
2.08199e+07
2.10937e+07
1.40616e+07
9.88811e+06
1.21781e+07
1.42517e+07
1.32363e+07
1.19393e+07
8.87644e+06
7.13046e+06
9.14948e+06
1.07844e+07
5.90166e+06
2.32437e+06
4.57132e+06
9.50388e+06
1.28912e+07
1.50346e+07
1.86733e+07
1.6446e+07
8.57271e+06
2.57747e+06
2.82276e+06
5.85739e+06
4.89128e+06
1.47704e+06
810135
1.07242e+06
853813
2.42704e+06
3.56817e+06
6.35473e+06
9.90869e+06
1.01886e+07
6.63315e+06
2.38167e+06
1.65623e+06
1.70428e+06
291154
1870
2
0
12
414
11959
147450
958241
3.03105e+06
4.43531e+06
2.50675e+06
392859
17146
380
0
0
0
0
0
0
61
1512
23310
148239
334849
131005
0
0
0
0
0
0
0
0
0
0
0
0
0
0
0
0
0
0
0
0
0
0
0
0
0
0
0
0
0
0
0
0
0
0
0
0
0
0
0
0
0
0
0
0
0
0
0
0
0
0
0
0
0
0
0
0
0
0
0
0
0
0
0
0
0
0
0
0
0
0
0
0
0
0
0
0
0
0
0
0
0
0
0
0
0
0
0
0
0
0
0
0
0
0
0
0
0
0
0
0
0
0
0
0
0
0
0
0
0
0
0
0
0
0
0
0
0
0
0
0
0
0
0
0
0
0
0
0
0
0
0
0
0
0
0
0
0
0
0
0
0
0
0
0
0
0
0
0
0
0
0
0
0
0
0
0
0
0
0
0
0
0
0
0
0
0
0
0
0
0
0
0
0
0
0
0
0
0
0
0
0
0
0
0
0
0
0
0
0
0
0
0
0
0
0
0
0
0
0
0
