1.49299e+06
0
0
0
0
0
0
0
0
0
0
0
0
0
0
0
2
3053
353324
2.53215e+06
3.68163e+06
1.87621e+06
450289
57195
5660
22439
175283
724882
1.45867e+06
1.36102e+06
596777
135685
203569
1.49023e+06
4.75863e+06
6.43255e+06
3.81713e+06
1.08238e+06
455541
1.59179e+06
3.11292e+06
2.66461e+06
1.2151e+06
1.30569e+06
3.70764e+06
6.0404e+06
4.74264e+06
1.98561e+06
1.20179e+06
1.93367e+06
2.01091e+06
1.99369e+06
5.3744e+06
1.12514e+07
1.137e+07
5.69898e+06
2.14293e+06
1.67255e+06
1.82631e+06
3.51427e+06
7.52869e+06
9.11708e+06
6.49858e+06
5.52204e+06
6.39241e+06
5.42145e+06
5.18029e+06
6.4742e+06
5.89429e+06
5.4805e+06
6.9125e+06
8.57811e+06
1.35747e+07
1.84354e+07
1.36662e+07
5.26092e+06
2.14821e+06
5.11016e+06
1.07406e+07
1.17923e+07
7.82256e+06
5.47397e+06
6.99794e+06
1.1398e+07
1.33378e+07
1.15421e+07
1.13345e+07
1.42014e+07
1.90875e+07
1.87469e+07
1.32796e+07
1.05917e+07
1.21129e+07
1.41899e+07
1.25277e+07
1.06105e+07
1.1486e+07
1.36219e+07
1.21334e+07
8.85781e+06
1.18259e+07
2.03041e+07
2.26302e+07
1.79019e+07
1.84605e+07
2.59007e+07
2.87011e+07
2.34901e+07
1.70562e+07
1.16238e+07
7.50671e+06
7.39465e+06
1.55587e+07
2.43595e+07
2.13793e+07
1.62012e+07
2.2069e+07
2.49906e+07
2.27843e+07
1.67112e+07
1.75245e+07
1.94261e+07
2.1516e+07
2.82235e+07
2.51396e+07
1.87069e+07
1.69177e+07
1.72078e+07
1.42467e+07
8.81104e+06
8.38395e+06
1.14548e+07
1.43455e+07
1.95884e+07
2.29839e+07
2.43313e+07
2.4652e+07
1.64266e+07
1.15409e+07
1.42286e+07
1.6658e+07
1.54606e+07
1.39456e+07
1.03695e+07
8.32841e+06
1.06869e+07
1.26138e+07
6.89003e+06
2.70759e+06
5.33784e+06
1.11074e+07
1.50583e+07
1.75601e+07
2.18217e+07
1.9226e+07
1.00136e+07
3.00117e+06
3.29232e+06
6.84985e+06
5.71852e+06
1.72289e+06
945302
1.25285e+06
993806
2.83221e+06
4.16762e+06
7.42876e+06
1.15818e+07
1.19086e+07
7.74589e+06
2.77805e+06
1.9342e+06
1.99285e+06
339679
2188
2
0
12
452
13596
170969
1.11591e+06
3.54072e+06
5.18791e+06
2.92952e+06
457937
19502
410
0
0
0
0
0
0
63
1722
26711
172590
391922
153488
0
0
0
0
0
0
0
0
0
0
0
0
0
0
0
0
0
0
0
0
0
0
0
0
0
0
0
0
0
0
0
0
0
0
0
0
0
0
0
0
0
0
0
0
0
0
0
0
0
0
0
0
0
0
0
0
0
0
0
0
0
0
0
0
0
0
0
0
0
0
0
0
0
0
0
0
0
0
0
0
0
0
0
0
0
0
0
0
0
0
0
0
0
0
0
0
0
0
0
0
0
0
0
0
0
0
0
0
0
0
0
0
0
0
0
0
0
0
0
0
0
0
0
0
0
0
0
0
0
0
0
0
0
0
0
0
0
0
0
0
0
0
0
0
0
0
0
0
0
0
0
0
0
0
0
0
0
0
0
0
0
0
0
0
0
0
0
0
0
0
0
0
0
0
0
0
0
0
0
0
0
0
0
0
0
0
0
0
0
0
0
0
0
0
0
0
0
0
0
0
