8192
0
0
0
0
0
0
0
0
0
0
0
0
0
0
0
0
19
773
9038
32007
6734
568
13
0
1
103
1639
13111
8680
993
49
90
1925
20909
62593
11741
1017
292
3760
27477
15784
1789
1018
11148
62444
21503
2302
1786
14238
14859
2358
10102
86025
88515
10914
2961
14966
6714
4931
40560
87950
14693
14810
64130
18260
11530
60894
25049
12167
60703
27822
39903
190162
58290
5646
802
8799
78444
96603
17624
31991
17874
64859
110637
30535
81505
40296
138755
128400
39593
63852
37927
130170
43045
63414
39379
105004
73946
23486
30414
138996
172486
59963
68256
161784
204184
109496
97917
59478
39118
8042
44734
249542
91385
27390
104190
208581
109970
70679
124720
80257
86321
164619
202859
80533
66202
136249
62794
25422
42187
48675
68664
162786
120396
98039
183413
92019
20737
97850
97100
54832
101739
49766
37834
64723
78980
43271
2698
18562
53952
129461
39675
125719
131278
69505
3447
3552
31274
60574
2848
1208
8030
3548
6686
22000
39747
70488
56883
68498
5536
2884
16945
4700
0
0
0
0
0
0
26
741
9047
40050
23136
727
1
0
0
0
0
0
0
0
0
0
2
100
1076
2918
0
0
0
0
0
0
0
0
0
0
0
0
0
0
0
0
0
0
0
0
0
0
0
0
0
0
0
0
0
0
0
0
0
0
0
0
0
0
0
0
0
0
0
0
0
0
0
0
0
0
0
0
0
0
0
0
0
0
0
0
0
0
0
0
0
0
0
0
0
0
0
0
0
0
0
0
0
0
0
0
0
0
0
0
0
0
0
0
0
0
0
0
0
0
0
0
0
0
0
0
0
0
0
0
0
0
0
0
0
0
0
0
0
0
0
0
0
0
0
0
0
0
0
0
0
0
0
0
0
0
0
0
0
0
0
0
0
0
0
0
0
0
0
0
0
0
0
0
0
0
0
0
0
0
0
0
0
0
0
0
0
0
0
0
0
0
0
0
0
0
0
0
0
0
0
0
0
0
0
0
0
0
0
0
0
0
0
0
0
0
0
0
0
0
0
0
0
0
0
0
