1.3783e+06
0
0
0
0
0
0
0
0
0
0
0
0
0
0
0
0
2845
326536
2.33672e+06
3.40006e+06
1.73145e+06
415360
53067
5247
20793
161916
668795
1.34692e+06
1.25662e+06
550458
125540
187858
1.37584e+06
4.39308e+06
5.93888e+06
3.52328e+06
999111
421235
1.46848e+06
2.87446e+06
2.46036e+06
1.12108e+06
1.20586e+06
3.42193e+06
5.57706e+06
4.37784e+06
1.83384e+06
1.10933e+06
1.78495e+06
1.85595e+06
1.84142e+06
4.96476e+06
1.03835e+07
1.04947e+07
5.262e+06
1.97824e+06
1.54476e+06
1.68835e+06
3.24294e+06
6.94793e+06
8.41983e+06
5.99838e+06
5.09715e+06
5.90197e+06
5.00567e+06
4.78145e+06
5.97735e+06
5.44071e+06
5.05946e+06
6.38405e+06
7.91698e+06
1.25277e+07
1.7025e+07
1.26145e+07
4.85749e+06
1.9846e+06
4.71717e+06
9.91138e+06
1.0888e+07
7.22459e+06
5.05446e+06
6.45996e+06
1.05208e+07
1.23118e+07
1.06537e+07
1.04681e+07
1.31073e+07
1.7621e+07
1.73117e+07
1.2254e+07
9.77963e+06
1.11842e+07
1.31016e+07
1.15614e+07
9.79744e+06
1.06024e+07
1.25753e+07
1.12039e+07
8.17534e+06
1.09174e+07
1.87475e+07
2.08934e+07
1.65196e+07
1.7042e+07
2.39142e+07
2.64994e+07
2.16829e+07
1.57437e+07
1.07312e+07
6.93438e+06
6.82662e+06
1.43578e+07
2.24959e+07
1.97325e+07
1.49536e+07
2.0376e+07
2.30714e+07
2.10368e+07
1.54243e+07
1.6177e+07
1.79291e+07
1.98649e+07
2.60561e+07
2.32124e+07
1.72711e+07
1.56162e+07
1.58871e+07
1.315e+07
8.13405e+06
7.73987e+06
1.05755e+07
1.3246e+07
1.8086e+07
2.12205e+07
2.24559e+07
2.27581e+07
1.51669e+07
1.06557e+07
1.31324e+07
1.5376e+07
1.42717e+07
1.28777e+07
9.57553e+06
7.68622e+06
9.86693e+06
1.16433e+07
6.36295e+06
2.50154e+06
4.92704e+06
1.0253e+07
1.38996e+07
1.62123e+07
2.01459e+07
1.77445e+07
9.24746e+06
2.77339e+06
3.03899e+06
6.32097e+06
5.28086e+06
1.59039e+06
872950
1.1569e+06
917926
2.61564e+06
3.84902e+06
6.85521e+06
1.06884e+07
1.09939e+07
7.15289e+06
2.56558e+06
1.78646e+06
1.8392e+06
313923
2029
2
0
12
427
12655
158364
1.0312e+06
3.26822e+06
4.78701e+06
2.70474e+06
423467
18246
399
0
0
0
0
0
0
61
1610
24918
159557
361516
141490
0
0
0
0
0
0
0
0
0
0
0
0
0
0
0
0
0
0
0
0
0
0
0
0
0
0
0
0
0
0
0
0
0
0
0
0
0
0
0
0
0
0
0
0
0
0
0
0
0
0
0
0
0
0
0
0
0
0
0
0
0
0
0
0
0
0
0
0
0
0
0
0
0
0
0
0
0
0
0
0
0
0
0
0
0
0
0
0
0
0
0
0
0
0
0
0
0
0
0
0
0
0
0
0
0
0
0
0
0
0
0
0
0
0
0
0
0
0
0
0
0
0
0
0
0
0
0
0
0
0
0
0
0
0
0
0
0
0
0
0
0
0
0
0
0
0
0
0
0
0
0
0
0
0
0
0
0
0
0
0
0
0
0
0
0
0
0
0
0
0
0
0
0
0
0
0
0
0
0
0
0
0
0
0
0
0
0
0
0
0
0
0
0
0
0
0
0
0
0
0
