1.28205e+06
0
0
0
0
0
0
0
0
0
0
0
0
0
0
0
0
2655
303773
2.17372e+06
3.16273e+06
1.60969e+06
386400
49770
4914
19434
150843
623008
1.25134e+06
1.16819e+06
512514
117050
175582
1.28074e+06
4.08545e+06
5.52239e+06
3.27589e+06
930699
393204
1.36607e+06
2.67337e+06
2.28709e+06
1.04379e+06
1.12488e+06
3.18385e+06
5.18154e+06
4.06972e+06
1.70878e+06
1.03379e+06
1.65995e+06
1.72543e+06
1.7167e+06
4.62192e+06
9.65297e+06
9.75244e+06
4.89659e+06
1.84528e+06
1.43771e+06
1.57156e+06
3.0212e+06
6.45803e+06
7.82559e+06
5.58405e+06
4.74232e+06
5.48605e+06
4.65781e+06
4.45062e+06
5.55634e+06
5.06106e+06
4.70826e+06
5.93887e+06
7.36806e+06
1.16534e+07
1.58255e+07
1.17233e+07
4.52864e+06
1.85623e+06
4.39074e+06
9.20923e+06
1.01211e+07
6.72295e+06
4.7094e+06
6.01464e+06
9.77713e+06
1.14476e+07
9.91083e+06
9.74469e+06
1.21946e+07
1.63839e+07
1.60945e+07
1.13988e+07
9.1049e+06
1.0404e+07
1.21827e+07
1.07529e+07
9.11859e+06
9.8627e+06
1.16915e+07
1.04158e+07
7.61276e+06
1.01684e+07
1.74297e+07
1.94198e+07
1.53753e+07
1.58667e+07
2.22336e+07
2.46343e+07
2.01651e+07
1.4649e+07
9.98347e+06
6.45512e+06
6.36699e+06
1.33543e+07
2.09071e+07
1.83473e+07
1.39338e+07
1.89477e+07
2.14503e+07
1.9565e+07
1.43558e+07
1.50491e+07
1.66806e+07
1.84879e+07
2.42205e+07
2.15828e+07
1.60658e+07
1.45289e+07
1.47765e+07
1.22314e+07
7.57362e+06
7.20687e+06
9.83348e+06
1.23211e+07
1.68182e+07
1.9738e+07
2.08868e+07
2.11608e+07
1.41072e+07
9.91977e+06
1.2217e+07
1.42971e+07
1.32787e+07
1.19778e+07
8.90498e+06
7.15332e+06
9.17872e+06
1.08191e+07
5.92056e+06
2.33191e+06
4.58618e+06
9.5341e+06
1.29326e+07
1.50827e+07
1.87326e+07
1.6499e+07
8.60018e+06
2.58592e+06
2.8319e+06
5.87579e+06
4.90712e+06
1.48179e+06
812683
1.07592e+06
856628
2.4348e+06
3.57979e+06
6.37508e+06
9.94039e+06
1.0221e+07
6.65402e+06
2.38968e+06
1.66157e+06
1.70967e+06
292132
1879
2
0
12
417
11997
147954
961469
3.04081e+06
4.44932e+06
2.51475e+06
394139
17194
381
0
0
0
0
0
0
61
1515
23397
148753
335889
131409
0
0
0
0
0
0
0
0
0
0
0
0
0
0
0
0
0
0
0
0
0
0
0
0
0
0
0
0
0
0
0
0
0
0
0
0
0
0
0
0
0
0
0
0
0
0
0
0
0
0
0
0
0
0
0
0
0
0
0
0
0
0
0
0
0
0
0
0
0
0
0
0
0
0
0
0
0
0
0
0
0
0
0
0
0
0
0
0
0
0
0
0
0
0
0
0
0
0
0
0
0
0
0
0
0
0
0
0
0
0
0
0
0
0
0
0
0
0
0
0
0
0
0
0
0
0
0
0
0
0
0
0
0
0
0
0
0
0
0
0
0
0
0
0
0
0
0
0
0
0
0
0
0
0
0
0
0
0
0
0
0
0
0
0
0
0
0
0
0
0
0
0
0
0
0
0
0
0
0
0
0
0
0
0
0
0
0
0
0
0
0
0
0
0
0
0
0
0
0
0
