2.02957e+06
0
0
0
0
0
0
0
0
0
0
0
0
0
0
0
2
4085
480100
3.44281e+06
5.00372e+06
2.55168e+06
611384
77977
7756
30857
238243
985838
1.9815e+06
1.85007e+06
811880
184406
277937
2.02784e+06
6.47076e+06
8.7345e+06
5.19194e+06
1.47263e+06
621913
2.16336e+06
4.22819e+06
3.62302e+06
1.65522e+06
1.77783e+06
5.0435e+06
8.19325e+06
6.45184e+06
2.70353e+06
1.63576e+06
2.62546e+06
2.73375e+06
2.71409e+06
7.31839e+06
1.52769e+07
1.54503e+07
7.75476e+06
2.91868e+06
2.2697e+06
2.48313e+06
4.78055e+06
1.02348e+07
1.23843e+07
8.84562e+06
7.50797e+06
8.67098e+06
7.37854e+06
7.04571e+06
8.79492e+06
8.01947e+06
7.45381e+06
9.38948e+06
1.16819e+07
1.84588e+07
2.50167e+07
1.85775e+07
7.16651e+06
2.92998e+06
6.95748e+06
1.45898e+07
1.60135e+07
1.06439e+07
7.44731e+06
9.51728e+06
1.54885e+07
1.81198e+07
1.57118e+07
1.54064e+07
1.93134e+07
2.59243e+07
2.54763e+07
1.80647e+07
1.4402e+07
1.64844e+07
1.92551e+07
1.70368e+07
1.44325e+07
1.56216e+07
1.85004e+07
1.64814e+07
1.20669e+07
1.60999e+07
2.75848e+07
3.07316e+07
2.43622e+07
2.5127e+07
3.51909e+07
3.89665e+07
3.19485e+07
2.31809e+07
1.5804e+07
1.02132e+07
1.00985e+07
2.11738e+07
3.30212e+07
2.90518e+07
2.20957e+07
3.00019e+07
3.3926e+07
3.09793e+07
2.27498e+07
2.38201e+07
2.64167e+07
2.92761e+07
3.8338e+07
3.41284e+07
2.54421e+07
2.30152e+07
2.3366e+07
1.93796e+07
1.20027e+07
1.1409e+07
1.55825e+07
1.94995e+07
2.65858e+07
3.12357e+07
3.31036e+07
3.34802e+07
2.23228e+07
1.57299e+07
1.93414e+07
2.26287e+07
2.1042e+07
1.89396e+07
1.40936e+07
1.13419e+07
1.45195e+07
1.71145e+07
9.36449e+06
3.69874e+06
7.26694e+06
1.50967e+07
2.04602e+07
2.39188e+07
2.96551e+07
2.60936e+07
1.35982e+07
4.09927e+06
4.50157e+06
9.30352e+06
7.74373e+06
2.34861e+06
1.28971e+06
1.7015e+06
1.35696e+06
3.8557e+06
5.66071e+06
1.01012e+07
1.57608e+07
1.6183e+07
1.05036e+07
3.78524e+06
2.6348e+06
2.69969e+06
460815
3016
2
0
13
648
18155
233164
1.52385e+06
4.81534e+06
7.04545e+06
3.97752e+06
625160
26264
537
3
0
0
0
0
0
88
2337
36001
235226
532800
208332
0
0
0
0
0
0
0
0
0
0
0
0
0
0
0
0
0
0
0
0
0
0
0
0
0
0
0
0
0
0
0
0
0
0
0
0
0
0
0
0
0
0
0
0
0
0
0
0
0
0
0
0
0
0
0
0
0
0
0
0
0
0
0
0
0
0
0
0
0
0
0
0
0
0
0
0
0
0
0
0
0
0
0
0
0
0
0
0
0
0
0
0
0
0
0
0
0
0
0
0
0
0
0
0
0
0
0
0
0
0
0
0
0
0
0
0
0
0
0
0
0
0
0
0
0
0
0
0
0
0
0
0
0
0
0
0
0
0
0
0
0
0
0
0
0
0
0
0
0
0
0
0
0
0
0
0
0
0
0
0
0
0
0
0
0
0
0
0
0
0
0
0
0
0
0
0
0
0
0
0
0
0
0
0
0
0
0
0
0
0
0
0
0
0
0
0
0
0
0
0
