1.75309e+06
0
0
0
0
0
0
0
0
0
0
0
0
0
0
0
2
3540
414789
2.97395e+06
4.32176e+06
2.20394e+06
528505
67269
6523
26331
206104
852104
1.7109e+06
1.59827e+06
701450
159214
239134
1.75087e+06
5.5902e+06
7.54703e+06
4.48377e+06
1.27179e+06
535849
1.86819e+06
3.65426e+06
3.12911e+06
1.42838e+06
1.53416e+06
4.3572e+06
7.08136e+06
5.57133e+06
2.33524e+06
1.4118e+06
2.26962e+06
2.35906e+06
2.34222e+06
6.3168e+06
1.32054e+07
1.33477e+07
6.69484e+06
2.51946e+06
1.96144e+06
2.14404e+06
4.12788e+06
8.84121e+06
1.07022e+07
7.63468e+06
6.48428e+06
7.49752e+06
6.36874e+06
6.08862e+06
7.59652e+06
6.92266e+06
6.43609e+06
8.11432e+06
1.00849e+07
1.5943e+07
2.16252e+07
1.60447e+07
6.18637e+06
2.52555e+06
6.006e+06
1.26063e+07
1.38396e+07
9.18925e+06
6.43e+06
8.22252e+06
1.33791e+07
1.56544e+07
1.35644e+07
1.33062e+07
1.66767e+07
2.24059e+07
2.201e+07
1.5599e+07
1.24363e+07
1.42289e+07
1.66506e+07
1.47139e+07
1.24625e+07
1.34903e+07
1.59867e+07
1.42419e+07
1.04111e+07
1.38978e+07
2.38343e+07
2.65523e+07
2.10358e+07
2.16953e+07
3.04047e+07
3.36753e+07
2.75906e+07
2.00295e+07
1.36449e+07
8.81285e+06
8.7081e+06
1.82825e+07
2.85606e+07
2.50981e+07
1.9061e+07
2.59103e+07
2.93203e+07
2.67582e+07
1.96363e+07
2.05761e+07
2.28148e+07
2.52797e+07
3.31275e+07
2.94978e+07
2.19708e+07
1.98759e+07
2.01897e+07
1.67323e+07
1.03573e+07
9.8509e+06
1.3459e+07
1.68455e+07
2.29743e+07
2.69853e+07
2.85833e+07
2.8936e+07
1.92844e+07
1.35665e+07
1.67046e+07
1.95548e+07
1.81704e+07
1.63668e+07
1.21729e+07
9.78955e+06
1.25439e+07
1.47964e+07
8.08873e+06
3.18862e+06
6.2732e+06
1.3038e+07
1.76722e+07
2.0647e+07
2.56188e+07
2.2557e+07
1.17523e+07
3.53183e+06
3.87721e+06
8.03792e+06
6.70421e+06
2.0249e+06
1.11278e+06
1.46985e+06
1.16983e+06
3.32873e+06
4.89048e+06
8.72306e+06
1.36067e+07
1.39817e+07
9.08589e+06
3.26395e+06
2.27488e+06
2.33509e+06
397853
2569
2
0
12
544
15870
201057
1.31383e+06
4.15736e+06
6.08977e+06
3.43671e+06
539653
22517
465
3
0
0
0
0
0
72
2004
31254
202754
460445
180015
0
0
0
0
0
0
0
0
0
0
0
0
0
0
0
0
0
0
0
0
0
0
0
0
0
0
0
0
0
0
0
0
0
0
0
0
0
0
0
0
0
0
0
0
0
0
0
0
0
0
0
0
0
0
0
0
0
0
0
0
0
0
0
0
0
0
0
0
0
0
0
0
0
0
0
0
0
0
0
0
0
0
0
0
0
0
0
0
0
0
0
0
0
0
0
0
0
0
0
0
0
0
0
0
0
0
0
0
0
0
0
0
0
0
0
0
0
0
0
0
0
0
0
0
0
0
0
0
0
0
0
0
0
0
0
0
0
0
0
0
0
0
0
0
0
0
0
0
0
0
0
0
0
0
0
0
0
0
0
0
0
0
0
0
0
0
0
0
0
0
0
0
0
0
0
0
0
0
0
0
0
0
0
0
0
0
0
0
0
0
0
0
0
0
0
0
0
0
0
0
