1.16531e+06
0
0
0
0
0
0
0
0
0
0
0
0
0
0
0
0
2392
276336
1.97586e+06
2.87418e+06
1.46268e+06
351918
45313
4436
17958
137603
565583
1.13665e+06
1.06179e+06
466098
106937
160242
1.16548e+06
3.71146e+06
5.01791e+06
2.97687e+06
847769
358769
1.24176e+06
2.42843e+06
2.07757e+06
951137
1.02452e+06
2.89417e+06
4.70595e+06
3.69515e+06
1.55783e+06
941402
1.50725e+06
1.56868e+06
1.56307e+06
4.20411e+06
8.76656e+06
8.85837e+06
4.45445e+06
1.68034e+06
1.30855e+06
1.42939e+06
2.74871e+06
5.86625e+06
7.10879e+06
5.07735e+06
4.3123e+06
4.98523e+06
4.23446e+06
4.04756e+06
5.04754e+06
4.60147e+06
4.28106e+06
5.39825e+06
6.70134e+06
1.0589e+07
1.43766e+07
1.06508e+07
4.12337e+06
1.69421e+06
3.99287e+06
8.36544e+06
9.19424e+06
6.11409e+06
4.28326e+06
5.47023e+06
8.88262e+06
1.04033e+07
9.0074e+06
8.86443e+06
1.1085e+07
1.48864e+07
1.46221e+07
1.03652e+07
8.2821e+06
9.4551e+06
1.10707e+07
9.77031e+06
8.29564e+06
8.96315e+06
1.06234e+07
9.46514e+06
6.92732e+06
9.24979e+06
1.58322e+07
1.76459e+07
1.39836e+07
1.44257e+07
2.01999e+07
2.239e+07
1.83258e+07
1.33175e+07
9.07389e+06
5.87488e+06
5.79861e+06
1.21322e+07
1.8993e+07
1.66731e+07
1.26766e+07
1.72208e+07
1.94923e+07
1.77817e+07
1.30517e+07
1.36875e+07
1.51604e+07
1.68107e+07
2.20015e+07
1.96121e+07
1.46087e+07
1.3205e+07
1.34315e+07
1.11191e+07
6.88893e+06
6.55402e+06
8.93551e+06
1.11997e+07
1.52817e+07
1.7937e+07
1.89905e+07
1.92283e+07
1.28227e+07
9.02252e+06
1.11038e+07
1.29923e+07
1.20716e+07
1.08868e+07
8.09251e+06
6.50642e+06
8.34425e+06
9.82279e+06
5.38422e+06
2.12613e+06
4.16874e+06
8.66295e+06
1.17567e+07
1.37148e+07
1.70217e+07
1.49885e+07
7.81854e+06
2.35524e+06
2.57869e+06
5.33563e+06
4.45768e+06
1.34919e+06
739953
976622
781119
2.21463e+06
3.25489e+06
5.79493e+06
9.03149e+06
9.28659e+06
6.04885e+06
2.17356e+06
1.51166e+06
1.55221e+06
265650
1712
2
0
12
394
11089
135765
876192
2.7641e+06
4.04121e+06
2.28362e+06
359250
15811
364
0
0
0
0
0
0
61
1429
21660
135607
304442
119457
0
0
0
0
0
0
0
0
0
0
0
0
0
0
0
0
0
0
0
0
0
0
0
0
0
0
0
0
0
0
0
0
0
0
0
0
0
0
0
0
0
0
0
0
0
0
0
0
0
0
0
0
0
0
0
0
0
0
0
0
0
0
0
0
0
0
0
0
0
0
0
0
0
0
0
0
0
0
0
0
0
0
0
0
0
0
0
0
0
0
0
0
0
0
0
0
0
0
0
0
0
0
0
0
0
0
0
0
0
0
0
0
0
0
0
0
0
0
0
0
0
0
0
0
0
0
0
0
0
0
0
0
0
0
0
0
0
0
0
0
0
0
0
0
0
0
0
0
0
0
0
0
0
0
0
0
0
0
0
0
0
0
0
0
0
0
0
0
0
0
0
0
0
0
0
0
0
0
0
0
0
0
0
0
0
0
0
0
0
0
0
0
0
0
0
0
0
0
0
0
