1.95174e+06
0
0
0
0
0
0
0
0
0
0
0
0
0
0
0
2
3914
461729
3.31089e+06
4.8117e+06
2.45345e+06
588281
75166
7372
29622
229178
948139
1.90534e+06
1.7793e+06
780574
177308
267423
1.94999e+06
6.22226e+06
8.39914e+06
4.99439e+06
1.41564e+06
597511
2.08007e+06
4.06787e+06
3.48325e+06
1.59163e+06
1.70895e+06
4.85078e+06
7.87923e+06
6.20416e+06
2.59966e+06
1.5733e+06
2.52522e+06
2.62826e+06
2.60956e+06
7.0357e+06
1.46947e+07
1.48595e+07
7.4553e+06
2.80588e+06
2.18368e+06
2.38732e+06
4.59655e+06
9.84248e+06
1.19105e+07
8.50476e+06
7.22079e+06
8.34035e+06
7.09293e+06
6.77606e+06
8.45939e+06
7.71183e+06
7.16562e+06
9.03226e+06
1.12314e+07
1.77518e+07
2.40609e+07
1.78621e+07
6.89139e+06
2.81802e+06
6.6899e+06
1.40304e+07
1.54014e+07
1.02336e+07
7.16143e+06
9.15214e+06
1.4897e+07
1.7427e+07
1.51067e+07
1.48152e+07
1.85714e+07
2.49313e+07
2.45018e+07
1.73682e+07
1.38521e+07
1.58494e+07
1.85217e+07
1.63809e+07
1.38786e+07
1.50245e+07
1.77899e+07
1.5849e+07
1.16018e+07
1.54823e+07
2.65313e+07
2.95539e+07
2.34265e+07
2.41598e+07
3.38449e+07
3.74723e+07
3.07231e+07
2.22939e+07
1.51981e+07
9.81865e+06
9.70916e+06
2.03602e+07
3.17635e+07
2.79371e+07
2.12423e+07
2.88524e+07
3.2629e+07
2.97889e+07
2.18737e+07
2.29114e+07
2.54039e+07
2.81488e+07
3.68704e+07
3.28226e+07
2.44665e+07
2.21311e+07
2.24716e+07
1.86347e+07
1.15412e+07
1.09714e+07
1.4985e+07
1.87523e+07
2.55674e+07
3.00402e+07
3.18299e+07
3.22015e+07
2.14669e+07
1.5123e+07
1.85997e+07
2.17622e+07
2.02334e+07
1.82155e+07
1.35532e+07
1.09056e+07
1.39642e+07
1.6457e+07
9.00613e+06
3.55664e+06
6.98819e+06
1.45169e+07
1.96789e+07
2.29992e+07
2.85149e+07
2.50941e+07
1.30801e+07
3.94194e+06
4.32701e+06
8.94525e+06
7.44977e+06
2.25867e+06
1.24037e+06
1.63647e+06
1.30455e+06
3.70648e+06
5.44421e+06
9.71249e+06
1.51544e+07
1.55649e+07
1.01032e+07
3.63902e+06
2.53411e+06
2.59582e+06
443207
2901
2
0
13
624
17514
223986
1.46446e+06
4.62986e+06
6.77641e+06
3.82592e+06
601052
25331
523
3
0
0
0
0
0
82
2257
34582
226077
512467
200407
0
0
0
0
0
0
0
0
0
0
0
0
0
0
0
0
0
0
0
0
0
0
0
0
0
0
0
0
0
0
0
0
0
0
0
0
0
0
0
0
0
0
0
0
0
0
0
0
0
0
0
0
0
0
0
0
0
0
0
0
0
0
0
0
0
0
0
0
0
0
0
0
0
0
0
0
0
0
0
0
0
0
0
0
0
0
0
0
0
0
0
0
0
0
0
0
0
0
0
0
0
0
0
0
0
0
0
0
0
0
0
0
0
0
0
0
0
0
0
0
0
0
0
0
0
0
0
0
0
0
0
0
0
0
0
0
0
0
0
0
0
0
0
0
0
0
0
0
0
0
0
0
0
0
0
0
0
0
0
0
0
0
0
0
0
0
0
0
0
0
0
0
0
0
0
0
0
0
0
0
0
0
0
0
0
0
0
0
0
0
0
0
0
0
0
0
0
0
0
0
