911360
0
0
0
0
0
0
0
0
0
0
0
0
0
0
0
0
1913
216251
1.54496e+06
2.24838e+06
1.14303e+06
275120
35941
3542
13998
108683
441374
889015
829540
364653
84092
126976
911478
2.90126e+06
3.92568e+06
2.32263e+06
665352
283069
970888
1.90036e+06
1.62252e+06
743781
805009
2.2614e+06
3.68057e+06
2.88493e+06
1.21968e+06
739199
1.17854e+06
1.22707e+06
1.22673e+06
3.2897e+06
6.8525e+06
6.91802e+06
3.48175e+06
1.32035e+06
1.02693e+06
1.11994e+06
2.15282e+06
4.58305e+06
5.55688e+06
3.96964e+06
3.37381e+06
3.90017e+06
3.30862e+06
3.16688e+06
3.95048e+06
3.59803e+06
3.346e+06
4.22965e+06
5.24735e+06
8.27187e+06
1.12359e+07
8.31577e+06
3.23523e+06
1.33703e+06
3.12471e+06
6.53734e+06
7.18833e+06
4.7785e+06
3.35837e+06
4.28011e+06
6.93942e+06
8.13723e+06
7.04005e+06
6.94584e+06
8.66093e+06
1.16406e+07
1.14322e+07
8.10352e+06
6.49036e+06
7.38971e+06
8.65692e+06
7.63377e+06
6.49887e+06
7.00929e+06
8.30389e+06
7.39813e+06
5.42475e+06
7.2402e+06
1.23813e+07
1.37967e+07
1.0929e+07
1.12878e+07
1.57993e+07
1.75051e+07
1.43219e+07
1.04217e+07
7.09565e+06
4.60422e+06
4.54707e+06
9.48292e+06
1.48489e+07
1.30234e+07
9.92412e+06
1.34693e+07
1.52455e+07
1.3904e+07
1.02102e+07
1.07109e+07
1.18556e+07
1.31484e+07
1.72011e+07
1.53377e+07
1.14212e+07
1.03216e+07
1.05148e+07
8.6919e+06
5.39172e+06
5.13315e+06
6.98969e+06
8.7573e+06
1.19492e+07
1.40249e+07
1.4842e+07
1.50383e+07
1.00385e+07
7.05666e+06
8.68412e+06
1.01569e+07
9.4392e+06
8.51934e+06
6.32698e+06
5.09259e+06
6.52551e+06
7.66872e+06
4.21589e+06
1.66637e+06
3.26283e+06
6.77263e+06
9.20996e+06
1.07218e+07
1.33037e+07
1.17101e+07
6.1177e+06
1.8504e+06
2.02021e+06
4.16424e+06
3.48652e+06
1.05673e+06
581022
762508
613660
1.73079e+06
2.54563e+06
4.5304e+06
7.0653e+06
7.25442e+06
4.73667e+06
1.70104e+06
1.18268e+06
1.21109e+06
208183
1358
0
0
12
341
9023
107639
686093
2.15881e+06
3.15944e+06
1.78703e+06
281098
12454
303
0
0
0
0
0
0
57
1139
17088
106221
237780
93395
0
0
0
0
0
0
0
0
0
0
0
0
0
0
0
0
0
0
0
0
0
0
0
0
0
0
0
0
0
0
0
0
0
0
0
0
0
0
0
0
0
0
0
0
0
0
0
0
0
0
0
0
0
0
0
0
0
0
0
0
0
0
0
0
0
0
0
0
0
0
0
0
0
0
0
0
0
0
0
0
0
0
0
0
0
0
0
0
0
0
0
0
0
0
0
0
0
0
0
0
0
0
0
0
0
0
0
0
0
0
0
0
0
0
0
0
0
0
0
0
0
0
0
0
0
0
0
0
0
0
0
0
0
0
0
0
0
0
0
0
0
0
0
0
0
0
0
0
0
0
0
0
0
0
0
0
0
0
0
0
0
0
0
0
0
0
0
0
0
0
0
0
0
0
0
0
0
0
0
0
0
0
0
0
0
0
0
0
0
0
0
0
0
0
0
0
0
0
0
0
