1.80634e+06
0
0
0
0
0
0
0
0
0
0
0
0
0
0
0
2
3644
427632
3.06382e+06
4.4533e+06
2.27071e+06
544690
69290
6721
27188
212200
878255
1.76263e+06
1.64687e+06
722630
164141
246673
1.80483e+06
5.75853e+06
7.7754e+06
4.62196e+06
1.30974e+06
552440
1.92427e+06
3.7655e+06
3.22423e+06
1.47188e+06
1.58102e+06
4.49025e+06
7.29402e+06
5.74191e+06
2.40616e+06
1.45504e+06
2.3377e+06
2.43108e+06
2.41438e+06
6.50912e+06
1.36028e+07
1.37553e+07
6.89936e+06
2.59544e+06
2.02069e+06
2.20905e+06
4.2536e+06
9.10897e+06
1.10262e+07
7.8691e+06
6.68107e+06
7.72294e+06
6.56407e+06
6.27271e+06
7.82716e+06
7.13376e+06
6.63154e+06
8.36115e+06
1.03927e+07
1.64255e+07
2.2279e+07
1.65338e+07
6.37561e+06
2.60136e+06
6.1888e+06
1.29887e+07
1.42609e+07
9.469e+06
6.62474e+06
8.47078e+06
1.3785e+07
1.61314e+07
1.3978e+07
1.37091e+07
1.7182e+07
2.30857e+07
2.26814e+07
1.60721e+07
1.28154e+07
1.46633e+07
1.71497e+07
1.51631e+07
1.28409e+07
1.39005e+07
1.64719e+07
1.46746e+07
1.07277e+07
1.43202e+07
2.45559e+07
2.73622e+07
2.16744e+07
2.23514e+07
3.13316e+07
3.46958e+07
2.84307e+07
2.06345e+07
1.40614e+07
9.08229e+06
8.97361e+06
1.88381e+07
2.94224e+07
2.58591e+07
1.96435e+07
2.66969e+07
3.02101e+07
2.75724e+07
2.02342e+07
2.12005e+07
2.35072e+07
2.60469e+07
3.41347e+07
3.03932e+07
2.26388e+07
2.04783e+07
2.0801e+07
1.72428e+07
1.06725e+07
1.01506e+07
1.38687e+07
1.73584e+07
2.36695e+07
2.78043e+07
2.94507e+07
2.98132e+07
1.98722e+07
1.39816e+07
1.72121e+07
2.0145e+07
1.87239e+07
1.6863e+07
1.25442e+07
1.00875e+07
1.29247e+07
1.52434e+07
8.3338e+06
3.28718e+06
6.46538e+06
1.34339e+07
1.82089e+07
2.12778e+07
2.63944e+07
2.32374e+07
1.21091e+07
3.64159e+06
3.99827e+06
8.28191e+06
6.90334e+06
2.08732e+06
1.1469e+06
1.51452e+06
1.20603e+06
3.43056e+06
5.03838e+06
8.98886e+06
1.402e+07
1.4405e+07
9.36057e+06
3.36461e+06
2.34458e+06
2.40445e+06
410111
2658
2
0
13
559
16312
207090
1.35427e+06
4.28451e+06
6.27312e+06
3.54136e+06
555998
23311
473
3
0
0
0
0
0
72
2033
32136
209224
474302
185401
0
0
0
0
0
0
0
0
0
0
0
0
0
0
0
0
0
0
0
0
0
0
0
0
0
0
0
0
0
0
0
0
0
0
0
0
0
0
0
0
0
0
0
0
0
0
0
0
0
0
0
0
0
0
0
0
0
0
0
0
0
0
0
0
0
0
0
0
0
0
0
0
0
0
0
0
0
0
0
0
0
0
0
0
0
0
0
0
0
0
0
0
0
0
0
0
0
0
0
0
0
0
0
0
0
0
0
0
0
0
0
0
0
0
0
0
0
0
0
0
0
0
0
0
0
0
0
0
0
0
0
0
0
0
0
0
0
0
0
0
0
0
0
0
0
0
0
0
0
0
0
0
0
0
0
0
0
0
0
0
0
0
0
0
0
0
0
0
0
0
0
0
0
0
0
0
0
0
0
0
0
0
0
0
0
0
0
0
0
0
0
0
0
0
0
0
0
0
0
0
