1.32301e+06
0
0
0
0
0
0
0
0
0
0
0
0
0
0
0
0
2742
313376
2.24325e+06
3.26354e+06
1.6617e+06
398698
51089
5050
19984
155471
642162
1.2926e+06
1.20606e+06
528325
120572
180647
1.32119e+06
4.21671e+06
5.69992e+06
3.3809e+06
959675
404950
1.40946e+06
2.75935e+06
2.3611e+06
1.0762e+06
1.15931e+06
3.28508e+06
5.3504e+06
4.20058e+06
1.76195e+06
1.06599e+06
1.7131e+06
1.7806e+06
1.76965e+06
4.76791e+06
9.964e+06
1.00687e+07
5.05228e+06
1.90165e+06
1.48293e+06
1.62092e+06
3.11614e+06
6.66672e+06
8.07809e+06
5.76008e+06
4.89392e+06
5.66267e+06
4.80546e+06
4.59242e+06
5.73537e+06
5.2218e+06
4.85775e+06
6.12862e+06
7.60118e+06
1.20263e+07
1.63351e+07
1.21031e+07
4.66916e+06
1.9095e+06
4.5305e+06
9.5081e+06
1.0447e+07
6.9367e+06
4.85584e+06
6.20487e+06
1.00926e+07
1.18154e+07
1.0227e+07
1.00535e+07
1.25822e+07
1.69113e+07
1.6611e+07
1.17635e+07
9.392e+06
1.07354e+07
1.25723e+07
1.10989e+07
9.40782e+06
1.01783e+07
1.20649e+07
1.07521e+07
7.85208e+06
1.04887e+07
1.79908e+07
2.00443e+07
1.58616e+07
1.63692e+07
2.29497e+07
2.54257e+07
2.08108e+07
1.51142e+07
1.03027e+07
6.65936e+06
6.56271e+06
1.37813e+07
2.1582e+07
1.89374e+07
1.43697e+07
1.9555e+07
2.21388e+07
2.01927e+07
1.48092e+07
1.55293e+07
1.72108e+07
1.90762e+07
2.50008e+07
2.2275e+07
1.65804e+07
1.49912e+07
1.5247e+07
1.26236e+07
7.81268e+06
7.43353e+06
1.01496e+07
1.27153e+07
1.73572e+07
2.03682e+07
2.15565e+07
2.18376e+07
1.4558e+07
1.02351e+07
1.26054e+07
1.47543e+07
1.37034e+07
1.23596e+07
9.19046e+06
7.38151e+06
9.47139e+06
1.11686e+07
6.109e+06
2.40524e+06
4.73155e+06
9.83968e+06
1.3343e+07
1.55644e+07
1.93352e+07
1.70266e+07
8.87494e+06
2.66698e+06
2.9208e+06
6.0647e+06
5.06547e+06
1.52821e+06
838358
1.11047e+06
883097
2.51198e+06
3.69522e+06
6.5792e+06
1.02581e+07
1.0549e+07
6.86582e+06
2.46518e+06
1.71509e+06
1.76457e+06
301354
1946
2
0
12
421
12298
152694
991733
3.13739e+06
4.59223e+06
2.59539e+06
406887
17638
387
0
0
0
0
0
0
61
1544
24065
153609
346474
135751
0
0
0
0
0
0
0
0
0
0
0
0
0
0
0
0
0
0
0
0
0
0
0
0
0
0
0
0
0
0
0
0
0
0
0
0
0
0
0
0
0
0
0
0
0
0
0
0
0
0
0
0
0
0
0
0
0
0
0
0
0
0
0
0
0
0
0
0
0
0
0
0
0
0
0
0
0
0
0
0
0
0
0
0
0
0
0
0
0
0
0
0
0
0
0
0
0
0
0
0
0
0
0
0
0
0
0
0
0
0
0
0
0
0
0
0
0
0
0
0
0
0
0
0
0
0
0
0
0
0
0
0
0
0
0
0
0
0
0
0
0
0
0
0
0
0
0
0
0
0
0
0
0
0
0
0
0
0
0
0
0
0
0
0
0
0
0
0
0
0
0
0
0
0
0
0
0
0
0
0
0
0
0
0
0
0
0
0
0
0
0
0
0
0
0
0
0
0
0
0
