1.36397e+06
0
0
0
0
0
0
0
0
0
0
0
0
0
0
0
0
2829
323099
2.31252e+06
3.36452e+06
1.71353e+06
411060
52501
5174
20585
160217
662095
1.33251e+06
1.2437e+06
544751
124203
185849
1.36173e+06
4.34784e+06
5.87624e+06
3.48682e+06
988782
416872
1.45309e+06
2.84488e+06
2.43462e+06
1.1094e+06
1.19365e+06
3.38657e+06
5.51833e+06
4.33175e+06
1.81547e+06
1.09794e+06
1.76628e+06
1.83625e+06
1.82292e+06
4.91404e+06
1.02743e+07
1.03845e+07
5.2076e+06
1.95818e+06
1.52886e+06
1.67074e+06
3.21033e+06
6.87439e+06
8.3315e+06
5.93712e+06
5.04386e+06
5.84037e+06
4.95351e+06
4.73251e+06
5.91496e+06
5.38374e+06
5.00717e+06
6.31707e+06
7.83543e+06
1.23986e+07
1.68455e+07
1.24822e+07
4.80831e+06
1.96497e+06
4.66907e+06
9.80724e+06
1.07732e+07
7.15005e+06
5.00282e+06
6.39371e+06
1.04095e+07
1.21837e+07
1.0543e+07
1.03605e+07
1.29718e+07
1.74367e+07
1.713e+07
1.21268e+07
9.67928e+06
1.10674e+07
1.29643e+07
1.14415e+07
9.69642e+06
1.04922e+07
1.24428e+07
1.1087e+07
8.09188e+06
1.08061e+07
1.85516e+07
2.06735e+07
1.63484e+07
1.68674e+07
2.3665e+07
2.62204e+07
2.14568e+07
1.55806e+07
1.06202e+07
6.86301e+06
6.75842e+06
1.42086e+07
2.22585e+07
1.95262e+07
1.48023e+07
2.01632e+07
2.28293e+07
2.08183e+07
1.52648e+07
1.60085e+07
1.77437e+07
1.96607e+07
2.57821e+07
2.29691e+07
1.70926e+07
1.54542e+07
1.57204e+07
1.30139e+07
8.0508e+06
7.66034e+06
1.04653e+07
1.31082e+07
1.78966e+07
2.09995e+07
2.22235e+07
2.25186e+07
1.501e+07
1.05461e+07
1.29954e+07
1.52155e+07
1.41243e+07
1.27432e+07
9.47592e+06
7.60723e+06
9.76421e+06
1.15195e+07
6.298e+06
2.47646e+06
4.87623e+06
1.01457e+07
1.37549e+07
1.6045e+07
1.99355e+07
1.75583e+07
9.15116e+06
2.74578e+06
3.0081e+06
6.25434e+06
5.22529e+06
1.57423e+06
863793
1.14502e+06
909011
2.5887e+06
3.80939e+06
6.78356e+06
1.0577e+07
1.08782e+07
7.07853e+06
2.53962e+06
1.76815e+06
1.81949e+06
310707
2013
2
0
12
425
12545
157005
1.02129e+06
3.23412e+06
4.73635e+06
2.67631e+06
419170
18096
396
0
0
0
0
0
0
61
1588
24713
158053
357641
139928
0
0
0
0
0
0
0
0
0
0
0
0
0
0
0
0
0
0
0
0
0
0
0
0
0
0
0
0
0
0
0
0
0
0
0
0
0
0
0
0
0
0
0
0
0
0
0
0
0
0
0
0
0
0
0
0
0
0
0
0
0
0
0
0
0
0
0
0
0
0
0
0
0
0
0
0
0
0
0
0
0
0
0
0
0
0
0
0
0
0
0
0
0
0
0
0
0
0
0
0
0
0
0
0
0
0
0
0
0
0
0
0
0
0
0
0
0
0
0
0
0
0
0
0
0
0
0
0
0
0
0
0
0
0
0
0
0
0
0
0
0
0
0
0
0
0
0
0
0
0
0
0
0
0
0
0
0
0
0
0
0
0
0
0
0
0
0
0
0
0
0
0
0
0
0
0
0
0
0
0
0
0
0
0
0
0
0
0
0
0
0
0
0
0
0
0
0
0
0
0
