589824
0
0
0
0
0
0
0
0
0
0
0
0
0
0
0
0
1234
140591
997066
1.45875e+06
738783
177866
22934
2375
8753
70154
285871
575707
537696
235117
54562
82798
590924
1.8716e+06
2.54671e+06
1.50103e+06
430768
183520
626566
1.23278e+06
1.04929e+06
480742
517746
1.45968e+06
2.39627e+06
1.86511e+06
785617
476406
762949
796867
792669
2.12051e+06
4.44112e+06
4.48743e+06
2.24489e+06
852075
668088
724787
1.3857e+06
2.9679e+06
3.61052e+06
2.55894e+06
2.1792e+06
2.53375e+06
2.13588e+06
2.04489e+06
2.56672e+06
2.3262e+06
2.15596e+06
2.75127e+06
3.39055e+06
5.34324e+06
7.29319e+06
5.37443e+06
2.08615e+06
864394
2.01484e+06
4.24107e+06
4.66656e+06
3.08146e+06
2.17093e+06
2.76009e+06
4.49646e+06
5.28088e+06
4.54287e+06
4.50157e+06
5.59112e+06
7.54686e+06
7.41096e+06
5.2314e+06
4.20604e+06
4.76923e+06
5.61783e+06
4.92562e+06
4.21593e+06
4.52561e+06
5.38604e+06
4.79162e+06
3.50038e+06
4.67417e+06
8.03009e+06
8.94559e+06
7.05704e+06
7.2858e+06
1.02382e+07
1.13425e+07
9.26229e+06
6.74698e+06
4.59034e+06
2.98009e+06
2.93276e+06
6.12407e+06
9.649e+06
8.4164e+06
6.40122e+06
8.71445e+06
9.88913e+06
8.99145e+06
6.60497e+06
6.94629e+06
7.66714e+06
8.49346e+06
1.11346e+07
9.94764e+06
7.38082e+06
6.67297e+06
6.81794e+06
5.62139e+06
3.48214e+06
3.32124e+06
4.52094e+06
5.66268e+06
7.7463e+06
9.08053e+06
9.58992e+06
9.75888e+06
6.49381e+06
4.54872e+06
5.62887e+06
6.58086e+06
6.0953e+06
5.52456e+06
4.08897e+06
3.29378e+06
4.22534e+06
4.96279e+06
2.7295e+06
1.07172e+06
2.10285e+06
4.38794e+06
5.98806e+06
6.9136e+06
8.61118e+06
7.58791e+06
3.9675e+06
1.1887e+06
1.29966e+06
2.69366e+06
2.26848e+06
681054
374288
493292
395235
1.11422e+06
1.64616e+06
2.92997e+06
4.5818e+06
4.69317e+06
3.07778e+06
1.09416e+06
759725
786780
137170
932
0
0
12
229
5753
67563
437128
1.3919e+06
2.05552e+06
1.16248e+06
179880
7754
192
0
0
0
0
0
0
30
659
10618
66980
154033
62592
0
0
0
0
0
0
0
0
0
0
0
0
0
0
0
0
0
0
0
0
0
0
0
0
0
0
0
0
0
0
0
0
0
0
0
0
0
0
0
0
0
0
0
0
0
0
0
0
0
0
0
0
0
0
0
0
0
0
0
0
0
0
0
0
0
0
0
0
0
0
0
0
0
0
0
0
0
0
0
0
0
0
0
0
0
0
0
0
0
0
0
0
0
0
0
0
0
0
0
0
0
0
0
0
0
0
0
0
0
0
0
0
0
0
0
0
0
0
0
0
0
0
0
0
0
0
0
0
0
0
0
0
0
0
0
0
0
0
0
0
0
0
0
0
0
0
0
0
0
0
0
0
0
0
0
0
0
0
0
0
0
0
0
0
0
0
0
0
0
0
0
0
0
0
0
0
0
0
0
0
0
0
0
0
0
0
0
0
0
0
0
0
0
0
0
0
0
0
0
0
