1.82477e+06
0
0
0
0
0
0
0
0
0
0
0
0
0
0
0
2
3673
431835
3.0957e+06
4.49795e+06
2.29426e+06
550123
70107
6781
27516
214520
887010
1.78043e+06
1.6638e+06
730091
165784
249405
1.82335e+06
5.81698e+06
7.85419e+06
4.66944e+06
1.32319e+06
558447
1.94386e+06
3.8036e+06
3.25688e+06
1.4876e+06
1.59768e+06
4.53543e+06
7.36744e+06
5.801e+06
2.43088e+06
1.47025e+06
2.36126e+06
2.45564e+06
2.43964e+06
6.57688e+06
1.37396e+07
1.38943e+07
6.97155e+06
2.62211e+06
2.04094e+06
2.23191e+06
4.29785e+06
9.20079e+06
1.11376e+07
7.95106e+06
6.74936e+06
7.80034e+06
6.63186e+06
6.33701e+06
7.9065e+06
7.2068e+06
6.70021e+06
8.44516e+06
1.05004e+07
1.65935e+07
2.25023e+07
1.67032e+07
6.44198e+06
2.62959e+06
6.25281e+06
1.31189e+07
1.4404e+07
9.56771e+06
6.69305e+06
8.55804e+06
1.39244e+07
1.62954e+07
1.41217e+07
1.38495e+07
1.73588e+07
2.33171e+07
2.29128e+07
1.62376e+07
1.29469e+07
1.48142e+07
1.73217e+07
1.53183e+07
1.2973e+07
1.40427e+07
1.6637e+07
1.48246e+07
1.08403e+07
1.44675e+07
2.48047e+07
2.76396e+07
2.18981e+07
2.25802e+07
3.16498e+07
3.50477e+07
2.87207e+07
2.08446e+07
1.42055e+07
9.17702e+06
9.06804e+06
1.90308e+07
2.97153e+07
2.61249e+07
1.98477e+07
2.69691e+07
3.05146e+07
2.78542e+07
2.04434e+07
2.14162e+07
2.3748e+07
2.63144e+07
3.44799e+07
3.07016e+07
2.28709e+07
2.0688e+07
2.10118e+07
1.74191e+07
1.07832e+07
1.02557e+07
1.40107e+07
1.75355e+07
2.39087e+07
2.80872e+07
2.97526e+07
3.0115e+07
2.00742e+07
1.41277e+07
1.73876e+07
2.03487e+07
1.89168e+07
1.7034e+07
1.26723e+07
1.01923e+07
1.30558e+07
1.53967e+07
8.41853e+06
3.32244e+06
6.53252e+06
1.35699e+07
1.83943e+07
2.14987e+07
2.6661e+07
2.3472e+07
1.22324e+07
3.68033e+06
4.04112e+06
8.36551e+06
6.97173e+06
2.10943e+06
1.15902e+06
1.52983e+06
1.21914e+06
3.46598e+06
5.08947e+06
9.08008e+06
1.41644e+07
1.4551e+07
9.4539e+06
3.39989e+06
2.36937e+06
2.42828e+06
414279
2684
2
0
13
569
16514
209443
1.3686e+06
4.32814e+06
6.33627e+06
3.57732e+06
561872
23690
481
3
0
0
0
0
0
72
2062
32523
211447
478942
187338
0
0
0
0
0
0
0
0
0
0
0
0
0
0
0
0
0
0
0
0
0
0
0
0
0
0
0
0
0
0
0
0
0
0
0
0
0
0
0
0
0
0
0
0
0
0
0
0
0
0
0
0
0
0
0
0
0
0
0
0
0
0
0
0
0
0
0
0
0
0
0
0
0
0
0
0
0
0
0
0
0
0
0
0
0
0
0
0
0
0
0
0
0
0
0
0
0
0
0
0
0
0
0
0
0
0
0
0
0
0
0
0
0
0
0
0
0
0
0
0
0
0
0
0
0
0
0
0
0
0
0
0
0
0
0
0
0
0
0
0
0
0
0
0
0
0
0
0
0
0
0
0
0
0
0
0
0
0
0
0
0
0
0
0
0
0
0
0
0
0
0
0
0
0
0
0
0
0
0
0
0
0
0
0
0
0
0
0
0
0
0
0
0
0
0
0
0
0
0
0
