858112
0
0
0
0
0
0
0
0
0
0
0
0
0
0
0
0
1801
203749
1.4535e+06
2.11875e+06
1.07604e+06
258635
33802
3322
13019
102069
415486
838083
780929
343122
79127
119304
857869
2.73005e+06
3.69986e+06
2.18689e+06
625701
265906
913436
1.79052e+06
1.52764e+06
699929
756134
2.12926e+06
3.47024e+06
2.71551e+06
1.14675e+06
695224
1.11029e+06
1.15604e+06
1.15357e+06
3.0944e+06
6.45592e+06
6.51741e+06
3.27627e+06
1.24173e+06
967374
1.05376e+06
2.02407e+06
4.31726e+06
5.23647e+06
3.73457e+06
3.17602e+06
3.67544e+06
3.11325e+06
2.98052e+06
3.72126e+06
3.38731e+06
3.14946e+06
3.98424e+06
4.9375e+06
7.78687e+06
1.0589e+07
7.83027e+06
3.0412e+06
1.25544e+06
2.93916e+06
6.16182e+06
6.77295e+06
4.4952e+06
3.16046e+06
4.02765e+06
6.53604e+06
7.66503e+06
6.6254e+06
6.53875e+06
8.15169e+06
1.09671e+07
1.0768e+07
7.62653e+06
6.11093e+06
6.95486e+06
8.15526e+06
7.18507e+06
6.11911e+06
6.60028e+06
7.82197e+06
6.96553e+06
5.10125e+06
6.81234e+06
1.16641e+07
1.30017e+07
1.02834e+07
1.06197e+07
1.48812e+07
1.64897e+07
1.34842e+07
9.81137e+06
6.68017e+06
4.33301e+06
4.27538e+06
8.92978e+06
1.39908e+07
1.22596e+07
9.33689e+06
1.26831e+07
1.43589e+07
1.30924e+07
9.61251e+06
1.00869e+07
1.11617e+07
1.23743e+07
1.62e+07
1.44455e+07
1.07527e+07
9.71844e+06
9.9031e+06
8.18101e+06
5.07532e+06
4.83193e+06
6.57929e+06
8.24549e+06
1.12533e+07
1.321e+07
1.39716e+07
1.41654e+07
9.45017e+06
6.63938e+06
8.1778e+06
9.56532e+06
8.88586e+06
8.02406e+06
5.95633e+06
4.79338e+06
6.14408e+06
7.22314e+06
3.969e+06
1.56643e+06
3.07011e+06
6.37934e+06
8.67557e+06
1.00899e+07
1.25293e+07
1.10291e+07
5.76089e+06
1.73958e+06
1.89948e+06
3.92122e+06
3.28553e+06
994792
546385
718172
576345
1.62784e+06
2.39679e+06
4.26541e+06
6.65504e+06
6.83249e+06
4.46188e+06
1.59962e+06
1.11209e+06
1.1411e+06
196453
1279
0
0
12
304
8433
100773
643569
2.03071e+06
2.97876e+06
1.68433e+06
264273
11560
273
0
0
0
0
0
0
54
1042
15942
99737
223989
88292
0
0
0
0
0
0
0
0
0
0
0
0
0
0
0
0
0
0
0
0
0
0
0
0
0
0
0
0
0
0
0
0
0
0
0
0
0
0
0
0
0
0
0
0
0
0
0
0
0
0
0
0
0
0
0
0
0
0
0
0
0
0
0
0
0
0
0
0
0
0
0
0
0
0
0
0
0
0
0
0
0
0
0
0
0
0
0
0
0
0
0
0
0
0
0
0
0
0
0
0
0
0
0
0
0
0
0
0
0
0
0
0
0
0
0
0
0
0
0
0
0
0
0
0
0
0
0
0
0
0
0
0
0
0
0
0
0
0
0
0
0
0
0
0
0
0
0
0
0
0
0
0
0
0
0
0
0
0
0
0
0
0
0
0
0
0
0
0
0
0
0
0
0
0
0
0
0
0
0
0
0
0
0
0
0
0
0
0
0
0
0
0
0
0
0
0
0
0
0
0
