813056
0
0
0
0
0
0
0
0
0
0
0
0
0
0
0
0
1691
193147
1.37719e+06
2.00737e+06
1.01967e+06
245120
31881
3174
12323
96921
393525
793645
740156
325352
74934
113200
812926
2.58594e+06
3.5054e+06
2.0731e+06
592552
252058
865794
1.69583e+06
1.44706e+06
663584
716806
2.01705e+06
3.28825e+06
2.57277e+06
1.08675e+06
658513
1.05238e+06
1.09496e+06
1.0938e+06
2.93121e+06
6.11558e+06
6.17622e+06
3.1051e+06
1.17626e+06
916533
998294
1.91821e+06
4.0904e+06
4.96136e+06
3.53751e+06
3.00944e+06
3.48283e+06
2.94996e+06
2.82378e+06
3.52698e+06
3.20858e+06
2.9844e+06
3.77564e+06
4.6784e+06
7.37686e+06
1.00336e+07
7.41724e+06
2.88243e+06
1.18992e+06
2.78503e+06
5.8389e+06
6.41678e+06
4.25834e+06
2.99566e+06
3.81501e+06
6.19398e+06
7.26316e+06
6.27556e+06
6.19714e+06
7.72394e+06
1.03909e+07
1.02023e+07
7.22542e+06
5.7904e+06
6.58879e+06
7.72781e+06
6.80653e+06
5.80018e+06
6.25264e+06
7.41187e+06
6.59914e+06
4.83226e+06
6.45655e+06
1.10529e+07
1.23174e+07
9.74372e+06
1.00603e+07
1.41005e+07
1.56247e+07
1.27757e+07
9.29636e+06
6.33112e+06
4.10421e+06
4.05088e+06
8.45779e+06
1.32609e+07
1.16164e+07
8.84394e+06
1.20155e+07
1.36078e+07
1.24043e+07
9.10616e+06
9.56091e+06
1.05754e+07
1.17224e+07
1.53482e+07
1.36891e+07
1.01876e+07
9.20759e+06
9.38444e+06
7.75112e+06
4.80855e+06
4.5779e+06
6.23414e+06
7.81196e+06
1.06621e+07
1.25168e+07
1.3236e+07
1.34248e+07
8.95412e+06
6.28765e+06
7.75076e+06
9.06538e+06
8.41629e+06
7.60349e+06
5.64357e+06
4.54083e+06
5.82215e+06
6.84388e+06
3.76056e+06
1.48376e+06
2.90728e+06
6.04377e+06
8.22471e+06
9.55739e+06
1.1871e+07
1.04507e+07
5.46089e+06
1.64622e+06
1.79855e+06
3.71476e+06
3.11521e+06
942869
517458
680170
545500
1.54129e+06
2.2699e+06
4.04205e+06
6.30821e+06
6.47256e+06
4.22916e+06
1.51471e+06
1.05244e+06
1.08197e+06
186678
1245
0
0
12
296
8001
95166
608191
1.92308e+06
2.82395e+06
1.59772e+06
249930
10885
266
0
0
0
0
0
0
54
969
15067
94250
212102
84086
0
0
0
0
0
0
0
0
0
0
0
0
0
0
0
0
0
0
0
0
0
0
0
0
0
0
0
0
0
0
0
0
0
0
0
0
0
0
0
0
0
0
0
0
0
0
0
0
0
0
0
0
0
0
0
0
0
0
0
0
0
0
0
0
0
0
0
0
0
0
0
0
0
0
0
0
0
0
0
0
0
0
0
0
0
0
0
0
0
0
0
0
0
0
0
0
0
0
0
0
0
0
0
0
0
0
0
0
0
0
0
0
0
0
0
0
0
0
0
0
0
0
0
0
0
0
0
0
0
0
0
0
0
0
0
0
0
0
0
0
0
0
0
0
0
0
0
0
0
0
0
0
0
0
0
0
0
0
0
0
0
0
0
0
0
0
0
0
0
0
0
0
0
0
0
0
0
0
0
0
0
0
0
0
0
0
0
0
0
0
0
0
0
0
0
0
0
0
0
0
