1.59949e+06
0
0
0
0
0
0
0
0
0
0
0
0
0
0
0
2
3247
378647
2.71289e+06
3.94349e+06
2.01044e+06
482313
61513
6023
24092
188156
777257
1.56142e+06
1.45745e+06
639711
145904
218797
1.59753e+06
5.0983e+06
6.88684e+06
4.09081e+06
1.16027e+06
489306
1.7053e+06
3.33333e+06
2.85472e+06
1.30336e+06
1.40038e+06
3.97266e+06
6.4652e+06
5.08144e+06
2.12984e+06
1.28864e+06
2.07056e+06
2.15344e+06
2.13828e+06
5.76114e+06
1.20475e+07
1.21792e+07
6.1066e+06
2.29876e+06
1.79133e+06
1.95699e+06
3.76618e+06
8.06535e+06
9.76498e+06
6.96375e+06
5.91525e+06
6.84612e+06
5.8101e+06
5.55291e+06
6.93214e+06
6.31412e+06
5.87354e+06
7.40538e+06
9.19664e+06
1.45426e+07
1.97383e+07
1.46377e+07
5.64277e+06
2.30547e+06
5.47785e+06
1.15035e+07
1.26271e+07
8.38383e+06
5.86742e+06
7.50056e+06
1.2208e+07
1.42838e+07
1.23704e+07
1.21437e+07
1.52184e+07
2.04407e+07
2.0081e+07
1.4232e+07
1.13475e+07
1.29797e+07
1.51963e+07
1.34227e+07
1.13698e+07
1.23069e+07
1.45899e+07
1.2995e+07
9.49775e+06
1.26781e+07
2.17426e+07
2.42321e+07
1.91903e+07
1.97891e+07
2.77424e+07
3.07314e+07
2.51695e+07
1.82767e+07
1.24498e+07
8.04317e+06
7.93594e+06
1.66761e+07
2.60759e+07
2.28994e+07
1.7377e+07
2.36446e+07
2.67576e+07
2.4408e+07
1.79124e+07
1.87766e+07
2.08135e+07
2.30594e+07
3.02282e+07
2.69201e+07
2.00425e+07
1.81323e+07
1.84286e+07
1.52628e+07
9.44538e+06
8.98913e+06
1.22753e+07
1.53676e+07
2.09716e+07
2.46218e+07
2.6074e+07
2.64047e+07
1.75967e+07
1.23706e+07
1.52432e+07
1.78461e+07
1.6569e+07
1.49381e+07
1.11047e+07
8.92722e+06
1.145e+07
1.35051e+07
7.37959e+06
2.90564e+06
5.7221e+06
1.18975e+07
1.61296e+07
1.88231e+07
2.33752e+07
2.05907e+07
1.07229e+07
3.21951e+06
3.53312e+06
7.33545e+06
6.122e+06
1.84652e+06
1.01483e+06
1.34102e+06
1.06643e+06
3.03583e+06
4.46497e+06
7.95873e+06
1.24077e+07
1.27567e+07
8.29552e+06
2.97673e+06
2.07432e+06
2.13243e+06
363823
2373
2
0
12
487
14475
183459
1.19804e+06
3.79428e+06
5.55551e+06
3.13604e+06
491829
20835
429
3
0
0
0
0
0
63
1825
28660
184835
420042
164319
0
0
0
0
0
0
0
0
0
0
0
0
0
0
0
0
0
0
0
0
0
0
0
0
0
0
0
0
0
0
0
0
0
0
0
0
0
0
0
0
0
0
0
0
0
0
0
0
0
0
0
0
0
0
0
0
0
0
0
0
0
0
0
0
0
0
0
0
0
0
0
0
0
0
0
0
0
0
0
0
0
0
0
0
0
0
0
0
0
0
0
0
0
0
0
0
0
0
0
0
0
0
0
0
0
0
0
0
0
0
0
0
0
0
0
0
0
0
0
0
0
0
0
0
0
0
0
0
0
0
0
0
0
0
0
0
0
0
0
0
0
0
0
0
0
0
0
0
0
0
0
0
0
0
0
0
0
0
0
0
0
0
0
0
0
0
0
0
0
0
0
0
0
0
0
0
0
0
0
0
0
0
0
0
0
0
0
0
0
0
0
0
0
0
0
0
0
0
0
0
