546816
0
0
0
0
0
0
0
0
0
0
0
0
0
0
0
0
1138
130567
923677
1.35285e+06
684800
164989
21282
2177
8041
65237
264996
533842
497879
218491
50460
76826
548161
1.73476e+06
2.36148e+06
1.39033e+06
399871
170660
580741
1.14269e+06
972817
445484
480391
1.35265e+06
2.22239e+06
1.72852e+06
728543
441334
707913
738584
735549
1.96505e+06
4.11777e+06
4.15979e+06
2.08049e+06
790180
619879
672256
1.28472e+06
2.74996e+06
3.3493e+06
2.372e+06
2.01877e+06
2.35011e+06
1.97962e+06
1.89475e+06
2.38223e+06
2.15555e+06
1.99742e+06
2.55243e+06
3.14498e+06
4.94936e+06
6.7642e+06
4.98127e+06
1.93368e+06
801773
1.86755e+06
3.93316e+06
4.32684e+06
2.85508e+06
2.01303e+06
2.55761e+06
4.16924e+06
4.89928e+06
4.2073e+06
4.17566e+06
5.18012e+06
6.99917e+06
6.87289e+06
4.84685e+06
3.90141e+06
4.41927e+06
5.20914e+06
4.56528e+06
3.91166e+06
4.19386e+06
4.99301e+06
4.44202e+06
3.24616e+06
4.33157e+06
7.44371e+06
8.2978e+06
6.53924e+06
6.75321e+06
9.49315e+06
1.05181e+07
8.5853e+06
6.25392e+06
4.25626e+06
2.7636e+06
2.71888e+06
5.67206e+06
8.95304e+06
7.79998e+06
5.93496e+06
8.07583e+06
9.17167e+06
8.33375e+06
6.12316e+06
6.4418e+06
7.10684e+06
7.8735e+06
1.0323e+07
9.22588e+06
6.83843e+06
6.18629e+06
6.32448e+06
5.20861e+06
3.2283e+06
3.08062e+06
4.18997e+06
5.24815e+06
7.18314e+06
8.41948e+06
8.88943e+06
9.04991e+06
6.01992e+06
4.21505e+06
5.21897e+06
6.1012e+06
5.64891e+06
5.1234e+06
3.7906e+06
3.05354e+06
3.91703e+06
4.60094e+06
2.5305e+06
993700
1.94819e+06
4.06705e+06
5.55742e+06
6.40543e+06
7.98421e+06
7.03396e+06
3.678e+06
1.103e+06
1.20441e+06
2.49601e+06
2.10404e+06
631149
347125
457322
367229
1.03266e+06
1.52539e+06
2.71579e+06
4.2495e+06
4.3493e+06
2.85455e+06
1.01406e+06
704479
729465
126779
871
0
0
8
213
5359
62727
405473
1.28979e+06
1.90526e+06
1.07824e+06
166935
7182
163
0
0
0
0
0
0
28
620
9862
62034
142563
58301
0
0
0
0
0
0
0
0
0
0
0
0
0
0
0
0
0
0
0
0
0
0
0
0
0
0
0
0
0
0
0
0
0
0
0
0
0
0
0
0
0
0
0
0
0
0
0
0
0
0
0
0
0
0
0
0
0
0
0
0
0
0
0
0
0
0
0
0
0
0
0
0
0
0
0
0
0
0
0
0
0
0
0
0
0
0
0
0
0
0
0
0
0
0
0
0
0
0
0
0
0
0
0
0
0
0
0
0
0
0
0
0
0
0
0
0
0
0
0
0
0
0
0
0
0
0
0
0
0
0
0
0
0
0
0
0
0
0
0
0
0
0
0
0
0
0
0
0
0
0
0
0
0
0
0
0
0
0
0
0
0
0
0
0
0
0
0
0
0
0
0
0
0
0
0
0
0
0
0
0
0
0
0
0
0
0
0
0
0
0
0
0
0
0
0
0
0
0
0
0
