1.78995e+06
0
0
0
0
0
0
0
0
0
0
0
0
0
0
0
2
3609
423630
3.03604e+06
4.41306e+06
2.25019e+06
539671
68637
6644
26893
210212
870105
1.74706e+06
1.63202e+06
716038
162472
244187
1.78792e+06
5.70736e+06
7.70531e+06
4.57944e+06
1.29786e+06
547144
1.90705e+06
3.73137e+06
3.19503e+06
1.45824e+06
1.56607e+06
4.4496e+06
7.22936e+06
5.68968e+06
2.38386e+06
1.4415e+06
2.31682e+06
2.40892e+06
2.39166e+06
6.44949e+06
1.34818e+07
1.36305e+07
6.83588e+06
2.57153e+06
2.00264e+06
2.1891e+06
4.21404e+06
9.02704e+06
1.09275e+07
7.79667e+06
6.62015e+06
7.65373e+06
6.50396e+06
6.2161e+06
7.7562e+06
7.0686e+06
6.57151e+06
8.28502e+06
1.02971e+07
1.62766e+07
2.20807e+07
1.63837e+07
6.31643e+06
2.57675e+06
6.13183e+06
1.28718e+07
1.41328e+07
9.3827e+06
6.56338e+06
8.39408e+06
1.36609e+07
1.59854e+07
1.38498e+07
1.35847e+07
1.70258e+07
2.28787e+07
2.24751e+07
1.59258e+07
1.26983e+07
1.45297e+07
1.69964e+07
1.50248e+07
1.2724e+07
1.37742e+07
1.63227e+07
1.45427e+07
1.06286e+07
1.41884e+07
2.4336e+07
2.71153e+07
2.1476e+07
2.21481e+07
3.10478e+07
3.4383e+07
2.81724e+07
2.0448e+07
1.39329e+07
8.99852e+06
8.8906e+06
1.86671e+07
2.91587e+07
2.5626e+07
1.94619e+07
2.64542e+07
2.99382e+07
2.73229e+07
2.00496e+07
2.10078e+07
2.32931e+07
2.58105e+07
3.38268e+07
3.01177e+07
2.24335e+07
2.02927e+07
2.06128e+07
1.7086e+07
1.05743e+07
1.00574e+07
1.37431e+07
1.71996e+07
2.34568e+07
2.75536e+07
2.91838e+07
2.95434e+07
1.96918e+07
1.38532e+07
1.70551e+07
1.99641e+07
1.85524e+07
1.6711e+07
1.24303e+07
9.99532e+06
1.28077e+07
1.51068e+07
8.25822e+06
3.25623e+06
6.40565e+06
1.33126e+07
1.80432e+07
2.10827e+07
2.61572e+07
2.30297e+07
1.1999e+07
3.60713e+06
3.96029e+06
8.20746e+06
6.84254e+06
2.06772e+06
1.13619e+06
1.50094e+06
1.19473e+06
3.39877e+06
4.99284e+06
8.90727e+06
1.38934e+07
1.42752e+07
9.27629e+06
3.33283e+06
2.3231e+06
2.38331e+06
406358
2626
2
0
13
554
16141
205030
1.3416e+06
4.24507e+06
6.2176e+06
3.50923e+06
550919
22936
468
3
0
0
0
0
0
72
2021
31764
207298
470154
183667
0
0
0
0
0
0
0
0
0
0
0
0
0
0
0
0
0
0
0
0
0
0
0
0
0
0
0
0
0
0
0
0
0
0
0
0
0
0
0
0
0
0
0
0
0
0
0
0
0
0
0
0
0
0
0
0
0
0
0
0
0
0
0
0
0
0
0
0
0
0
0
0
0
0
0
0
0
0
0
0
0
0
0
0
0
0
0
0
0
0
0
0
0
0
0
0
0
0
0
0
0
0
0
0
0
0
0
0
0
0
0
0
0
0
0
0
0
0
0
0
0
0
0
0
0
0
0
0
0
0
0
0
0
0
0
0
0
0
0
0
0
0
0
0
0
0
0
0
0
0
0
0
0
0
0
0
0
0
0
0
0
0
0
0
0
0
0
0
0
0
0
0
0
0
0
0
0
0
0
0
0
0
0
0
0
0
0
0
0
0
0
0
0
0
0
0
0
0
0
0
