1.5401e+06
0
0
0
0
0
0
0
0
0
0
0
0
0
0
0
2
3139
364422
2.61204e+06
3.79797e+06
1.93519e+06
464361
59212
5827
23136
180852
748172
1.50442e+06
1.40364e+06
615545
140164
210275
1.53746e+06
4.90913e+06
6.63376e+06
3.93811e+06
1.11676e+06
470301
1.64195e+06
3.21056e+06
2.74891e+06
1.25356e+06
1.3471e+06
3.82508e+06
6.2293e+06
4.8929e+06
2.0485e+06
1.24006e+06
1.99443e+06
2.07421e+06
2.05742e+06
5.54436e+06
1.16042e+07
1.17294e+07
5.87837e+06
2.21152e+06
1.72543e+06
1.88333e+06
3.626e+06
7.76579e+06
9.40468e+06
6.70364e+06
5.69581e+06
6.59415e+06
5.5928e+06
5.34452e+06
6.67722e+06
6.08075e+06
5.65333e+06
7.13032e+06
8.85026e+06
1.40032e+07
1.9014e+07
1.40967e+07
5.42931e+06
2.21604e+06
5.27151e+06
1.10785e+07
1.21644e+07
8.07071e+06
5.64661e+06
7.21825e+06
1.1757e+07
1.37589e+07
1.19069e+07
1.16925e+07
1.46495e+07
1.96869e+07
1.93391e+07
1.36999e+07
1.09261e+07
1.24965e+07
1.46345e+07
1.29235e+07
1.0947e+07
1.1847e+07
1.40506e+07
1.25161e+07
9.14014e+06
1.22e+07
2.09419e+07
2.33426e+07
1.84707e+07
1.90449e+07
2.67153e+07
2.96018e+07
2.42344e+07
1.75947e+07
1.19883e+07
7.74386e+06
7.6325e+06
1.60522e+07
2.51208e+07
2.20533e+07
1.67171e+07
2.27637e+07
2.57769e+07
2.35023e+07
1.72422e+07
1.80792e+07
2.0039e+07
2.22003e+07
2.91075e+07
2.59283e+07
1.92981e+07
1.74551e+07
1.77483e+07
1.46961e+07
9.08999e+06
8.6521e+06
1.18168e+07
1.47968e+07
2.02023e+07
2.37081e+07
2.51014e+07
2.54291e+07
1.69446e+07
1.19056e+07
1.46775e+07
1.71848e+07
1.59507e+07
1.43845e+07
1.06943e+07
8.5924e+06
1.10245e+07
1.30095e+07
7.10646e+06
2.79318e+06
5.50703e+06
1.14582e+07
1.55338e+07
1.8117e+07
2.25086e+07
1.98317e+07
1.03289e+07
3.09511e+06
3.39757e+06
7.06531e+06
5.89863e+06
1.77704e+06
975485
1.292e+06
1.02616e+06
2.92145e+06
4.29811e+06
7.6627e+06
1.19489e+07
1.22841e+07
7.99038e+06
2.86429e+06
1.99584e+06
2.05515e+06
350406
2260
2
0
12
459
13994
176426
1.15143e+06
3.65266e+06
5.351e+06
3.02188e+06
472538
20050
418
0
0
0
0
0
0
63
1779
27517
177788
404466
158435
0
0
0
0
0
0
0
0
0
0
0
0
0
0
0
0
0
0
0
0
0
0
0
0
0
0
0
0
0
0
0
0
0
0
0
0
0
0
0
0
0
0
0
0
0
0
0
0
0
0
0
0
0
0
0
0
0
0
0
0
0
0
0
0
0
0
0
0
0
0
0
0
0
0
0
0
0
0
0
0
0
0
0
0
0
0
0
0
0
0
0
0
0
0
0
0
0
0
0
0
0
0
0
0
0
0
0
0
0
0
0
0
0
0
0
0
0
0
0
0
0
0
0
0
0
0
0
0
0
0
0
0
0
0
0
0
0
0
0
0
0
0
0
0
0
0
0
0
0
0
0
0
0
0
0
0
0
0
0
0
0
0
0
0
0
0
0
0
0
0
0
0
0
0
0
0
0
0
0
0
0
0
0
0
0
0
0
0
0
0
0
0
0
0
0
0
0
0
0
0
