1.55034e+06
0
0
0
0
0
0
0
0
0
0
0
0
0
0
0
2
3159
366811
2.62957e+06
3.8228e+06
1.94857e+06
467247
59596
5858
23292
182092
753164
1.51435e+06
1.41292e+06
619653
141139
211726
1.54779e+06
4.94171e+06
6.67744e+06
3.96464e+06
1.12417e+06
473419
1.65288e+06
3.23182e+06
2.76738e+06
1.26197e+06
1.3562e+06
3.85067e+06
6.26995e+06
4.9254e+06
2.06231e+06
1.24856e+06
2.00758e+06
2.08796e+06
2.0714e+06
5.5811e+06
1.16811e+07
1.18075e+07
5.91732e+06
2.22652e+06
1.73679e+06
1.89593e+06
3.65019e+06
7.81753e+06
9.46689e+06
6.74813e+06
5.73402e+06
6.63716e+06
5.6302e+06
5.38075e+06
6.72134e+06
6.1211e+06
5.69092e+06
7.17806e+06
8.90944e+06
1.40964e+07
1.9139e+07
1.41902e+07
5.46616e+06
2.23121e+06
5.30674e+06
1.1152e+07
1.22445e+07
8.12462e+06
5.68447e+06
7.26688e+06
1.18348e+07
1.38494e+07
1.19868e+07
1.17707e+07
1.47469e+07
1.98172e+07
1.94672e+07
1.3792e+07
1.09979e+07
1.258e+07
1.47315e+07
1.30091e+07
1.10204e+07
1.19258e+07
1.4144e+07
1.25987e+07
9.20147e+06
1.2282e+07
2.10803e+07
2.34972e+07
1.8594e+07
1.91722e+07
2.68936e+07
2.97969e+07
2.43952e+07
1.77119e+07
1.2068e+07
7.79575e+06
7.68382e+06
1.61598e+07
2.52866e+07
2.2199e+07
1.68305e+07
2.29151e+07
2.5946e+07
2.36594e+07
1.73571e+07
1.82003e+07
2.01716e+07
2.23484e+07
2.93016e+07
2.60983e+07
1.94274e+07
1.7572e+07
1.78653e+07
1.47938e+07
9.1514e+06
8.70959e+06
1.1896e+07
1.48946e+07
2.03357e+07
2.38654e+07
2.52696e+07
2.55977e+07
1.70561e+07
1.19851e+07
1.47759e+07
1.72993e+07
1.60573e+07
1.44798e+07
1.07648e+07
8.64965e+06
1.10985e+07
1.30953e+07
7.15312e+06
2.8123e+06
5.54348e+06
1.15342e+07
1.56372e+07
1.8238e+07
2.26582e+07
1.99633e+07
1.03969e+07
3.11596e+06
3.42054e+06
7.11238e+06
5.93742e+06
1.78884e+06
982222
1.30048e+06
1.03276e+06
2.9413e+06
4.32675e+06
7.71345e+06
1.20283e+07
1.23657e+07
8.04337e+06
2.88359e+06
2.00888e+06
2.06865e+06
352919
2277
2
0
12
461
14090
177553
1.15942e+06
3.67727e+06
5.38593e+06
3.04178e+06
475904
20189
418
0
0
0
0
0
0
63
1789
27714
178941
407253
159408
0
0
0
0
0
0
0
0
0
0
0
0
0
0
0
0
0
0
0
0
0
0
0
0
0
0
0
0
0
0
0
0
0
0
0
0
0
0
0
0
0
0
0
0
0
0
0
0
0
0
0
0
0
0
0
0
0
0
0
0
0
0
0
0
0
0
0
0
0
0
0
0
0
0
0
0
0
0
0
0
0
0
0
0
0
0
0
0
0
0
0
0
0
0
0
0
0
0
0
0
0
0
0
0
0
0
0
0
0
0
0
0
0
0
0
0
0
0
0
0
0
0
0
0
0
0
0
0
0
0
0
0
0
0
0
0
0
0
0
0
0
0
0
0
0
0
0
0
0
0
0
0
0
0
0
0
0
0
0
0
0
0
0
0
0
0
0
0
0
0
0
0
0
0
0
0
0
0
0
0
0
0
0
0
0
0
0
0
0
0
0
0
0
0
0
0
0
0
0
0
