659456
0
0
0
0
0
0
0
0
9
39
103
539
1656
5768
18805
59256
187550
544802
906185
726215
488010
355369
284972
249768
241417
252667
285674
346445
406173
480671
605062
768367
931896
1.0788e+06
1.19626e+06
1.18344e+06
1.1896e+06
1.18741e+06
1.12758e+06
1.08508e+06
1.02884e+06
1.00647e+06
1.04066e+06
1.12877e+06
1.27663e+06
1.34642e+06
1.44855e+06
1.58074e+06
1.74548e+06
1.8904e+06
2.01907e+06
2.14439e+06
2.30439e+06
2.32278e+06
2.21914e+06
2.17506e+06
2.16451e+06
2.16848e+06
2.22175e+06
2.3416e+06
2.48314e+06
2.51471e+06
2.65644e+06
2.85273e+06
2.94965e+06
3.08558e+06
3.27528e+06
3.35855e+06
3.44591e+06
3.59368e+06
3.66461e+06
3.76598e+06
3.9758e+06
3.86107e+06
3.78818e+06
3.78604e+06
3.87576e+06
4.07248e+06
4.2255e+06
4.29647e+06
4.45675e+06
4.62179e+06
4.8727e+06
5.09601e+06
5.16546e+06
5.35146e+06
5.45128e+06
5.67238e+06
5.72285e+06
5.6679e+06
5.72386e+06
5.75982e+06
5.92399e+06
5.92497e+06
6.05849e+06
6.18929e+06
6.4144e+06
6.55832e+06
6.70659e+06
6.93601e+06
7.29619e+06
7.53858e+06
7.58497e+06
7.74836e+06
7.98874e+06
8.12013e+06
8.05079e+06
8.03266e+06
7.99775e+06
8.02524e+06
8.14098e+06
8.39226e+06
8.86362e+06
8.9389e+06
9.04547e+06
9.17412e+06
9.23882e+06
9.04234e+06
8.89111e+06
8.89024e+06
8.80242e+06
8.72551e+06
8.66324e+06
8.47811e+06
8.1461e+06
7.978e+06
7.91483e+06
7.7073e+06
7.51611e+06
7.40392e+06
7.33982e+06
7.29257e+06
7.38618e+06
7.34804e+06
7.30438e+06
7.2745e+06
6.99608e+06
6.72824e+06
6.63596e+06
6.45965e+06
6.20188e+06
5.98972e+06
5.66311e+06
5.41332e+06
5.27397e+06
5.10976e+06
4.91609e+06
4.7805e+06
4.7799e+06
4.83568e+06
4.91357e+06
4.76784e+06
4.68526e+06
4.40611e+06
3.97292e+06
3.55122e+06
3.24489e+06
3.00311e+06
2.77684e+06
2.48854e+06
2.28818e+06
2.14258e+06
2.02474e+06
1.98337e+06
1.95561e+06
1.95752e+06
1.95461e+06
1.83152e+06
1.66074e+06
1.3786e+06
1.16997e+06
998056
831143
715582
640608
595426
561027
540220
535186
531556
526880
518103
496394
393039
283449
213459
163512
131299
104939
83114
67055
55181
45132
37347
31515
24581
18246
10901
4771
0
0
0
0
0
0
0
0
0
0
0
0
0
0
0
0
0
0
0
0
0
0
0
0
0
0
0
0
0
0
0
0
0
0
0
0
0
0
0
0
0
0
0
0
0
0
0
0
0
0
0
0
0
0
0
0
0
0
0
0
0
0
0
0
0
0
0
0
0
0
0
0
0
0
0
0
0
0
0
0
0
0
0
0
0
0
0
0
0
0
0
0
0
0
0
0
0
0
0
0
0
0
0
0
0
0
0
0
0
0
0
0
0
0
0
0
0
0
0
0
0
0
0
0
0
0
0
0
0
0
0
0
0
0
0
0
0
0
0
0
0
0
0
0
0
0
0
0
0
0
0
0
0
0
0
0
0
0
0
0
0
0
0
0
0
0
0
0
0
0
0
0
0
0
0
0
0
0
0
0
0
0
0
0
0
0
0
0
0
0
0
0
0
0
0
0
0
0
0
0
