679936
0
0
0
0
0
0
0
0
9
39
103
539
1656
5768
18805
59256
187550
553648
955845
755730
501317
363243
291306
255776
247328
258861
293004
354621
417106
494425
623923
795120
964230
1.1155e+06
1.23138e+06
1.21846e+06
1.2296e+06
1.23119e+06
1.16748e+06
1.11749e+06
1.05709e+06
1.03378e+06
1.06813e+06
1.15749e+06
1.30996e+06
1.38505e+06
1.4948e+06
1.63463e+06
1.80631e+06
1.95639e+06
2.08906e+06
2.21322e+06
2.37331e+06
2.3897e+06
2.28627e+06
2.24237e+06
2.23224e+06
2.2363e+06
2.28853e+06
2.40858e+06
2.5534e+06
2.58997e+06
2.73903e+06
2.94102e+06
3.04758e+06
3.18843e+06
3.38415e+06
3.46909e+06
3.55756e+06
3.70531e+06
3.77561e+06
3.8773e+06
4.08712e+06
3.97338e+06
3.90177e+06
3.90525e+06
3.99714e+06
4.19872e+06
4.35815e+06
4.43505e+06
4.60106e+06
4.77221e+06
5.02976e+06
5.25569e+06
5.32832e+06
5.51528e+06
5.61846e+06
5.83905e+06
5.89148e+06
5.84115e+06
5.89613e+06
5.9373e+06
6.10649e+06
6.11142e+06
6.25242e+06
6.38683e+06
6.61969e+06
6.76925e+06
6.92288e+06
7.1574e+06
7.52188e+06
7.76673e+06
7.81577e+06
7.98049e+06
8.22485e+06
8.36018e+06
8.29599e+06
8.28063e+06
8.2511e+06
8.28567e+06
8.40581e+06
8.66078e+06
9.14131e+06
9.21908e+06
9.33012e+06
9.46066e+06
9.52258e+06
9.32392e+06
9.16889e+06
9.16067e+06
9.07e+06
8.98773e+06
8.92288e+06
8.73421e+06
8.40209e+06
8.23183e+06
8.16461e+06
7.95371e+06
7.75914e+06
7.64333e+06
7.57308e+06
7.52401e+06
7.61295e+06
7.57345e+06
7.52541e+06
7.48964e+06
7.2071e+06
6.93253e+06
6.83579e+06
6.65531e+06
6.3909e+06
6.17483e+06
5.84635e+06
5.59005e+06
5.44635e+06
5.27745e+06
5.07832e+06
4.93796e+06
4.93345e+06
4.98403e+06
5.05549e+06
4.90272e+06
4.81521e+06
4.52785e+06
4.08981e+06
3.6633e+06
3.34962e+06
3.10325e+06
2.87162e+06
2.57602e+06
2.36731e+06
2.21774e+06
2.09188e+06
2.04666e+06
2.01367e+06
2.01144e+06
2.00466e+06
1.87659e+06
1.70234e+06
1.41753e+06
1.20559e+06
1.03128e+06
861997
743182
666217
618438
581443
558955
552654
546049
540170
531057
507365
402131
291629
220690
169098
136725
108679
86726
69606
57034
46670
38441
32177
25044
18575
10977
4782
0
0
0
0
0
0
0
0
0
0
0
0
0
0
0
0
0
0
0
0
0
0
0
0
0
0
0
0
0
0
0
0
0
0
0
0
0
0
0
0
0
0
0
0
0
0
0
0
0
0
0
0
0
0
0
0
0
0
0
0
0
0
0
0
0
0
0
0
0
0
0
0
0
0
0
0
0
0
0
0
0
0
0
0
0
0
0
0
0
0
0
0
0
0
0
0
0
0
0
0
0
0
0
0
0
0
0
0
0
0
0
0
0
0
0
0
0
0
0
0
0
0
0
0
0
0
0
0
0
0
0
0
0
0
0
0
0
0
0
0
0
0
0
0
0
0
0
0
0
0
0
0
0
0
0
0
0
0
0
0
0
0
0
0
0
0
0
0
0
0
0
0
0
0
0
0
0
0
0
0
0
0
0
0
0
0
0
0
0
0
0
0
0
0
0
0
0
0
0
0
