86016
0
0
0
0
0
0
0
0
0
0
0
5
12
112
619
3412
18724
66830
110802
130467
79814
48664
31128
22446
21130
24614
34092
53715
54029
49846
58526
82024
118922
172530
229107
165185
132784
121545
124219
148772
137233
122803
130683
162888
232248
190301
159767
153850
177438
202882
229892
288923
411049
415740
298688
250296
241889
236696
258676
330488
399611
328329
331380
383826
338508
337722
403375
385630
401005
493758
511310
571240
744493
577413
462902
415153
426338
521002
554832
472567
496152
516907
615002
706901
659074
746462
754915
892828
884289
764708
759813
718641
803896
697564
708907
691124
778830
765908
746849
824053
1.02428e+06
1.12669e+06
1.05706e+06
1.10551e+06
1.24529e+06
1.28955e+06
1.13319e+06
1.02992e+06
902215
829150
806852
923042
1.22036e+06
1.12226e+06
1.09307e+06
1.22385e+06
1.324e+06
1.1976e+06
1.10999e+06
1.18204e+06
1.19262e+06
1.22663e+06
1.29177e+06
1.24157e+06
1.02702e+06
972942
1.01486e+06
899539
806279
799077
821319
867938
1.03024e+06
1.06408e+06
1.09402e+06
1.16062e+06
990708
858510
922871
913156
829292
803073
660382
585249
581589
572379
492094
447530
517371
652832
829438
805099
896610
811805
596176
400130
327329
312362
289170
180629
156443
164493
177884
226834
287208
362762
442215
421198
369829
219186
148804
104786
46886
21106
15148
16719
23545
35667
53127
73848
100257
129348
153922
101792
41834
19876
9501
4878
2228
1604
1465
2094
3101
4602
6080
6997
7526
6519
4119
0
0
0
0
0
0
0
0
0
0
0
0
0
0
0
0
0
0
0
0
0
0
0
0
0
0
0
0
0
0
0
0
0
0
0
0
0
0
0
0
0
0
0
0
0
0
0
0
0
0
0
0
0
0
0
0
0
0
0
0
0
0
0
0
0
0
0
0
0
0
0
0
0
0
0
0
0
0
0
0
0
0
0
0
0
0
0
0
0
0
0
0
0
0
0
0
0
0
0
0
0
0
0
0
0
0
0
0
0
0
0
0
0
0
0
0
0
0
0
0
0
0
0
0
0
0
0
0
0
0
0
0
0
0
0
0
0
0
0
0
0
0
0
0
0
0
0
0
0
0
0
0
0
0
0
0
0
0
0
0
0
0
0
0
0
0
0
0
0
0
0
0
0
0
0
0
0
0
0
0
0
0
0
0
0
0
0
0
0
0
0
0
0
0
0
0
0
0
0
0
