362496
0
0
0
0
0
0
0
0
6
26
77
395
1256
4315
14071
45714
140149
306937
391207
381881
286315
215131
170236
144328
136198
142779
162968
201973
230860
265371
322520
401398
494955
598299
694336
655233
626054
608843
597760
608412
586059
572669
593501
649600
751592
753895
775431
823546
905773
988979
1.07246e+06
1.17279e+06
1.32272e+06
1.34738e+06
1.23973e+06
1.19042e+06
1.17705e+06
1.17686e+06
1.2167e+06
1.31755e+06
1.41566e+06
1.38887e+06
1.44967e+06
1.55813e+06
1.57406e+06
1.6348e+06
1.76022e+06
1.7968e+06
1.85897e+06
1.99771e+06
2.05449e+06
2.14665e+06
2.3367e+06
2.18691e+06
2.08498e+06
2.05205e+06
2.08274e+06
2.21484e+06
2.29694e+06
2.28152e+06
2.37761e+06
2.47178e+06
2.64886e+06
2.81375e+06
2.8397e+06
2.98757e+06
3.04793e+06
3.23119e+06
3.25301e+06
3.15993e+06
3.1798e+06
3.15811e+06
3.26463e+06
3.19404e+06
3.24849e+06
3.29242e+06
3.45556e+06
3.52235e+06
3.59517e+06
3.76839e+06
4.05544e+06
4.24513e+06
4.24899e+06
4.36192e+06
4.55114e+06
4.62336e+06
4.48991e+06
4.40778e+06
4.30771e+06
4.26808e+06
4.29411e+06
4.47408e+06
4.85199e+06
4.84799e+06
4.90832e+06
5.05214e+06
5.15363e+06
5.00078e+06
4.89509e+06
4.95023e+06
4.92211e+06
4.89311e+06
4.8748e+06
4.73177e+06
4.43373e+06
4.31166e+06
4.30322e+06
4.13935e+06
3.99735e+06
3.94852e+06
3.93569e+06
3.9423e+06
4.08265e+06
4.09863e+06
4.11994e+06
4.15183e+06
3.93976e+06
3.75192e+06
3.72916e+06
3.63051e+06
3.44241e+06
3.29812e+06
3.03124e+06
2.8479e+06
2.76032e+06
2.67725e+06
2.55746e+06
2.49356e+06
2.56629e+06
2.7095e+06
2.86805e+06
2.80061e+06
2.8095e+06
2.61903e+06
2.26892e+06
1.92596e+06
1.70894e+06
1.55891e+06
1.42161e+06
1.218e+06
1.11894e+06
1.07187e+06
1.04267e+06
1.07289e+06
1.11668e+06
1.18055e+06
1.23831e+06
1.17046e+06
1.04881e+06
814253
650971
517932
390017
312524
274496
259184
258776
270897
289676
312319
329168
340480
339173
255832
164154
113423
80284
58667
43966
34313
28422
25730
22921
21903
20613
18084
14342
9323
4532
0
0
0
0
0
0
0
0
0
0
0
0
0
0
0
0
0
0
0
0
0
0
0
0
0
0
0
0
0
0
0
0
0
0
0
0
0
0
0
0
0
0
0
0
0
0
0
0
0
0
0
0
0
0
0
0
0
0
0
0
0
0
0
0
0
0
0
0
0
0
0
0
0
0
0
0
0
0
0
0
0
0
0
0
0
0
0
0
0
0
0
0
0
0
0
0
0
0
0
0
0
0
0
0
0
0
0
0
0
0
0
0
0
0
0
0
0
0
0
0
0
0
0
0
0
0
0
0
0
0
0
0
0
0
0
0
0
0
0
0
0
0
0
0
0
0
0
0
0
0
0
0
0
0
0
0
0
0
0
0
0
0
0
0
0
0
0
0
0
0
0
0
0
0
0
0
0
0
0
0
0
0
0
0
0
0
0
0
0
0
0
0
0
0
0
0
0
0
0
0
