256000
0
0
0
0
0
0
0
0
0
16
31
166
537
2128
7856
27201
91109
214699
287230
289791
210178
153161
117076
96352
90256
94985
110298
141440
158711
178849
218670
278846
352362
439228
519896
470032
439524
422737
415688
432142
412921
397787
413863
459370
548626
531925
533490
560226
620468
683409
751524
840538
982047
998020
884018
831244
817133
811556
843301
932027
1.0197e+06
974998
1.01441e+06
1.10012e+06
1.09303e+06
1.13013e+06
1.23438e+06
1.25439e+06
1.30416e+06
1.42904e+06
1.47304e+06
1.55096e+06
1.73341e+06
1.57446e+06
1.4618e+06
1.41608e+06
1.43661e+06
1.54966e+06
1.61102e+06
1.56965e+06
1.64121e+06
1.71089e+06
1.86528e+06
2.00662e+06
2.0089e+06
2.1353e+06
2.17901e+06
2.34678e+06
2.35654e+06
2.24854e+06
2.25392e+06
2.21681e+06
2.30792e+06
2.21952e+06
2.2535e+06
2.26998e+06
2.4059e+06
2.44404e+06
2.48657e+06
2.63173e+06
2.89621e+06
3.06448e+06
3.04516e+06
3.13149e+06
3.30284e+06
3.35722e+06
3.2036e+06
3.10549e+06
2.98275e+06
2.92255e+06
2.9262e+06
3.08119e+06
3.4324e+06
3.39565e+06
3.4306e+06
3.58002e+06
3.68555e+06
3.54324e+06
3.45154e+06
3.52e+06
3.51231e+06
3.50606e+06
3.50695e+06
3.38608e+06
3.11114e+06
3.00984e+06
3.01301e+06
2.86995e+06
2.74994e+06
2.71656e+06
2.72121e+06
2.74924e+06
2.90375e+06
2.93548e+06
2.96987e+06
3.02367e+06
2.83274e+06
2.66814e+06
2.67425e+06
2.60144e+06
2.44373e+06
2.33064e+06
2.09601e+06
1.94105e+06
1.87729e+06
1.82472e+06
1.72816e+06
1.6867e+06
1.77878e+06
1.93732e+06
2.11894e+06
2.07895e+06
2.11994e+06
1.95834e+06
1.64492e+06
1.34079e+06
1.16275e+06
1.05098e+06
951250
781766
712952
697126
698591
750316
813472
892758
966016
916221
814545
601135
460831
350047
240025
179070
153835
148325
156416
175070
200005
229159
253734
273184
278121
203254
120112
76918
50522
34705
24291
18342
15699
15396
15057
15877
16149
15322
12757
8666
4461
0
0
0
0
0
0
0
0
0
0
0
0
0
0
0
0
0
0
0
0
0
0
0
0
0
0
0
0
0
0
0
0
0
0
0
0
0
0
0
0
0
0
0
0
0
0
0
0
0
0
0
0
0
0
0
0
0
0
0
0
0
0
0
0
0
0
0
0
0
0
0
0
0
0
0
0
0
0
0
0
0
0
0
0
0
0
0
0
0
0
0
0
0
0
0
0
0
0
0
0
0
0
0
0
0
0
0
0
0
0
0
0
0
0
0
0
0
0
0
0
0
0
0
0
0
0
0
0
0
0
0
0
0
0
0
0
0
0
0
0
0
0
0
0
0
0
0
0
0
0
0
0
0
0
0
0
0
0
0
0
0
0
0
0
0
0
0
0
0
0
0
0
0
0
0
0
0
0
0
0
0
0
0
0
0
0
0
0
0
0
0
0
0
0
0
0
0
0
0
0
