366592
0
0
0
0
0
0
0
0
6
26
78
403
1283
4406
14370
46420
142043
310463
395127
385426
289184
217529
172280
146207
138008
144655
164982
204305
233710
268575
326560
406263
500365
604449
701038
662416
632983
615971
604683
615088
592696
579400
600590
656912
759632
762495
784943
833612
916675
1.0007e+06
1.08468e+06
1.18546e+06
1.33565e+06
1.36099e+06
1.25351e+06
1.20418e+06
1.19075e+06
1.19059e+06
1.23112e+06
1.33248e+06
1.43096e+06
1.40521e+06
1.46656e+06
1.57586e+06
1.59268e+06
1.65383e+06
1.78038e+06
1.81777e+06
1.88004e+06
2.01969e+06
2.07667e+06
2.16926e+06
2.36026e+06
2.21021e+06
2.10872e+06
2.07668e+06
2.10759e+06
2.24058e+06
2.32357e+06
2.30934e+06
2.40584e+06
2.50117e+06
2.67908e+06
2.84494e+06
2.87119e+06
3.02014e+06
3.08112e+06
3.26524e+06
3.28713e+06
3.19477e+06
3.21572e+06
3.19427e+06
3.30119e+06
3.23166e+06
3.28698e+06
3.33222e+06
3.49634e+06
3.56421e+06
3.63781e+06
3.81222e+06
4.09939e+06
4.29051e+06
4.2955e+06
4.40842e+06
4.59844e+06
4.67217e+06
4.53914e+06
4.45809e+06
4.35852e+06
4.3203e+06
4.34676e+06
4.52826e+06
4.9069e+06
4.90409e+06
4.96548e+06
5.10846e+06
5.21025e+06
5.05687e+06
4.95044e+06
5.00446e+06
4.97588e+06
4.94619e+06
4.92748e+06
4.78339e+06
4.48451e+06
4.36221e+06
4.3527e+06
4.18831e+06
4.046e+06
3.99624e+06
3.98231e+06
3.98814e+06
4.1285e+06
4.14308e+06
4.16358e+06
4.19499e+06
3.98202e+06
3.79333e+06
3.76972e+06
3.67017e+06
3.48087e+06
3.33496e+06
3.0677e+06
2.88331e+06
2.79437e+06
2.71038e+06
2.58997e+06
2.52472e+06
2.59672e+06
2.73897e+06
2.89626e+06
2.82774e+06
2.83575e+06
2.64426e+06
2.29293e+06
1.94825e+06
1.72995e+06
1.57867e+06
1.4401e+06
1.23492e+06
1.13474e+06
1.08683e+06
1.05609e+06
1.08522e+06
1.12836e+06
1.1916e+06
1.24824e+06
1.17975e+06
1.05756e+06
822145
658182
524523
396008
318027
279310
263623
262849
274481
293100
315461
332081
343006
341307
257745
165802
114844
81514
59611
44780
34958
28930
26138
23231
22128
20777
18173
14390
9344
4532
0
0
0
0
0
0
0
0
0
0
0
0
0
0
0
0
0
0
0
0
0
0
0
0
0
0
0
0
0
0
0
0
0
0
0
0
0
0
0
0
0
0
0
0
0
0
0
0
0
0
0
0
0
0
0
0
0
0
0
0
0
0
0
0
0
0
0
0
0
0
0
0
0
0
0
0
0
0
0
0
0
0
0
0
0
0
0
0
0
0
0
0
0
0
0
0
0
0
0
0
0
0
0
0
0
0
0
0
0
0
0
0
0
0
0
0
0
0
0
0
0
0
0
0
0
0
0
0
0
0
0
0
0
0
0
0
0
0
0
0
0
0
0
0
0
0
0
0
0
0
0
0
0
0
0
0
0
0
0
0
0
0
0
0
0
0
0
0
0
0
0
0
0
0
0
0
0
0
0
0
0
0
0
0
0
0
0
0
0
0
0
0
0
0
0
0
0
0
0
0
