40960
0
0
0
0
0
0
0
0
0
0
0
0
0
0
39
298
4501
26377
56473
80336
41077
20252
10302
6070
5943
8943
16472
32657
28864
18967
18902
29313
51816
93719
145345
82413
52136
43033
48722
76753
65469
49441
55051
81898
147308
101061
65597
54656
68599
80429
90255
133366
245883
250794
140017
97973
93059
86610
106011
170779
233294
156131
151051
198359
147272
139081
194231
164472
164010
237250
239796
290654
461843
298890
190979
151173
166588
263986
293010
202369
210182
213351
291707
363591
295929
364696
356202
483784
469973
351221
350739
318265
411465
313384
325912
302773
378054
346881
302285
349782
518970
591667
492506
525736
660192
708565
566491
484454
378208
315425
291488
392261
666511
533680
475235
588234
689406
571181
489031
552162
550707
585767
677763
667808
485886
446693
500912
393133
312837
316504
344307
391505
538029
555510
569566
636231
473613
356138
434592
443902
390619
399249
296039
254976
279167
286222
208827
148669
195187
298755
445823
410000
512260
460028
293622
148703
121474
145362
151176
60375
45031
52941
58144
89771
133507
193615
263813
249015
216492
97029
60783
48773
14115
1965
823
1103
2562
6386
13428
25721
45636
75159
107184
65424
17836
5461
1662
545
175
69
67
159
471
965
2006
3133
4578
5177
3903
0
0
0
0
0
0
0
0
0
0
0
0
0
0
0
0
0
0
0
0
0
0
0
0
0
0
0
0
0
0
0
0
0
0
0
0
0
0
0
0
0
0
0
0
0
0
0
0
0
0
0
0
0
0
0
0
0
0
0
0
0
0
0
0
0
0
0
0
0
0
0
0
0
0
0
0
0
0
0
0
0
0
0
0
0
0
0
0
0
0
0
0
0
0
0
0
0
0
0
0
0
0
0
0
0
0
0
0
0
0
0
0
0
0
0
0
0
0
0
0
0
0
0
0
0
0
0
0
0
0
0
0
0
0
0
0
0
0
0
0
0
0
0
0
0
0
0
0
0
0
0
0
0
0
0
0
0
0
0
0
0
0
0
0
0
0
0
0
0
0
0
0
0
0
0
0
0
0
0
0
0
0
0
0
0
0
0
0
0
0
0
0
0
0
0
0
0
0
0
0
