329728
0
0
0
0
0
0
0
0
6
26
76
310
1037
3663
12134
39780
125062
278369
359001
354176
263118
196427
153863
129544
121747
127843
146553
183510
208686
238912
290233
363140
450744
549145
640878
598781
569286
551605
542260
554341
533163
518871
537876
590871
688866
685103
700427
742059
817527
894316
973490
1.07167e+06
1.21858e+06
1.2405e+06
1.13084e+06
1.08065e+06
1.06737e+06
1.06512e+06
1.10113e+06
1.19856e+06
1.29293e+06
1.25989e+06
1.31418e+06
1.4164e+06
1.42584e+06
1.47957e+06
1.59953e+06
1.63111e+06
1.68862e+06
1.82331e+06
1.87587e+06
1.96402e+06
2.15171e+06
1.99885e+06
1.89386e+06
1.85582e+06
1.88325e+06
2.00963e+06
2.08373e+06
2.06149e+06
2.15012e+06
2.23702e+06
2.40751e+06
2.56556e+06
2.58538e+06
2.72687e+06
2.78181e+06
2.96106e+06
2.97887e+06
2.8782e+06
2.89384e+06
2.86869e+06
2.9705e+06
2.89382e+06
2.94102e+06
2.97647e+06
3.13018e+06
3.19075e+06
3.253e+06
3.41863e+06
3.69877e+06
3.88276e+06
3.88138e+06
3.98543e+06
4.16981e+06
4.23392e+06
4.09454e+06
4.0046e+06
3.9001e+06
3.85338e+06
3.87107e+06
4.04302e+06
4.41326e+06
4.4011e+06
4.45518e+06
4.60049e+06
4.70358e+06
4.55159e+06
4.45136e+06
4.51026e+06
4.48835e+06
4.46825e+06
4.45629e+06
4.31964e+06
4.02525e+06
3.90907e+06
3.90459e+06
3.74678e+06
3.61131e+06
3.56923e+06
3.56245e+06
3.57487e+06
3.71874e+06
3.74163e+06
3.76804e+06
3.80651e+06
3.60145e+06
3.4198e+06
3.40487e+06
3.31454e+06
3.1355e+06
2.99969e+06
2.74153e+06
2.56714e+06
2.48622e+06
2.41218e+06
2.29909e+06
2.24435e+06
2.32506e+06
2.47506e+06
2.63946e+06
2.58091e+06
2.59926e+06
2.4179e+06
2.07729e+06
1.74571e+06
1.54062e+06
1.40082e+06
1.27536e+06
1.08248e+06
991722
954213
935864
973365
1.02363e+06
1.09387e+06
1.15747e+06
1.0953e+06
979237
750082
592495
464777
342200
269748
236046
223745
227036
241289
262313
287235
306837
320735
321273
239976
150699
102151
70612
50961
37682
29337
24369
22563
20381
20118
19320
17313
13917
9169
4516
0
0
0
0
0
0
0
0
0
0
0
0
0
0
0
0
0
0
0
0
0
0
0
0
0
0
0
0
0
0
0
0
0
0
0
0
0
0
0
0
0
0
0
0
0
0
0
0
0
0
0
0
0
0
0
0
0
0
0
0
0
0
0
0
0
0
0
0
0
0
0
0
0
0
0
0
0
0
0
0
0
0
0
0
0
0
0
0
0
0
0
0
0
0
0
0
0
0
0
0
0
0
0
0
0
0
0
0
0
0
0
0
0
0
0
0
0
0
0
0
0
0
0
0
0
0
0
0
0
0
0
0
0
0
0
0
0
0
0
0
0
0
0
0
0
0
0
0
0
0
0
0
0
0
0
0
0
0
0
0
0
0
0
0
0
0
0
0
0
0
0
0
0
0
0
0
0
0
0
0
0
0
0
0
0
0
0
0
0
0
0
0
0
0
0
0
0
0
0
0
