686080
0
0
0
0
0
0
0
0
9
39
103
539
1656
5768
18805
59256
187550
556206
970736
764754
505250
365645
293229
257564
249053
260640
295251
357067
420366
498515
629686
803048
973949
1.12656e+06
1.24198e+06
1.22901e+06
1.24148e+06
1.24427e+06
1.1796e+06
1.12732e+06
1.06548e+06
1.04197e+06
1.07638e+06
1.1659e+06
1.31996e+06
1.39663e+06
1.50869e+06
1.65088e+06
1.82452e+06
1.97624e+06
2.11005e+06
2.23402e+06
2.39396e+06
2.4098e+06
2.30621e+06
2.26266e+06
2.25264e+06
2.25643e+06
2.30877e+06
2.4284e+06
2.57461e+06
2.61249e+06
2.76378e+06
2.96767e+06
3.07661e+06
3.2197e+06
3.41678e+06
3.50246e+06
3.59062e+06
3.73906e+06
3.80881e+06
3.91082e+06
4.12044e+06
4.00714e+06
3.93573e+06
3.94099e+06
4.03346e+06
4.23643e+06
4.39817e+06
4.4765e+06
4.64444e+06
4.81776e+06
5.0767e+06
5.30354e+06
5.37726e+06
5.56435e+06
5.66849e+06
5.88909e+06
5.94206e+06
5.89291e+06
5.94807e+06
5.99053e+06
6.16104e+06
6.16748e+06
6.31041e+06
6.44643e+06
6.68117e+06
6.83243e+06
6.98785e+06
7.22396e+06
7.58934e+06
7.83543e+06
7.885e+06
8.05003e+06
8.29577e+06
8.4322e+06
8.36929e+06
8.35506e+06
8.32736e+06
8.3637e+06
8.48512e+06
8.74156e+06
9.22425e+06
9.30334e+06
9.41566e+06
9.54654e+06
9.60787e+06
9.40828e+06
9.25234e+06
9.24153e+06
9.14996e+06
9.06676e+06
9.00077e+06
8.81089e+06
8.47896e+06
8.30804e+06
8.23973e+06
8.02794e+06
7.83169e+06
7.71499e+06
7.64298e+06
7.59357e+06
7.68142e+06
7.64032e+06
7.59208e+06
7.55442e+06
7.27012e+06
6.99373e+06
6.89571e+06
6.71401e+06
6.44768e+06
6.23047e+06
5.90105e+06
5.64344e+06
5.49832e+06
5.32754e+06
5.12681e+06
4.98547e+06
4.97935e+06
5.0283e+06
5.09829e+06
4.94329e+06
4.85385e+06
4.56447e+06
4.1249e+06
3.69677e+06
3.38137e+06
3.13321e+06
2.89998e+06
2.60237e+06
2.39101e+06
2.24036e+06
2.11219e+06
2.0654e+06
2.03112e+06
2.02756e+06
2.01961e+06
1.89018e+06
1.71478e+06
1.429e+06
1.21658e+06
1.04114e+06
871307
751461
673951
625227
587627
564557
557915
550463
544144
534845
510687
404794
294121
222850
170845
138323
109782
87806
70406
57600
47128
38764
32359
25197
18661
11005
4782
0
0
0
0
0
0
0
0
0
0
0
0
0
0
0
0
0
0
0
0
0
0
0
0
0
0
0
0
0
0
0
0
0
0
0
0
0
0
0
0
0
0
0
0
0
0
0
0
0
0
0
0
0
0
0
0
0
0
0
0
0
0
0
0
0
0
0
0
0
0
0
0
0
0
0
0
0
0
0
0
0
0
0
0
0
0
0
0
0
0
0
0
0
0
0
0
0
0
0
0
0
0
0
0
0
0
0
0
0
0
0
0
0
0
0
0
0
0
0
0
0
0
0
0
0
0
0
0
0
0
0
0
0
0
0
0
0
0
0
0
0
0
0
0
0
0
0
0
0
0
0
0
0
0
0
0
0
0
0
0
0
0
0
0
0
0
0
0
0
0
0
0
0
0
0
0
0
0
0
0
0
0
0
0
0
0
0
0
0
0
0
0
0
0
0
0
0
0
0
0
