348160
0
0
0
0
0
0
0
0
6
26
76
355
1169
4016
13202
43121
133514
294423
377059
369865
276262
207021
163004
137791
129876
136329
155740
193788
221043
253920
308469
384568
475448
576838
670977
630707
601396
583872
573632
584616
562770
548989
569072
623884
724065
723789
742521
787843
867361
947691
1.02885e+06
1.12897e+06
1.27728e+06
1.30055e+06
1.19227e+06
1.14244e+06
1.1291e+06
1.12783e+06
1.16656e+06
1.26491e+06
1.36179e+06
1.33226e+06
1.39016e+06
1.49643e+06
1.50912e+06
1.56692e+06
1.6901e+06
1.72434e+06
1.78439e+06
1.92149e+06
1.97598e+06
2.06685e+06
2.25638e+06
2.10421e+06
2.002e+06
1.96657e+06
1.99545e+06
2.12442e+06
2.20366e+06
2.18505e+06
2.27752e+06
2.36902e+06
2.5434e+06
2.70518e+06
2.72823e+06
2.87351e+06
2.93147e+06
3.11294e+06
3.13424e+06
3.03728e+06
3.05493e+06
3.03186e+06
3.13559e+06
3.06197e+06
3.11379e+06
3.15356e+06
3.31247e+06
3.37721e+06
3.44564e+06
3.61531e+06
3.8995e+06
4.08687e+06
4.08833e+06
4.19716e+06
4.38423e+06
4.45349e+06
4.31772e+06
4.23188e+06
4.13056e+06
4.08554e+06
4.10831e+06
4.28502e+06
4.65975e+06
4.65249e+06
4.70928e+06
4.85365e+06
4.95648e+06
4.80551e+06
4.70143e+06
4.75839e+06
4.73314e+06
4.70814e+06
4.69046e+06
4.55081e+06
4.2549e+06
4.13606e+06
4.12837e+06
3.96725e+06
3.829e+06
3.78174e+06
3.77254e+06
3.78132e+06
3.9236e+06
3.942e+06
3.96675e+06
4.00158e+06
3.79232e+06
3.60653e+06
3.58686e+06
3.49217e+06
3.3078e+06
3.16744e+06
2.90443e+06
2.7247e+06
2.64085e+06
2.56083e+06
2.44387e+06
2.38454e+06
2.46053e+06
2.60752e+06
2.76827e+06
2.70453e+06
2.71784e+06
2.53174e+06
2.18473e+06
1.84711e+06
1.63522e+06
1.48959e+06
1.3576e+06
1.15911e+06
1.06318e+06
1.01995e+06
995880
1.02926e+06
1.07574e+06
1.14251e+06
1.20313e+06
1.13794e+06
1.0181e+06
786168
625667
494600
369236
293695
257605
243924
244862
257709
277501
301425
319470
331770
331410
249026
158329
108610
75969
55234
41273
32048
26608
24351
21805
21127
20018
17750
14171
9263
4528
0
0
0
0
0
0
0
0
0
0
0
0
0
0
0
0
0
0
0
0
0
0
0
0
0
0
0
0
0
0
0
0
0
0
0
0
0
0
0
0
0
0
0
0
0
0
0
0
0
0
0
0
0
0
0
0
0
0
0
0
0
0
0
0
0
0
0
0
0
0
0
0
0
0
0
0
0
0
0
0
0
0
0
0
0
0
0
0
0
0
0
0
0
0
0
0
0
0
0
0
0
0
0
0
0
0
0
0
0
0
0
0
0
0
0
0
0
0
0
0
0
0
0
0
0
0
0
0
0
0
0
0
0
0
0
0
0
0
0
0
0
0
0
0
0
0
0
0
0
0
0
0
0
0
0
0
0
0
0
0
0
0
0
0
0
0
0
0
0
0
0
0
0
0
0
0
0
0
0
0
0
0
0
0
0
0
0
0
0
0
0
0
0
0
0
0
0
0
0
0
