307200
0
0
0
0
0
0
0
0
6
23
60
266
893
3215
10796
35781
114407
258821
337302
334849
247174
183292
142720
119450
112038
117520
135363
170509
193235
220659
268230
337288
420541
515809
604071
559567
529726
511737
504142
517599
496583
481865
499509
550839
645865
638076
649185
685832
756692
829663
905835
1.00128e+06
1.1476e+06
1.16696e+06
1.05584e+06
1.00461e+06
990955
987894
1.02161e+06
1.11659e+06
1.20955e+06
1.17309e+06
1.2222e+06
1.31758e+06
1.32373e+06
1.37362e+06
1.48706e+06
1.51645e+06
1.5721e+06
1.70402e+06
1.75394e+06
1.83809e+06
2.0242e+06
1.86863e+06
1.76166e+06
1.72131e+06
1.74625e+06
1.86931e+06
1.9384e+06
1.91005e+06
1.99398e+06
2.0758e+06
2.24235e+06
2.39537e+06
2.40968e+06
2.54662e+06
2.59753e+06
2.77515e+06
2.7888e+06
2.68594e+06
2.6974e+06
2.66885e+06
2.76841e+06
2.68799e+06
2.73145e+06
2.75997e+06
2.90792e+06
2.96181e+06
3.01825e+06
3.17725e+06
3.45297e+06
3.6346e+06
3.62743e+06
3.72622e+06
3.905e+06
3.96541e+06
3.82228e+06
3.72933e+06
3.62044e+06
3.56973e+06
3.58111e+06
3.74646e+06
4.11325e+06
4.09534e+06
4.14087e+06
4.28758e+06
4.39395e+06
4.24426e+06
4.1467e+06
4.20766e+06
4.19071e+06
4.17479e+06
4.16696e+06
4.03368e+06
3.74545e+06
3.63415e+06
3.63181e+06
3.47772e+06
3.34783e+06
3.30755e+06
3.30552e+06
3.32181e+06
3.47043e+06
3.49624e+06
3.525e+06
3.56733e+06
3.36693e+06
3.19164e+06
3.18194e+06
3.0975e+06
2.9242e+06
2.79455e+06
2.54304e+06
2.37463e+06
2.29828e+06
2.23213e+06
2.12384e+06
2.07373e+06
2.15822e+06
2.31186e+06
2.48109e+06
2.42866e+06
2.45409e+06
2.27849e+06
1.94622e+06
1.62197e+06
1.42485e+06
1.2931e+06
1.17556e+06
989473
905695
874412
862335
904792
960212
1.03383e+06
1.101e+06
1.04184e+06
929595
705381
552308
429280
309812
241094
210212
200276
204930
220675
243167
269534
291340
306845
308687
229323
141506
94162
64272
45833
33474
25851
21699
20325
18679
18860
18372
16778
13596
9024
4503
0
0
0
0
0
0
0
0
0
0
0
0
0
0
0
0
0
0
0
0
0
0
0
0
0
0
0
0
0
0
0
0
0
0
0
0
0
0
0
0
0
0
0
0
0
0
0
0
0
0
0
0
0
0
0
0
0
0
0
0
0
0
0
0
0
0
0
0
0
0
0
0
0
0
0
0
0
0
0
0
0
0
0
0
0
0
0
0
0
0
0
0
0
0
0
0
0
0
0
0
0
0
0
0
0
0
0
0
0
0
0
0
0
0
0
0
0
0
0
0
0
0
0
0
0
0
0
0
0
0
0
0
0
0
0
0
0
0
0
0
0
0
0
0
0
0
0
0
0
0
0
0
0
0
0
0
0
0
0
0
0
0
0
0
0
0
0
0
0
0
0
0
0
0
0
0
0
0
0
0
0
0
0
0
0
0
0
0
0
0
0
0
0
0
0
0
0
0
0
0
