438272
0
0
0
0
0
0
0
0
9
39
103
539
1643
5725
18575
57972
174123
373923
466583
448075
339512
258928
207705
178520
169491
176371
200244
245587
282593
325930
396009
489983
595785
711286
818092
787113
758599
741346
725691
733222
710383
697591
722959
785813
897329
911785
947836
1.00979e+06
1.10709e+06
1.20409e+06
1.3013e+06
1.40987e+06
1.56671e+06
1.59645e+06
1.49104e+06
1.44324e+06
1.43224e+06
1.43691e+06
1.48248e+06
1.59074e+06
1.70057e+06
1.68708e+06
1.76122e+06
1.88627e+06
1.91542e+06
1.99284e+06
2.13212e+06
2.182e+06
2.25406e+06
2.40317e+06
2.46788e+06
2.56527e+06
2.76249e+06
2.62251e+06
2.52709e+06
2.50284e+06
2.54298e+06
2.69484e+06
2.79249e+06
2.79434e+06
2.90484e+06
3.01146e+06
3.2065e+06
3.38711e+06
3.42478e+06
3.58867e+06
3.66202e+06
3.85663e+06
3.88822e+06
3.80775e+06
3.83623e+06
3.82718e+06
3.94402e+06
3.89474e+06
3.96808e+06
4.02821e+06
4.20757e+06
4.29187e+06
4.38476e+06
4.57417e+06
4.87678e+06
5.08172e+06
5.09968e+06
5.22919e+06
5.43076e+06
5.51964e+06
5.40448e+06
5.33478e+06
5.24897e+06
5.23e+06
5.27463e+06
5.47692e+06
5.86795e+06
5.88851e+06
5.96647e+06
6.10122e+06
6.19335e+06
6.03217e+06
5.91468e+06
5.95486e+06
5.91621e+06
5.87328e+06
5.84202e+06
5.69067e+06
5.38011e+06
5.24504e+06
5.22845e+06
5.04803e+06
4.89312e+06
4.82826e+06
4.80226e+06
4.79755e+06
4.92691e+06
4.92657e+06
4.92975e+06
4.94739e+06
4.72051e+06
4.51332e+06
4.47264e+06
4.35593e+06
4.14852e+06
3.9868e+06
3.70104e+06
3.50045e+06
3.39877e+06
3.29822e+06
3.15843e+06
3.07711e+06
3.13148e+06
3.25207e+06
3.38919e+06
3.30341e+06
3.28896e+06
3.07529e+06
2.70576e+06
2.34149e+06
2.10104e+06
1.92791e+06
1.7671e+06
1.53964e+06
1.41674e+06
1.34503e+06
1.29195e+06
1.3039e+06
1.32965e+06
1.37958e+06
1.42233e+06
1.34024e+06
1.20516e+06
960157
784028
639401
501120
414066
366924
344592
336290
340378
352943
369138
380469
385618
378926
290430
193965
139484
102360
76907
58976
46588
38289
33513
28640
26036
23619
19813
15262
9619
4564
0
0
0
0
0
0
0
0
0
0
0
0
0
0
0
0
0
0
0
0
0
0
0
0
0
0
0
0
0
0
0
0
0
0
0
0
0
0
0
0
0
0
0
0
0
0
0
0
0
0
0
0
0
0
0
0
0
0
0
0
0
0
0
0
0
0
0
0
0
0
0
0
0
0
0
0
0
0
0
0
0
0
0
0
0
0
0
0
0
0
0
0
0
0
0
0
0
0
0
0
0
0
0
0
0
0
0
0
0
0
0
0
0
0
0
0
0
0
0
0
0
0
0
0
0
0
0
0
0
0
0
0
0
0
0
0
0
0
0
0
0
0
0
0
0
0
0
0
0
0
0
0
0
0
0
0
0
0
0
0
0
0
0
0
0
0
0
0
0
0
0
0
0
0
0
0
0
0
0
0
0
0
0
0
0
0
0
0
0
0
0
0
0
0
0
0
0
0
0
0
