727040
0
0
0
0
0
0
0
0
9
39
103
539
1656
5768
18805
59256
187550
571705
1.07176e+06
824876
532166
381586
305427
269463
260553
272284
310122
373814
441718
525770
667711
855157
1.04002e+06
1.20066e+06
1.31248e+06
1.29939e+06
1.31956e+06
1.33307e+06
1.25992e+06
1.19325e+06
1.1217e+06
1.097e+06
1.12978e+06
1.22194e+06
1.3861e+06
1.47346e+06
1.60178e+06
1.75904e+06
1.94704e+06
2.10847e+06
2.24931e+06
2.37384e+06
2.53156e+06
2.54444e+06
2.43766e+06
2.39952e+06
2.38881e+06
2.39014e+06
2.44308e+06
2.56031e+06
2.71503e+06
2.7621e+06
2.9276e+06
3.14653e+06
3.2711e+06
3.42837e+06
3.63454e+06
3.72522e+06
3.81265e+06
3.96138e+06
4.03206e+06
4.13239e+06
4.34493e+06
4.23173e+06
4.16358e+06
4.17506e+06
4.27773e+06
4.48504e+06
4.6649e+06
4.75339e+06
4.93378e+06
5.1238e+06
5.38808e+06
5.62319e+06
5.703e+06
5.89456e+06
5.99981e+06
6.22375e+06
6.27959e+06
6.23703e+06
6.29401e+06
6.34432e+06
6.52585e+06
6.5395e+06
6.6953e+06
6.84466e+06
7.09311e+06
7.25383e+06
7.42155e+06
7.667e+06
8.04132e+06
8.29236e+06
8.34419e+06
8.51397e+06
8.77138e+06
8.91136e+06
8.85693e+06
8.8495e+06
8.83464e+06
8.88582e+06
9.01526e+06
9.27815e+06
9.77747e+06
9.86461e+06
9.99026e+06
1.01173e+07
1.01735e+07
9.97402e+06
9.8066e+06
9.78095e+06
9.68504e+06
9.59419e+06
9.51751e+06
9.32266e+06
8.99038e+06
8.81428e+06
8.7418e+06
8.52391e+06
8.31846e+06
8.18765e+06
8.11164e+06
8.05751e+06
8.13478e+06
8.0896e+06
8.03607e+06
7.9852e+06
7.6892e+06
7.40174e+06
7.29784e+06
7.10462e+06
6.82436e+06
6.60367e+06
6.26324e+06
6.00101e+06
5.84326e+06
5.66194e+06
5.45338e+06
5.2997e+06
5.28503e+06
5.32252e+06
5.38332e+06
5.21408e+06
5.1116e+06
4.80954e+06
4.35821e+06
3.91937e+06
3.59342e+06
3.3331e+06
3.08978e+06
2.77745e+06
2.55063e+06
2.38972e+06
2.24729e+06
2.19188e+06
2.14745e+06
2.13486e+06
2.11726e+06
1.98108e+06
1.79746e+06
1.50674e+06
1.28894e+06
1.10834e+06
933236
807156
724393
669830
629635
602640
592144
579975
571043
559343
532769
423095
310546
237209
183249
148185
117308
94943
75508
61630
50242
40847
33679
26059
19255
11172
4797
0
0
0
0
0
0
0
0
0
0
0
0
0
0
0
0
0
0
0
0
0
0
0
0
0
0
0
0
0
0
0
0
0
0
0
0
0
0
0
0
0
0
0
0
0
0
0
0
0
0
0
0
0
0
0
0
0
0
0
0
0
0
0
0
0
0
0
0
0
0
0
0
0
0
0
0
0
0
0
0
0
0
0
0
0
0
0
0
0
0
0
0
0
0
0
0
0
0
0
0
0
0
0
0
0
0
0
0
0
0
0
0
0
0
0
0
0
0
0
0
0
0
0
0
0
0
0
0
0
0
0
0
0
0
0
0
0
0
0
0
0
0
0
0
0
0
0
0
0
0
0
0
0
0
0
0
0
0
0
0
0
0
0
0
0
0
0
0
0
0
0
0
0
0
0
0
0
0
0
0
0
0
0
0
0
0
0
0
0
0
0
0
0
0
0
0
0
0
0
0
