509952
0
0
0
0
0
0
0
0
9
39
103
539
1656
5768
18805
59254
186845
449078
574664
526449
389802
294245
236616
204384
194898
203251
230945
280494
325038
380479
464896
576649
698589
823236
940258
918876
896286
875833
850808
848602
819154
803175
833880
902297
1.02696e+06
1.05651e+06
1.11014e+06
1.19134e+06
1.3086e+06
1.42005e+06
1.5261e+06
1.64042e+06
1.80182e+06
1.83325e+06
1.7292e+06
1.68262e+06
1.66962e+06
1.67747e+06
1.72672e+06
1.84015e+06
1.96063e+06
1.96137e+06
2.05374e+06
2.19817e+06
2.24552e+06
2.33974e+06
2.49513e+06
2.5587e+06
2.63462e+06
2.78648e+06
2.85674e+06
2.9547e+06
3.15848e+06
3.02763e+06
2.9422e+06
2.92401e+06
2.97813e+06
3.14624e+06
3.25881e+06
3.27948e+06
3.40693e+06
3.52883e+06
3.73958e+06
3.93469e+06
3.98681e+06
4.15628e+06
4.23985e+06
4.44606e+06
4.48648e+06
4.41538e+06
4.44844e+06
4.45743e+06
4.58888e+06
4.55557e+06
4.64794e+06
4.72999e+06
4.92319e+06
5.02228e+06
5.1333e+06
5.33615e+06
5.65798e+06
5.87292e+06
5.90253e+06
6.04754e+06
6.25939e+06
6.36269e+06
6.26556e+06
6.2129e+06
6.14482e+06
6.13829e+06
6.20386e+06
6.42011e+06
6.83884e+06
6.88e+06
6.96669e+06
7.0896e+06
7.17773e+06
7.003e+06
6.87543e+06
6.90487e+06
6.85433e+06
6.79965e+06
6.75494e+06
6.5953e+06
6.27759e+06
6.13466e+06
6.1032e+06
5.90922e+06
5.74289e+06
5.66156e+06
5.62786e+06
5.60621e+06
5.72307e+06
5.70647e+06
5.69766e+06
5.70245e+06
5.4589e+06
5.22742e+06
5.17536e+06
5.03906e+06
4.81572e+06
4.6333e+06
4.33444e+06
4.12199e+06
4.01015e+06
3.88653e+06
3.72978e+06
3.62786e+06
3.66532e+06
3.76276e+06
3.88094e+06
3.77647e+06
3.74148e+06
3.50677e+06
3.11901e+06
2.73388e+06
2.47141e+06
2.27743e+06
2.09287e+06
1.84834e+06
1.70149e+06
1.60568e+06
1.52921e+06
1.5214e+06
1.53161e+06
1.56635e+06
1.59568e+06
1.49882e+06
1.3516e+06
1.09499e+06
909093
755698
608411
512747
455474
425455
409675
405868
413026
421665
427200
428011
416493
323591
222787
163204
122610
94544
73666
58182
47865
41090
34123
29793
26191
21336
16152
10005
4630
0
0
0
0
0
0
0
0
0
0
0
0
0
0
0
0
0
0
0
0
0
0
0
0
0
0
0
0
0
0
0
0
0
0
0
0
0
0
0
0
0
0
0
0
0
0
0
0
0
0
0
0
0
0
0
0
0
0
0
0
0
0
0
0
0
0
0
0
0
0
0
0
0
0
0
0
0
0
0
0
0
0
0
0
0
0
0
0
0
0
0
0
0
0
0
0
0
0
0
0
0
0
0
0
0
0
0
0
0
0
0
0
0
0
0
0
0
0
0
0
0
0
0
0
0
0
0
0
0
0
0
0
0
0
0
0
0
0
0
0
0
0
0
0
0
0
0
0
0
0
0
0
0
0
0
0
0
0
0
0
0
0
0
0
0
0
0
0
0
0
0
0
0
0
0
0
0
0
0
0
0
0
0
0
0
0
0
0
0
0
0
0
0
0
0
0
0
0
0
0
