385024
0
0
0
0
0
0
0
0
9
33
81
430
1383
4805
15530
49622
150818
326503
412660
401083
302023
228515
181504
154671
146425
152879
174094
214900
246188
283329
344347
427734
525116
632135
731124
694290
664918
647883
635824
645533
623002
609759
632220
689556
795504
801491
827271
879101
965248
1.0531e+06
1.13979e+06
1.24299e+06
1.3951e+06
1.42142e+06
1.31478e+06
1.26521e+06
1.25305e+06
1.25389e+06
1.29595e+06
1.39916e+06
1.50028e+06
1.47834e+06
1.54242e+06
1.65546e+06
1.6756e+06
1.74046e+06
1.87068e+06
1.91181e+06
1.97584e+06
2.11788e+06
2.17682e+06
2.27115e+06
2.46451e+06
2.3164e+06
2.21673e+06
2.18657e+06
2.2191e+06
2.35753e+06
2.44365e+06
2.43489e+06
2.53366e+06
2.63176e+06
2.81417e+06
2.98478e+06
3.01354e+06
3.16642e+06
3.23013e+06
3.41799e+06
3.44178e+06
3.35266e+06
3.37578e+06
3.35741e+06
3.46588e+06
3.40053e+06
3.46235e+06
3.51124e+06
3.68005e+06
3.75182e+06
3.82987e+06
4.00723e+06
4.29928e+06
4.49391e+06
4.50216e+06
4.61931e+06
4.81264e+06
4.89042e+06
4.76302e+06
4.6839e+06
4.58632e+06
4.55411e+06
4.58482e+06
4.77238e+06
5.15356e+06
5.15781e+06
5.22295e+06
5.36331e+06
5.4635e+06
5.30816e+06
5.19785e+06
5.24808e+06
5.21822e+06
5.1855e+06
5.16348e+06
5.01633e+06
4.71477e+06
4.58916e+06
4.57784e+06
4.40809e+06
4.26381e+06
4.21088e+06
4.19244e+06
4.19486e+06
4.33429e+06
4.34377e+06
4.36031e+06
4.38882e+06
4.17244e+06
3.97887e+06
3.95211e+06
3.84774e+06
3.65337e+06
3.50232e+06
3.23027e+06
3.04151e+06
2.94816e+06
2.86173e+06
2.73579e+06
2.66557e+06
2.73329e+06
2.87082e+06
3.02407e+06
2.95021e+06
2.95371e+06
2.75587e+06
2.4004e+06
2.04912e+06
1.82508e+06
1.66805e+06
1.52377e+06
1.31261e+06
1.20626e+06
1.15236e+06
1.11635e+06
1.14158e+06
1.18022e+06
1.24052e+06
1.29343e+06
1.22151e+06
1.09589e+06
858247
690780
553712
423083
342620
301653
284140
281243
291007
308383
329344
344708
354059
351241
266401
173236
121197
86769
63958
48406
37937
31340
27998
24634
23091
21434
18629
14621
9431
4540
0
0
0
0
0
0
0
0
0
0
0
0
0
0
0
0
0
0
0
0
0
0
0
0
0
0
0
0
0
0
0
0
0
0
0
0
0
0
0
0
0
0
0
0
0
0
0
0
0
0
0
0
0
0
0
0
0
0
0
0
0
0
0
0
0
0
0
0
0
0
0
0
0
0
0
0
0
0
0
0
0
0
0
0
0
0
0
0
0
0
0
0
0
0
0
0
0
0
0
0
0
0
0
0
0
0
0
0
0
0
0
0
0
0
0
0
0
0
0
0
0
0
0
0
0
0
0
0
0
0
0
0
0
0
0
0
0
0
0
0
0
0
0
0
0
0
0
0
0
0
0
0
0
0
0
0
0
0
0
0
0
0
0
0
0
0
0
0
0
0
0
0
0
0
0
0
0
0
0
0
0
0
0
0
0
0
0
0
0
0
0
0
0
0
0
0
0
0
0
0
