272384
0
0
0
0
0
0
0
0
0
16
36
204
659
2460
8757
30038
98502
228589
303252
304557
221947
162862
125143
103639
97622
102254
118128
150743
169580
192189
234549
297683
374158
463727
546667
498720
468622
451029
444167
459352
439676
424491
441332
488947
579952
565998
570410
600606
663744
729597
800685
891991
1.03521e+06
1.05237e+06
939319
886837
872545
868125
900321
991063
1.08067e+06
1.03796e+06
1.08133e+06
1.16988e+06
1.16653e+06
1.20765e+06
1.3153e+06
1.33755e+06
1.38956e+06
1.51746e+06
1.56296e+06
1.64358e+06
1.82716e+06
1.66851e+06
1.5576e+06
1.51359e+06
1.53517e+06
1.65178e+06
1.7163e+06
1.67878e+06
1.75461e+06
1.82744e+06
1.98559e+06
2.13054e+06
2.1365e+06
2.26649e+06
2.31272e+06
2.4843e+06
2.4956e+06
2.38881e+06
2.39639e+06
2.36206e+06
2.4554e+06
2.36886e+06
2.40591e+06
2.42626e+06
2.56629e+06
2.61002e+06
2.65688e+06
2.80669e+06
3.07383e+06
3.24627e+06
3.23131e+06
3.3218e+06
3.49556e+06
3.55195e+06
3.40337e+06
3.30562e+06
3.18785e+06
3.12966e+06
3.13425e+06
3.29183e+06
3.65084e+06
3.61936e+06
3.65795e+06
3.80652e+06
3.91265e+06
3.76703e+06
3.67468e+06
3.73924e+06
3.73017e+06
3.72036e+06
3.71843e+06
3.5938e+06
3.31462e+06
3.21004e+06
3.20998e+06
3.06371e+06
2.9412e+06
2.9052e+06
2.9083e+06
2.93117e+06
3.08569e+06
3.11473e+06
3.14753e+06
3.19783e+06
3.00411e+06
2.83611e+06
2.83793e+06
2.76074e+06
2.59828e+06
2.47946e+06
2.23853e+06
2.07794e+06
2.0107e+06
1.95454e+06
1.85395e+06
1.81018e+06
1.90014e+06
2.05709e+06
2.23568e+06
2.19276e+06
2.22786e+06
2.062e+06
1.74161e+06
1.43062e+06
1.2466e+06
1.1271e+06
1.0224e+06
847277
773596
753377
750863
799490
861189
938849
1.00995e+06
957318
852227
634452
490141
375461
261957
198405
171136
164440
171443
189408
214063
242339
266084
284468
288032
211661
127141
82485
54818
38233
27102
20523
17569
16931
16239
16848
16895
15846
13044
8797
4478
0
0
0
0
0
0
0
0
0
0
0
0
0
0
0
0
0
0
0
0
0
0
0
0
0
0
0
0
0
0
0
0
0
0
0
0
0
0
0
0
0
0
0
0
0
0
0
0
0
0
0
0
0
0
0
0
0
0
0
0
0
0
0
0
0
0
0
0
0
0
0
0
0
0
0
0
0
0
0
0
0
0
0
0
0
0
0
0
0
0
0
0
0
0
0
0
0
0
0
0
0
0
0
0
0
0
0
0
0
0
0
0
0
0
0
0
0
0
0
0
0
0
0
0
0
0
0
0
0
0
0
0
0
0
0
0
0
0
0
0
0
0
0
0
0
0
0
0
0
0
0
0
0
0
0
0
0
0
0
0
0
0
0
0
0
0
0
0
0
0
0
0
0
0
0
0
0
0
0
0
0
0
0
0
0
0
0
0
0
0
0
0
0
0
0
0
0
0
0
0
