282624
0
0
0
0
0
0
0
0
0
16
38
215
752
2693
9334
31739
103174
237425
313320
313379
229472
168799
130402
108272
101906
106723
123144
156542
176317
200700
244600
309280
387819
479189
563532
516593
486391
468900
461873
476444
456550
441309
458505
507241
599393
587036
593482
625922
690998
758792
831116
924241
1.06848e+06
1.08613e+06
973883
921413
907493
903488
936063
1.02796e+06
1.11838e+06
1.0778e+06
1.12263e+06
1.2127e+06
1.21302e+06
1.25664e+06
1.3658e+06
1.38999e+06
1.44275e+06
1.57276e+06
1.61926e+06
1.70085e+06
1.88564e+06
1.72728e+06
1.61783e+06
1.57467e+06
1.59726e+06
1.71533e+06
1.7814e+06
1.7468e+06
1.82465e+06
1.90022e+06
2.06126e+06
2.2086e+06
2.21711e+06
2.34899e+06
2.39675e+06
2.56958e+06
2.5817e+06
2.47668e+06
2.48558e+06
2.45253e+06
2.54678e+06
2.46281e+06
2.50112e+06
2.5243e+06
2.66618e+06
2.71352e+06
2.76351e+06
2.91534e+06
3.18557e+06
3.36106e+06
3.3482e+06
3.44024e+06
3.61594e+06
3.6731e+06
3.52697e+06
3.43081e+06
3.3152e+06
3.25935e+06
3.26523e+06
3.42517e+06
3.78644e+06
3.75886e+06
3.80018e+06
3.94817e+06
4.05441e+06
3.90737e+06
3.81358e+06
3.87695e+06
3.86577e+06
3.85406e+06
3.8509e+06
3.72328e+06
3.44153e+06
3.33518e+06
3.33329e+06
3.1853e+06
3.06077e+06
3.02311e+06
3.025e+06
3.04593e+06
3.19856e+06
3.22663e+06
3.25881e+06
3.30668e+06
3.11094e+06
2.94164e+06
2.93924e+06
2.85928e+06
2.6946e+06
2.57174e+06
2.32816e+06
2.1652e+06
2.09537e+06
2.03588e+06
1.93312e+06
1.88728e+06
1.97563e+06
2.13197e+06
2.30827e+06
2.26254e+06
2.29463e+06
2.12625e+06
1.80175e+06
1.48721e+06
1.29908e+06
1.17554e+06
1.06739e+06
888745
811944
788758
783629
830426
890294
967090
1.03704e+06
982648
875277
655426
508561
391190
275779
210781
182365
174600
181225
198522
222690
250471
273590
291042
294340
216837
131407
85982
57695
40457
28880
21997
18750
17935
16956
17483
17321
16117
13216
8871
4488
0
0
0
0
0
0
0
0
0
0
0
0
0
0
0
0
0
0
0
0
0
0
0
0
0
0
0
0
0
0
0
0
0
0
0
0
0
0
0
0
0
0
0
0
0
0
0
0
0
0
0
0
0
0
0
0
0
0
0
0
0
0
0
0
0
0
0
0
0
0
0
0
0
0
0
0
0
0
0
0
0
0
0
0
0
0
0
0
0
0
0
0
0
0
0
0
0
0
0
0
0
0
0
0
0
0
0
0
0
0
0
0
0
0
0
0
0
0
0
0
0
0
0
0
0
0
0
0
0
0
0
0
0
0
0
0
0
0
0
0
0
0
0
0
0
0
0
0
0
0
0
0
0
0
0
0
0
0
0
0
0
0
0
0
0
0
0
0
0
0
0
0
0
0
0
0
0
0
0
0
0
0
0
0
0
0
0
0
0
0
0
0
0
0
0
0
0
0
0
0
