241664
0
0
0
0
0
0
0
0
0
14
29
148
461
1845
7026
24856
84738
202122
273015
277237
199788
144616
109966
89982
84196
88472
103215
133428
149299
167341
204920
262455
333342
417784
496157
445021
413614
397454
391034
408199
389566
374610
389589
433885
521917
502653
500506
524712
582982
643408
708194
795142
935326
950028
835424
782824
768502
762839
792999
880311
966691
920054
956120
1.03804e+06
1.02846e+06
1.06314e+06
1.1643e+06
1.1812e+06
1.22903e+06
1.35088e+06
1.39368e+06
1.47108e+06
1.65265e+06
1.49186e+06
1.37782e+06
1.3302e+06
1.3493e+06
1.46062e+06
1.52008e+06
1.4745e+06
1.54183e+06
1.609e+06
1.75953e+06
1.89776e+06
1.8969e+06
2.02064e+06
2.06144e+06
2.22755e+06
2.23486e+06
2.12572e+06
2.12908e+06
2.08976e+06
2.17967e+06
2.0886e+06
2.11989e+06
2.13335e+06
2.2645e+06
2.29993e+06
2.33779e+06
2.47864e+06
2.74082e+06
2.90494e+06
2.88231e+06
2.96587e+06
3.13311e+06
3.18688e+06
3.0299e+06
2.92889e+06
2.8034e+06
2.74192e+06
2.74222e+06
2.89609e+06
3.24197e+06
3.20158e+06
3.23252e+06
3.38304e+06
3.48771e+06
3.34645e+06
3.2569e+06
3.32542e+06
3.3206e+06
3.31662e+06
3.32199e+06
3.20508e+06
2.9344e+06
2.83505e+06
2.84133e+06
2.70068e+06
2.5831e+06
2.55284e+06
2.5581e+06
2.58817e+06
2.74599e+06
2.77926e+06
2.81452e+06
2.86997e+06
2.68046e+06
2.51977e+06
2.5307e+06
2.46215e+06
2.30806e+06
2.20102e+06
1.97164e+06
1.82232e+06
1.76258e+06
1.71311e+06
1.6177e+06
1.57852e+06
1.67269e+06
1.83293e+06
2.01546e+06
1.97825e+06
2.02404e+06
1.86669e+06
1.55974e+06
1.26225e+06
1.09048e+06
984654
889697
725176
661270
648692
653192
706564
771306
851904
926101
879469
781517
571387
435099
328299
221349
162643
138941
134518
143521
162652
188007
217110
242686
263072
269324
195612
113826
72124
46749
31725
21932
16465
14186
14022
13977
15065
15481
14805
12441
8549
4453
0
0
0
0
0
0
0
0
0
0
0
0
0
0
0
0
0
0
0
0
0
0
0
0
0
0
0
0
0
0
0
0
0
0
0
0
0
0
0
0
0
0
0
0
0
0
0
0
0
0
0
0
0
0
0
0
0
0
0
0
0
0
0
0
0
0
0
0
0
0
0
0
0
0
0
0
0
0
0
0
0
0
0
0
0
0
0
0
0
0
0
0
0
0
0
0
0
0
0
0
0
0
0
0
0
0
0
0
0
0
0
0
0
0
0
0
0
0
0
0
0
0
0
0
0
0
0
0
0
0
0
0
0
0
0
0
0
0
0
0
0
0
0
0
0
0
0
0
0
0
0
0
0
0
0
0
0
0
0
0
0
0
0
0
0
0
0
0
0
0
0
0
0
0
0
0
0
0
0
0
0
0
0
0
0
0
0
0
0
0
0
0
0
0
0
0
0
0
0
0
