595968
0
0
0
0
0
0
0
0
9
39
103
539
1656
5768
18805
59256
187539
513087
756094
637075
447452
329893
265416
231099
222183
232147
263257
319336
372423
439027
545665
686143
830769
968912
1.08701e+06
1.07326e+06
1.06506e+06
1.05223e+06
1.00687e+06
984473
941635
921670
954500
1.03487e+06
1.17391e+06
1.22388e+06
1.30472e+06
1.41468e+06
1.55837e+06
1.68858e+06
1.80727e+06
1.92805e+06
2.09013e+06
2.1159e+06
2.01103e+06
1.96648e+06
1.95555e+06
1.9592e+06
2.01218e+06
2.13014e+06
2.2641e+06
2.2823e+06
2.40054e+06
2.57529e+06
2.6494e+06
2.76753e+06
2.94109e+06
3.01869e+06
3.09931e+06
3.24875e+06
3.31968e+06
3.42207e+06
3.62918e+06
3.51094e+06
3.43076e+06
3.4208e+06
3.49461e+06
3.68032e+06
3.81529e+06
3.8649e+06
4.014e+06
4.15812e+06
4.38832e+06
4.59779e+06
4.66221e+06
4.84426e+06
4.9365e+06
5.15212e+06
5.19818e+06
5.13615e+06
5.18317e+06
5.20865e+06
5.3586e+06
5.34347e+06
5.46123e+06
5.57059e+06
5.78118e+06
5.9069e+06
6.03583e+06
6.25736e+06
6.5964e+06
6.83003e+06
6.86801e+06
7.02609e+06
7.25628e+06
7.37581e+06
7.29321e+06
7.25831e+06
7.2122e+06
7.2257e+06
7.3187e+06
7.55572e+06
8.00413e+06
8.06506e+06
8.16507e+06
8.28858e+06
8.35838e+06
8.17444e+06
8.03372e+06
8.04621e+06
7.97466e+06
7.90987e+06
7.85467e+06
7.67965e+06
7.35577e+06
7.19522e+06
7.14173e+06
6.94528e+06
6.76292e+06
6.66184e+06
6.61244e+06
6.58076e+06
6.68021e+06
6.64789e+06
6.6206e+06
6.60803e+06
6.34238e+06
6.09117e+06
6.01609e+06
5.85387e+06
5.61615e+06
5.41387e+06
5.09834e+06
4.86582e+06
4.74016e+06
4.58941e+06
4.41039e+06
4.29418e+06
4.30256e+06
4.3789e+06
4.47694e+06
4.34606e+06
4.28085e+06
4.02545e+06
3.6124e+06
3.20493e+06
2.91772e+06
2.69347e+06
2.48614e+06
2.21681e+06
2.04013e+06
1.91608e+06
1.81414e+06
1.78628e+06
1.77518e+06
1.78995e+06
1.80194e+06
1.69112e+06
1.52838e+06
1.25731e+06
1.06022e+06
895930
737044
629174
562581
523211
496601
482925
483157
485584
484070
479238
462560
363620
257329
191816
146469
115411
91804
72579
59339
49360
40412
34002
29186
23290
17342
10576
4719
0
0
0
0
0
0
0
0
0
0
0
0
0
0
0
0
0
0
0
0
0
0
0
0
0
0
0
0
0
0
0
0
0
0
0
0
0
0
0
0
0
0
0
0
0
0
0
0
0
0
0
0
0
0
0
0
0
0
0
0
0
0
0
0
0
0
0
0
0
0
0
0
0
0
0
0
0
0
0
0
0
0
0
0
0
0
0
0
0
0
0
0
0
0
0
0
0
0
0
0
0
0
0
0
0
0
0
0
0
0
0
0
0
0
0
0
0
0
0
0
0
0
0
0
0
0
0
0
0
0
0
0
0
0
0
0
0
0
0
0
0
0
0
0
0
0
0
0
0
0
0
0
0
0
0
0
0
0
0
0
0
0
0
0
0
0
0
0
0
0
0
0
0
0
0
0
0
0
0
0
0
0
0
0
0
0
0
0
0
0
0
0
0
0
0
0
0
0
0
0
