563200
0
0
0
0
0
0
0
0
9
39
103
539
1656
5768
18805
59256
187524
492860
681837
593537
426315
316551
254743
221349
211820
221466
251224
304679
354645
417307
514820
644654
778904
912987
1.03123e+06
1.01456e+06
1.001e+06
984064
945956
932818
896094
877741
908716
984822
1.11873e+06
1.16026e+06
1.23081e+06
1.32962e+06
1.46324e+06
1.58508e+06
1.69986e+06
1.81664e+06
1.97942e+06
2.00842e+06
1.90411e+06
1.85909e+06
1.84707e+06
1.85134e+06
1.90434e+06
2.02015e+06
2.14876e+06
2.16111e+06
2.26953e+06
2.43072e+06
2.49539e+06
2.60372e+06
2.77084e+06
2.84258e+06
2.92186e+06
3.07104e+06
3.14414e+06
3.2441e+06
3.45042e+06
3.32627e+06
3.24605e+06
3.23242e+06
3.29725e+06
3.47791e+06
3.60428e+06
3.64146e+06
3.78331e+06
3.91826e+06
4.13967e+06
4.34418e+06
4.40342e+06
4.58178e+06
4.67153e+06
4.88293e+06
4.92851e+06
4.86369e+06
4.90118e+06
4.9226e+06
5.06485e+06
5.04564e+06
5.15105e+06
5.25e+06
5.45593e+06
5.56952e+06
5.69107e+06
5.90558e+06
6.23778e+06
6.4664e+06
6.4999e+06
6.65178e+06
6.87611e+06
6.99039e+06
6.90271e+06
6.86019e+06
6.80735e+06
6.81177e+06
6.89257e+06
7.12413e+06
7.5601e+06
7.61347e+06
7.70934e+06
7.83143e+06
7.9081e+06
7.72682e+06
7.59064e+06
7.61167e+06
7.54836e+06
7.48978e+06
7.43419e+06
7.26708e+06
6.94399e+06
6.79284e+06
6.74748e+06
6.54976e+06
6.37372e+06
6.27918e+06
6.23821e+06
6.21016e+06
6.31571e+06
6.28937e+06
6.26849e+06
6.26331e+06
6.00602e+06
5.76151e+06
5.69458e+06
5.54369e+06
5.31059e+06
5.11856e+06
4.80676e+06
4.58313e+06
4.46168e+06
4.32258e+06
4.15045e+06
4.03985e+06
4.05943e+06
4.1458e+06
4.24819e+06
4.12861e+06
4.07388e+06
3.82914e+06
3.42529e+06
3.02684e+06
2.74631e+06
2.53424e+06
2.33649e+06
2.07717e+06
1.91217e+06
1.79812e+06
1.70529e+06
1.68459e+06
1.68178e+06
1.70564e+06
1.72321e+06
1.61794e+06
1.46051e+06
1.19496e+06
1.00266e+06
843141
688341
584852
521781
485474
463910
453502
456989
460984
461996
459728
445227
347852
244191
181019
137300
107329
85065
67250
55235
46258
37857
32288
28099
22641
16835
10359
4691
0
0
0
0
0
0
0
0
0
0
0
0
0
0
0
0
0
0
0
0
0
0
0
0
0
0
0
0
0
0
0
0
0
0
0
0
0
0
0
0
0
0
0
0
0
0
0
0
0
0
0
0
0
0
0
0
0
0
0
0
0
0
0
0
0
0
0
0
0
0
0
0
0
0
0
0
0
0
0
0
0
0
0
0
0
0
0
0
0
0
0
0
0
0
0
0
0
0
0
0
0
0
0
0
0
0
0
0
0
0
0
0
0
0
0
0
0
0
0
0
0
0
0
0
0
0
0
0
0
0
0
0
0
0
0
0
0
0
0
0
0
0
0
0
0
0
0
0
0
0
0
0
0
0
0
0
0
0
0
0
0
0
0
0
0
0
0
0
0
0
0
0
0
0
0
0
0
0
0
0
0
0
0
0
0
0
0
0
0
0
0
0
0
0
0
0
0
0
0
0
