258048
0
0
0
0
0
0
0
0
0
16
31
171
552
2168
7972
27560
92024
216440
289261
291629
211642
154365
118087
97243
91182
95930
111271
142584
160050
180517
220646
281209
355055
442328
523226
473630
443169
426335
419249
435561
416222
401124
417309
463021
552490
536183
538165
565320
625834
689084
757764
846893
988762
1.00478e+06
890958
838230
824091
818604
850469
939323
1.02732e+06
982875
1.02279e+06
1.10889e+06
1.10224e+06
1.13975e+06
1.24448e+06
1.26471e+06
1.31483e+06
1.44022e+06
1.48422e+06
1.56256e+06
1.74511e+06
1.58623e+06
1.4738e+06
1.42837e+06
1.44888e+06
1.56233e+06
1.62421e+06
1.58326e+06
1.65539e+06
1.7254e+06
1.88038e+06
2.02217e+06
2.02489e+06
2.15174e+06
2.19557e+06
2.36387e+06
2.37412e+06
2.26602e+06
2.27159e+06
2.23499e+06
2.32635e+06
2.23837e+06
2.27247e+06
2.28956e+06
2.42602e+06
2.46472e+06
2.50778e+06
2.6538e+06
2.91817e+06
3.08722e+06
3.06829e+06
3.15519e+06
3.32707e+06
3.38175e+06
3.22842e+06
3.13054e+06
3.00856e+06
2.94844e+06
2.95223e+06
3.10761e+06
3.45957e+06
3.42355e+06
3.45902e+06
3.60822e+06
3.71395e+06
3.57123e+06
3.47951e+06
3.54731e+06
3.53955e+06
3.53304e+06
3.5335e+06
3.41202e+06
3.13649e+06
3.03474e+06
3.03763e+06
2.89402e+06
2.77381e+06
2.74017e+06
2.74476e+06
2.77195e+06
2.92641e+06
2.95773e+06
2.99229e+06
3.04542e+06
2.85409e+06
2.68917e+06
2.69489e+06
2.6215e+06
2.4631e+06
2.34899e+06
2.11398e+06
1.95797e+06
1.89392e+06
1.84086e+06
1.7438e+06
1.70223e+06
1.7939e+06
1.95228e+06
2.13359e+06
2.0932e+06
2.13364e+06
1.97132e+06
1.65711e+06
1.35196e+06
1.17313e+06
1.06045e+06
960082
789937
720536
704091
705041
756514
819418
898680
971521
921532
819150
605298
464571
353165
242712
181427
155995
150351
158302
176824
201742
230866
255269
274591
279374
204318
121018
77611
51062
35137
24632
18597
15934
15590
15224
15981
16246
15398
12793
8681
4462
0
0
0
0
0
0
0
0
0
0
0
0
0
0
0
0
0
0
0
0
0
0
0
0
0
0
0
0
0
0
0
0
0
0
0
0
0
0
0
0
0
0
0
0
0
0
0
0
0
0
0
0
0
0
0
0
0
0
0
0
0
0
0
0
0
0
0
0
0
0
0
0
0
0
0
0
0
0
0
0
0
0
0
0
0
0
0
0
0
0
0
0
0
0
0
0
0
0
0
0
0
0
0
0
0
0
0
0
0
0
0
0
0
0
0
0
0
0
0
0
0
0
0
0
0
0
0
0
0
0
0
0
0
0
0
0
0
0
0
0
0
0
0
0
0
0
0
0
0
0
0
0
0
0
0
0
0
0
0
0
0
0
0
0
0
0
0
0
0
0
0
0
0
0
0
0
0
0
0
0
0
0
0
0
0
0
0
0
0
0
0
0
0
0
0
0
0
0
0
0
