520192
0
0
0
0
0
0
0
0
9
39
103
539
1656
5768
18805
59256
187137
458778
593748
538785
396846
298725
240245
207798
198280
206794
234851
285299
330779
388009
474420
589664
713514
840147
957870
937485
916319
896268
869035
864856
834134
817514
848887
917940
1.04496e+06
1.07675e+06
1.13364e+06
1.21766e+06
1.33798e+06
1.45182e+06
1.55916e+06
1.67387e+06
1.8353e+06
1.86735e+06
1.76295e+06
1.71661e+06
1.70371e+06
1.71156e+06
1.7609e+06
1.87473e+06
1.99657e+06
2.0004e+06
2.09573e+06
2.24281e+06
2.2933e+06
2.38986e+06
2.54788e+06
2.61335e+06
2.68965e+06
2.84144e+06
2.91135e+06
3.01054e+06
3.21458e+06
3.08494e+06
3.00193e+06
2.98334e+06
3.03928e+06
3.20982e+06
3.32614e+06
3.34852e+06
3.47915e+06
3.60362e+06
3.81633e+06
4.01344e+06
4.06713e+06
4.2374e+06
4.32263e+06
4.53017e+06
4.57168e+06
4.50189e+06
4.53511e+06
4.54746e+06
4.67988e+06
4.65098e+06
4.74475e+06
4.82954e+06
5.02628e+06
5.12756e+06
5.2402e+06
5.44456e+06
5.77013e+06
5.98672e+06
6.01699e+06
6.16407e+06
6.37844e+06
6.4826e+06
6.38827e+06
6.33763e+06
6.27247e+06
6.26717e+06
6.33712e+06
6.55621e+06
6.9766e+06
7.02137e+06
7.10963e+06
7.232e+06
7.31818e+06
7.1418e+06
7.01254e+06
7.04116e+06
6.98862e+06
6.93163e+06
6.88534e+06
6.72427e+06
6.40565e+06
6.26164e+06
6.22817e+06
6.0316e+06
5.86437e+06
5.78054e+06
5.7458e+06
5.72177e+06
5.83707e+06
5.8185e+06
5.80787e+06
5.80903e+06
5.56441e+06
5.33046e+06
5.27537e+06
5.1354e+06
4.91094e+06
4.72719e+06
4.42494e+06
4.21093e+06
4.09672e+06
3.97083e+06
3.81053e+06
3.70705e+06
3.742e+06
3.83604e+06
3.95098e+06
3.84372e+06
3.80582e+06
3.56868e+06
3.17792e+06
2.79035e+06
2.52409e+06
2.32703e+06
2.13953e+06
1.89273e+06
1.74158e+06
1.64295e+06
1.56338e+06
1.55283e+06
1.56002e+06
1.59341e+06
1.62059e+06
1.52124e+06
1.37246e+06
1.11399e+06
927180
772316
623963
526649
468451
436817
420148
415080
421545
429206
433938
434142
421708
328379
226851
166769
125385
97049
75834
59862
49304
42076
34881
30262
26596
21541
16299
10079
4639
0
0
0
0
0
0
0
0
0
0
0
0
0
0
0
0
0
0
0
0
0
0
0
0
0
0
0
0
0
0
0
0
0
0
0
0
0
0
0
0
0
0
0
0
0
0
0
0
0
0
0
0
0
0
0
0
0
0
0
0
0
0
0
0
0
0
0
0
0
0
0
0
0
0
0
0
0
0
0
0
0
0
0
0
0
0
0
0
0
0
0
0
0
0
0
0
0
0
0
0
0
0
0
0
0
0
0
0
0
0
0
0
0
0
0
0
0
0
0
0
0
0
0
0
0
0
0
0
0
0
0
0
0
0
0
0
0
0
0
0
0
0
0
0
0
0
0
0
0
0
0
0
0
0
0
0
0
0
0
0
0
0
0
0
0
0
0
0
0
0
0
0
0
0
0
0
0
0
0
0
0
0
0
0
0
0
0
0
0
0
0
0
0
0
0
0
0
0
0
0
