542720
0
0
0
0
0
0
0
0
9
39
103
539
1656
5768
18805
59256
187451
477791
638400
567089
412345
308239
248148
214767
205451
214624
243468
295703
343159
403568
495661
618262
747395
878286
996288
977534
961456
941393
909161
900677
866643
849435
880397
953069
1.08378e+06
1.12058e+06
1.18506e+06
1.27571e+06
1.40367e+06
1.52131e+06
1.63274e+06
1.74818e+06
1.91e+06
1.94185e+06
1.83688e+06
1.79147e+06
1.77893e+06
1.78504e+06
1.83648e+06
1.95024e+06
2.07664e+06
2.08526e+06
2.18682e+06
2.34091e+06
2.39911e+06
2.50149e+06
2.66448e+06
2.73297e+06
2.81146e+06
2.96159e+06
3.03315e+06
3.13293e+06
3.33833e+06
3.21139e+06
3.12968e+06
3.11462e+06
3.17448e+06
3.35003e+06
3.47147e+06
3.50296e+06
3.63772e+06
3.76873e+06
3.9856e+06
4.18639e+06
4.24295e+06
4.41733e+06
4.50566e+06
4.7146e+06
4.7594e+06
4.6919e+06
4.72612e+06
4.74391e+06
4.88132e+06
4.85842e+06
4.95788e+06
5.04928e+06
5.2522e+06
5.35898e+06
5.47624e+06
5.68493e+06
6.01511e+06
6.23849e+06
6.26897e+06
6.42002e+06
6.6387e+06
6.7495e+06
6.65816e+06
6.61094e+06
6.55293e+06
6.55234e+06
6.62763e+06
6.85443e+06
7.28198e+06
7.33221e+06
7.42309e+06
7.54525e+06
7.62852e+06
7.44713e+06
7.31459e+06
7.34066e+06
7.28244e+06
7.22349e+06
7.17302e+06
7.00775e+06
6.68886e+06
6.53938e+06
6.50081e+06
6.30249e+06
6.13146e+06
6.04118e+06
6.00478e+06
5.97668e+06
6.08788e+06
6.06523e+06
6.04971e+06
6.04626e+06
5.79594e+06
5.55695e+06
5.49451e+06
5.34826e+06
5.11981e+06
4.93334e+06
4.62547e+06
4.40502e+06
4.28767e+06
4.15638e+06
3.98839e+06
3.88065e+06
3.9089e+06
3.99831e+06
4.1062e+06
3.99237e+06
3.94649e+06
3.70543e+06
3.30739e+06
2.91436e+06
2.63966e+06
2.43647e+06
2.24258e+06
1.98886e+06
1.83146e+06
1.72455e+06
1.63758e+06
1.62174e+06
1.62372e+06
1.6521e+06
1.67456e+06
1.57174e+06
1.41837e+06
1.15656e+06
966681
809452
657603
557259
496420
462348
442954
435375
440178
445714
448632
447561
433908
338498
235965
174405
131488
102409
80613
63914
52444
44199
36438
31339
27327
22144
16605
10219
4674
0
0
0
0
0
0
0
0
0
0
0
0
0
0
0
0
0
0
0
0
0
0
0
0
0
0
0
0
0
0
0
0
0
0
0
0
0
0
0
0
0
0
0
0
0
0
0
0
0
0
0
0
0
0
0
0
0
0
0
0
0
0
0
0
0
0
0
0
0
0
0
0
0
0
0
0
0
0
0
0
0
0
0
0
0
0
0
0
0
0
0
0
0
0
0
0
0
0
0
0
0
0
0
0
0
0
0
0
0
0
0
0
0
0
0
0
0
0
0
0
0
0
0
0
0
0
0
0
0
0
0
0
0
0
0
0
0
0
0
0
0
0
0
0
0
0
0
0
0
0
0
0
0
0
0
0
0
0
0
0
0
0
0
0
0
0
0
0
0
0
0
0
0
0
0
0
0
0
0
0
0
0
0
0
0
0
0
0
0
0
0
0
0
0
0
0
0
0
0
0
