712704
0
0
0
0
0
0
0
0
9
39
103
539
1656
5768
18805
59256
187550
566422
1.03644e+06
803576
522748
375959
301159
265432
256503
268253
304960
367802
434408
516160
654422
837072
1.01693e+06
1.17452e+06
1.28767e+06
1.27487e+06
1.29242e+06
1.30188e+06
1.23139e+06
1.17034e+06
1.10197e+06
1.07786e+06
1.11122e+06
1.20223e+06
1.36308e+06
1.4469e+06
1.56905e+06
1.72135e+06
1.90388e+06
2.06223e+06
2.20044e+06
2.32485e+06
2.48315e+06
2.49728e+06
2.39184e+06
2.35144e+06
2.3412e+06
2.34355e+06
2.39633e+06
2.51367e+06
2.66635e+06
2.71e+06
2.8701e+06
3.08383e+06
3.20294e+06
3.35535e+06
3.55836e+06
3.64695e+06
3.7344e+06
3.8841e+06
3.95398e+06
4.05486e+06
4.2661e+06
4.15292e+06
4.08432e+06
4.09314e+06
4.19259e+06
4.39781e+06
4.57182e+06
4.6566e+06
4.83204e+06
5.01657e+06
5.27933e+06
5.51079e+06
5.58952e+06
5.77868e+06
5.88344e+06
6.10716e+06
6.16106e+06
6.11642e+06
6.17362e+06
6.22051e+06
6.39828e+06
6.40924e+06
6.56088e+06
6.70526e+06
6.94848e+06
7.10601e+06
7.27023e+06
7.51165e+06
7.88237e+06
8.13307e+06
8.18366e+06
8.3517e+06
8.60429e+06
8.74366e+06
8.68669e+06
8.67643e+06
8.65785e+06
8.70241e+06
8.8298e+06
9.09109e+06
9.58353e+06
9.66767e+06
9.78878e+06
9.91814e+06
9.97496e+06
9.77618e+06
9.61271e+06
9.59243e+06
9.49702e+06
9.40979e+06
9.33666e+06
9.14401e+06
8.81104e+06
8.63758e+06
8.56541e+06
8.35071e+06
8.14772e+06
8.02277e+06
7.94739e+06
7.89487e+06
7.97635e+06
7.93222e+06
7.88058e+06
7.83506e+06
7.54232e+06
7.25861e+06
7.15702e+06
6.96794e+06
6.69311e+06
6.47254e+06
6.13676e+06
5.87554e+06
5.72301e+06
5.54427e+06
5.3388e+06
5.18988e+06
5.17854e+06
5.21951e+06
5.28368e+06
5.11922e+06
5.02158e+06
4.72368e+06
4.27622e+06
3.84149e+06
3.5193e+06
3.26315e+06
3.02314e+06
2.71644e+06
2.49454e+06
2.33775e+06
2.1999e+06
2.1476e+06
2.10662e+06
2.09726e+06
2.0833e+06
1.94923e+06
1.76858e+06
1.47928e+06
1.26356e+06
1.08485e+06
911757
787353
706981
654328
614793
589435
580028
569773
561495
550880
525105
416511
304838
232160
178866
144818
114628
92469
73783
60187
49099
40139
33207
25780
19049
11121
4784
0
0
0
0
0
0
0
0
0
0
0
0
0
0
0
0
0
0
0
0
0
0
0
0
0
0
0
0
0
0
0
0
0
0
0
0
0
0
0
0
0
0
0
0
0
0
0
0
0
0
0
0
0
0
0
0
0
0
0
0
0
0
0
0
0
0
0
0
0
0
0
0
0
0
0
0
0
0
0
0
0
0
0
0
0
0
0
0
0
0
0
0
0
0
0
0
0
0
0
0
0
0
0
0
0
0
0
0
0
0
0
0
0
0
0
0
0
0
0
0
0
0
0
0
0
0
0
0
0
0
0
0
0
0
0
0
0
0
0
0
0
0
0
0
0
0
0
0
0
0
0
0
0
0
0
0
0
0
0
0
0
0
0
0
0
0
0
0
0
0
0
0
0
0
0
0
0
0
0
0
0
0
0
0
0
0
0
0
0
0
0
0
0
0
0
0
0
0
0
0
