436224
0
0
0
0
0
0
0
0
9
39
103
539
1638
5717
18540
57784
173338
371883
464215
446145
338026
257817
206774
177695
168664
175461
199295
244514
281291
324364
393943
487651
592970
708142
814695
783388
754903
737628
722122
729992
707148
694392
719581
782148
893472
907685
943140
1.00466e+06
1.10165e+06
1.19816e+06
1.29494e+06
1.40338e+06
1.56009e+06
1.58961e+06
1.48428e+06
1.43634e+06
1.42546e+06
1.42992e+06
1.47541e+06
1.58349e+06
1.69294e+06
1.6792e+06
1.75276e+06
1.87745e+06
1.906e+06
1.98314e+06
2.12188e+06
2.17162e+06
2.24324e+06
2.3921e+06
2.45676e+06
2.55399e+06
2.75119e+06
2.61074e+06
2.51515e+06
2.49076e+06
2.53059e+06
2.68187e+06
2.77921e+06
2.7804e+06
2.89055e+06
2.99673e+06
3.19137e+06
3.37148e+06
3.40892e+06
3.57256e+06
3.64542e+06
3.8399e+06
3.8709e+06
3.79019e+06
3.81878e+06
3.80904e+06
3.92567e+06
3.87548e+06
3.94907e+06
4.00837e+06
4.18704e+06
4.2711e+06
4.36325e+06
4.55252e+06
4.85435e+06
5.05924e+06
5.07672e+06
5.20594e+06
5.40664e+06
5.4957e+06
5.37995e+06
5.30971e+06
5.2233e+06
5.20404e+06
5.2481e+06
5.44971e+06
5.84042e+06
5.86036e+06
5.93796e+06
6.07307e+06
6.16522e+06
6.00427e+06
5.88708e+06
5.92788e+06
5.88928e+06
5.84686e+06
5.816e+06
5.66477e+06
5.35444e+06
5.2197e+06
5.20318e+06
5.02343e+06
4.86896e+06
4.80465e+06
4.77844e+06
4.77461e+06
4.90412e+06
4.90424e+06
4.90771e+06
4.92595e+06
4.69955e+06
4.4928e+06
4.4526e+06
4.33636e+06
4.12934e+06
3.96824e+06
3.683e+06
3.48273e+06
3.38133e+06
3.28167e+06
3.14203e+06
3.06116e+06
3.11633e+06
3.23755e+06
3.3751e+06
3.28981e+06
3.276e+06
3.06308e+06
2.6939e+06
2.33014e+06
2.0904e+06
1.9179e+06
1.75788e+06
1.53092e+06
1.40863e+06
1.33766e+06
1.28511e+06
1.29771e+06
1.32379e+06
1.37429e+06
1.41736e+06
1.3357e+06
1.20104e+06
956217
780509
636073
498137
411260
364343
342305
334203
338438
351174
367598
379149
384448
377855
289511
193128
138805
101764
76419
58569
46250
38027
33288
28483
25941
23519
19771
15241
9610
4564
0
0
0
0
0
0
0
0
0
0
0
0
0
0
0
0
0
0
0
0
0
0
0
0
0
0
0
0
0
0
0
0
0
0
0
0
0
0
0
0
0
0
0
0
0
0
0
0
0
0
0
0
0
0
0
0
0
0
0
0
0
0
0
0
0
0
0
0
0
0
0
0
0
0
0
0
0
0
0
0
0
0
0
0
0
0
0
0
0
0
0
0
0
0
0
0
0
0
0
0
0
0
0
0
0
0
0
0
0
0
0
0
0
0
0
0
0
0
0
0
0
0
0
0
0
0
0
0
0
0
0
0
0
0
0
0
0
0
0
0
0
0
0
0
0
0
0
0
0
0
0
0
0
0
0
0
0
0
0
0
0
0
0
0
0
0
0
0
0
0
0
0
0
0
0
0
0
0
0
0
0
0
0
0
0
0
0
0
0
0
0
0
0
0
0
0
0
0
0
0
