126976
0
0
0
0
0
0
0
0
0
3
1
19
95
379
1805
8032
34875
102889
155353
171333
113148
74246
51348
39379
36828
40508
51369
73665
78284
79749
95597
129282
177304
239460
301787
239662
207074
193984
194559
216338
202838
188595
198683
234493
307771
271946
248025
249528
282603
318287
356313
424090
551066
558929
442310
391604
380421
373983
398183
475052
548799
483197
494903
554731
517332
525672
601752
593115
619055
720754
747730
815256
989189
822455
706444
656094
664926
762235
802026
728291
766840
802481
916590
1.02121e+06
986581
1.08592e+06
1.10419e+06
1.25125e+06
1.2467e+06
1.12765e+06
1.12404e+06
1.08084e+06
1.16255e+06
1.05674e+06
1.0708e+06
1.06149e+06
1.16096e+06
1.16286e+06
1.16253e+06
1.2602e+06
1.48022e+06
1.60248e+06
1.54801e+06
1.60804e+06
1.7516e+06
1.79734e+06
1.63492e+06
1.52634e+06
1.39391e+06
1.32032e+06
1.30369e+06
1.43081e+06
1.74496e+06
1.66699e+06
1.65679e+06
1.79408e+06
1.89588e+06
1.7641e+06
1.67742e+06
1.75154e+06
1.76135e+06
1.78576e+06
1.83236e+06
1.75761e+06
1.52466e+06
1.45688e+06
1.4895e+06
1.36751e+06
1.26841e+06
1.2549e+06
1.2726e+06
1.31743e+06
1.48242e+06
1.51916e+06
1.55092e+06
1.61735e+06
1.44182e+06
1.30383e+06
1.35422e+06
1.32799e+06
1.2209e+06
1.17099e+06
1.00052e+06
901687
878552
858672
776993
738353
820361
968599
1.1536e+06
1.1308e+06
1.20883e+06
1.10052e+06
856833
628192
523240
480672
436419
313328
279052
283460
298512
352898
418937
499771
580827
552508
487526
318563
226422
161095
87079
50907
40336
41799
51269
67048
88865
113870
141819
169268
188537
129271
61767
33955
18142
10607
6005
4434
4056
4791
5918
7773
9115
9518
9092
7227
4233
0
0
0
0
0
0
0
0
0
0
0
0
0
0
0
0
0
0
0
0
0
0
0
0
0
0
0
0
0
0
0
0
0
0
0
0
0
0
0
0
0
0
0
0
0
0
0
0
0
0
0
0
0
0
0
0
0
0
0
0
0
0
0
0
0
0
0
0
0
0
0
0
0
0
0
0
0
0
0
0
0
0
0
0
0
0
0
0
0
0
0
0
0
0
0
0
0
0
0
0
0
0
0
0
0
0
0
0
0
0
0
0
0
0
0
0
0
0
0
0
0
0
0
0
0
0
0
0
0
0
0
0
0
0
0
0
0
0
0
0
0
0
0
0
0
0
0
0
0
0
0
0
0
0
0
0
0
0
0
0
0
0
0
0
0
0
0
0
0
0
0
0
0
0
0
0
0
0
0
0
0
0
0
0
0
0
0
0
0
0
0
0
0
0
0
0
0
0
0
0
