561152
0
0
0
0
0
0
0
0
9
39
103
539
1656
5768
18805
59256
187520
491421
677353
590927
424947
315701
254089
220708
211181
220796
250449
303784
353492
415941
512904
642034
775708
909549
1.0277e+06
1.01086e+06
997061
979786
942234
929592
893198
874941
905869
981621
1.11527e+06
1.15634e+06
1.22617e+06
1.32427e+06
1.45732e+06
1.57864e+06
1.69323e+06
1.80966e+06
1.97247e+06
2.00179e+06
1.89736e+06
1.8524e+06
1.84033e+06
1.84465e+06
1.89752e+06
2.01318e+06
2.14158e+06
2.15353e+06
2.26123e+06
2.42174e+06
2.48574e+06
2.59351e+06
2.76024e+06
2.83161e+06
2.9107e+06
3.06011e+06
3.13306e+06
3.233e+06
3.43927e+06
3.31469e+06
3.23444e+06
3.22069e+06
3.28488e+06
3.4653e+06
3.59095e+06
3.62763e+06
3.7687e+06
3.90331e+06
4.12422e+06
4.32842e+06
4.38727e+06
4.5653e+06
4.65502e+06
4.86615e+06
4.91155e+06
4.84661e+06
4.88364e+06
4.90475e+06
5.0465e+06
5.0269e+06
5.1318e+06
5.22976e+06
5.43565e+06
5.5485e+06
5.66957e+06
5.88347e+06
6.21547e+06
6.4437e+06
6.47684e+06
6.62856e+06
6.85227e+06
6.9663e+06
6.87839e+06
6.83519e+06
6.78204e+06
6.78586e+06
6.86591e+06
7.09732e+06
7.53216e+06
7.58534e+06
7.6808e+06
7.80274e+06
7.88014e+06
7.69886e+06
7.56292e+06
7.58469e+06
7.52159e+06
7.46343e+06
7.40792e+06
7.2412e+06
6.91844e+06
6.76765e+06
6.72267e+06
6.52499e+06
6.34953e+06
6.25535e+06
6.21491e+06
6.18676e+06
6.29296e+06
6.2671e+06
6.24647e+06
6.24162e+06
5.98514e+06
5.74086e+06
5.67458e+06
5.52421e+06
5.29145e+06
5.10007e+06
4.78873e+06
4.56516e+06
4.44435e+06
4.30591e+06
4.13439e+06
4.02377e+06
4.04431e+06
4.13127e+06
4.23389e+06
4.11498e+06
4.06111e+06
3.81678e+06
3.41357e+06
3.01562e+06
2.73561e+06
2.52438e+06
2.32716e+06
2.06838e+06
1.90407e+06
1.79078e+06
1.69849e+06
1.67832e+06
1.67595e+06
1.70031e+06
1.71829e+06
1.61333e+06
1.45636e+06
1.19108e+06
999041
839850
685223
582109
519260
483134
461841
451660
455329
459458
460623
458525
444123
346892
243354
180384
136710
106808
84647
66904
54961
46066
37719
32179
28029
22592
16808
10348
4689
0
0
0
0
0
0
0
0
0
0
0
0
0
0
0
0
0
0
0
0
0
0
0
0
0
0
0
0
0
0
0
0
0
0
0
0
0
0
0
0
0
0
0
0
0
0
0
0
0
0
0
0
0
0
0
0
0
0
0
0
0
0
0
0
0
0
0
0
0
0
0
0
0
0
0
0
0
0
0
0
0
0
0
0
0
0
0
0
0
0
0
0
0
0
0
0
0
0
0
0
0
0
0
0
0
0
0
0
0
0
0
0
0
0
0
0
0
0
0
0
0
0
0
0
0
0
0
0
0
0
0
0
0
0
0
0
0
0
0
0
0
0
0
0
0
0
0
0
0
0
0
0
0
0
0
0
0
0
0
0
0
0
0
0
0
0
0
0
0
0
0
0
0
0
0
0
0
0
0
0
0
0
0
0
0
0
0
0
0
0
0
0
0
0
0
0
0
0
0
0
