327680
0
0
0
0
0
0
0
0
6
26
76
305
1028
3619
12028
39404
124094
276514
357056
352490
261657
195254
152830
128631
120836
126901
145542
182334
207327
237243
288229
360761
448006
546076
637559
595177
565755
547919
538847
550938
529840
515496
534425
587369
684962
680629
695895
736913
811943
888409
967370
1.0653e+06
1.21203e+06
1.23393e+06
1.12395e+06
1.07375e+06
1.06053e+06
1.05807e+06
1.09398e+06
1.19122e+06
1.28525e+06
1.25189e+06
1.30575e+06
1.4074e+06
1.41658e+06
1.46989e+06
1.58934e+06
1.62094e+06
1.67801e+06
1.81243e+06
1.86464e+06
1.95256e+06
2.1401e+06
1.98698e+06
1.88181e+06
1.84369e+06
1.87073e+06
1.99703e+06
2.07051e+06
2.04771e+06
2.13591e+06
2.22243e+06
2.39234e+06
2.54996e+06
2.56956e+06
2.71054e+06
2.76529e+06
2.94424e+06
2.9615e+06
2.86056e+06
2.87558e+06
2.85066e+06
2.95217e+06
2.87522e+06
2.92194e+06
2.95694e+06
3.10981e+06
3.17007e+06
3.23168e+06
3.39672e+06
3.67624e+06
3.86018e+06
3.85845e+06
3.962e+06
4.1457e+06
4.20927e+06
4.06991e+06
3.97949e+06
3.87448e+06
3.82779e+06
3.8448e+06
4.01614e+06
4.38588e+06
4.37327e+06
4.42664e+06
4.57213e+06
4.67543e+06
4.52363e+06
4.42343e+06
4.48276e+06
4.46115e+06
4.44175e+06
4.43014e+06
4.29371e+06
3.99995e+06
3.88397e+06
3.87978e+06
3.72209e+06
3.58729e+06
3.54554e+06
3.5392e+06
3.55168e+06
3.69627e+06
3.71931e+06
3.74596e+06
3.78478e+06
3.58008e+06
3.39897e+06
3.38477e+06
3.29469e+06
3.11657e+06
2.98118e+06
2.72331e+06
2.54973e+06
2.46901e+06
2.39555e+06
2.28316e+06
2.22884e+06
2.31007e+06
2.46023e+06
2.62506e+06
2.56713e+06
2.58599e+06
2.40515e+06
2.06532e+06
1.73444e+06
1.53027e+06
1.39118e+06
1.26624e+06
1.07384e+06
983857
946872
929106
967226
1.01794e+06
1.08841e+06
1.15236e+06
1.09052e+06
974873
746008
588849
461458
339177
267177
233637
221578
225039
239375
260658
285664
305365
319530
320157
238978
149855
101423
70013
50467
37318
29046
24139
22339
20221
20020
19229
17267
13889
9156
4516
0
0
0
0
0
0
0
0
0
0
0
0
0
0
0
0
0
0
0
0
0
0
0
0
0
0
0
0
0
0
0
0
0
0
0
0
0
0
0
0
0
0
0
0
0
0
0
0
0
0
0
0
0
0
0
0
0
0
0
0
0
0
0
0
0
0
0
0
0
0
0
0
0
0
0
0
0
0
0
0
0
0
0
0
0
0
0
0
0
0
0
0
0
0
0
0
0
0
0
0
0
0
0
0
0
0
0
0
0
0
0
0
0
0
0
0
0
0
0
0
0
0
0
0
0
0
0
0
0
0
0
0
0
0
0
0
0
0
0
0
0
0
0
0
0
0
0
0
0
0
0
0
0
0
0
0
0
0
0
0
0
0
0
0
0
0
0
0
0
0
0
0
0
0
0
0
0
0
0
0
0
0
0
0
0
0
0
0
0
0
0
0
0
0
0
0
0
0
0
0
