587776
0
0
0
0
0
0
0
0
9
39
103
539
1656
5768
18805
59256
187537
508415
737169
625960
442299
326563
262725
228684
219638
229450
260389
315599
368040
433593
537984
675765
817670
954933
1.07308e+06
1.05876e+06
1.04883e+06
1.0352e+06
991398
971558
930349
910831
943031
1.02245e+06
1.16033e+06
1.20785e+06
1.28611e+06
1.39346e+06
1.53465e+06
1.66263e+06
1.78015e+06
1.90018e+06
2.06269e+06
2.08916e+06
1.98406e+06
1.93956e+06
1.92851e+06
1.93226e+06
1.98511e+06
2.10302e+06
2.2351e+06
2.2521e+06
2.36782e+06
2.53925e+06
2.61091e+06
2.72656e+06
2.89824e+06
2.97473e+06
3.05492e+06
3.20428e+06
3.27555e+06
3.37782e+06
3.5842e+06
3.46503e+06
3.38486e+06
3.37366e+06
3.44514e+06
3.62979e+06
3.76249e+06
3.80891e+06
3.95686e+06
4.09811e+06
4.32606e+06
4.534e+06
4.59751e+06
4.77856e+06
4.87048e+06
5.0846e+06
5.13075e+06
5.06805e+06
5.11282e+06
5.13735e+06
5.28497e+06
5.26877e+06
5.3839e+06
5.49063e+06
5.69994e+06
5.82227e+06
5.94963e+06
6.16986e+06
6.50633e+06
6.73924e+06
6.77576e+06
6.93289e+06
7.16077e+06
7.27944e+06
7.19558e+06
7.15874e+06
7.11142e+06
7.12223e+06
7.21232e+06
7.44728e+06
7.89334e+06
7.95214e+06
8.05117e+06
8.17472e+06
8.24525e+06
8.06288e+06
7.92305e+06
7.93688e+06
7.86861e+06
7.80443e+06
7.74952e+06
7.57695e+06
7.25302e+06
7.09402e+06
7.04358e+06
6.8463e+06
6.66589e+06
6.56568e+06
6.51881e+06
6.48863e+06
6.58923e+06
6.55778e+06
6.53256e+06
6.52203e+06
6.25811e+06
6.00852e+06
5.93592e+06
5.77641e+06
5.5397e+06
5.34014e+06
5.02516e+06
4.79568e+06
4.67038e+06
4.52292e+06
4.34481e+06
4.23116e+06
4.24155e+06
4.32035e+06
4.42015e+06
4.29156e+06
4.22904e+06
3.97604e+06
3.56601e+06
3.16055e+06
2.87472e+06
2.65361e+06
2.44873e+06
2.18184e+06
2.00833e+06
1.88667e+06
1.78703e+06
1.76048e+06
1.75195e+06
1.76893e+06
1.78218e+06
1.67281e+06
1.51138e+06
1.24152e+06
1.04604e+06
882668
725015
618072
552352
513696
488605
475450
476707
479455
478492
474334
458235
359706
254018
188988
144311
113327
90112
71275
58343
48604
39768
33564
28905
23136
17208
10524
4713
0
0
0
0
0
0
0
0
0
0
0
0
0
0
0
0
0
0
0
0
0
0
0
0
0
0
0
0
0
0
0
0
0
0
0
0
0
0
0
0
0
0
0
0
0
0
0
0
0
0
0
0
0
0
0
0
0
0
0
0
0
0
0
0
0
0
0
0
0
0
0
0
0
0
0
0
0
0
0
0
0
0
0
0
0
0
0
0
0
0
0
0
0
0
0
0
0
0
0
0
0
0
0
0
0
0
0
0
0
0
0
0
0
0
0
0
0
0
0
0
0
0
0
0
0
0
0
0
0
0
0
0
0
0
0
0
0
0
0
0
0
0
0
0
0
0
0
0
0
0
0
0
0
0
0
0
0
0
0
0
0
0
0
0
0
0
0
0
0
0
0
0
0
0
0
0
0
0
0
0
0
0
0
0
0
0
0
0
0
0
0
0
0
0
0
0
0
0
0
0
