73728
0
0
0
0
0
0
0
0
0
0
0
5
12
61
360
2346
14282
55770
96702
117634
69684
40795
25245
17674
16740
20051
29216
47687
47072
41116
47410
67691
101356
151780
206949
142845
110565
99519
103108
128749
117468
102896
110508
141241
209410
166284
134058
125849
146304
168220
192194
247982
367290
371410
255815
208467
200745
195032
216780
287238
354983
281938
282537
333044
285538
281965
344719
324290
335756
424512
438682
497032
669991
502639
389426
343495
354662
449451
481721
396913
416193
432588
526513
612460
560024
644544
648513
783534
773259
653255
649674
610076
696727
591065
601762
582644
667348
649188
623233
693040
886140
982968
907265
951492
1.09109e+06
1.13423e+06
980786
881801
756168
683744
660765
773935
1.06733e+06
960942
924178
1.0518e+06
1.15252e+06
1.02621e+06
940083
1.01051e+06
1.01937e+06
1.05537e+06
1.12844e+06
1.08668e+06
878359
828549
873117
759626
669774
664085
688353
734504
894780
927616
954162
1.02286e+06
852307
722768
791559
787145
711446
692365
559517
492486
495759
489747
410256
361713
427267
557361
729582
704070
797940
720522
516137
331851
269917
263488
247986
143933
122438
130967
143379
189007
245937
319863
398316
378500
331623
187600
125557
88379
36157
13966
9261
10638
16244
26606
42008
61622
86981
116223
142531
92746
35595
15860
6997
3409
1423
947
886
1428
2334
3553
5025
6060
6945
6248
4076
0
0
0
0
0
0
0
0
0
0
0
0
0
0
0
0
0
0
0
0
0
0
0
0
0
0
0
0
0
0
0
0
0
0
0
0
0
0
0
0
0
0
0
0
0
0
0
0
0
0
0
0
0
0
0
0
0
0
0
0
0
0
0
0
0
0
0
0
0
0
0
0
0
0
0
0
0
0
0
0
0
0
0
0
0
0
0
0
0
0
0
0
0
0
0
0
0
0
0
0
0
0
0
0
0
0
0
0
0
0
0
0
0
0
0
0
0
0
0
0
0
0
0
0
0
0
0
0
0
0
0
0
0
0
0
0
0
0
0
0
0
0
0
0
0
0
0
0
0
0
0
0
0
0
0
0
0
0
0
0
0
0
0
0
0
0
0
0
0
0
0
0
0
0
0
0
0
0
0
0
0
0
0
0
0
0
0
0
0
0
0
0
0
0
0
0
0
0
0
0
