159744
0
0
0
0
0
0
0
0
0
6
6
36
172
721
3092
12387
48534
131035
189797
202893
138771
94852
68090
53473
49949
53784
65400
89867
97631
104424
126983
167534
222382
291387
357937
298857
266557
252264
250777
271423
256321
241219
252340
291112
369407
337457
319675
326714
366890
410848
457088
530771
663015
672341
555868
504672
491092
484413
510576
590840
668182
607658
625946
691272
660744
677180
761358
760895
794240
901522
935671
1.00526e+06
1.18245e+06
1.01652e+06
899595
848490
858495
958311
1.00389e+06
938087
985390
1.02971e+06
1.15592e+06
1.2727e+06
1.249e+06
1.35554e+06
1.38265e+06
1.53467e+06
1.53255e+06
1.41451e+06
1.41159e+06
1.36955e+06
1.4525e+06
1.34822e+06
1.3649e+06
1.3626e+06
1.47115e+06
1.48483e+06
1.49792e+06
1.60708e+06
1.84236e+06
1.97943e+06
1.93449e+06
2.0029e+06
2.15237e+06
2.1989e+06
2.03481e+06
1.92418e+06
1.7923e+06
1.72158e+06
1.70771e+06
1.84389e+06
2.16825e+06
2.10252e+06
2.10677e+06
2.24794e+06
2.3545e+06
2.21788e+06
2.13063e+06
2.20381e+06
2.21164e+06
2.22853e+06
2.26075e+06
2.16948e+06
1.92432e+06
1.8468e+06
1.87078e+06
1.74577e+06
1.64323e+06
1.62472e+06
1.63759e+06
1.67942e+06
1.84218e+06
1.87933e+06
1.91293e+06
1.97874e+06
1.8015e+06
1.65787e+06
1.69652e+06
1.65489e+06
1.53221e+06
1.46349e+06
1.27458e+06
1.15794e+06
1.12396e+06
1.09478e+06
1.01175e+06
975313
1.06459e+06
1.21908e+06
1.40602e+06
1.38155e+06
1.44972e+06
1.326e+06
1.0611e+06
809848
682366
619554
559989
424983
383476
383938
398061
453358
521475
605352
685205
652367
576460
394119
287256
207300
122187
78731
64426
64939
75619
93452
117776
144859
172660
198447
213621
149579
77402
44831
25897
15941
9867
7266
6650
7127
8123
10028
11216
11206
10314
7676
4299
0
0
0
0
0
0
0
0
0
0
0
0
0
0
0
0
0
0
0
0
0
0
0
0
0
0
0
0
0
0
0
0
0
0
0
0
0
0
0
0
0
0
0
0
0
0
0
0
0
0
0
0
0
0
0
0
0
0
0
0
0
0
0
0
0
0
0
0
0
0
0
0
0
0
0
0
0
0
0
0
0
0
0
0
0
0
0
0
0
0
0
0
0
0
0
0
0
0
0
0
0
0
0
0
0
0
0
0
0
0
0
0
0
0
0
0
0
0
0
0
0
0
0
0
0
0
0
0
0
0
0
0
0
0
0
0
0
0
0
0
0
0
0
0
0
0
0
0
0
0
0
0
0
0
0
0
0
0
0
0
0
0
0
0
0
0
0
0
0
0
0
0
0
0
0
0
0
0
0
0
0
0
0
0
0
0
0
0
0
0
0
0
0
0
0
0
0
0
0
0
