262144
0
0
0
0
0
0
0
0
0
16
32
181
586
2249
8193
28271
93888
219904
293209
295383
214614
156735
120089
99077
93028
97768
113254
144898
162737
183848
224557
285986
360550
448431
529801
480843
450531
433396
426308
442346
423104
407679
424143
470365
560380
544717
547350
575473
636658
700561
770080
859746
1.002e+06
1.01842e+06
904760
852260
837904
832804
864730
953893
1.04251e+06
998705
1.03952e+06
1.12645e+06
1.12065e+06
1.15897e+06
1.26467e+06
1.28555e+06
1.33617e+06
1.46224e+06
1.50696e+06
1.58559e+06
1.76852e+06
1.60969e+06
1.49795e+06
1.45271e+06
1.47337e+06
1.58784e+06
1.6506e+06
1.61057e+06
1.6838e+06
1.75454e+06
1.91031e+06
2.05308e+06
2.05695e+06
2.18447e+06
2.22878e+06
2.39832e+06
2.40905e+06
2.30108e+06
2.30712e+06
2.27125e+06
2.36332e+06
2.27597e+06
2.31034e+06
2.32876e+06
2.46622e+06
2.50601e+06
2.55044e+06
2.69757e+06
2.96262e+06
3.13231e+06
3.11481e+06
3.20282e+06
3.3752e+06
3.43056e+06
3.27817e+06
3.18098e+06
3.05988e+06
3.00007e+06
3.00432e+06
3.16041e+06
3.514e+06
3.47926e+06
3.51623e+06
3.66465e+06
3.77089e+06
3.62686e+06
3.53551e+06
3.60211e+06
3.5939e+06
3.58666e+06
3.58629e+06
3.46428e+06
3.1876e+06
3.08438e+06
3.08665e+06
2.9425e+06
2.82147e+06
2.78752e+06
2.79169e+06
2.81752e+06
2.97176e+06
3.0026e+06
3.03651e+06
3.0889e+06
2.89704e+06
2.7312e+06
2.73598e+06
2.66125e+06
2.50192e+06
2.38618e+06
2.14959e+06
1.99208e+06
1.92699e+06
1.87344e+06
1.77525e+06
1.73307e+06
1.82425e+06
1.98196e+06
2.16282e+06
2.12191e+06
2.16068e+06
1.99727e+06
1.68137e+06
1.37457e+06
1.19392e+06
1.07935e+06
977734
806418
735656
718061
718063
768814
831361
910331
982559
931735
828872
613538
471884
359508
248099
186238
160285
154377
162068
180361
205262
234237
258328
277414
281834
206481
122827
78987
52118
36010
25337
19089
16415
15976
15527
16223
16435
15535
12866
8713
4467
0
0
0
0
0
0
0
0
0
0
0
0
0
0
0
0
0
0
0
0
0
0
0
0
0
0
0
0
0
0
0
0
0
0
0
0
0
0
0
0
0
0
0
0
0
0
0
0
0
0
0
0
0
0
0
0
0
0
0
0
0
0
0
0
0
0
0
0
0
0
0
0
0
0
0
0
0
0
0
0
0
0
0
0
0
0
0
0
0
0
0
0
0
0
0
0
0
0
0
0
0
0
0
0
0
0
0
0
0
0
0
0
0
0
0
0
0
0
0
0
0
0
0
0
0
0
0
0
0
0
0
0
0
0
0
0
0
0
0
0
0
0
0
0
0
0
0
0
0
0
0
0
0
0
0
0
0
0
0
0
0
0
0
0
0
0
0
0
0
0
0
0
0
0
0
0
0
0
0
0
0
0
0
0
0
0
0
0
0
0
0
0
0
0
0
0
0
0
0
0
