622592
0
0
0
0
0
0
0
0
9
39
103
539
1656
5768
18805
59256
187547
527199
818316
673941
464398
340727
273678
239017
230307
240792
272735
331019
386757
456365
570596
720292
873387
1.01441e+06
1.13273e+06
1.1197e+06
1.11786e+06
1.10843e+06
1.05684e+06
1.02676e+06
978279
957297
990967
1.07477e+06
1.21703e+06
1.27596e+06
1.36504e+06
1.48395e+06
1.63626e+06
1.77298e+06
1.89556e+06
2.01904e+06
2.17988e+06
2.2027e+06
2.09818e+06
2.05402e+06
2.04353e+06
2.04659e+06
2.10036e+06
2.21889e+06
2.35686e+06
2.3798e+06
2.50698e+06
2.69281e+06
2.7746e+06
2.90096e+06
3.08114e+06
3.16027e+06
3.24447e+06
3.39358e+06
3.46367e+06
3.56618e+06
3.77524e+06
3.65868e+06
3.58043e+06
3.57388e+06
3.65449e+06
3.84516e+06
3.9877e+06
4.0462e+06
4.19916e+06
4.35238e+06
4.59107e+06
4.80585e+06
4.87449e+06
5.05599e+06
5.15267e+06
5.3698e+06
5.41838e+06
5.35895e+06
5.4101e+06
5.4407e+06
5.59583e+06
5.58709e+06
5.71258e+06
5.83026e+06
6.04628e+06
6.1798e+06
6.31744e+06
6.53951e+06
6.89008e+06
7.12756e+06
7.16864e+06
7.32838e+06
7.56577e+06
7.68704e+06
7.61111e+06
7.58342e+06
7.54076e+06
7.56004e+06
7.66521e+06
7.90652e+06
8.36418e+06
8.43223e+06
8.53482e+06
8.6597e+06
8.72573e+06
8.53791e+06
8.39375e+06
8.4015e+06
8.31994e+06
8.25341e+06
8.1948e+06
8.0136e+06
7.68818e+06
7.52354e+06
7.46385e+06
7.26472e+06
7.07908e+06
6.97375e+06
6.91716e+06
6.87976e+06
6.97531e+06
6.9416e+06
6.90751e+06
6.88763e+06
6.61611e+06
6.35895e+06
6.27653e+06
6.10699e+06
5.86285e+06
5.6545e+06
5.33568e+06
5.09468e+06
4.96479e+06
4.80788e+06
4.6229e+06
4.49719e+06
4.50263e+06
4.56986e+06
4.66028e+06
4.52285e+06
4.45089e+06
4.18498e+06
3.76347e+06
3.34956e+06
3.05707e+06
2.82224e+06
2.6087e+06
2.33015e+06
2.14414e+06
2.01085e+06
1.90235e+06
1.86916e+06
1.85076e+06
1.85976e+06
1.86606e+06
1.75015e+06
1.5837e+06
1.30852e+06
1.10649e+06
938941
775786
665746
595369
553815
523368
506696
504639
505130
502294
495268
476623
376228
268349
200894
153535
121961
97479
76914
62516
51761
42530
35398
30118
23848
17720
10718
4736
0
0
0
0
0
0
0
0
0
0
0
0
0
0
0
0
0
0
0
0
0
0
0
0
0
0
0
0
0
0
0
0
0
0
0
0
0
0
0
0
0
0
0
0
0
0
0
0
0
0
0
0
0
0
0
0
0
0
0
0
0
0
0
0
0
0
0
0
0
0
0
0
0
0
0
0
0
0
0
0
0
0
0
0
0
0
0
0
0
0
0
0
0
0
0
0
0
0
0
0
0
0
0
0
0
0
0
0
0
0
0
0
0
0
0
0
0
0
0
0
0
0
0
0
0
0
0
0
0
0
0
0
0
0
0
0
0
0
0
0
0
0
0
0
0
0
0
0
0
0
0
0
0
0
0
0
0
0
0
0
0
0
0
0
0
0
0
0
0
0
0
0
0
0
0
0
0
0
0
0
0
0
0
0
0
0
0
0
0
0
0
0
0
0
0
0
0
0
0
0
