102400
0
0
0
0
0
0
0
0
0
0
0
12
43
192
990
5159
25093
81252
128953
147083
93181
58901
39264
29169
27280
30872
41040
61634
63577
61414
73360
100747
142424
199746
258661
194949
162049
150578
152540
175731
163638
149250
157859
191999
262235
222392
194530
191846
219557
249113
280196
343487
467573
473352
356025
306886
297544
291489
314428
388441
458874
390441
396747
452088
409650
412127
482575
468720
488163
584369
606707
669822
842578
675730
560471
511816
522229
616972
652636
573673
603545
631454
735585
833184
789359
881773
896195
1.03632e+06
1.03083e+06
910827
905730
863513
947039
840544
853397
838114
929638
923796
913018
999081
1.20758e+06
1.31809e+06
1.25418e+06
1.30734e+06
1.44825e+06
1.49358e+06
1.33469e+06
1.22878e+06
1.09758e+06
1.02513e+06
1.0033e+06
1.1251e+06
1.42951e+06
1.33828e+06
1.31885e+06
1.45268e+06
1.55296e+06
1.42467e+06
1.3374e+06
1.41041e+06
1.42086e+06
1.45147e+06
1.50838e+06
1.4472e+06
1.22632e+06
1.1662e+06
1.20387e+06
1.08622e+06
989954
980957
1.00094e+06
1.04788e+06
1.21139e+06
1.24698e+06
1.27785e+06
1.34356e+06
1.17078e+06
1.0375e+06
1.09566e+06
1.07973e+06
986804
950178
796064
711834
699354
684863
603898
563376
638659
780051
959976
936837
1.02322e+06
928950
701820
491491
405049
378599
346653
232483
204421
210514
225408
277541
340476
418691
498787
475192
418336
259448
180394
126998
62323
32014
24355
25917
34280
48067
67426
90087
117256
145916
168143
112951
50219
25582
12935
7005
3504
2554
2373
3132
4239
5885
7455
8095
8193
6819
4162
0
0
0
0
0
0
0
0
0
0
0
0
0
0
0
0
0
0
0
0
0
0
0
0
0
0
0
0
0
0
0
0
0
0
0
0
0
0
0
0
0
0
0
0
0
0
0
0
0
0
0
0
0
0
0
0
0
0
0
0
0
0
0
0
0
0
0
0
0
0
0
0
0
0
0
0
0
0
0
0
0
0
0
0
0
0
0
0
0
0
0
0
0
0
0
0
0
0
0
0
0
0
0
0
0
0
0
0
0
0
0
0
0
0
0
0
0
0
0
0
0
0
0
0
0
0
0
0
0
0
0
0
0
0
0
0
0
0
0
0
0
0
0
0
0
0
0
0
0
0
0
0
0
0
0
0
0
0
0
0
0
0
0
0
0
0
0
0
0
0
0
0
0
0
0
0
0
0
0
0
0
0
0
0
0
0
0
0
0
0
0
0
0
0
0
0
0
0
0
0
