210944
0
0
0
0
0
0
0
0
0
8
17
98
319
1366
5420
20010
70824
175137
242540
249835
177582
126422
94417
75937
71144
74867
88531
116703
129564
143449
175651
226897
292240
370446
444898
390581
358594
343905
338993
357033
339209
323794
337532
380351
464439
440130
432197
449460
501922
556118
614144
696520
834895
847016
731605
678808
664316
659187
686938
771070
853411
800781
831191
907643
890411
918846
1.0124e+06
1.02351e+06
1.06584e+06
1.18396e+06
1.22444e+06
1.29896e+06
1.47771e+06
1.3148e+06
1.19814e+06
1.1485e+06
1.16298e+06
1.27014e+06
1.32534e+06
1.27145e+06
1.33122e+06
1.39183e+06
1.53332e+06
1.66398e+06
1.65407e+06
1.77361e+06
1.80892e+06
1.9711e+06
1.97252e+06
1.86026e+06
1.85985e+06
1.81927e+06
1.9058e+06
1.80946e+06
1.83469e+06
1.84133e+06
1.96422e+06
1.99352e+06
2.02298e+06
2.15017e+06
2.40498e+06
2.56048e+06
2.52998e+06
2.60791e+06
2.76941e+06
2.81831e+06
2.65724e+06
2.55095e+06
2.42038e+06
2.35634e+06
2.35137e+06
2.49968e+06
2.83785e+06
2.78915e+06
2.81049e+06
2.95617e+06
3.06342e+06
2.92449e+06
2.83613e+06
2.90747e+06
2.90736e+06
2.91049e+06
2.92391e+06
2.81541e+06
2.55632e+06
2.46247e+06
2.47399e+06
2.34051e+06
2.23027e+06
2.20534e+06
2.21277e+06
2.24654e+06
2.40542e+06
2.44019e+06
2.47759e+06
2.53663e+06
2.35382e+06
2.1999e+06
2.22201e+06
2.16118e+06
2.01663e+06
1.92328e+06
1.70848e+06
1.56995e+06
1.51846e+06
1.47715e+06
1.38793e+06
1.35166e+06
1.44431e+06
1.60453e+06
1.78956e+06
1.7583e+06
1.81368e+06
1.66807e+06
1.37602e+06
1.09247e+06
935942
844973
762133
609170
553826
547022
557282
612296
679037
761413
838261
797309
707469
506425
380013
282569
182975
129209
108487
106587
117041
136378
162617
191035
217369
240043
249381
178971
100225
61888
38757
25415
17118
12776
11019
11318
11848
13238
14087
13610
11627
8197
4415
0
0
0
0
0
0
0
0
0
0
0
0
0
0
0
0
0
0
0
0
0
0
0
0
0
0
0
0
0
0
0
0
0
0
0
0
0
0
0
0
0
0
0
0
0
0
0
0
0
0
0
0
0
0
0
0
0
0
0
0
0
0
0
0
0
0
0
0
0
0
0
0
0
0
0
0
0
0
0
0
0
0
0
0
0
0
0
0
0
0
0
0
0
0
0
0
0
0
0
0
0
0
0
0
0
0
0
0
0
0
0
0
0
0
0
0
0
0
0
0
0
0
0
0
0
0
0
0
0
0
0
0
0
0
0
0
0
0
0
0
0
0
0
0
0
0
0
0
0
0
0
0
0
0
0
0
0
0
0
0
0
0
0
0
0
0
0
0
0
0
0
0
0
0
0
0
0
0
0
0
0
0
0
0
0
0
0
0
0
0
0
0
0
0
0
0
0
0
0
0
