243712
0
0
0
0
0
0
0
0
0
15
29
151
467
1894
7127
25207
85641
203933
275036
279042
201281
145817
111003
90891
85052
89414
104211
134568
150598
168975
206936
264758
336088
420891
499484
448571
417406
401103
394490
411571
392946
377928
393088
437486
525735
506813
505211
529782
588353
649144
714399
801550
942050
956934
842383
789727
775414
769805
800132
887677
974288
927938
964509
1.04672e+06
1.03773e+06
1.07285e+06
1.17418e+06
1.19176e+06
1.23985e+06
1.36188e+06
1.40501e+06
1.48254e+06
1.66432e+06
1.50344e+06
1.38975e+06
1.34255e+06
1.36186e+06
1.47344e+06
1.53291e+06
1.48813e+06
1.556e+06
1.62354e+06
1.77458e+06
1.91327e+06
1.91303e+06
2.03703e+06
2.07824e+06
2.24458e+06
2.25216e+06
2.14338e+06
2.1469e+06
2.10806e+06
2.19781e+06
2.10736e+06
2.13901e+06
2.15278e+06
2.28466e+06
2.32039e+06
2.35905e+06
2.50052e+06
2.76319e+06
2.92784e+06
2.90547e+06
2.98949e+06
3.15743e+06
3.21123e+06
3.0546e+06
2.95427e+06
2.82894e+06
2.76767e+06
2.76855e+06
2.92256e+06
3.2691e+06
3.22926e+06
3.26077e+06
3.41105e+06
3.51602e+06
3.37466e+06
3.28481e+06
3.35334e+06
3.34801e+06
3.34362e+06
3.34836e+06
3.23091e+06
2.95982e+06
2.85992e+06
2.86582e+06
2.725e+06
2.6068e+06
2.57627e+06
2.58119e+06
2.61098e+06
2.76858e+06
2.80169e+06
2.83668e+06
2.89197e+06
2.70239e+06
2.54111e+06
2.5511e+06
2.48203e+06
2.32755e+06
2.2195e+06
1.98924e+06
1.83946e+06
1.7788e+06
1.72899e+06
1.63335e+06
1.59407e+06
1.68771e+06
1.84797e+06
2.03029e+06
1.99273e+06
2.03775e+06
1.87982e+06
1.57191e+06
1.27359e+06
1.10084e+06
994072
898344
733160
668535
655664
659667
712859
777362
857827
931790
884720
786344
575653
438760
331401
224003
164967
141075
136419
145342
164398
189734
218822
244297
264541
270614
196671
114725
72830
47286
32152
22265
16740
14401
14210
14115
15179
15587
14877
12487
8569
4457
0
0
0
0
0
0
0
0
0
0
0
0
0
0
0
0
0
0
0
0
0
0
0
0
0
0
0
0
0
0
0
0
0
0
0
0
0
0
0
0
0
0
0
0
0
0
0
0
0
0
0
0
0
0
0
0
0
0
0
0
0
0
0
0
0
0
0
0
0
0
0
0
0
0
0
0
0
0
0
0
0
0
0
0
0
0
0
0
0
0
0
0
0
0
0
0
0
0
0
0
0
0
0
0
0
0
0
0
0
0
0
0
0
0
0
0
0
0
0
0
0
0
0
0
0
0
0
0
0
0
0
0
0
0
0
0
0
0
0
0
0
0
0
0
0
0
0
0
0
0
0
0
0
0
0
0
0
0
0
0
0
0
0
0
0
0
0
0
0
0
0
0
0
0
0
0
0
0
0
0
0
0
0
0
0
0
0
0
0
0
0
0
0
0
0
0
0
0
0
0
