645120
0
0
0
0
0
0
0
0
9
39
103
539
1656
5768
18805
59256
187550
538293
871740
705700
478755
349731
280682
245492
237189
248042
280659
340654
398554
471246
591663
749693
909058
1.05352e+06
1.1718e+06
1.15868e+06
1.1617e+06
1.15645e+06
1.09988e+06
1.06258e+06
1.00927e+06
987256
1.02139e+06
1.10789e+06
1.25346e+06
1.31929e+06
1.41601e+06
1.54324e+06
1.70286e+06
1.84441e+06
1.97085e+06
2.09585e+06
2.25586e+06
2.27642e+06
2.17179e+06
2.12798e+06
2.11754e+06
2.12094e+06
2.17452e+06
2.29428e+06
2.43399e+06
2.46209e+06
2.59866e+06
2.79076e+06
2.88147e+06
3.01365e+06
3.19942e+06
3.28127e+06
3.36743e+06
3.51636e+06
3.5861e+06
3.68828e+06
3.89789e+06
3.78256e+06
3.70764e+06
3.70318e+06
3.79012e+06
3.98373e+06
4.13324e+06
4.19945e+06
4.35628e+06
4.51655e+06
4.7631e+06
4.98361e+06
5.05217e+06
5.2364e+06
5.33522e+06
5.55492e+06
5.6043e+06
5.54743e+06
5.60216e+06
5.63606e+06
5.79614e+06
5.79378e+06
5.92366e+06
6.05003e+06
6.27126e+06
6.41062e+06
6.55538e+06
6.78149e+06
7.13764e+06
7.3796e+06
7.42325e+06
7.58484e+06
7.82421e+06
7.95214e+06
7.87934e+06
7.85835e+06
7.82034e+06
7.84324e+06
7.95608e+06
8.20396e+06
8.66992e+06
8.74135e+06
8.8472e+06
8.97356e+06
9.03963e+06
8.84555e+06
8.69762e+06
8.70027e+06
8.61479e+06
8.54235e+06
8.48137e+06
8.29776e+06
7.96734e+06
7.80148e+06
7.73903e+06
7.53539e+06
7.34565e+06
7.2372e+06
7.17576e+06
7.13121e+06
7.22687e+06
7.18972e+06
7.15048e+06
7.12371e+06
6.84826e+06
6.58487e+06
6.49617e+06
6.32254e+06
6.0699e+06
5.85957e+06
5.53546e+06
5.28955e+06
5.15384e+06
4.99222e+06
4.80252e+06
4.66999e+06
4.67215e+06
4.732e+06
4.81489e+06
4.67284e+06
4.59383e+06
4.32057e+06
3.89155e+06
3.47253e+06
3.17201e+06
2.93285e+06
2.71129e+06
2.42698e+06
2.23216e+06
2.09101e+06
1.97746e+06
1.9389e+06
1.91479e+06
1.91962e+06
1.92003e+06
1.79991e+06
1.63103e+06
1.35126e+06
1.14524e+06
974997
809542
696385
622865
579231
546519
527015
523247
521444
517346
509200
488662
386501
277718
208522
159601
127612
102095
80618
65332
53854
44119
36589
30980
24282
18041
10839
4761
0
0
0
0
0
0
0
0
0
0
0
0
0
0
0
0
0
0
0
0
0
0
0
0
0
0
0
0
0
0
0
0
0
0
0
0
0
0
0
0
0
0
0
0
0
0
0
0
0
0
0
0
0
0
0
0
0
0
0
0
0
0
0
0
0
0
0
0
0
0
0
0
0
0
0
0
0
0
0
0
0
0
0
0
0
0
0
0
0
0
0
0
0
0
0
0
0
0
0
0
0
0
0
0
0
0
0
0
0
0
0
0
0
0
0
0
0
0
0
0
0
0
0
0
0
0
0
0
0
0
0
0
0
0
0
0
0
0
0
0
0
0
0
0
0
0
0
0
0
0
0
0
0
0
0
0
0
0
0
0
0
0
0
0
0
0
0
0
0
0
0
0
0
0
0
0
0
0
0
0
0
0
0
0
0
0
0
0
0
0
0
0
0
0
0
0
0
0
0
0
