305152
0
0
0
0
0
0
0
0
6
22
56
260
885
3159
10682
35455
113457
257064
335288
333087
245696
182019
141732
118526
111213
116590
134298
169402
191845
218975
266226
334956
417765
512797
600765
555965
526111
508215
500591
514118
493276
478504
496084
547178
642033
633859
644462
680804
751183
823738
899591
994927
1.14105e+06
1.1602e+06
1.04916e+06
997797
983899
980817
1.01445e+06
1.109e+06
1.20202e+06
1.16523e+06
1.21385e+06
1.30881e+06
1.31446e+06
1.3639e+06
1.47695e+06
1.50589e+06
1.56136e+06
1.69318e+06
1.74272e+06
1.82661e+06
2.01296e+06
1.85677e+06
1.74964e+06
1.70897e+06
1.73386e+06
1.85648e+06
1.92517e+06
1.89622e+06
1.97999e+06
2.06125e+06
2.22733e+06
2.37983e+06
2.39346e+06
2.53009e+06
2.58097e+06
2.75806e+06
2.7716e+06
2.66855e+06
2.67966e+06
2.65083e+06
2.75003e+06
2.6692e+06
2.71224e+06
2.74035e+06
2.88775e+06
2.94096e+06
2.9969e+06
3.15537e+06
3.43071e+06
3.61202e+06
3.6042e+06
3.70253e+06
3.88096e+06
3.94118e+06
3.79754e+06
3.70433e+06
3.59488e+06
3.544e+06
3.55478e+06
3.7195e+06
4.08578e+06
4.06758e+06
4.11225e+06
4.2594e+06
4.36583e+06
4.21633e+06
4.11894e+06
4.18008e+06
4.16361e+06
4.14818e+06
4.1407e+06
4.00754e+06
3.72011e+06
3.60909e+06
3.60692e+06
3.45345e+06
3.32403e+06
3.28372e+06
3.28211e+06
3.29882e+06
3.44781e+06
3.47392e+06
3.50265e+06
3.54575e+06
3.34556e+06
3.17096e+06
3.16173e+06
3.07752e+06
2.9051e+06
2.77591e+06
2.52512e+06
2.35702e+06
2.28127e+06
2.21589e+06
2.10803e+06
2.05819e+06
2.14296e+06
2.29691e+06
2.46665e+06
2.41484e+06
2.44094e+06
2.26594e+06
1.93419e+06
1.61071e+06
1.41427e+06
1.28328e+06
1.16657e+06
981003
897845
867135
855864
898630
954320
1.02835e+06
1.09575e+06
1.03696e+06
925087
701186
548693
426095
307012
238485
207873
198078
202984
218784
241435
267973
289854
305559
307535
228333
140636
93494
63718
45358
33085
25529
21461
20113
18529
18756
18287
16718
13570
9012
4501
0
0
0
0
0
0
0
0
0
0
0
0
0
0
0
0
0
0
0
0
0
0
0
0
0
0
0
0
0
0
0
0
0
0
0
0
0
0
0
0
0
0
0
0
0
0
0
0
0
0
0
0
0
0
0
0
0
0
0
0
0
0
0
0
0
0
0
0
0
0
0
0
0
0
0
0
0
0
0
0
0
0
0
0
0
0
0
0
0
0
0
0
0
0
0
0
0
0
0
0
0
0
0
0
0
0
0
0
0
0
0
0
0
0
0
0
0
0
0
0
0
0
0
0
0
0
0
0
0
0
0
0
0
0
0
0
0
0
0
0
0
0
0
0
0
0
0
0
0
0
0
0
0
0
0
0
0
0
0
0
0
0
0
0
0
0
0
0
0
0
0
0
0
0
0
0
0
0
0
0
0
0
0
0
0
0
0
0
0
0
0
0
0
0
0
0
0
0
0
0
