421888
0
0
0
0
0
0
0
0
9
38
101
510
1603
5585
18094
56125
167349
358175
448528
432966
328040
249943
200028
171659
162472
169192
192236
236573
272002
313118
380151
470714
573561
686545
790945
757898
729490
711855
697994
707043
684044
671322
695540
755988
866098
878217
910660
969302
1.06322e+06
1.1572e+06
1.25116e+06
1.35799e+06
1.51407e+06
1.54195e+06
1.43701e+06
1.3885e+06
1.37754e+06
1.38118e+06
1.42518e+06
1.53247e+06
1.63931e+06
1.62342e+06
1.6937e+06
1.81511e+06
1.84097e+06
1.91439e+06
2.05114e+06
2.09888e+06
2.16829e+06
2.31558e+06
2.3781e+06
2.47508e+06
2.67088e+06
2.52876e+06
2.43236e+06
2.40576e+06
2.44374e+06
2.5909e+06
2.6851e+06
2.68274e+06
2.79105e+06
2.89453e+06
3.08495e+06
3.26291e+06
3.29754e+06
3.45969e+06
3.52938e+06
3.72219e+06
3.75163e+06
3.66653e+06
3.69452e+06
3.68315e+06
3.79742e+06
3.7424e+06
3.81296e+06
3.86883e+06
4.04501e+06
4.1258e+06
4.21415e+06
4.39934e+06
4.69795e+06
4.90097e+06
4.91628e+06
5.04128e+06
5.24063e+06
5.32699e+06
5.20754e+06
5.13503e+06
5.04358e+06
5.02245e+06
5.06211e+06
5.25967e+06
5.64718e+06
5.66524e+06
5.73852e+06
5.87416e+06
5.96834e+06
5.80979e+06
5.6942e+06
5.73723e+06
5.70006e+06
5.66216e+06
5.63402e+06
5.48334e+06
5.17545e+06
5.04279e+06
5.02837e+06
4.85004e+06
4.70002e+06
4.63762e+06
4.61454e+06
4.61243e+06
4.74415e+06
4.74772e+06
4.75532e+06
4.77463e+06
4.55284e+06
4.34852e+06
4.31226e+06
4.19978e+06
3.99562e+06
3.83707e+06
3.55707e+06
3.35996e+06
3.25945e+06
3.16411e+06
3.02761e+06
2.95081e+06
3.00984e+06
3.1345e+06
3.27707e+06
3.1946e+06
3.1855e+06
2.97752e+06
2.61207e+06
2.25082e+06
2.01568e+06
1.84751e+06
1.6925e+06
1.47008e+06
1.35193e+06
1.28587e+06
1.23785e+06
1.25372e+06
1.28344e+06
1.33677e+06
1.38289e+06
1.30432e+06
1.17163e+06
928493
755393
613204
477392
391921
346721
325756
319141
325134
339018
356779
369526
376066
370626
283170
187578
133835
97477
73051
55754
43961
36065
31799
27354
25149
22923
19488
15078
9543
4563
0
0
0
0
0
0
0
0
0
0
0
0
0
0
0
0
0
0
0
0
0
0
0
0
0
0
0
0
0
0
0
0
0
0
0
0
0
0
0
0
0
0
0
0
0
0
0
0
0
0
0
0
0
0
0
0
0
0
0
0
0
0
0
0
0
0
0
0
0
0
0
0
0
0
0
0
0
0
0
0
0
0
0
0
0
0
0
0
0
0
0
0
0
0
0
0
0
0
0
0
0
0
0
0
0
0
0
0
0
0
0
0
0
0
0
0
0
0
0
0
0
0
0
0
0
0
0
0
0
0
0
0
0
0
0
0
0
0
0
0
0
0
0
0
0
0
0
0
0
0
0
0
0
0
0
0
0
0
0
0
0
0
0
0
0
0
0
0
0
0
0
0
0
0
0
0
0
0
0
0
0
0
0
0
0
0
0
0
0
0
0
0
0
0
0
0
0
0
0
0
