186368
0
0
0
0
0
0
0
0
0
8
11
61
231
1000
4235
16306
60045
153935
217322
227474
159090
111438
82082
65242
60823
64542
77298
103554
114048
124563
151801
198557
259279
332485
403063
346633
314785
300138
296665
316286
299787
284265
296170
336977
418535
390417
377763
390474
436978
486394
538953
617043
753218
763687
647176
595816
580995
575667
602716
684502
764062
707544
731937
803104
779015
802363
892544
897660
934804
1.04905e+06
1.08753e+06
1.15948e+06
1.33714e+06
1.17193e+06
1.05537e+06
1.00399e+06
1.01535e+06
1.11957e+06
1.1699e+06
1.11022e+06
1.16382e+06
1.21722e+06
1.35192e+06
1.47781e+06
1.46022e+06
1.57418e+06
1.60524e+06
1.7635e+06
1.76197e+06
1.64637e+06
1.64486e+06
1.60345e+06
1.68744e+06
1.58647e+06
1.60744e+06
1.6104e+06
1.72695e+06
1.74912e+06
1.77145e+06
1.8899e+06
2.13496e+06
2.28195e+06
2.24638e+06
2.31883e+06
2.47352e+06
2.52135e+06
2.35879e+06
2.24986e+06
2.1183e+06
2.05104e+06
2.04114e+06
2.18308e+06
2.51632e+06
2.45812e+06
2.47106e+06
2.61716e+06
2.72401e+06
2.58681e+06
2.49893e+06
2.56989e+06
2.57325e+06
2.58392e+06
2.60587e+06
2.50468e+06
2.25299e+06
2.16604e+06
2.18414e+06
2.05401e+06
1.9473e+06
1.92718e+06
1.93808e+06
1.97421e+06
2.13306e+06
2.17017e+06
2.20556e+06
2.26938e+06
2.09068e+06
1.94243e+06
1.97204e+06
1.9187e+06
1.78429e+06
1.70158e+06
1.49877e+06
1.37083e+06
1.32667e+06
1.2921e+06
1.20593e+06
1.17038e+06
1.26309e+06
1.42138e+06
1.60749e+06
1.57894e+06
1.63923e+06
1.5044e+06
1.22581e+06
957534
814098
735422
664037
519062
470795
468147
479851
536504
604373
687641
765797
729812
645437
453030
335340
245918
153139
104297
86457
85910
96794
115737
141134
169531
196237
220666
232577
165130
89385
53766
32588
20684
13409
9956
8745
9205
10092
11793
12828
12516
11041
7938
4359
0
0
0
0
0
0
0
0
0
0
0
0
0
0
0
0
0
0
0
0
0
0
0
0
0
0
0
0
0
0
0
0
0
0
0
0
0
0
0
0
0
0
0
0
0
0
0
0
0
0
0
0
0
0
0
0
0
0
0
0
0
0
0
0
0
0
0
0
0
0
0
0
0
0
0
0
0
0
0
0
0
0
0
0
0
0
0
0
0
0
0
0
0
0
0
0
0
0
0
0
0
0
0
0
0
0
0
0
0
0
0
0
0
0
0
0
0
0
0
0
0
0
0
0
0
0
0
0
0
0
0
0
0
0
0
0
0
0
0
0
0
0
0
0
0
0
0
0
0
0
0
0
0
0
0
0
0
0
0
0
0
0
0
0
0
0
0
0
0
0
0
0
0
0
0
0
0
0
0
0
0
0
0
0
0
0
0
0
0
0
0
0
0
0
0
0
0
0
0
0
