141312
0
0
0
0
0
0
0
0
0
6
3
26
125
509
2346
9879
40846
115192
170473
185264
124382
83355
58732
45462
42407
46232
57538
80801
86772
90521
108996
146195
197001
262197
326734
265558
233040
219440
219152
240481
226210
211605
221971
259137
334647
300938
279484
283339
319459
358543
400215
470768
599991
608674
491878
441046
429112
422237
447380
525657
601589
537965
552180
614359
579588
591589
671533
666429
695687
799670
830084
898262
1.07396e+06
907923
791745
740653
749293
847668
889554
819573
862601
901951
1.02117e+06
1.13131e+06
1.10131e+06
1.20382e+06
1.22598e+06
1.37575e+06
1.37216e+06
1.2536e+06
1.25027e+06
1.20699e+06
1.28914e+06
1.18379e+06
1.19972e+06
1.19306e+06
1.29613e+06
1.30316e+06
1.3085e+06
1.41188e+06
1.63914e+06
1.7676e+06
1.71744e+06
1.7814e+06
1.92798e+06
1.9733e+06
1.81034e+06
1.70094e+06
1.56759e+06
1.49429e+06
1.47979e+06
1.61072e+06
1.93031e+06
1.85696e+06
1.85414e+06
1.99255e+06
2.09657e+06
1.96204e+06
1.87619e+06
1.94956e+06
1.95968e+06
1.9794e+06
2.0202e+06
1.93793e+06
1.69984e+06
1.62681e+06
1.6559e+06
1.53257e+06
1.43197e+06
1.41636e+06
1.4316e+06
1.47611e+06
1.64001e+06
1.67671e+06
1.70931e+06
1.77587e+06
1.59974e+06
1.46008e+06
1.50404e+06
1.47134e+06
1.35775e+06
1.29803e+06
1.11999e+06
1.01332e+06
985376
961257
879109
841654
927104
1.07828e+06
1.26476e+06
1.24145e+06
1.31513e+06
1.19976e+06
946502
708009
592451
540916
489694
362012
324572
326751
341802
396457
463646
546623
627435
596792
526726
351653
253222
181234
102270
62847
50482
51635
61740
78486
101282
127413
155503
182297
199865
138422
68665
38656
21444
12894
7675
5628
5216
5820
6792
8725
10069
10258
9677
7451
4278
0
0
0
0
0
0
0
0
0
0
0
0
0
0
0
0
0
0
0
0
0
0
0
0
0
0
0
0
0
0
0
0
0
0
0
0
0
0
0
0
0
0
0
0
0
0
0
0
0
0
0
0
0
0
0
0
0
0
0
0
0
0
0
0
0
0
0
0
0
0
0
0
0
0
0
0
0
0
0
0
0
0
0
0
0
0
0
0
0
0
0
0
0
0
0
0
0
0
0
0
0
0
0
0
0
0
0
0
0
0
0
0
0
0
0
0
0
0
0
0
0
0
0
0
0
0
0
0
0
0
0
0
0
0
0
0
0
0
0
0
0
0
0
0
0
0
0
0
0
0
0
0
0
0
0
0
0
0
0
0
0
0
0
0
0
0
0
0
0
0
0
0
0
0
0
0
0
0
0
0
0
0
0
0
0
0
0
0
0
0
0
0
0
0
0
0
0
0
0
0
