612352
0
0
0
0
0
0
0
0
9
39
103
539
1656
5768
18805
59256
187544
521996
794204
659615
457851
336631
270519
236025
227134
237492
269117
326566
381256
449667
561096
706999
857160
996890
1.11495e+06
1.10185e+06
1.09762e+06
1.08676e+06
1.03766e+06
1.01039e+06
964233
943551
976981
1.05965e+06
1.20053e+06
1.2559e+06
1.34198e+06
1.45706e+06
1.60621e+06
1.74053e+06
1.8615e+06
1.984e+06
2.14546e+06
2.16928e+06
2.06465e+06
2.02056e+06
2.00949e+06
2.01296e+06
2.06652e+06
2.18453e+06
2.3215e+06
2.34252e+06
2.46586e+06
2.64772e+06
2.72625e+06
2.84959e+06
3.02732e+06
3.10585e+06
3.18842e+06
3.33782e+06
3.40838e+06
3.51065e+06
3.71922e+06
3.6021e+06
3.5227e+06
3.51489e+06
3.59316e+06
3.782e+06
3.92099e+06
3.97669e+06
4.12782e+06
4.27831e+06
4.51255e+06
4.72583e+06
4.79269e+06
4.97471e+06
5.06913e+06
5.28598e+06
5.33395e+06
5.27298e+06
5.32319e+06
5.35127e+06
5.50499e+06
5.49341e+06
5.61588e+06
5.73034e+06
5.94433e+06
6.07504e+06
6.20903e+06
6.43053e+06
6.77743e+06
7.01265e+06
7.05306e+06
7.21207e+06
7.44732e+06
7.56702e+06
7.48902e+06
7.45826e+06
7.41414e+06
7.43176e+06
7.53217e+06
7.77158e+06
8.2256e+06
8.29086e+06
8.39293e+06
8.51694e+06
8.58412e+06
8.39797e+06
8.25523e+06
8.26536e+06
8.1866e+06
8.12158e+06
8.06393e+06
7.88494e+06
7.56059e+06
7.3976e+06
7.33942e+06
7.14183e+06
6.95769e+06
6.85359e+06
6.79997e+06
6.76504e+06
6.86156e+06
6.82874e+06
6.79699e+06
6.7805e+06
6.51026e+06
6.25633e+06
6.1765e+06
6.00936e+06
5.76814e+06
5.56178e+06
5.24455e+06
5.00647e+06
4.87863e+06
4.72393e+06
4.5412e+06
4.41889e+06
4.42586e+06
4.49622e+06
4.58971e+06
4.45487e+06
4.38534e+06
4.12372e+06
3.70554e+06
3.29378e+06
3.00371e+06
2.77264e+06
2.56152e+06
2.28659e+06
2.10409e+06
1.97432e+06
1.8685e+06
1.8374e+06
1.82179e+06
1.83263e+06
1.8413e+06
1.72756e+06
1.56248e+06
1.28873e+06
1.0888e+06
922416
760833
651558
582946
542121
512963
497470
496390
497659
495211
489145
471207
371450
264022
197491
150758
119481
95277
75240
61267
50851
41732
34866
29754
23630
17574
10676
4724
0
0
0
0
0
0
0
0
0
0
0
0
0
0
0
0
0
0
0
0
0
0
0
0
0
0
0
0
0
0
0
0
0
0
0
0
0
0
0
0
0
0
0
0
0
0
0
0
0
0
0
0
0
0
0
0
0
0
0
0
0
0
0
0
0
0
0
0
0
0
0
0
0
0
0
0
0
0
0
0
0
0
0
0
0
0
0
0
0
0
0
0
0
0
0
0
0
0
0
0
0
0
0
0
0
0
0
0
0
0
0
0
0
0
0
0
0
0
0
0
0
0
0
0
0
0
0
0
0
0
0
0
0
0
0
0
0
0
0
0
0
0
0
0
0
0
0
0
0
0
0
0
0
0
0
0
0
0
0
0
0
0
0
0
0
0
0
0
0
0
0
0
0
0
0
0
0
0
0
0
0
0
0
0
0
0
0
0
0
0
0
0
0
0
0
0
0
0
0
0
