700416
0
0
0
0
0
0
0
0
9
39
103
539
1656
5768
18805
59256
187550
561861
1.00596e+06
785660
514631
371182
297495
261847
253057
264720
300540
362797
427998
507981
642963
821457
997046
1.15234e+06
1.26666e+06
1.25367e+06
1.26902e+06
1.27517e+06
1.20745e+06
1.15049e+06
1.08509e+06
1.06122e+06
1.09544e+06
1.18539e+06
1.34319e+06
1.42372e+06
1.54121e+06
1.68884e+06
1.86703e+06
2.02267e+06
2.15888e+06
2.28274e+06
2.44203e+06
2.45676e+06
2.35251e+06
2.31034e+06
2.30019e+06
2.30336e+06
2.35612e+06
2.47429e+06
2.62414e+06
2.66503e+06
2.82092e+06
3.03018e+06
3.14457e+06
3.29289e+06
3.49286e+06
3.58022e+06
3.6679e+06
3.81743e+06
3.88704e+06
3.98839e+06
4.19864e+06
4.08559e+06
4.0156e+06
4.02337e+06
4.11893e+06
4.32362e+06
4.49149e+06
4.57373e+06
4.74525e+06
4.92465e+06
5.18582e+06
5.41517e+06
5.49166e+06
5.67956e+06
5.78429e+06
6.0066e+06
6.0597e+06
6.01353e+06
6.06935e+06
6.11458e+06
6.28863e+06
6.29801e+06
6.44531e+06
6.58564e+06
6.82507e+06
6.97966e+06
7.13982e+06
7.37888e+06
7.7467e+06
7.99629e+06
8.04586e+06
8.21255e+06
8.46146e+06
8.60001e+06
8.54032e+06
8.52787e+06
8.50587e+06
8.54558e+06
8.67104e+06
8.92972e+06
9.4177e+06
9.49948e+06
9.61601e+06
9.74709e+06
9.80554e+06
9.60642e+06
9.44639e+06
9.43056e+06
9.33647e+06
9.25151e+06
9.18166e+06
8.99052e+06
8.65784e+06
8.48571e+06
8.41476e+06
8.20128e+06
8.00213e+06
7.88107e+06
7.8066e+06
7.75585e+06
7.84053e+06
7.79727e+06
7.74723e+06
7.70624e+06
7.41629e+06
7.13625e+06
7.03612e+06
6.85095e+06
6.57998e+06
6.36068e+06
6.02811e+06
5.76826e+06
5.61956e+06
5.44409e+06
5.24053e+06
5.09593e+06
5.08654e+06
5.13121e+06
5.19823e+06
5.03808e+06
4.94407e+06
4.65014e+06
4.20673e+06
3.7744e+06
3.45581e+06
3.20312e+06
2.96621e+06
2.6638e+06
2.44655e+06
2.29312e+06
2.15941e+06
2.10942e+06
2.07177e+06
2.0651e+06
2.05408e+06
1.92195e+06
1.7438e+06
1.45581e+06
1.2421e+06
1.06455e+06
893170
770669
691808
641002
602230
577856
569892
560819
553500
543506
518508
411014
299897
227872
175114
141863
112398
90318
72257
58972
48176
39507
32810
25514
18868
11074
4782
0
0
0
0
0
0
0
0
0
0
0
0
0
0
0
0
0
0
0
0
0
0
0
0
0
0
0
0
0
0
0
0
0
0
0
0
0
0
0
0
0
0
0
0
0
0
0
0
0
0
0
0
0
0
0
0
0
0
0
0
0
0
0
0
0
0
0
0
0
0
0
0
0
0
0
0
0
0
0
0
0
0
0
0
0
0
0
0
0
0
0
0
0
0
0
0
0
0
0
0
0
0
0
0
0
0
0
0
0
0
0
0
0
0
0
0
0
0
0
0
0
0
0
0
0
0
0
0
0
0
0
0
0
0
0
0
0
0
0
0
0
0
0
0
0
0
0
0
0
0
0
0
0
0
0
0
0
0
0
0
0
0
0
0
0
0
0
0
0
0
0
0
0
0
0
0
0
0
0
0
0
0
0
0
0
0
0
0
0
0
0
0
0
0
0
0
0
0
0
0
