745472
0
0
0
0
0
0
0
0
9
39
103
539
1656
5768
18805
59256
187550
578349
1.11722e+06
852421
544247
388901
310981
274608
265564
277785
316505
381462
450838
538339
684887
878337
1.07008e+06
1.23382e+06
1.34466e+06
1.33042e+06
1.355e+06
1.37326e+06
1.29642e+06
1.22323e+06
1.14697e+06
1.12128e+06
1.15361e+06
1.24744e+06
1.415e+06
1.50778e+06
1.64381e+06
1.80754e+06
2.00231e+06
2.16829e+06
2.312e+06
2.43684e+06
2.59439e+06
2.60472e+06
2.49709e+06
2.46117e+06
2.44999e+06
2.45011e+06
2.50339e+06
2.62013e+06
2.77695e+06
2.82867e+06
3.00127e+06
3.22773e+06
3.35884e+06
3.52212e+06
3.73277e+06
3.82622e+06
3.91388e+06
4.05986e+06
4.13227e+06
4.23314e+06
4.44505e+06
4.33371e+06
4.26507e+06
4.28067e+06
4.38658e+06
4.59749e+06
4.78419e+06
4.87733e+06
5.0648e+06
5.26177e+06
5.52848e+06
5.76726e+06
5.84982e+06
6.04381e+06
6.14956e+06
6.37365e+06
6.43204e+06
6.39109e+06
6.44934e+06
6.50332e+06
6.68995e+06
6.70608e+06
6.86802e+06
7.02386e+06
7.27892e+06
7.44404e+06
7.61592e+06
7.86806e+06
8.24499e+06
8.49807e+06
8.55054e+06
8.72298e+06
8.98635e+06
9.12546e+06
9.07701e+06
9.07166e+06
9.06179e+06
9.11995e+06
9.25453e+06
9.51883e+06
1.00265e+07
1.01181e+07
1.02487e+07
1.03748e+07
1.04292e+07
1.02284e+07
1.00542e+07
1.00248e+07
9.92566e+06
9.83131e+06
9.751e+06
9.55183e+06
9.22074e+06
9.04295e+06
8.96733e+06
8.74579e+06
8.53751e+06
8.40129e+06
8.32225e+06
8.2665e+06
8.34009e+06
8.29016e+06
8.2362e+06
8.17964e+06
7.87698e+06
7.58582e+06
7.47956e+06
7.2792e+06
6.99256e+06
6.77275e+06
6.42565e+06
6.16325e+06
5.99784e+06
5.81314e+06
5.60007e+06
5.44134e+06
5.42164e+06
5.45535e+06
5.51095e+06
5.33647e+06
5.22705e+06
4.92058e+06
4.46378e+06
4.01905e+06
3.68815e+06
3.42384e+06
3.17512e+06
2.85532e+06
2.62338e+06
2.45664e+06
2.30865e+06
2.24857e+06
2.19974e+06
2.18355e+06
2.16027e+06
2.02177e+06
1.83503e+06
1.54178e+06
1.32179e+06
1.13882e+06
960505
832855
746768
689618
648658
619660
607783
593223
583155
570244
542532
431704
317793
243530
188899
152616
120814
98107
77737
63560
51662
41738
34314
26397
19523
11231
4811
0
0
0
0
0
0
0
0
0
0
0
0
0
0
0
0
0
0
0
0
0
0
0
0
0
0
0
0
0
0
0
0
0
0
0
0
0
0
0
0
0
0
0
0
0
0
0
0
0
0
0
0
0
0
0
0
0
0
0
0
0
0
0
0
0
0
0
0
0
0
0
0
0
0
0
0
0
0
0
0
0
0
0
0
0
0
0
0
0
0
0
0
0
0
0
0
0
0
0
0
0
0
0
0
0
0
0
0
0
0
0
0
0
0
0
0
0
0
0
0
0
0
0
0
0
0
0
0
0
0
0
0
0
0
0
0
0
0
0
0
0
0
0
0
0
0
0
0
0
0
0
0
0
0
0
0
0
0
0
0
0
0
0
0
0
0
0
0
0
0
0
0
0
0
0
0
0
0
0
0
0
0
0
0
0
0
0
0
0
0
0
0
0
0
0
0
0
0
0
0
