260096
0
0
0
0
0
0
0
0
0
16
32
175
570
2205
8094
27909
92945
218167
291261
293489
213131
155555
119089
98150
92107
96862
112252
143743
161383
182181
222601
283604
357808
445380
526483
477298
446799
429889
422797
438933
419665
404431
420698
466668
556449
540469
542717
570434
631246
694787
763944
853326
995362
1.0116e+06
897894
845239
830976
825712
857650
946551
1.03493e+06
990812
1.03113e+06
1.11765e+06
1.11147e+06
1.14928e+06
1.25468e+06
1.27501e+06
1.32552e+06
1.45126e+06
1.49561e+06
1.57407e+06
1.75682e+06
1.59796e+06
1.48587e+06
1.44057e+06
1.46113e+06
1.57506e+06
1.63741e+06
1.59691e+06
1.66962e+06
1.73995e+06
1.89538e+06
2.03762e+06
2.0409e+06
2.16817e+06
2.2121e+06
2.38111e+06
2.39159e+06
2.28355e+06
2.28934e+06
2.2531e+06
2.34485e+06
2.25722e+06
2.29135e+06
2.30917e+06
2.44612e+06
2.48535e+06
2.52909e+06
2.67581e+06
2.94028e+06
3.10978e+06
3.09159e+06
3.17894e+06
3.35119e+06
3.40614e+06
3.25324e+06
3.15583e+06
3.03423e+06
2.97428e+06
2.97822e+06
3.1341e+06
3.48671e+06
3.45135e+06
3.48766e+06
3.6364e+06
3.74242e+06
3.59915e+06
3.50751e+06
3.57472e+06
3.56661e+06
3.55992e+06
3.55994e+06
3.4381e+06
3.16208e+06
3.0595e+06
3.06213e+06
2.91825e+06
2.79772e+06
2.76377e+06
2.76818e+06
2.79482e+06
2.94905e+06
2.98012e+06
3.01445e+06
3.06714e+06
2.87549e+06
2.71028e+06
2.71541e+06
2.64144e+06
2.48251e+06
2.36757e+06
2.13172e+06
1.97508e+06
1.91042e+06
1.85712e+06
1.75956e+06
1.71763e+06
1.80901e+06
1.9672e+06
2.1482e+06
2.10754e+06
2.14717e+06
1.98432e+06
1.6693e+06
1.3632e+06
1.18352e+06
1.06988e+06
968912
798172
728113
711069
711509
762682
825378
904585
976989
926710
823966
609397
468269
356321
245401
183804
158145
152373
160195
178588
203486
232544
256810
275995
280623
205396
121926
78291
51601
35566
24984
18838
16183
15784
15376
16097
16343
15466
12831
8696
4464
0
0
0
0
0
0
0
0
0
0
0
0
0
0
0
0
0
0
0
0
0
0
0
0
0
0
0
0
0
0
0
0
0
0
0
0
0
0
0
0
0
0
0
0
0
0
0
0
0
0
0
0
0
0
0
0
0
0
0
0
0
0
0
0
0
0
0
0
0
0
0
0
0
0
0
0
0
0
0
0
0
0
0
0
0
0
0
0
0
0
0
0
0
0
0
0
0
0
0
0
0
0
0
0
0
0
0
0
0
0
0
0
0
0
0
0
0
0
0
0
0
0
0
0
0
0
0
0
0
0
0
0
0
0
0
0
0
0
0
0
0
0
0
0
0
0
0
0
0
0
0
0
0
0
0
0
0
0
0
0
0
0
0
0
0
0
0
0
0
0
0
0
0
0
0
0
0
0
0
0
0
0
0
0
0
0
0
0
0
0
0
0
0
0
0
0
0
0
0
0
