331776
0
0
0
0
0
0
0
0
6
26
76
314
1050
3698
12253
40144
126026
280152
361018
355888
264568
197609
154894
130459
122638
128790
147578
184649
210100
240531
292290
365492
453505
552235
644193
602359
572829
555228
545741
557716
536444
522258
541321
594435
692815
689401
705029
747179
823095
900277
979616
1.07804e+06
1.2252e+06
1.24709e+06
1.13769e+06
1.08749e+06
1.07424e+06
1.07208e+06
1.10842e+06
1.20592e+06
1.30054e+06
1.26797e+06
1.32261e+06
1.42533e+06
1.43512e+06
1.48938e+06
1.60952e+06
1.64136e+06
1.69925e+06
1.83427e+06
1.88694e+06
1.97546e+06
2.16346e+06
2.01062e+06
1.90589e+06
1.86809e+06
1.89551e+06
2.02253e+06
2.09703e+06
2.07508e+06
2.16423e+06
2.25175e+06
2.42262e+06
2.58114e+06
2.60125e+06
2.74311e+06
2.79844e+06
2.97795e+06
2.9961e+06
2.89595e+06
2.91191e+06
2.88688e+06
2.98884e+06
2.91242e+06
2.96015e+06
2.99592e+06
3.15047e+06
3.21154e+06
3.27428e+06
3.44053e+06
3.72139e+06
3.90537e+06
3.90424e+06
4.00886e+06
4.1938e+06
4.25859e+06
4.11912e+06
4.02987e+06
3.92574e+06
3.87897e+06
3.89736e+06
4.06991e+06
4.44062e+06
4.42886e+06
4.48371e+06
4.62872e+06
4.73168e+06
4.57969e+06
4.47918e+06
4.53806e+06
4.51546e+06
4.49468e+06
4.48251e+06
4.34538e+06
4.05062e+06
3.93412e+06
3.92957e+06
3.77118e+06
3.63557e+06
3.59273e+06
3.5859e+06
3.59781e+06
3.74146e+06
3.76401e+06
3.79006e+06
3.82822e+06
3.62277e+06
3.4406e+06
3.42508e+06
3.33421e+06
3.15452e+06
3.01817e+06
2.75964e+06
2.58474e+06
2.50348e+06
2.4288e+06
2.31509e+06
2.25978e+06
2.33995e+06
2.48999e+06
2.65385e+06
2.59465e+06
2.61252e+06
2.43074e+06
2.08915e+06
1.75697e+06
1.55096e+06
1.41052e+06
1.28449e+06
1.09104e+06
999735
961488
942567
979506
1.02941e+06
1.09927e+06
1.16254e+06
1.10012e+06
983595
754126
596152
468107
345195
272396
238456
225932
228994
243171
264006
288805
308256
321962
322374
240979
151553
102887
71215
51451
38063
29605
24627
22769
20539
20221
19410
17357
13943
9182
4517
0
0
0
0
0
0
0
0
0
0
0
0
0
0
0
0
0
0
0
0
0
0
0
0
0
0
0
0
0
0
0
0
0
0
0
0
0
0
0
0
0
0
0
0
0
0
0
0
0
0
0
0
0
0
0
0
0
0
0
0
0
0
0
0
0
0
0
0
0
0
0
0
0
0
0
0
0
0
0
0
0
0
0
0
0
0
0
0
0
0
0
0
0
0
0
0
0
0
0
0
0
0
0
0
0
0
0
0
0
0
0
0
0
0
0
0
0
0
0
0
0
0
0
0
0
0
0
0
0
0
0
0
0
0
0
0
0
0
0
0
0
0
0
0
0
0
0
0
0
0
0
0
0
0
0
0
0
0
0
0
0
0
0
0
0
0
0
0
0
0
0
0
0
0
0
0
0
0
0
0
0
0
0
0
0
0
0
0
0
0
0
0
0
0
0
0
0
0
0
0
