92160
0
0
0
0
0
0
0
0
0
0
0
5
17
135
743
4044
21043
72295
117806
136687
84801
52461
34146
25000
23362
26978
36736
56636
57597
54237
63987
89094
127593
182843
240279
176270
143891
132478
134806
158783
147258
132740
140768
173742
243475
202585
172678
167954
193022
220261
248856
309380
432357
437493
320182
271500
262819
257246
279570
352137
421871
351616
355895
409516
365117
365417
432828
416703
433584
527856
547385
608530
781210
614199
499417
451840
462252
557066
591316
510108
536387
559985
659937
753977
708017
797408
807782
946896
939591
819613
814906
773060
857101
751103
763481
745845
834778
824904
809252
889782
1.09271e+06
1.19878e+06
1.13096e+06
1.18149e+06
1.32144e+06
1.36674e+06
1.20928e+06
1.10449e+06
974887
902856
880026
997983
1.29847e+06
1.20372e+06
1.17726e+06
1.30981e+06
1.41001e+06
1.28286e+06
1.19514e+06
1.26762e+06
1.27839e+06
1.3111e+06
1.3739e+06
1.3183e+06
1.10194e+06
1.04492e+06
1.08594e+06
969360
875150
866900
888631
934981
1.09829e+06
1.13275e+06
1.16306e+06
1.22932e+06
1.05855e+06
926029
987880
975572
888149
858361
711418
632314
625487
614537
533778
490671
562726
700324
878683
855052
944340
856056
636494
434271
356236
336751
310766
199944
173994
181508
195366
246059
307309
384090
463564
441521
388387
234591
160601
113046
52459
25030
18472
20112
27444
40396
58378
79987
106763
135625
159302
106061
45071
22002
10758
5645
2667
1931
1790
2459
3516
5131
6587
7428
7795
6625
4147
0
0
0
0
0
0
0
0
0
0
0
0
0
0
0
0
0
0
0
0
0
0
0
0
0
0
0
0
0
0
0
0
0
0
0
0
0
0
0
0
0
0
0
0
0
0
0
0
0
0
0
0
0
0
0
0
0
0
0
0
0
0
0
0
0
0
0
0
0
0
0
0
0
0
0
0
0
0
0
0
0
0
0
0
0
0
0
0
0
0
0
0
0
0
0
0
0
0
0
0
0
0
0
0
0
0
0
0
0
0
0
0
0
0
0
0
0
0
0
0
0
0
0
0
0
0
0
0
0
0
0
0
0
0
0
0
0
0
0
0
0
0
0
0
0
0
0
0
0
0
0
0
0
0
0
0
0
0
0
0
0
0
0
0
0
0
0
0
0
0
0
0
0
0
0
0
0
0
0
0
0
0
0
0
0
0
0
0
0
0
0
0
0
0
0
0
0
0
0
0
