776192
0
0
0
0
0
0
0
0
9
39
103
539
1656
5768
18805
59256
187550
588677
1.19359e+06
898873
564266
400952
320229
283015
273923
287156
327391
393415
466181
559468
713431
917032
1.11999e+06
1.28954e+06
1.39821e+06
1.3818e+06
1.41459e+06
1.43981e+06
1.35781e+06
1.2737e+06
1.18844e+06
1.16139e+06
1.1937e+06
1.28927e+06
1.46341e+06
1.5654e+06
1.71237e+06
1.88868e+06
2.09467e+06
2.26864e+06
2.41689e+06
2.54258e+06
2.69732e+06
2.70632e+06
2.59633e+06
2.56345e+06
2.55161e+06
2.55193e+06
2.60216e+06
2.71921e+06
2.88002e+06
2.93994e+06
3.12369e+06
3.36377e+06
3.50379e+06
3.67818e+06
3.89784e+06
3.99533e+06
4.08167e+06
4.22612e+06
4.29848e+06
4.40086e+06
4.61145e+06
4.50352e+06
4.43435e+06
4.45685e+06
4.5678e+06
4.78492e+06
4.98145e+06
5.08471e+06
5.28244e+06
5.49104e+06
5.76483e+06
6.00712e+06
6.09355e+06
6.29444e+06
6.39879e+06
6.6249e+06
6.68508e+06
6.64777e+06
6.70617e+06
6.7686e+06
6.96418e+06
6.98487e+06
7.15407e+06
7.32086e+06
7.58992e+06
7.76221e+06
7.93883e+06
8.20307e+06
8.5859e+06
8.84237e+06
8.89228e+06
9.07481e+06
9.33929e+06
9.48636e+06
9.44253e+06
9.44114e+06
9.44069e+06
9.50942e+06
9.65062e+06
9.92436e+06
1.04391e+07
1.05411e+07
1.06817e+07
1.08017e+07
1.08561e+07
1.06518e+07
1.04677e+07
1.04308e+07
1.0326e+07
1.02275e+07
1.014e+07
9.93538e+06
9.60383e+06
9.42304e+06
9.3429e+06
9.11538e+06
8.90126e+06
8.76126e+06
8.67112e+06
8.61593e+06
8.68165e+06
8.6252e+06
8.56874e+06
8.50411e+06
8.19082e+06
7.89237e+06
7.77966e+06
7.57118e+06
7.27363e+06
7.0539e+06
6.69848e+06
6.43159e+06
6.25733e+06
6.06331e+06
5.84509e+06
5.67734e+06
5.64942e+06
5.6775e+06
5.72239e+06
5.54066e+06
5.42033e+06
5.10517e+06
4.63971e+06
4.18576e+06
3.84495e+06
3.57597e+06
3.31625e+06
2.9862e+06
2.74437e+06
2.56775e+06
2.41241e+06
2.34199e+06
2.28727e+06
2.26388e+06
2.23335e+06
2.08827e+06
1.898e+06
1.60037e+06
1.37626e+06
1.18948e+06
1.00572e+06
875859
783931
723344
679959
647825
633422
616117
603489
588429
558336
446275
329782
254166
198107
160205
126677
103217
81780
66696
53873
43252
35378
27061
19851
11359
4819
0
0
0
0
0
0
0
0
0
0
0
0
0
0
0
0
0
0
0
0
0
0
0
0
0
0
0
0
0
0
0
0
0
0
0
0
0
0
0
0
0
0
0
0
0
0
0
0
0
0
0
0
0
0
0
0
0
0
0
0
0
0
0
0
0
0
0
0
0
0
0
0
0
0
0
0
0
0
0
0
0
0
0
0
0
0
0
0
0
0
0
0
0
0
0
0
0
0
0
0
0
0
0
0
0
0
0
0
0
0
0
0
0
0
0
0
0
0
0
0
0
0
0
0
0
0
0
0
0
0
0
0
0
0
0
0
0
0
0
0
0
0
0
0
0
0
0
0
0
0
0
0
0
0
0
0
0
0
0
0
0
0
0
0
0
0
0
0
0
0
0
0
0
0
0
0
0
0
0
0
0
0
0
0
0
0
0
0
0
0
0
0
0
0
0
0
0
0
0
0
