581632
0
0
0
0
0
0
0
0
9
39
103
539
1656
5768
18805
59256
187537
504842
723040
617712
438344
324120
260691
226890
217674
227459
258166
312797
364765
429490
532242
667906
807971
944463
1.06266e+06
1.04771e+06
1.03682e+06
1.02244e+06
979869
961835
921896
902665
934398
1.01317e+06
1.14997e+06
1.19582e+06
1.27228e+06
1.3775e+06
1.51692e+06
1.64315e+06
1.76001e+06
1.87921e+06
2.04206e+06
2.0689e+06
1.96402e+06
1.9194e+06
1.90813e+06
1.91202e+06
1.96496e+06
2.08258e+06
2.21327e+06
2.22943e+06
2.34332e+06
2.51225e+06
2.58186e+06
2.69591e+06
2.86625e+06
2.94161e+06
3.02181e+06
3.17078e+06
3.24262e+06
3.34456e+06
3.55062e+06
3.43058e+06
3.35006e+06
3.33843e+06
3.40801e+06
3.59195e+06
3.72298e+06
3.76699e+06
3.91369e+06
4.05317e+06
4.27929e+06
4.48641e+06
4.54892e+06
4.72942e+06
4.82066e+06
5.03428e+06
5.08013e+06
5.01715e+06
5.05989e+06
5.0837e+06
5.22983e+06
5.21313e+06
5.32556e+06
5.4305e+06
5.6391e+06
5.75878e+06
5.88503e+06
6.10415e+06
6.43893e+06
6.67101e+06
6.70674e+06
6.8627e+06
7.0894e+06
7.2071e+06
7.12234e+06
7.0843e+06
7.0355e+06
7.04475e+06
7.13261e+06
7.36602e+06
7.81024e+06
7.86746e+06
7.96564e+06
8.08906e+06
8.16061e+06
7.97903e+06
7.84009e+06
7.85507e+06
7.78901e+06
7.72571e+06
7.67053e+06
7.4998e+06
7.17545e+06
7.01867e+06
6.96994e+06
6.77215e+06
6.59279e+06
6.49376e+06
6.44856e+06
6.41932e+06
6.52107e+06
6.49039e+06
6.46652e+06
6.45752e+06
6.19498e+06
5.94656e+06
5.87568e+06
5.71826e+06
5.48243e+06
5.28469e+06
4.97035e+06
4.74297e+06
4.61829e+06
4.47288e+06
4.29588e+06
4.1836e+06
4.19588e+06
4.27662e+06
4.3772e+06
4.25089e+06
4.19003e+06
3.93936e+06
3.53086e+06
3.12733e+06
2.84254e+06
2.62361e+06
2.42079e+06
2.15556e+06
1.98443e+06
1.86445e+06
1.76676e+06
1.74132e+06
1.73448e+06
1.7532e+06
1.76731e+06
1.65917e+06
1.49861e+06
1.22972e+06
1.03535e+06
872662
716040
609751
544671
506601
482552
469852
471883
474794
474329
470658
455036
356723
251552
186939
142608
111823
88843
70276
57590
48030
39289
33238
28698
23021
17106
10483
4709
0
0
0
0
0
0
0
0
0
0
0
0
0
0
0
0
0
0
0
0
0
0
0
0
0
0
0
0
0
0
0
0
0
0
0
0
0
0
0
0
0
0
0
0
0
0
0
0
0
0
0
0
0
0
0
0
0
0
0
0
0
0
0
0
0
0
0
0
0
0
0
0
0
0
0
0
0
0
0
0
0
0
0
0
0
0
0
0
0
0
0
0
0
0
0
0
0
0
0
0
0
0
0
0
0
0
0
0
0
0
0
0
0
0
0
0
0
0
0
0
0
0
0
0
0
0
0
0
0
0
0
0
0
0
0
0
0
0
0
0
0
0
0
0
0
0
0
0
0
0
0
0
0
0
0
0
0
0
0
0
0
0
0
0
0
0
0
0
0
0
0
0
0
0
0
0
0
0
0
0
0
0
0
0
0
0
0
0
0
0
0
0
0
0
0
0
0
0
0
0
