446464
0
0
0
0
0
0
0
0
9
39
103
539
1648
5751
18688
58501
176978
382353
476548
456034
345372
263328
211340
181777
172697
179797
204196
249783
287552
332383
404018
499535
607101
723904
831831
801834
773601
756329
739787
746669
723047
710283
736278
800189
912787
928509
966106
1.03024e+06
1.12929e+06
1.22779e+06
1.32658e+06
1.43624e+06
1.59335e+06
1.6233e+06
1.51837e+06
1.47083e+06
1.45953e+06
1.46455e+06
1.51095e+06
1.6197e+06
1.73092e+06
1.7185e+06
1.79504e+06
1.92186e+06
1.95256e+06
2.03181e+06
2.17329e+06
2.22398e+06
2.297e+06
2.44748e+06
2.5128e+06
2.60995e+06
2.80801e+06
2.6692e+06
2.57484e+06
2.55077e+06
2.59293e+06
2.74684e+06
2.84587e+06
2.84946e+06
2.96207e+06
3.07027e+06
3.26728e+06
3.44952e+06
3.48863e+06
3.6532e+06
3.72801e+06
3.9242e+06
3.95677e+06
3.87767e+06
3.90689e+06
3.89923e+06
4.01815e+06
3.97057e+06
4.04467e+06
4.10784e+06
4.28966e+06
4.37518e+06
4.47006e+06
4.66145e+06
4.9662e+06
5.17213e+06
5.19122e+06
5.3223e+06
5.52604e+06
5.61574e+06
5.50316e+06
5.43529e+06
5.35183e+06
5.33439e+06
5.38042e+06
5.58473e+06
5.97864e+06
6.00106e+06
6.08057e+06
6.21416e+06
6.30524e+06
6.14413e+06
6.0245e+06
6.06378e+06
6.02322e+06
5.97891e+06
5.94604e+06
5.79424e+06
5.48335e+06
5.346e+06
5.32925e+06
5.14685e+06
4.98954e+06
4.92362e+06
4.8966e+06
4.8895e+06
5.01795e+06
5.01626e+06
5.01744e+06
5.03289e+06
4.80491e+06
4.59515e+06
4.55263e+06
4.43498e+06
4.22481e+06
4.0606e+06
3.77313e+06
3.57167e+06
3.46825e+06
3.36522e+06
3.22389e+06
3.14041e+06
3.19231e+06
3.31059e+06
3.44486e+06
3.35785e+06
3.34077e+06
3.12465e+06
2.75266e+06
2.3871e+06
2.14384e+06
1.96742e+06
1.80456e+06
1.57451e+06
1.44862e+06
1.37491e+06
1.31918e+06
1.32866e+06
1.35284e+06
1.4006e+06
1.44267e+06
1.3584e+06
1.22168e+06
975515
798531
652686
513136
425157
377129
353756
344776
348112
360107
375084
385738
390369
383189
294244
197243
142220
104572
79011
60559
47890
39382
34460
29244
26439
23962
19980
15367
9649
4566
0
0
0
0
0
0
0
0
0
0
0
0
0
0
0
0
0
0
0
0
0
0
0
0
0
0
0
0
0
0
0
0
0
0
0
0
0
0
0
0
0
0
0
0
0
0
0
0
0
0
0
0
0
0
0
0
0
0
0
0
0
0
0
0
0
0
0
0
0
0
0
0
0
0
0
0
0
0
0
0
0
0
0
0
0
0
0
0
0
0
0
0
0
0
0
0
0
0
0
0
0
0
0
0
0
0
0
0
0
0
0
0
0
0
0
0
0
0
0
0
0
0
0
0
0
0
0
0
0
0
0
0
0
0
0
0
0
0
0
0
0
0
0
0
0
0
0
0
0
0
0
0
0
0
0
0
0
0
0
0
0
0
0
0
0
0
0
0
0
0
0
0
0
0
0
0
0
0
0
0
0
0
0
0
0
0
0
0
0
0
0
0
0
0
0
0
0
0
0
0
