53248
0
0
0
0
0
0
0
0
0
0
0
0
0
13
105
849
7860
37504
72008
94710
52154
28004
15611
10178
9719
13005
21390
38375
35492
26761
29149
43810
70891
116331
169109
105163
73455
64003
68802
95861
84765
69414
76080
104855
171255
126000
91318
80042
96592
112586
128476
177378
292132
296994
183138
139278
132913
126845
147636
214891
279175
204171
201033
248908
198291
191921
249245
222339
227515
307516
315658
370500
542140
376505
266205
223449
236056
332676
362623
274181
285637
294449
379137
456036
395027
470753
467598
598358
585779
466071
463427
427731
517934
416430
427285
406364
484422
458777
420498
477205
656568
739460
651731
689052
825903
871488
723113
632793
517209
449323
425098
532113
814624
694538
645541
763013
863293
741912
656824
723460
728051
765122
849289
826034
632715
589840
639641
528357
443766
443766
470666
517912
672081
697850
717448
785273
616807
493838
569412
573194
512210
508571
393770
342730
358378
359491
281148
225187
279778
396296
554900
526096
624816
561749
378940
216607
175457
187979
184902
88840
71428
79630
88368
126259
176809
243570
318077
300915
262518
132438
85033
62626
21132
5138
2746
3547
6410
13063
23579
39676
62184
92059
121753
76484
24810
9216
3332
1356
487
247
254
505
1088
1916
3116
4338
5686
5672
3975
0
0
0
0
0
0
0
0
0
0
0
0
0
0
0
0
0
0
0
0
0
0
0
0
0
0
0
0
0
0
0
0
0
0
0
0
0
0
0
0
0
0
0
0
0
0
0
0
0
0
0
0
0
0
0
0
0
0
0
0
0
0
0
0
0
0
0
0
0
0
0
0
0
0
0
0
0
0
0
0
0
0
0
0
0
0
0
0
0
0
0
0
0
0
0
0
0
0
0
0
0
0
0
0
0
0
0
0
0
0
0
0
0
0
0
0
0
0
0
0
0
0
0
0
0
0
0
0
0
0
0
0
0
0
0
0
0
0
0
0
0
0
0
0
0
0
0
0
0
0
0
0
0
0
0
0
0
0
0
0
0
0
0
0
0
0
0
0
0
0
0
0
0
0
0
0
0
0
0
0
0
0
0
0
0
0
0
0
0
0
0
0
0
0
0
0
0
0
0
0
