817152
0
0
0
0
0
0
0
0
9
39
103
539
1656
5768
18805
59256
187550
601588
1.2958e+06
961778
591263
417015
332105
293844
285375
300107
340999
409206
487086
586703
750573
968817
1.18823e+06
1.36424e+06
1.46956e+06
1.45092e+06
1.49261e+06
1.52824e+06
1.44104e+06
1.34052e+06
1.24436e+06
1.21443e+06
1.24589e+06
1.34601e+06
1.52835e+06
1.64102e+06
1.80271e+06
1.9968e+06
2.21758e+06
2.40335e+06
2.55958e+06
2.68391e+06
2.83385e+06
2.84074e+06
2.72852e+06
2.69873e+06
2.68792e+06
2.68841e+06
2.73382e+06
2.85124e+06
3.0163e+06
3.08928e+06
3.28565e+06
3.54483e+06
3.6957e+06
3.888e+06
4.11862e+06
4.22054e+06
4.30595e+06
4.45037e+06
4.51901e+06
4.6253e+06
4.83092e+06
4.72855e+06
4.66358e+06
4.68953e+06
4.80943e+06
5.03508e+06
5.24309e+06
5.36165e+06
5.57194e+06
5.79855e+06
6.07821e+06
6.3278e+06
6.42052e+06
6.62512e+06
6.73538e+06
6.96102e+06
7.02189e+06
6.98628e+06
7.04896e+06
7.12272e+06
7.327e+06
7.35876e+06
7.53501e+06
7.71722e+06
8.00521e+06
8.18533e+06
8.37152e+06
8.64862e+06
9.03956e+06
9.30437e+06
9.3471e+06
9.54469e+06
9.8091e+06
9.96993e+06
9.92726e+06
9.93202e+06
9.94478e+06
1.00291e+07
1.01794e+07
1.04626e+07
1.09945e+07
1.11053e+07
1.12558e+07
1.13738e+07
1.1427e+07
1.12117e+07
1.10179e+07
1.09721e+07
1.08637e+07
1.07562e+07
1.06617e+07
1.04433e+07
1.01131e+07
9.92988e+06
9.84296e+06
9.60719e+06
9.38629e+06
9.24336e+06
9.13697e+06
9.08094e+06
9.13885e+06
9.07472e+06
9.0086e+06
8.93482e+06
8.61155e+06
8.30012e+06
8.17798e+06
7.95876e+06
7.65234e+06
7.42496e+06
7.06561e+06
6.78736e+06
6.60552e+06
6.39787e+06
6.16954e+06
5.99535e+06
5.95218e+06
5.9711e+06
6.00493e+06
5.8124e+06
5.67964e+06
5.35062e+06
4.87547e+06
4.40607e+06
4.05493e+06
3.7781e+06
3.5052e+06
3.15865e+06
2.90557e+06
2.71848e+06
2.5499e+06
2.46847e+06
2.40225e+06
2.37044e+06
2.33138e+06
2.17739e+06
1.98222e+06
1.67769e+06
1.44875e+06
1.25668e+06
1.0668e+06
931986
833339
769082
722118
684219
667839
646861
630761
612781
579659
465446
346014
268456
210191
170197
134676
109922
87369
70692
56730
45488
36762
27898
20282
11504
4843
0
0
0
0
0
0
0
0
0
0
0
0
0
0
0
0
0
0
0
0
0
0
0
0
0
0
0
0
0
0
0
0
0
0
0
0
0
0
0
0
0
0
0
0
0
0
0
0
0
0
0
0
0
0
0
0
0
0
0
0
0
0
0
0
0
0
0
0
0
0
0
0
0
0
0
0
0
0
0
0
0
0
0
0
0
0
0
0
0
0
0
0
0
0
0
0
0
0
0
0
0
0
0
0
0
0
0
0
0
0
0
0
0
0
0
0
0
0
0
0
0
0
0
0
0
0
0
0
0
0
0
0
0
0
0
0
0
0
0
0
0
0
0
0
0
0
0
0
0
0
0
0
0
0
0
0
0
0
0
0
0
0
0
0
0
0
0
0
0
0
0
0
0
0
0
0
0
0
0
0
0
0
0
0
0
0
0
0
0
0
0
0
0
0
0
0
0
0
0
0
