352256
0
0
0
0
0
0
0
0
6
26
77
366
1193
4101
13421
43889
135342
298045
381163
373347
279057
209349
165101
139590
131643
138276
157741
196124
223902
257122
312540
389317
481120
582989
677536
637674
608507
590966
580626
591513
569323
555778
575963
631098
732025
732392
751881
797983
878663
959360
1.04133e+06
1.14153e+06
1.2902e+06
1.31392e+06
1.20576e+06
1.15615e+06
1.14282e+06
1.14195e+06
1.18082e+06
1.27997e+06
1.37705e+06
1.3486e+06
1.40708e+06
1.51416e+06
1.52751e+06
1.58618e+06
1.71049e+06
1.74476e+06
1.80585e+06
1.94341e+06
1.99826e+06
2.08961e+06
2.27934e+06
2.12785e+06
2.02579e+06
1.99113e+06
2.02031e+06
2.15018e+06
2.23025e+06
2.21251e+06
2.30619e+06
2.3983e+06
2.57362e+06
2.73622e+06
2.76011e+06
2.90617e+06
2.96472e+06
3.1468e+06
3.16772e+06
3.07276e+06
3.09072e+06
3.06746e+06
3.17266e+06
3.09986e+06
3.15232e+06
3.1933e+06
3.35312e+06
3.41833e+06
3.48847e+06
3.65935e+06
3.94376e+06
4.13211e+06
4.13431e+06
4.24435e+06
4.43195e+06
4.50192e+06
4.36695e+06
4.28236e+06
4.18117e+06
4.13762e+06
4.1615e+06
4.339e+06
4.71451e+06
4.70842e+06
4.76592e+06
4.91014e+06
5.01262e+06
4.86184e+06
4.75656e+06
4.81313e+06
4.78764e+06
4.76098e+06
4.74293e+06
4.60257e+06
4.30599e+06
4.18636e+06
4.1782e+06
4.01629e+06
3.8775e+06
3.82912e+06
3.81884e+06
3.82742e+06
3.969e+06
3.98724e+06
4.01061e+06
4.04385e+06
3.83452e+06
3.64812e+06
3.62762e+06
3.5319e+06
3.34632e+06
3.20468e+06
2.94064e+06
2.75978e+06
2.67482e+06
2.5941e+06
2.47635e+06
2.4159e+06
2.4907e+06
2.63633e+06
2.79709e+06
2.73197e+06
2.74398e+06
2.55655e+06
2.20875e+06
1.86978e+06
1.6564e+06
1.5095e+06
1.37595e+06
1.17579e+06
1.07918e+06
1.03476e+06
1.00898e+06
1.04178e+06
1.08749e+06
1.1534e+06
1.21331e+06
1.14702e+06
1.02692e+06
794308
632867
501265
375131
299098
262390
248403
248811
261462
280945
304517
322186
334248
333693
250987
159995
109985
77209
56180
42086
32659
27115
24770
22123
21335
20189
17855
14209
9283
4530
0
0
0
0
0
0
0
0
0
0
0
0
0
0
0
0
0
0
0
0
0
0
0
0
0
0
0
0
0
0
0
0
0
0
0
0
0
0
0
0
0
0
0
0
0
0
0
0
0
0
0
0
0
0
0
0
0
0
0
0
0
0
0
0
0
0
0
0
0
0
0
0
0
0
0
0
0
0
0
0
0
0
0
0
0
0
0
0
0
0
0
0
0
0
0
0
0
0
0
0
0
0
0
0
0
0
0
0
0
0
0
0
0
0
0
0
0
0
0
0
0
0
0
0
0
0
0
0
0
0
0
0
0
0
0
0
0
0
0
0
0
0
0
0
0
0
0
0
0
0
0
0
0
0
0
0
0
0
0
0
0
0
0
0
0
0
0
0
0
0
0
0
0
0
0
0
0
0
0
0
0
0
0
0
0
0
0
0
0
0
0
0
0
0
0
0
0
0
0
0
