450560
0
0
0
0
0
0
0
0
9
39
103
539
1651
5762
18727
58695
178235
386586
481885
460128
348271
265505
213120
183327
174240
181527
206064
251924
290002
335508
407953
504392
612910
730139
838754
809279
781185
763763
746957
753378
729468
716319
742936
807325
920447
936871
975245
1.04032e+06
1.1405e+06
1.23981e+06
1.33942e+06
1.44919e+06
1.60678e+06
1.63681e+06
1.53187e+06
1.48474e+06
1.47314e+06
1.47854e+06
1.52495e+06
1.63442e+06
1.74582e+06
1.73428e+06
1.8119e+06
1.93965e+06
1.97099e+06
2.05137e+06
2.19382e+06
2.24537e+06
2.3184e+06
2.46954e+06
2.53529e+06
2.63214e+06
2.8307e+06
2.6926e+06
2.59876e+06
2.57486e+06
2.61776e+06
2.77282e+06
2.87268e+06
2.87693e+06
2.9906e+06
3.09971e+06
3.29766e+06
3.48065e+06
3.52077e+06
3.68564e+06
3.76092e+06
3.95783e+06
3.9911e+06
3.91263e+06
3.94216e+06
3.9355e+06
4.05481e+06
4.00849e+06
4.08345e+06
4.14778e+06
4.33005e+06
4.41701e+06
4.51279e+06
4.70527e+06
5.01063e+06
5.21733e+06
5.23724e+06
5.36848e+06
5.57372e+06
5.66382e+06
5.55273e+06
5.4856e+06
5.40312e+06
5.38634e+06
5.43381e+06
5.63846e+06
6.03365e+06
6.05759e+06
6.1377e+06
6.27041e+06
6.36157e+06
6.19995e+06
6.07934e+06
6.11784e+06
6.07726e+06
6.03122e+06
5.99824e+06
5.84607e+06
5.5351e+06
5.39644e+06
5.37917e+06
5.19668e+06
5.03805e+06
4.97086e+06
4.94403e+06
4.93556e+06
5.06344e+06
5.06082e+06
5.06141e+06
5.0759e+06
4.84655e+06
4.63645e+06
4.5928e+06
4.47421e+06
4.26302e+06
4.09725e+06
3.80934e+06
3.6069e+06
3.50362e+06
3.39859e+06
3.2566e+06
3.17193e+06
3.22261e+06
3.33989e+06
3.47293e+06
3.38498e+06
3.36656e+06
3.14938e+06
2.77639e+06
2.40969e+06
2.16511e+06
1.98732e+06
1.82313e+06
1.59201e+06
1.46477e+06
1.38998e+06
1.33264e+06
1.3409e+06
1.36428e+06
1.4113e+06
1.4527e+06
1.36759e+06
1.23001e+06
983283
805629
659421
519101
430722
382223
358367
349026
351936
363647
378059
388412
392699
385338
296158
198918
143595
105639
80047
61371
48523
39966
34880
29576
26655
24117
20067
15410
9669
4569
0
0
0
0
0
0
0
0
0
0
0
0
0
0
0
0
0
0
0
0
0
0
0
0
0
0
0
0
0
0
0
0
0
0
0
0
0
0
0
0
0
0
0
0
0
0
0
0
0
0
0
0
0
0
0
0
0
0
0
0
0
0
0
0
0
0
0
0
0
0
0
0
0
0
0
0
0
0
0
0
0
0
0
0
0
0
0
0
0
0
0
0
0
0
0
0
0
0
0
0
0
0
0
0
0
0
0
0
0
0
0
0
0
0
0
0
0
0
0
0
0
0
0
0
0
0
0
0
0
0
0
0
0
0
0
0
0
0
0
0
0
0
0
0
0
0
0
0
0
0
0
0
0
0
0
0
0
0
0
0
0
0
0
0
0
0
0
0
0
0
0
0
0
0
0
0
0
0
0
0
0
0
0
0
0
0
0
0
0
0
0
0
0
0
0
0
0
0
0
0
