614400
0
0
0
0
0
0
0
0
9
39
103
539
1656
5768
18805
59256
187545
523062
799023
662443
459162
337459
271145
236633
227769
238146
269855
327452
382366
451018
562992
709649
860420
1.00036e+06
1.1185e+06
1.10541e+06
1.1017e+06
1.0911e+06
1.04149e+06
1.01362e+06
967074
946283
979811
1.0627e+06
1.20384e+06
1.25992e+06
1.34657e+06
1.46243e+06
1.61222e+06
1.74702e+06
1.86827e+06
1.99102e+06
2.15238e+06
2.17596e+06
2.07133e+06
2.02728e+06
2.01632e+06
2.01965e+06
2.07329e+06
2.19139e+06
2.32861e+06
2.34999e+06
2.47408e+06
2.65674e+06
2.73589e+06
2.8599e+06
3.03807e+06
3.11669e+06
3.19963e+06
3.34896e+06
3.41943e+06
3.52176e+06
3.73045e+06
3.61342e+06
3.53422e+06
3.52675e+06
3.6054e+06
3.79464e+06
3.93432e+06
3.99065e+06
4.14202e+06
4.29318e+06
4.52824e+06
4.74182e+06
4.80906e+06
4.99097e+06
5.08582e+06
5.30269e+06
5.35088e+06
5.29019e+06
5.34056e+06
5.36917e+06
5.52311e+06
5.51221e+06
5.63524e+06
5.75032e+06
5.96471e+06
6.09602e+06
6.23072e+06
6.4522e+06
6.80004e+06
7.03556e+06
7.07623e+06
7.23531e+06
7.4711e+06
7.59096e+06
7.51343e+06
7.48331e+06
7.4394e+06
7.45744e+06
7.55884e+06
7.79855e+06
8.25329e+06
8.3192e+06
8.42125e+06
8.54558e+06
8.6123e+06
8.42597e+06
8.28301e+06
8.2926e+06
8.21319e+06
8.14797e+06
8.09009e+06
7.91064e+06
7.58616e+06
7.42278e+06
7.3643e+06
7.16638e+06
6.98202e+06
6.8776e+06
6.82342e+06
6.788e+06
6.88426e+06
6.85135e+06
6.81903e+06
6.80199e+06
6.53136e+06
6.27687e+06
6.19657e+06
6.02881e+06
5.78711e+06
5.58028e+06
5.26286e+06
5.02406e+06
4.89592e+06
4.74074e+06
4.55746e+06
4.43456e+06
4.44125e+06
4.51093e+06
4.60382e+06
4.46846e+06
4.39843e+06
4.13594e+06
3.71712e+06
3.30493e+06
3.01447e+06
2.78252e+06
2.57095e+06
2.2953e+06
2.11213e+06
1.9816e+06
1.87529e+06
1.84373e+06
1.82761e+06
1.83803e+06
1.84624e+06
1.73209e+06
1.56673e+06
1.29268e+06
1.09235e+06
925729
763818
654378
585440
544486
515014
499311
498045
499158
496613
490373
472297
372409
264883
198176
151314
119977
95713
75584
61507
51033
41897
34973
29824
23674
17603
10686
4725
0
0
0
0
0
0
0
0
0
0
0
0
0
0
0
0
0
0
0
0
0
0
0
0
0
0
0
0
0
0
0
0
0
0
0
0
0
0
0
0
0
0
0
0
0
0
0
0
0
0
0
0
0
0
0
0
0
0
0
0
0
0
0
0
0
0
0
0
0
0
0
0
0
0
0
0
0
0
0
0
0
0
0
0
0
0
0
0
0
0
0
0
0
0
0
0
0
0
0
0
0
0
0
0
0
0
0
0
0
0
0
0
0
0
0
0
0
0
0
0
0
0
0
0
0
0
0
0
0
0
0
0
0
0
0
0
0
0
0
0
0
0
0
0
0
0
0
0
0
0
0
0
0
0
0
0
0
0
0
0
0
0
0
0
0
0
0
0
0
0
0
0
0
0
0
0
0
0
0
0
0
0
0
0
0
0
0
0
0
0
0
0
0
0
0
0
0
0
0
0
