153600
0
0
0
0
0
0
0
0
0
6
3
34
156
653
2850
11547
45907
125738
183436
197033
133997
91062
64928
50899
47285
51191
62790
86870
94056
99691
121040
160434
213985
281679
347440
287787
255369
241468
240325
261015
246230
231270
242104
280508
357660
325468
306335
312465
350983
393354
438078
510675
642108
651154
534412
483532
470183
463734
489685
569175
646173
584444
601290
665565
633928
648327
731083
729616
761386
867574
900400
969530
1.14604e+06
980895
863785
812533
822144
921598
965917
898397
944128
986956
1.1108e+06
1.22574e+06
1.19991e+06
1.30459e+06
1.33052e+06
1.48186e+06
1.47932e+06
1.36072e+06
1.35814e+06
1.31554e+06
1.39782e+06
1.2936e+06
1.30998e+06
1.30582e+06
1.41286e+06
1.42384e+06
1.43457e+06
1.54186e+06
1.7745e+06
1.90873e+06
1.86235e+06
1.9294e+06
2.07824e+06
2.12373e+06
1.96011e+06
1.84977e+06
1.7174e+06
1.64544e+06
1.63125e+06
1.76592e+06
2.08909e+06
2.02045e+06
2.0227e+06
2.16265e+06
2.26876e+06
2.13208e+06
2.04622e+06
2.11918e+06
2.12784e+06
2.14566e+06
2.18057e+06
2.09228e+06
1.84936e+06
1.77346e+06
1.79916e+06
1.67487e+06
1.57256e+06
1.55491e+06
1.56927e+06
1.61138e+06
1.77461e+06
1.81189e+06
1.84493e+06
1.91113e+06
1.73479e+06
1.59182e+06
1.63291e+06
1.59411e+06
1.47394e+06
1.4082e+06
1.22287e+06
1.10916e+06
1.07779e+06
1.0503e+06
967317
930302
1.01888e+06
1.17224e+06
1.35908e+06
1.33533e+06
1.40485e+06
1.28406e+06
1.02328e+06
775997
652168
593125
536370
404064
363657
364659
379067
434547
502257
585670
666318
634015
560016
380039
275922
198744
115440
73227
59754
60433
70840
88400
112314
139070
167024
193068
209086
145904
74464
42833
24455
14905
9107
6672
6208
6673
7715
9559
10821
10885
10113
7624
4293
0
0
0
0
0
0
0
0
0
0
0
0
0
0
0
0
0
0
0
0
0
0
0
0
0
0
0
0
0
0
0
0
0
0
0
0
0
0
0
0
0
0
0
0
0
0
0
0
0
0
0
0
0
0
0
0
0
0
0
0
0
0
0
0
0
0
0
0
0
0
0
0
0
0
0
0
0
0
0
0
0
0
0
0
0
0
0
0
0
0
0
0
0
0
0
0
0
0
0
0
0
0
0
0
0
0
0
0
0
0
0
0
0
0
0
0
0
0
0
0
0
0
0
0
0
0
0
0
0
0
0
0
0
0
0
0
0
0
0
0
0
0
0
0
0
0
0
0
0
0
0
0
0
0
0
0
0
0
0
0
0
0
0
0
0
0
0
0
0
0
0
0
0
0
0
0
0
0
0
0
0
0
0
0
0
0
0
0
0
0
0
0
0
0
0
0
0
0
0
0
