428032
0
0
0
0
0
0
0
0
9
39
103
527
1617
5655
18328
56977
169898
363935
455093
438541
332313
253326
202937
174267
165167
171932
195310
240049
276067
318027
385941
478093
581689
695816
801155
768593
740369
722878
708131
716895
694106
681310
705960
767167
877931
890973
924631
984377
1.07964e+06
1.1747e+06
1.26987e+06
1.37736e+06
1.5336e+06
1.56234e+06
1.45731e+06
1.40895e+06
1.39828e+06
1.40196e+06
1.44682e+06
1.55432e+06
1.6624e+06
1.6475e+06
1.71898e+06
1.84189e+06
1.86858e+06
1.94395e+06
2.08152e+06
2.12983e+06
2.20037e+06
2.34841e+06
2.41182e+06
2.50871e+06
2.70554e+06
2.56384e+06
2.46791e+06
2.44196e+06
2.48108e+06
2.63008e+06
2.72547e+06
2.72465e+06
2.83358e+06
2.93819e+06
3.13054e+06
3.30943e+06
3.34534e+06
3.50799e+06
3.57918e+06
3.77251e+06
3.8029e+06
3.71918e+06
3.74807e+06
3.73708e+06
3.85262e+06
3.79924e+06
3.87139e+06
3.92898e+06
4.10561e+06
4.18765e+06
4.2781e+06
4.46504e+06
4.76527e+06
4.96882e+06
4.9849e+06
5.11196e+06
5.31168e+06
5.3993e+06
5.28143e+06
5.21022e+06
5.12019e+06
5.10045e+06
5.14194e+06
5.3406e+06
5.7301e+06
5.74902e+06
5.82402e+06
5.9596e+06
6.0523e+06
5.89303e+06
5.7772e+06
5.81906e+06
5.7812e+06
5.74157e+06
5.71171e+06
5.56101e+06
5.25218e+06
5.11882e+06
5.10269e+06
4.92434e+06
4.77269e+06
4.70954e+06
4.68431e+06
4.68199e+06
4.81272e+06
4.81502e+06
4.82033e+06
4.83962e+06
4.61579e+06
4.41043e+06
4.37268e+06
4.25814e+06
4.05282e+06
3.89332e+06
3.61101e+06
3.41254e+06
3.31145e+06
3.21478e+06
3.07659e+06
2.99786e+06
3.05587e+06
3.17839e+06
3.31936e+06
3.23543e+06
3.2243e+06
3.01406e+06
2.6469e+06
2.28465e+06
2.04784e+06
1.87775e+06
1.72057e+06
1.49632e+06
1.37611e+06
1.30812e+06
1.25816e+06
1.27253e+06
1.30057e+06
1.3529e+06
1.39764e+06
1.31791e+06
1.18411e+06
940437
766295
622847
486301
400181
354294
332680
325811
330822
344167
361434
373636
379723
373670
285882
189991
135956
99282
74498
57012
44891
36926
32449
27835
25510
23142
19620
15152
9569
4564
0
0
0
0
0
0
0
0
0
0
0
0
0
0
0
0
0
0
0
0
0
0
0
0
0
0
0
0
0
0
0
0
0
0
0
0
0
0
0
0
0
0
0
0
0
0
0
0
0
0
0
0
0
0
0
0
0
0
0
0
0
0
0
0
0
0
0
0
0
0
0
0
0
0
0
0
0
0
0
0
0
0
0
0
0
0
0
0
0
0
0
0
0
0
0
0
0
0
0
0
0
0
0
0
0
0
0
0
0
0
0
0
0
0
0
0
0
0
0
0
0
0
0
0
0
0
0
0
0
0
0
0
0
0
0
0
0
0
0
0
0
0
0
0
0
0
0
0
0
0
0
0
0
0
0
0
0
0
0
0
0
0
0
0
0
0
0
0
0
0
0
0
0
0
0
0
0
0
0
0
0
0
0
0
0
0
0
0
0
0
0
0
0
0
0
0
0
0
0
0
