321536
0
0
0
0
0
0
0
0
6
26
76
290
990
3497
11653
38347
121083
271107
351228
347358
257307
191660
149834
125803
118185
124088
142463
178775
203109
232292
282197
353766
439843
536889
627456
584357
555082
537062
528416
541048
519819
505332
524154
576453
673184
667785
681802
721682
795049
871082
948915
1.04599e+06
1.19278e+06
1.2138e+06
1.10364e+06
1.05271e+06
1.03964e+06
1.03728e+06
1.07234e+06
1.16917e+06
1.26254e+06
1.22778e+06
1.2806e+06
1.38012e+06
1.38884e+06
1.44116e+06
1.5586e+06
1.58999e+06
1.64609e+06
1.77994e+06
1.83145e+06
1.91808e+06
2.10526e+06
1.95159e+06
1.84557e+06
1.807e+06
1.83346e+06
1.95898e+06
2.0308e+06
2.00645e+06
2.09316e+06
2.17839e+06
2.34702e+06
2.50365e+06
2.52164e+06
2.66155e+06
2.7155e+06
2.89397e+06
2.90927e+06
2.8077e+06
2.82192e+06
2.79598e+06
2.89715e+06
2.81932e+06
2.86471e+06
2.89756e+06
3.04932e+06
3.10779e+06
3.16783e+06
3.33071e+06
3.60915e+06
3.79277e+06
3.78918e+06
3.89162e+06
4.07329e+06
4.13524e+06
3.99596e+06
3.90434e+06
3.79862e+06
3.75036e+06
3.76568e+06
3.93576e+06
4.30385e+06
4.28953e+06
4.34125e+06
4.48658e+06
4.59094e+06
4.43964e+06
4.34032e+06
4.39999e+06
4.3805e+06
4.36148e+06
4.35128e+06
4.21619e+06
3.92344e+06
3.80884e+06
3.80569e+06
3.64825e+06
3.51538e+06
3.47417e+06
3.46952e+06
3.48265e+06
3.62811e+06
3.65204e+06
3.68024e+06
3.71946e+06
3.51603e+06
3.33713e+06
3.32367e+06
3.2355e+06
3.05928e+06
2.9255e+06
2.66907e+06
2.49718e+06
2.41752e+06
2.34614e+06
2.2354e+06
2.18198e+06
2.26494e+06
2.41578e+06
2.58221e+06
2.52566e+06
2.54586e+06
2.36717e+06
2.02959e+06
1.7008e+06
1.49877e+06
1.36181e+06
1.23917e+06
1.04837e+06
960096
924954
909168
948612
1.00074e+06
1.07193e+06
1.1371e+06
1.07598e+06
961438
734058
577855
451615
330190
259247
226714
215087
218875
233847
255507
280837
301170
315696
316822
236043
147397
99149
68292
49080
36170
28103
23449
21689
19742
19702
18980
17129
13780
9126
4514
0
0
0
0
0
0
0
0
0
0
0
0
0
0
0
0
0
0
0
0
0
0
0
0
0
0
0
0
0
0
0
0
0
0
0
0
0
0
0
0
0
0
0
0
0
0
0
0
0
0
0
0
0
0
0
0
0
0
0
0
0
0
0
0
0
0
0
0
0
0
0
0
0
0
0
0
0
0
0
0
0
0
0
0
0
0
0
0
0
0
0
0
0
0
0
0
0
0
0
0
0
0
0
0
0
0
0
0
0
0
0
0
0
0
0
0
0
0
0
0
0
0
0
0
0
0
0
0
0
0
0
0
0
0
0
0
0
0
0
0
0
0
0
0
0
0
0
0
0
0
0
0
0
0
0
0
0
0
0
0
0
0
0
0
0
0
0
0
0
0
0
0
0
0
0
0
0
0
0
0
0
0
0
0
0
0
0
0
0
0
0
0
0
0
0
0
0
0
0
0
