407552
0
0
0
0
0
0
0
0
9
33
94
485
1527
5328
17089
53674
160979
345651
434323
420584
317879
241734
193077
165240
156142
162819
185229
228004
261974
301682
366216
453759
554713
665525
767330
733130
704143
686852
674103
683614
660624
647165
671012
730203
838372
848264
878151
934315
1.02486e+06
1.11651e+06
1.20791e+06
1.31358e+06
1.4682e+06
1.49487e+06
1.38902e+06
1.34077e+06
1.32925e+06
1.33213e+06
1.37476e+06
1.48064e+06
1.58527e+06
1.5673e+06
1.63467e+06
1.75246e+06
1.77656e+06
1.84688e+06
1.98068e+06
2.02629e+06
2.09372e+06
2.23816e+06
2.29998e+06
2.3963e+06
2.59067e+06
2.44625e+06
2.34895e+06
2.32047e+06
2.35636e+06
2.49953e+06
2.59105e+06
2.58659e+06
2.69116e+06
2.79191e+06
2.97932e+06
3.15456e+06
3.18733e+06
3.34611e+06
3.41248e+06
3.60443e+06
3.63123e+06
3.54454e+06
3.57075e+06
3.55634e+06
3.66813e+06
3.6092e+06
3.6767e+06
3.73044e+06
3.9035e+06
3.98046e+06
4.0649e+06
4.24558e+06
4.5423e+06
4.74311e+06
4.7552e+06
4.87658e+06
5.0746e+06
5.15751e+06
5.03531e+06
4.95957e+06
4.86519e+06
4.84032e+06
4.8768e+06
5.07064e+06
5.45559e+06
5.4677e+06
5.53788e+06
5.67528e+06
5.77125e+06
5.61472e+06
5.50124e+06
5.54684e+06
5.51284e+06
5.477e+06
5.45131e+06
5.30214e+06
4.99636e+06
4.86577e+06
4.85306e+06
4.67811e+06
4.53087e+06
4.47181e+06
4.4497e+06
4.44949e+06
4.5853e+06
4.59028e+06
4.60169e+06
4.62497e+06
4.4048e+06
4.20484e+06
4.17235e+06
4.063e+06
3.86248e+06
3.70711e+06
3.42976e+06
3.2362e+06
3.13836e+06
3.04685e+06
2.91446e+06
2.83965e+06
2.9019e+06
3.03125e+06
3.17844e+06
3.09966e+06
3.095e+06
2.89273e+06
2.53034e+06
2.17207e+06
1.94192e+06
1.77726e+06
1.62611e+06
1.40865e+06
1.295e+06
1.23442e+06
1.19066e+06
1.21003e+06
1.24316e+06
1.29952e+06
1.34814e+06
1.27214e+06
1.1422e+06
901106
730508
590257
456321
372834
329170
309413
304159
311709
327030
346032
359756
367708
363262
276732
182151
128718
93372
69582
52793
41670
34258
30252
26260
24372
22365
19141
14886
9509
4548
0
0
0
0
0
0
0
0
0
0
0
0
0
0
0
0
0
0
0
0
0
0
0
0
0
0
0
0
0
0
0
0
0
0
0
0
0
0
0
0
0
0
0
0
0
0
0
0
0
0
0
0
0
0
0
0
0
0
0
0
0
0
0
0
0
0
0
0
0
0
0
0
0
0
0
0
0
0
0
0
0
0
0
0
0
0
0
0
0
0
0
0
0
0
0
0
0
0
0
0
0
0
0
0
0
0
0
0
0
0
0
0
0
0
0
0
0
0
0
0
0
0
0
0
0
0
0
0
0
0
0
0
0
0
0
0
0
0
0
0
0
0
0
0
0
0
0
0
0
0
0
0
0
0
0
0
0
0
0
0
0
0
0
0
0
0
0
0
0
0
0
0
0
0
0
0
0
0
0
0
0
0
0
0
0
0
0
0
0
0
0
0
0
0
0
0
0
0
0
0
