550912
0
0
0
0
0
0
0
0
9
39
103
539
1656
5768
18805
59256
187499
484025
655442
577653
418063
311445
250920
217350
207994
217412
246591
299327
347717
409091
503286
628852
759925
892188
1.01013e+06
992434
977376
958436
923733
913503
878456
860863
891743
965778
1.09778e+06
1.13655e+06
1.20318e+06
1.29738e+06
1.42749e+06
1.54679e+06
1.65967e+06
1.77522e+06
1.9378e+06
1.96856e+06
1.86376e+06
1.81854e+06
1.80634e+06
1.81154e+06
1.86355e+06
1.97827e+06
2.10554e+06
2.11562e+06
2.21992e+06
2.37676e+06
2.4378e+06
2.54216e+06
2.70717e+06
2.77667e+06
2.85547e+06
3.0054e+06
3.07748e+06
3.1775e+06
3.38338e+06
3.25724e+06
3.17599e+06
3.16197e+06
3.22358e+06
3.40148e+06
3.52437e+06
3.55856e+06
3.69577e+06
3.82863e+06
4.04713e+06
4.24948e+06
4.30683e+06
4.48314e+06
4.57211e+06
4.78203e+06
4.82698e+06
4.76072e+06
4.79614e+06
4.81544e+06
4.95466e+06
4.9333e+06
5.03538e+06
5.12944e+06
5.3336e+06
5.44341e+06
5.56217e+06
5.77281e+06
6.10435e+06
6.32977e+06
6.36124e+06
6.51264e+06
6.7336e+06
6.84574e+06
6.7563e+06
6.71075e+06
6.65479e+06
6.65611e+06
6.73333e+06
6.96249e+06
7.39306e+06
7.44485e+06
7.53765e+06
7.65939e+06
7.74037e+06
7.55894e+06
7.4249e+06
7.44936e+06
7.38843e+06
7.33052e+06
7.27727e+06
7.11145e+06
6.791e+06
6.64097e+06
6.59953e+06
6.40098e+06
6.22871e+06
6.13612e+06
6.09848e+06
6.06973e+06
6.17907e+06
6.15489e+06
6.13735e+06
6.13286e+06
5.88029e+06
5.63857e+06
5.57441e+06
5.42658e+06
5.19607e+06
5.00755e+06
4.69814e+06
4.47573e+06
4.35758e+06
4.22267e+06
4.05365e+06
3.94398e+06
3.96904e+06
4.05756e+06
4.16303e+06
4.04672e+06
3.99759e+06
3.75485e+06
3.35469e+06
2.95927e+06
2.68222e+06
2.47543e+06
2.28027e+06
2.02415e+06
1.86377e+06
1.75407e+06
1.66464e+06
1.64687e+06
1.64682e+06
1.67367e+06
1.69386e+06
1.59027e+06
1.43535e+06
1.1718e+06
981031
823135
669817
568293
506615
471530
451384
442571
446969
451793
453943
452412
438502
342195
239224
177094
133778
104324
82452
65247
53571
45021
37040
31673
27651
22352
16687
10279
4681
0
0
0
0
0
0
0
0
0
0
0
0
0
0
0
0
0
0
0
0
0
0
0
0
0
0
0
0
0
0
0
0
0
0
0
0
0
0
0
0
0
0
0
0
0
0
0
0
0
0
0
0
0
0
0
0
0
0
0
0
0
0
0
0
0
0
0
0
0
0
0
0
0
0
0
0
0
0
0
0
0
0
0
0
0
0
0
0
0
0
0
0
0
0
0
0
0
0
0
0
0
0
0
0
0
0
0
0
0
0
0
0
0
0
0
0
0
0
0
0
0
0
0
0
0
0
0
0
0
0
0
0
0
0
0
0
0
0
0
0
0
0
0
0
0
0
0
0
0
0
0
0
0
0
0
0
0
0
0
0
0
0
0
0
0
0
0
0
0
0
0
0
0
0
0
0
0
0
0
0
0
0
0
0
0
0
0
0
0
0
0
0
0
0
0
0
0
0
0
0
