737280
0
0
0
0
0
0
0
0
9
39
103
539
1656
5768
18805
59256
187550
575434
1.09692e+06
840176
538931
385678
308461
272341
263336
275310
313679
378116
446797
532706
677247
868090
1.05664e+06
1.21914e+06
1.33039e+06
1.31662e+06
1.33921e+06
1.35535e+06
1.2803e+06
1.20969e+06
1.13591e+06
1.11048e+06
1.14302e+06
1.23609e+06
1.40222e+06
1.49245e+06
1.62512e+06
1.78604e+06
1.97775e+06
2.14161e+06
2.28421e+06
2.4088e+06
2.56661e+06
2.57768e+06
2.47072e+06
2.43386e+06
2.42274e+06
2.42332e+06
2.47667e+06
2.59365e+06
2.7494e+06
2.79917e+06
2.96863e+06
3.1915e+06
3.31986e+06
3.48048e+06
3.6891e+06
3.78118e+06
3.86892e+06
4.01608e+06
4.08778e+06
4.18817e+06
4.40065e+06
4.28839e+06
4.22e+06
4.23385e+06
4.33813e+06
4.54753e+06
4.73128e+06
4.82211e+06
5.00677e+06
5.20046e+06
5.46587e+06
5.70328e+06
5.78461e+06
5.97732e+06
6.08307e+06
6.30687e+06
6.36428e+06
6.32284e+06
6.38018e+06
6.43269e+06
6.617e+06
6.63206e+06
6.79133e+06
6.94442e+06
7.19608e+06
7.35967e+06
7.52948e+06
7.77858e+06
8.15438e+06
8.40662e+06
8.45896e+06
8.62988e+06
8.89091e+06
9.0304e+06
8.97911e+06
8.9731e+06
8.96084e+06
9.01588e+06
9.14841e+06
9.41153e+06
9.91589e+06
1.00056e+07
1.01337e+07
1.02604e+07
1.03154e+07
1.01154e+07
9.94434e+06
9.9162e+06
9.81905e+06
9.72569e+06
9.64732e+06
9.44986e+06
9.11822e+06
8.94143e+06
8.86721e+06
8.6471e+06
8.44043e+06
8.30602e+06
8.22877e+06
8.17363e+06
8.24872e+06
8.20112e+06
8.14736e+06
8.09293e+06
7.79364e+06
7.50404e+06
7.39897e+06
7.20128e+06
6.91802e+06
6.69775e+06
6.35332e+06
6.09106e+06
5.92903e+06
5.74618e+06
5.53486e+06
5.37839e+06
5.36098e+06
5.39617e+06
5.45428e+06
5.28203e+06
5.17581e+06
4.87113e+06
4.41684e+06
3.97489e+06
3.64614e+06
3.38327e+06
3.13734e+06
2.82069e+06
2.59097e+06
2.42693e+06
2.28127e+06
2.22342e+06
2.17659e+06
2.1619e+06
2.14116e+06
2.00377e+06
1.81827e+06
1.52609e+06
1.30731e+06
1.12516e+06
948486
821407
736818
680762
640289
612039
600875
587340
577745
565346
538243
427874
314586
240711
186422
150627
119238
96710
76733
62718
51035
41336
34027
26248
19408
11206
4804
0
0
0
0
0
0
0
0
0
0
0
0
0
0
0
0
0
0
0
0
0
0
0
0
0
0
0
0
0
0
0
0
0
0
0
0
0
0
0
0
0
0
0
0
0
0
0
0
0
0
0
0
0
0
0
0
0
0
0
0
0
0
0
0
0
0
0
0
0
0
0
0
0
0
0
0
0
0
0
0
0
0
0
0
0
0
0
0
0
0
0
0
0
0
0
0
0
0
0
0
0
0
0
0
0
0
0
0
0
0
0
0
0
0
0
0
0
0
0
0
0
0
0
0
0
0
0
0
0
0
0
0
0
0
0
0
0
0
0
0
0
0
0
0
0
0
0
0
0
0
0
0
0
0
0
0
0
0
0
0
0
0
0
0
0
0
0
0
0
0
0
0
0
0
0
0
0
0
0
0
0
0
0
0
0
0
0
0
0
0
0
0
0
0
0
0
0
0
0
0
