763904
0
0
0
0
0
0
0
0
9
39
103
539
1656
5768
18805
59256
187550
584586
1.16312e+06
880181
556153
396128
316616
279748
270538
283319
323057
388734
460003
551012
702091
901519
1.10001e+06
1.26703e+06
1.37684e+06
1.36136e+06
1.3906e+06
1.41336e+06
1.33323e+06
1.25351e+06
1.17186e+06
1.14526e+06
1.1777e+06
1.27263e+06
1.44401e+06
1.54226e+06
1.68509e+06
1.8563e+06
2.05762e+06
2.22866e+06
2.37471e+06
2.50001e+06
2.65636e+06
2.66577e+06
2.55673e+06
2.52247e+06
2.51115e+06
2.51078e+06
2.56274e+06
2.67976e+06
2.83879e+06
2.89538e+06
3.07485e+06
3.30932e+06
3.44608e+06
3.61542e+06
3.83161e+06
3.92773e+06
4.01483e+06
4.15939e+06
4.232e+06
4.33375e+06
4.54495e+06
4.43566e+06
4.36645e+06
4.38644e+06
4.49546e+06
4.70989e+06
4.90259e+06
5.00175e+06
5.19545e+06
5.39928e+06
5.67015e+06
5.91118e+06
5.99628e+06
6.19415e+06
6.29876e+06
6.52471e+06
6.58375e+06
6.54523e+06
6.60388e+06
6.66224e+06
6.85454e+06
6.87278e+06
7.03996e+06
7.20209e+06
7.46582e+06
7.63468e+06
7.80955e+06
8.06938e+06
8.44897e+06
8.70493e+06
8.75534e+06
8.93391e+06
9.1986e+06
9.3417e+06
9.29638e+06
9.29362e+06
9.28905e+06
9.35386e+06
9.49201e+06
9.76179e+06
1.02744e+07
1.03719e+07
1.05085e+07
1.06307e+07
1.06855e+07
1.04826e+07
1.03022e+07
1.02688e+07
1.01657e+07
1.00687e+07
9.98455e+06
9.78163e+06
9.45079e+06
9.27126e+06
9.19246e+06
8.96814e+06
8.75546e+06
8.61664e+06
8.53207e+06
8.47602e+06
8.5451e+06
8.49089e+06
8.4358e+06
8.3746e+06
8.06491e+06
7.7701e+06
7.65968e+06
7.45482e+06
7.16041e+06
6.94208e+06
6.58879e+06
6.3246e+06
6.15312e+06
5.96358e+06
5.74714e+06
5.58284e+06
5.55809e+06
5.58878e+06
5.63811e+06
5.45894e+06
5.34267e+06
5.03125e+06
4.56949e+06
4.11914e+06
3.78222e+06
3.51515e+06
3.25989e+06
2.93379e+06
2.69589e+06
2.52336e+06
2.37076e+06
2.30477e+06
2.25228e+06
2.23171e+06
2.20395e+06
2.06184e+06
1.87268e+06
1.57716e+06
1.35439e+06
1.1694e+06
987503
858670
769081
709781
667387
636733
623187
606813
595399
581136
552094
440389
325011
249902
194405
157214
124260
101221
80097
65440
53031
42636
34947
26791
19726
11308
4819
0
0
0
0
0
0
0
0
0
0
0
0
0
0
0
0
0
0
0
0
0
0
0
0
0
0
0
0
0
0
0
0
0
0
0
0
0
0
0
0
0
0
0
0
0
0
0
0
0
0
0
0
0
0
0
0
0
0
0
0
0
0
0
0
0
0
0
0
0
0
0
0
0
0
0
0
0
0
0
0
0
0
0
0
0
0
0
0
0
0
0
0
0
0
0
0
0
0
0
0
0
0
0
0
0
0
0
0
0
0
0
0
0
0
0
0
0
0
0
0
0
0
0
0
0
0
0
0
0
0
0
0
0
0
0
0
0
0
0
0
0
0
0
0
0
0
0
0
0
0
0
0
0
0
0
0
0
0
0
0
0
0
0
0
0
0
0
0
0
0
0
0
0
0
0
0
0
0
0
0
0
0
0
0
0
0
0
0
0
0
0
0
0
0
0
0
0
0
0
0
