34816
0
0
0
0
0
0
0
0
0
0
0
0
0
0
22
182
3123
20834
48268
72580
35507
16383
7805
4305
4271
6894
13992
29742
25600
15176
13905
22275
42093
82254
132891
70732
41569
32883
39069
67268
56156
39387
44353
70088
134852
87831
53127
42302
55644
65020
71746
111306
221634
226480
117704
77557
73717
67481
85493
148569
209575
131293
125658
173133
122149
113733
167877
136563
132756
202344
200272
249888
419920
258631
152654
116023
132579
230294
259020
167289
173021
173097
249376
317603
245747
310954
299706
424528
410739
292966
294785
263420
358891
262681
275658
252045
325921
292644
244508
286411
449919
516878
412216
441215
574351
624552
486869
410811
310740
251922
227889
324609
592696
453140
389660
499252
601913
486386
406061
467400
460585
494406
590344
587189
411812
375543
432512
326996
249819
255761
283212
328801
470677
482758
491928
559464
400615
287374
367766
379238
329425
344443
247795
211573
240568
250609
174320
113303
155193
250497
389350
348661
451069
406094
251081
115374
95646
125049
135149
47509
33720
41123
44173
72193
111465
167134
234693
220156
191770
78813
48819
42300
11462
994
312
461
1280
3809
8917
18830
36861
65393
98851
59376
14253
3804
1035
276
70
23
26
60
238
583
1419
2460
3940
4820
3855
0
0
0
0
0
0
0
0
0
0
0
0
0
0
0
0
0
0
0
0
0
0
0
0
0
0
0
0
0
0
0
0
0
0
0
0
0
0
0
0
0
0
0
0
0
0
0
0
0
0
0
0
0
0
0
0
0
0
0
0
0
0
0
0
0
0
0
0
0
0
0
0
0
0
0
0
0
0
0
0
0
0
0
0
0
0
0
0
0
0
0
0
0
0
0
0
0
0
0
0
0
0
0
0
0
0
0
0
0
0
0
0
0
0
0
0
0
0
0
0
0
0
0
0
0
0
0
0
0
0
0
0
0
0
0
0
0
0
0
0
0
0
0
0
0
0
0
0
0
0
0
0
0
0
0
0
0
0
0
0
0
0
0
0
0
0
0
0
0
0
0
0
0
0
0
0
0
0
0
0
0
0
0
0
0
0
0
0
0
0
0
0
0
0
0
0
0
0
0
0
