739328
0
0
0
0
0
0
0
0
9
39
103
539
1656
5768
18805
59256
187550
576167
1.10199e+06
843241
540253
386498
309080
272910
263888
275938
314378
378961
447796
534130
679152
870648
1.06002e+06
1.2228e+06
1.33396e+06
1.32008e+06
1.34314e+06
1.35982e+06
1.28434e+06
1.21305e+06
1.13871e+06
1.11318e+06
1.14566e+06
1.23893e+06
1.40542e+06
1.49629e+06
1.6298e+06
1.7914e+06
1.9839e+06
2.14826e+06
2.29116e+06
2.4158e+06
2.57361e+06
2.58436e+06
2.47733e+06
2.4407e+06
2.42955e+06
2.42999e+06
2.48337e+06
2.60031e+06
2.75628e+06
2.80654e+06
2.97681e+06
3.20054e+06
3.32962e+06
3.49088e+06
3.70004e+06
3.7924e+06
3.88017e+06
4.02701e+06
4.09892e+06
4.1994e+06
4.41179e+06
4.29967e+06
4.23129e+06
4.24556e+06
4.35026e+06
4.55998e+06
4.74455e+06
4.83588e+06
5.02129e+06
5.21583e+06
5.48144e+06
5.71932e+06
5.80094e+06
5.99388e+06
6.09973e+06
6.3235e+06
6.38125e+06
6.33994e+06
6.39747e+06
6.4503e+06
6.63525e+06
6.65054e+06
6.81053e+06
6.96431e+06
7.21674e+06
7.38079e+06
7.55112e+06
7.80092e+06
8.17702e+06
8.4295e+06
8.48182e+06
8.65314e+06
8.91483e+06
9.05415e+06
9.0036e+06
8.99775e+06
8.98604e+06
9.04193e+06
9.17497e+06
9.43829e+06
9.94355e+06
1.00337e+07
1.01624e+07
1.02891e+07
1.03438e+07
1.01436e+07
9.97179e+06
9.94336e+06
9.84574e+06
9.75209e+06
9.67325e+06
9.47534e+06
9.14382e+06
8.96687e+06
8.89224e+06
8.67175e+06
8.46474e+06
8.32972e+06
8.25219e+06
8.19684e+06
8.27159e+06
8.22341e+06
8.16956e+06
8.11458e+06
7.81445e+06
7.5245e+06
7.41914e+06
7.22072e+06
6.9367e+06
6.71653e+06
6.37136e+06
6.10909e+06
5.94623e+06
5.76298e+06
5.55114e+06
5.39415e+06
5.37611e+06
5.41098e+06
5.46845e+06
5.29564e+06
5.18863e+06
4.88349e+06
4.42856e+06
3.98595e+06
3.65665e+06
3.39337e+06
3.14679e+06
2.82935e+06
2.59908e+06
2.43438e+06
2.28806e+06
2.22973e+06
2.18239e+06
2.16732e+06
2.14593e+06
2.00828e+06
1.82247e+06
1.52998e+06
1.31095e+06
1.12858e+06
951506
824255
739318
682954
642407
613931
602611
588797
579098
566567
539320
428828
315391
241407
187052
151126
119623
97064
76980
62934
51188
41439
34099
26283
19438
11212
4806
0
0
0
0
0
0
0
0
0
0
0
0
0
0
0
0
0
0
0
0
0
0
0
0
0
0
0
0
0
0
0
0
0
0
0
0
0
0
0
0
0
0
0
0
0
0
0
0
0
0
0
0
0
0
0
0
0
0
0
0
0
0
0
0
0
0
0
0
0
0
0
0
0
0
0
0
0
0
0
0
0
0
0
0
0
0
0
0
0
0
0
0
0
0
0
0
0
0
0
0
0
0
0
0
0
0
0
0
0
0
0
0
0
0
0
0
0
0
0
0
0
0
0
0
0
0
0
0
0
0
0
0
0
0
0
0
0
0
0
0
0
0
0
0
0
0
0
0
0
0
0
0
0
0
0
0
0
0
0
0
0
0
0
0
0
0
0
0
0
0
0
0
0
0
0
0
0
0
0
0
0
0
0
0
0
0
0
0
0
0
0
0
0
0
0
0
0
0
0
0
