198656
0
0
0
0
0
0
0
0
0
8
14
74
276
1186
4795
18136
65433
164541
229878
238692
168456
119107
88248
70548
65944
69574
82843
110150
121718
133952
163934
212636
275715
351228
424007
368755
336829
322265
317940
336814
319485
303858
316650
358596
441235
415465
404768
419749
469469
521389
576285
656938
794469
805652
689539
637224
622629
617720
644970
727318
808284
754043
781684
855194
834655
860416
952688
960208
1.00056e+06
1.11685e+06
1.15632e+06
1.22973e+06
1.40754e+06
1.2436e+06
1.12644e+06
1.07604e+06
1.08859e+06
1.19467e+06
1.24731e+06
1.19114e+06
1.24727e+06
1.30447e+06
1.44247e+06
1.5711e+06
1.55722e+06
1.6747e+06
1.70698e+06
1.86753e+06
1.86681e+06
1.75355e+06
1.75269e+06
1.71125e+06
1.79679e+06
1.69767e+06
1.72098e+06
1.72555e+06
1.84505e+06
1.87079e+06
1.8972e+06
2.02013e+06
2.27036e+06
2.42169e+06
2.38855e+06
2.46352e+06
2.62199e+06
2.66972e+06
2.50778e+06
2.40022e+06
2.26909e+06
2.20406e+06
2.19592e+06
2.34141e+06
2.67662e+06
2.62375e+06
2.64016e+06
2.78662e+06
2.89361e+06
2.75649e+06
2.6673e+06
2.73894e+06
2.73995e+06
2.74771e+06
2.76522e+06
2.66012e+06
2.4048e+06
2.31338e+06
2.32861e+06
2.1979e+06
2.08931e+06
2.06568e+06
2.07494e+06
2.11044e+06
2.26922e+06
2.30502e+06
2.34134e+06
2.40257e+06
2.2229e+06
2.07161e+06
2.09728e+06
2.04031e+06
1.90078e+06
1.81233e+06
1.60323e+06
1.46991e+06
1.4223e+06
1.38418e+06
1.2966e+06
1.26125e+06
1.35375e+06
1.51305e+06
1.6988e+06
1.6689e+06
1.72672e+06
1.58701e+06
1.30104e+06
1.02492e+06
874884
790207
712387
563992
511821
507445
518330
574693
641899
724743
802453
764021
676584
479559
357517
264134
167955
116556
97411
96174
106814
125976
151805
180379
207069
230364
241250
172205
94738
57842
35555
22982
15240
11326
9903
10243
10989
12521
13430
13060
11352
8082
4389
0
0
0
0
0
0
0
0
0
0
0
0
0
0
0
0
0
0
0
0
0
0
0
0
0
0
0
0
0
0
0
0
0
0
0
0
0
0
0
0
0
0
0
0
0
0
0
0
0
0
0
0
0
0
0
0
0
0
0
0
0
0
0
0
0
0
0
0
0
0
0
0
0
0
0
0
0
0
0
0
0
0
0
0
0
0
0
0
0
0
0
0
0
0
0
0
0
0
0
0
0
0
0
0
0
0
0
0
0
0
0
0
0
0
0
0
0
0
0
0
0
0
0
0
0
0
0
0
0
0
0
0
0
0
0
0
0
0
0
0
0
0
0
0
0
0
0
0
0
0
0
0
0
0
0
0
0
0
0
0
0
0
0
0
0
0
0
0
0
0
0
0
0
0
0
0
0
0
0
0
0
0
0
0
0
0
0
0
0
0
0
0
0
0
0
0
0
0
0
0
