120832
0
0
0
0
0
0
0
0
0
0
1
15
78
341
1590
7314
32324
97457
148899
165282
108223
70412
48344
36807
34390
38027
48840
70587
74558
75200
89923
122151
168595
229813
291126
228476
195697
183197
183938
206168
192952
178771
188586
223847
296341
259534
234703
234944
266736
301057
337361
404046
530190
537666
420792
370521
359682
353234
376967
453327
526288
460095
470435
529283
490259
497204
571888
562210
586254
686628
712533
779273
952417
785630
670049
620243
629005
725869
764545
689481
725688
759850
871513
974152
937119
1.03505e+06
1.05252e+06
1.19743e+06
1.19311e+06
1.07339e+06
1.06969e+06
1.0266e+06
1.10877e+06
1.0024e+06
1.01609e+06
1.00533e+06
1.10272e+06
1.10306e+06
1.10004e+06
1.19484e+06
1.41227e+06
1.53214e+06
1.47485e+06
1.53275e+06
1.67637e+06
1.72164e+06
1.55944e+06
1.45184e+06
1.31961e+06
1.24632e+06
1.22842e+06
1.35378e+06
1.66601e+06
1.5847e+06
1.57208e+06
1.70919e+06
1.80989e+06
1.67948e+06
1.59266e+06
1.6667e+06
1.67621e+06
1.70227e+06
1.75126e+06
1.6807e+06
1.44984e+06
1.38369e+06
1.41786e+06
1.297e+06
1.19869e+06
1.18654e+06
1.2045e+06
1.25013e+06
1.41439e+06
1.45118e+06
1.48283e+06
1.54884e+06
1.37422e+06
1.23769e+06
1.28932e+06
1.26618e+06
1.1623e+06
1.11614e+06
949841
854176
833021
814414
733399
694592
774500
921774
1.10584e+06
1.08292e+06
1.163e+06
1.05776e+06
817811
594068
493845
455130
413521
292523
260127
265105
280159
333977
399687
479583
560533
533671
470407
303994
215065
152439
80608
45984
36169
37719
46833
62261
83602
107867
135927
163539
183573
125178
58891
31953
16842
9616
5323
3948
3577
4381
5525
7298
8731
9171
8856
7140
4210
0
0
0
0
0
0
0
0
0
0
0
0
0
0
0
0
0
0
0
0
0
0
0
0
0
0
0
0
0
0
0
0
0
0
0
0
0
0
0
0
0
0
0
0
0
0
0
0
0
0
0
0
0
0
0
0
0
0
0
0
0
0
0
0
0
0
0
0
0
0
0
0
0
0
0
0
0
0
0
0
0
0
0
0
0
0
0
0
0
0
0
0
0
0
0
0
0
0
0
0
0
0
0
0
0
0
0
0
0
0
0
0
0
0
0
0
0
0
0
0
0
0
0
0
0
0
0
0
0
0
0
0
0
0
0
0
0
0
0
0
0
0
0
0
0
0
0
0
0
0
0
0
0
0
0
0
0
0
0
0
0
0
0
0
0
0
0
0
0
0
0
0
0
0
0
0
0
0
0
0
0
0
0
0
0
0
0
0
0
0
0
0
0
0
0
0
0
0
0
0
