528384
0
0
0
0
0
0
0
0
9
39
103
539
1656
5768
18805
59256
187285
465934
609685
548909
402470
302263
243173
210385
200902
209658
237949
289157
335331
393743
482194
599963
725616
853978
972012
952020
932741
912460
883685
877914
845978
829163
860397
930736
1.05913e+06
1.0928e+06
1.15246e+06
1.23867e+06
1.36177e+06
1.47705e+06
1.58583e+06
1.70081e+06
1.8622e+06
1.89453e+06
1.78989e+06
1.74389e+06
1.73112e+06
1.73838e+06
1.78842e+06
1.9021e+06
2.02575e+06
2.03133e+06
2.12912e+06
2.27839e+06
2.3316e+06
2.43025e+06
2.59034e+06
2.65684e+06
2.7338e+06
2.88544e+06
2.95516e+06
3.05509e+06
3.25961e+06
3.13084e+06
3.04906e+06
3.03073e+06
3.08871e+06
3.26068e+06
3.37914e+06
3.40461e+06
3.53669e+06
3.66349e+06
3.87798e+06
4.07635e+06
4.13107e+06
4.30257e+06
4.38921e+06
4.59729e+06
4.6401e+06
4.57118e+06
4.60436e+06
4.61872e+06
4.75311e+06
4.72677e+06
4.8224e+06
4.90926e+06
5.10848e+06
5.21211e+06
5.32574e+06
5.5314e+06
5.85954e+06
6.07837e+06
6.10819e+06
6.25742e+06
6.47319e+06
6.57971e+06
6.48619e+06
6.4371e+06
6.37427e+06
6.37106e+06
6.44302e+06
6.66464e+06
7.08726e+06
7.13447e+06
7.22388e+06
7.34566e+06
7.43145e+06
7.25258e+06
7.12189e+06
7.15034e+06
7.09589e+06
7.03716e+06
6.98987e+06
6.82774e+06
6.50832e+06
6.36282e+06
6.32716e+06
6.13041e+06
5.96151e+06
5.87543e+06
5.84017e+06
5.81437e+06
5.92817e+06
5.90834e+06
5.89558e+06
5.89514e+06
5.6484e+06
5.41333e+06
5.35499e+06
5.21218e+06
4.98717e+06
4.80254e+06
4.49763e+06
4.28156e+06
4.166e+06
4.03871e+06
3.87486e+06
3.77039e+06
3.80309e+06
3.89472e+06
4.00712e+06
3.89802e+06
3.85664e+06
3.61853e+06
3.22498e+06
2.83564e+06
2.56596e+06
2.36688e+06
2.17707e+06
1.92762e+06
1.77436e+06
1.67252e+06
1.59043e+06
1.57779e+06
1.58331e+06
1.61477e+06
1.64036e+06
1.53951e+06
1.389e+06
1.12946e+06
941607
785629
636298
537806
478657
446078
428459
422499
428351
435130
439319
439110
425970
332132
230136
169565
127590
99055
77499
61378
50477
42819
35444
30650
26878
21756
16412
10125
4654
0
0
0
0
0
0
0
0
0
0
0
0
0
0
0
0
0
0
0
0
0
0
0
0
0
0
0
0
0
0
0
0
0
0
0
0
0
0
0
0
0
0
0
0
0
0
0
0
0
0
0
0
0
0
0
0
0
0
0
0
0
0
0
0
0
0
0
0
0
0
0
0
0
0
0
0
0
0
0
0
0
0
0
0
0
0
0
0
0
0
0
0
0
0
0
0
0
0
0
0
0
0
0
0
0
0
0
0
0
0
0
0
0
0
0
0
0
0
0
0
0
0
0
0
0
0
0
0
0
0
0
0
0
0
0
0
0
0
0
0
0
0
0
0
0
0
0
0
0
0
0
0
0
0
0
0
0
0
0
0
0
0
0
0
0
0
0
0
0
0
0
0
0
0
0
0
0
0
0
0
0
0
0
0
0
0
0
0
0
0
0
0
0
0
0
0
0
0
0
0
