534528
0
0
0
0
0
0
0
0
9
39
103
539
1656
5768
18805
59256
187371
471147
621869
556645
406629
304893
245318
212242
202888
211813
240300
292004
338688
397955
487963
607793
734877
864442
982431
962920
945076
924747
894641
887716
854829
837890
868996
940324
1.0697e+06
1.10471e+06
1.16653e+06
1.25452e+06
1.37963e+06
1.49591e+06
1.60608e+06
1.721e+06
1.88253e+06
1.91492e+06
1.81006e+06
1.7643e+06
1.75162e+06
1.75831e+06
1.80916e+06
1.92264e+06
2.04765e+06
2.05446e+06
2.15392e+06
2.30524e+06
2.36032e+06
2.46082e+06
2.62212e+06
2.68936e+06
2.76715e+06
2.91805e+06
2.98862e+06
3.08838e+06
3.29329e+06
3.16542e+06
3.08375e+06
3.0667e+06
3.12558e+06
3.2988e+06
3.41871e+06
3.44677e+06
3.58008e+06
3.70858e+06
3.92405e+06
4.12345e+06
4.17902e+06
4.35171e+06
4.43905e+06
4.64755e+06
4.69142e+06
4.62296e+06
4.65652e+06
4.67212e+06
4.80814e+06
4.78338e+06
4.88036e+06
4.96917e+06
5.17033e+06
5.2752e+06
5.39001e+06
5.59712e+06
5.92625e+06
6.14674e+06
6.17733e+06
6.32706e+06
6.54407e+06
6.6527e+06
6.55977e+06
6.51143e+06
6.45086e+06
6.44898e+06
6.52193e+06
6.74599e+06
7.17078e+06
7.21939e+06
7.30908e+06
7.43124e+06
7.516e+06
7.33585e+06
7.2042e+06
7.23213e+06
7.176e+06
7.11696e+06
7.06828e+06
6.9048e+06
6.58589e+06
6.43833e+06
6.40148e+06
6.20457e+06
6.03403e+06
5.94659e+06
5.91065e+06
5.88402e+06
5.99661e+06
5.97554e+06
5.96158e+06
5.95987e+06
5.71165e+06
5.47492e+06
5.41482e+06
5.27022e+06
5.04397e+06
4.85892e+06
4.55232e+06
4.3346e+06
4.21795e+06
4.08939e+06
3.92326e+06
3.81771e+06
3.84866e+06
3.93888e+06
4.04966e+06
3.93844e+06
3.89498e+06
3.6559e+06
3.26032e+06
2.86938e+06
2.59741e+06
2.39697e+06
2.20505e+06
1.95376e+06
1.7989e+06
1.6948e+06
1.61068e+06
1.59671e+06
1.60055e+06
1.63077e+06
1.65506e+06
1.55328e+06
1.40148e+06
1.14115e+06
952380
795800
645403
546134
486345
453044
434650
428044
433440
439613
443355
442680
429383
334846
232642
171654
129268
100509
78783
62477
51336
43409
35855
30961
27059
21926
16501
10159
4666
0
0
0
0
0
0
0
0
0
0
0
0
0
0
0
0
0
0
0
0
0
0
0
0
0
0
0
0
0
0
0
0
0
0
0
0
0
0
0
0
0
0
0
0
0
0
0
0
0
0
0
0
0
0
0
0
0
0
0
0
0
0
0
0
0
0
0
0
0
0
0
0
0
0
0
0
0
0
0
0
0
0
0
0
0
0
0
0
0
0
0
0
0
0
0
0
0
0
0
0
0
0
0
0
0
0
0
0
0
0
0
0
0
0
0
0
0
0
0
0
0
0
0
0
0
0
0
0
0
0
0
0
0
0
0
0
0
0
0
0
0
0
0
0
0
0
0
0
0
0
0
0
0
0
0
0
0
0
0
0
0
0
0
0
0
0
0
0
0
0
0
0
0
0
0
0
0
0
0
0
0
0
0
0
0
0
0
0
0
0
0
0
0
0
0
0
0
0
0
0
