217088
0
0
0
0
0
0
0
0
0
11
18
104
344
1450
5739
20963
73662
180478
248684
255387
182100
129887
97540
78739
73762
77543
91464
119974
133597
148261
181504
234122
300336
379825
455328
401603
369418
354628
349388
367329
349160
334022
347918
390924
476027
452573
446029
464425
518063
573613
632809
716439
855123
867575
752448
699602
685057
679860
708168
792884
875772
824696
856108
933841
918134
947694
1.04279e+06
1.05513e+06
1.09855e+06
1.21737e+06
1.25808e+06
1.33334e+06
1.51283e+06
1.35075e+06
1.23402e+06
1.18465e+06
1.19982e+06
1.30814e+06
1.36436e+06
1.31235e+06
1.37326e+06
1.43505e+06
1.57841e+06
1.71083e+06
1.70225e+06
1.82327e+06
1.85966e+06
2.02252e+06
2.02535e+06
1.9137e+06
1.91338e+06
1.87326e+06
1.96053e+06
1.86543e+06
1.89135e+06
1.89936e+06
2.02408e+06
2.05464e+06
2.08624e+06
2.21596e+06
2.47222e+06
2.62948e+06
2.60052e+06
2.67941e+06
2.84271e+06
2.89288e+06
2.73148e+06
2.62586e+06
2.49704e+06
2.43289e+06
2.42942e+06
2.57871e+06
2.91859e+06
2.87165e+06
2.89565e+06
3.04144e+06
3.14769e+06
3.00913e+06
2.92059e+06
2.9911e+06
2.98983e+06
2.99247e+06
3.0037e+06
2.89329e+06
2.63157e+06
2.5369e+06
2.54728e+06
2.41194e+06
2.30095e+06
2.27495e+06
2.28141e+06
2.31466e+06
2.47357e+06
2.50818e+06
2.54563e+06
2.60371e+06
2.41932e+06
2.26331e+06
2.28391e+06
2.22188e+06
2.07522e+06
1.9788e+06
1.7605e+06
1.62006e+06
1.56685e+06
1.52407e+06
1.43351e+06
1.39697e+06
1.49e+06
1.65046e+06
1.83496e+06
1.80238e+06
1.85639e+06
1.70831e+06
1.4131e+06
1.12663e+06
966747
872484
787399
631773
574817
567110
576499
631231
697611
779691
855916
813934
722707
519688
391314
291572
190571
135708
114237
111972
122216
141696
167714
196391
222507
244800
253404
182271
102968
63940
40320
26712
18067
13449
11654
11867
12267
13614
14377
13850
11774
8271
4430
0
0
0
0
0
0
0
0
0
0
0
0
0
0
0
0
0
0
0
0
0
0
0
0
0
0
0
0
0
0
0
0
0
0
0
0
0
0
0
0
0
0
0
0
0
0
0
0
0
0
0
0
0
0
0
0
0
0
0
0
0
0
0
0
0
0
0
0
0
0
0
0
0
0
0
0
0
0
0
0
0
0
0
0
0
0
0
0
0
0
0
0
0
0
0
0
0
0
0
0
0
0
0
0
0
0
0
0
0
0
0
0
0
0
0
0
0
0
0
0
0
0
0
0
0
0
0
0
0
0
0
0
0
0
0
0
0
0
0
0
0
0
0
0
0
0
0
0
0
0
0
0
0
0
0
0
0
0
0
0
0
0
0
0
0
0
0
0
0
0
0
0
0
0
0
0
0
0
0
0
0
0
0
0
0
0
0
0
0
0
0
0
0
0
0
0
0
0
0
0
