311296
0
0
0
0
0
0
0
0
6
24
65
274
922
3296
11046
36498
116259
262367
341194
338517
250078
185822
144691
121274
113748
119346
137490
172799
196000
223983
272213
342047
426054
521823
610676
566753
536929
518907
511184
524385
503282
488416
506643
558163
653460
646619
658432
696199
767595
841447
918202
1.01417e+06
1.16063e+06
1.18026e+06
1.06934e+06
1.01826e+06
1.005e+06
1.00202e+06
1.03614e+06
1.13168e+06
1.22456e+06
1.18884e+06
1.23872e+06
1.33553e+06
1.3421e+06
1.39298e+06
1.50755e+06
1.53739e+06
1.59342e+06
1.7258e+06
1.77621e+06
1.86092e+06
2.04721e+06
1.89225e+06
1.78558e+06
1.74582e+06
1.77133e+06
1.89497e+06
1.96463e+06
1.93758e+06
2.02221e+06
2.10513e+06
2.27233e+06
2.42626e+06
2.44189e+06
2.57958e+06
2.63112e+06
2.809e+06
2.82312e+06
2.72095e+06
2.73292e+06
2.70493e+06
2.80518e+06
2.72563e+06
2.76964e+06
2.79925e+06
2.94822e+06
3.0036e+06
3.0612e+06
3.22088e+06
3.49754e+06
3.67978e+06
3.67385e+06
3.77345e+06
3.95304e+06
4.01367e+06
3.87201e+06
3.77938e+06
3.67143e+06
3.62118e+06
3.63403e+06
3.80061e+06
4.16801e+06
4.15032e+06
4.19812e+06
4.3446e+06
4.45016e+06
4.29998e+06
4.20212e+06
4.26269e+06
4.24488e+06
4.22804e+06
4.21953e+06
4.08606e+06
3.79636e+06
3.68405e+06
3.68143e+06
3.52622e+06
3.39578e+06
3.35492e+06
3.35258e+06
3.36765e+06
3.51563e+06
3.54091e+06
3.56945e+06
3.61069e+06
3.40947e+06
3.23312e+06
3.22261e+06
3.13712e+06
2.96264e+06
2.83182e+06
2.57928e+06
2.4095e+06
2.33235e+06
2.26473e+06
2.15552e+06
2.10484e+06
2.18851e+06
2.34173e+06
2.50999e+06
2.45634e+06
2.48027e+06
2.30391e+06
1.96997e+06
1.64458e+06
1.44597e+06
1.31274e+06
1.19372e+06
1.00624e+06
921239
888877
875625
917290
971807
1.04474e+06
1.1114e+06
1.05158e+06
938633
713757
559612
435592
315492
246322
214921
204568
208908
224348
246672
272750
294276
309335
311038
231267
143262
95498
65367
46791
34284
26492
22196
20704
18995
19078
18546
16882
13651
9049
4508
0
0
0
0
0
0
0
0
0
0
0
0
0
0
0
0
0
0
0
0
0
0
0
0
0
0
0
0
0
0
0
0
0
0
0
0
0
0
0
0
0
0
0
0
0
0
0
0
0
0
0
0
0
0
0
0
0
0
0
0
0
0
0
0
0
0
0
0
0
0
0
0
0
0
0
0
0
0
0
0
0
0
0
0
0
0
0
0
0
0
0
0
0
0
0
0
0
0
0
0
0
0
0
0
0
0
0
0
0
0
0
0
0
0
0
0
0
0
0
0
0
0
0
0
0
0
0
0
0
0
0
0
0
0
0
0
0
0
0
0
0
0
0
0
0
0
0
0
0
0
0
0
0
0
0
0
0
0
0
0
0
0
0
0
0
0
0
0
0
0
0
0
0
0
0
0
0
0
0
0
0
0
0
0
0
0
0
0
0
0
0
0
0
0
0
0
0
0
0
0
