264192
0
0
0
0
0
0
0
0
0
16
33
186
600
2297
8284
28649
94827
221597
295199
297274
216080
157910
121138
99969
93966
98666
114245
146050
164134
185476
226513
288389
363299
451416
533204
484376
454201
436942
429825
445787
426417
411048
427574
474039
564340
548934
552037
580449
642073
706375
776191
866168
1.00869e+06
1.02518e+06
911661
859206
844931
839836
871796
961269
1.05016e+06
1.00658e+06
1.04787e+06
1.13524e+06
1.12975e+06
1.16871e+06
1.27472e+06
1.29601e+06
1.34694e+06
1.47319e+06
1.51823e+06
1.59713e+06
1.78022e+06
1.62138e+06
1.51007e+06
1.46487e+06
1.48559e+06
1.60067e+06
1.66375e+06
1.6243e+06
1.69801e+06
1.76914e+06
1.92523e+06
2.06861e+06
2.07285e+06
2.20085e+06
2.2454e+06
2.41568e+06
2.42634e+06
2.3186e+06
2.32506e+06
2.28942e+06
2.38175e+06
2.29455e+06
2.32952e+06
2.34822e+06
2.48623e+06
2.52686e+06
2.57173e+06
2.71935e+06
2.9849e+06
3.15483e+06
3.13822e+06
3.22654e+06
3.39939e+06
3.45484e+06
3.30319e+06
3.20592e+06
3.08561e+06
3.02586e+06
3.0303e+06
3.18684e+06
3.54123e+06
3.50728e+06
3.54454e+06
3.6932e+06
3.79913e+06
3.65477e+06
3.56352e+06
3.62932e+06
3.62136e+06
3.61338e+06
3.61259e+06
3.49028e+06
3.21306e+06
3.10945e+06
3.11123e+06
2.96676e+06
2.84527e+06
2.81128e+06
2.81511e+06
2.84014e+06
2.99454e+06
3.02508e+06
3.05859e+06
3.11067e+06
2.91862e+06
2.7521e+06
2.75638e+06
2.68115e+06
2.52137e+06
2.40471e+06
2.1675e+06
2.00909e+06
1.94363e+06
1.88965e+06
1.79098e+06
1.7485e+06
1.83943e+06
1.99695e+06
2.17741e+06
2.13616e+06
2.17414e+06
2.01031e+06
1.69348e+06
1.38573e+06
1.20439e+06
1.08884e+06
986611
814660
743219
725057
724668
774893
837348
916116
988083
936813
833636
617718
475501
362706
250823
188672
162430
156388
163951
182113
207083
235848
259853
278872
283061
207532
123726
79682
52638
36448
25690
19367
16648
16155
15674
16348
16534
15599
12904
8725
4470
0
0
0
0
0
0
0
0
0
0
0
0
0
0
0
0
0
0
0
0
0
0
0
0
0
0
0
0
0
0
0
0
0
0
0
0
0
0
0
0
0
0
0
0
0
0
0
0
0
0
0
0
0
0
0
0
0
0
0
0
0
0
0
0
0
0
0
0
0
0
0
0
0
0
0
0
0
0
0
0
0
0
0
0
0
0
0
0
0
0
0
0
0
0
0
0
0
0
0
0
0
0
0
0
0
0
0
0
0
0
0
0
0
0
0
0
0
0
0
0
0
0
0
0
0
0
0
0
0
0
0
0
0
0
0
0
0
0
0
0
0
0
0
0
0
0
0
0
0
0
0
0
0
0
0
0
0
0
0
0
0
0
0
0
0
0
0
0
0
0
0
0
0
0
0
0
0
0
0
0
0
0
0
0
0
0
0
0
0
0
0
0
0
0
0
0
0
0
0
0
