768000
0
0
0
0
0
0
0
0
9
39
103
539
1656
5768
18805
59256
187550
585954
1.17328e+06
886379
558871
397736
317811
280860
271648
284606
324497
390332
462023
553861
705879
906687
1.10664e+06
1.27454e+06
1.38395e+06
1.36818e+06
1.39862e+06
1.42218e+06
1.34142e+06
1.26022e+06
1.17742e+06
1.1506e+06
1.18303e+06
1.27819e+06
1.45049e+06
1.54996e+06
1.69417e+06
1.86713e+06
2.06994e+06
2.24198e+06
2.38876e+06
2.51422e+06
2.67001e+06
2.67929e+06
2.56994e+06
2.53616e+06
2.52466e+06
2.52442e+06
2.57588e+06
2.69291e+06
2.85253e+06
2.91027e+06
3.09118e+06
3.32745e+06
3.46537e+06
3.63622e+06
3.85374e+06
3.9502e+06
4.03719e+06
4.18158e+06
4.25425e+06
4.35606e+06
4.56715e+06
4.4582e+06
4.38913e+06
4.40986e+06
4.51963e+06
4.73493e+06
4.92893e+06
5.02927e+06
5.22452e+06
5.42987e+06
5.70169e+06
5.94311e+06
6.02875e+06
6.22759e+06
6.33202e+06
6.55819e+06
6.6175e+06
6.57947e+06
6.63798e+06
6.69766e+06
6.89114e+06
6.91007e+06
7.07806e+06
7.24165e+06
7.50718e+06
7.67722e+06
7.85264e+06
8.11396e+06
8.49453e+06
8.7508e+06
8.80098e+06
8.98086e+06
9.24548e+06
9.38994e+06
9.34508e+06
9.34276e+06
9.33969e+06
9.40559e+06
9.54497e+06
9.81595e+06
1.03293e+07
1.04283e+07
1.05662e+07
1.06876e+07
1.07424e+07
1.0539e+07
1.03574e+07
1.0323e+07
1.02191e+07
1.01214e+07
1.00364e+07
9.83298e+06
9.50171e+06
9.32194e+06
9.24257e+06
9.0173e+06
8.8041e+06
8.66469e+06
8.57854e+06
8.52262e+06
8.59057e+06
8.53565e+06
8.48009e+06
8.41786e+06
8.10685e+06
7.81085e+06
7.69967e+06
7.49371e+06
7.19804e+06
6.97934e+06
6.62543e+06
6.36019e+06
6.18785e+06
5.99682e+06
5.77983e+06
5.61432e+06
5.58847e+06
5.61846e+06
5.66615e+06
5.48623e+06
5.36842e+06
5.05588e+06
4.59299e+06
4.14138e+06
3.80313e+06
3.53541e+06
3.27867e+06
2.95126e+06
2.71206e+06
2.53814e+06
2.38462e+06
2.31716e+06
2.264e+06
2.24242e+06
2.21371e+06
2.07066e+06
1.88108e+06
1.58495e+06
1.36167e+06
1.17615e+06
993541
864413
774001
714297
671583
640483
626565
609893
598128
583550
554159
442378
326587
251323
195645
158212
125048
101892
80657
65863
53314
42831
35094
26884
19767
11326
4819
0
0
0
0
0
0
0
0
0
0
0
0
0
0
0
0
0
0
0
0
0
0
0
0
0
0
0
0
0
0
0
0
0
0
0
0
0
0
0
0
0
0
0
0
0
0
0
0
0
0
0
0
0
0
0
0
0
0
0
0
0
0
0
0
0
0
0
0
0
0
0
0
0
0
0
0
0
0
0
0
0
0
0
0
0
0
0
0
0
0
0
0
0
0
0
0
0
0
0
0
0
0
0
0
0
0
0
0
0
0
0
0
0
0
0
0
0
0
0
0
0
0
0
0
0
0
0
0
0
0
0
0
0
0
0
0
0
0
0
0
0
0
0
0
0
0
0
0
0
0
0
0
0
0
0
0
0
0
0
0
0
0
0
0
0
0
0
0
0
0
0
0
0
0
0
0
0
0
0
0
0
0
0
0
0
0
0
0
0
0
0
0
0
0
0
0
0
0
0
0
