452608
0
0
0
0
0
0
0
0
9
39
103
539
1653
5764
18743
58767
178839
388751
484561
462246
349684
266580
214021
184094
175012
182341
207005
252962
291253
337057
409927
506853
615784
733332
842172
813011
785006
767476
750550
756729
732643
719381
746226
810861
924241
941084
979806
1.04539e+06
1.146e+06
1.24595e+06
1.34583e+06
1.45563e+06
1.61355e+06
1.64355e+06
1.53864e+06
1.49167e+06
1.47998e+06
1.4854e+06
1.53198e+06
1.64177e+06
1.75325e+06
1.74217e+06
1.82042e+06
1.94847e+06
1.98017e+06
2.06116e+06
2.20416e+06
2.25602e+06
2.32928e+06
2.48043e+06
2.54649e+06
2.64329e+06
2.84201e+06
2.70433e+06
2.6107e+06
2.58699e+06
2.63011e+06
2.78577e+06
2.88607e+06
2.89072e+06
3.00484e+06
3.11441e+06
3.31274e+06
3.49647e+06
3.53671e+06
3.7019e+06
3.77738e+06
3.97469e+06
4.00814e+06
3.9301e+06
3.95978e+06
3.95364e+06
4.0732e+06
4.02736e+06
4.10294e+06
4.16782e+06
4.35018e+06
4.43782e+06
4.53423e+06
4.72714e+06
5.03286e+06
5.23997e+06
5.26e+06
5.39195e+06
5.59746e+06
5.68789e+06
5.57739e+06
5.5109e+06
5.42865e+06
5.41228e+06
5.46057e+06
5.66541e+06
6.06111e+06
6.08582e+06
6.16631e+06
6.29862e+06
6.38967e+06
6.22773e+06
6.10681e+06
6.14494e+06
6.10402e+06
6.05763e+06
6.02424e+06
5.87217e+06
5.56094e+06
5.42156e+06
5.40403e+06
5.22167e+06
5.0623e+06
4.99459e+06
4.96762e+06
4.95877e+06
5.08599e+06
5.083e+06
5.08342e+06
5.09758e+06
4.86741e+06
4.65704e+06
4.61283e+06
4.49381e+06
4.28218e+06
4.11557e+06
3.82745e+06
3.6245e+06
3.52137e+06
3.41533e+06
3.27288e+06
3.18758e+06
3.23784e+06
3.35448e+06
3.48698e+06
3.39851e+06
3.37957e+06
3.16172e+06
2.78824e+06
2.42092e+06
2.17575e+06
1.99729e+06
1.83247e+06
1.60076e+06
1.47289e+06
1.39751e+06
1.33934e+06
1.347e+06
1.37001e+06
1.41664e+06
1.45768e+06
1.37219e+06
1.2342e+06
987206
809127
662803
522092
433499
384746
360731
351075
353866
365410
379571
389740
393882
386402
297112
199754
144278
106188
80553
61780
48846
40253
35084
29743
26770
24191
20106
15436
9680
4571
0
0
0
0
0
0
0
0
0
0
0
0
0
0
0
0
0
0
0
0
0
0
0
0
0
0
0
0
0
0
0
0
0
0
0
0
0
0
0
0
0
0
0
0
0
0
0
0
0
0
0
0
0
0
0
0
0
0
0
0
0
0
0
0
0
0
0
0
0
0
0
0
0
0
0
0
0
0
0
0
0
0
0
0
0
0
0
0
0
0
0
0
0
0
0
0
0
0
0
0
0
0
0
0
0
0
0
0
0
0
0
0
0
0
0
0
0
0
0
0
0
0
0
0
0
0
0
0
0
0
0
0
0
0
0
0
0
0
0
0
0
0
0
0
0
0
0
0
0
0
0
0
0
0
0
0
0
0
0
0
0
0
0
0
0
0
0
0
0
0
0
0
0
0
0
0
0
0
0
0
0
0
0
0
0
0
0
0
0
0
0
0
0
0
0
0
0
0
0
0
