632832
0
0
0
0
0
0
0
0
9
39
103
539
1656
5768
18805
59256
187550
532336
842467
688376
470965
344725
276891
241994
233471
244049
276351
335492
392091
463141
580176
733677
889509
1.03204e+06
1.15068e+06
1.13746e+06
1.13785e+06
1.13016e+06
1.0762e+06
1.04317e+06
992367
970955
1.00473e+06
1.08989e+06
1.23356e+06
1.29592e+06
1.38802e+06
1.51088e+06
1.66658e+06
1.80534e+06
1.92989e+06
2.05381e+06
2.21435e+06
2.23639e+06
2.13153e+06
2.08759e+06
2.07738e+06
2.08036e+06
2.134e+06
2.25325e+06
2.39197e+06
2.41706e+06
2.54854e+06
2.73764e+06
2.82312e+06
2.95223e+06
3.13476e+06
3.215e+06
3.30051e+06
3.44948e+06
3.51915e+06
3.62162e+06
3.8311e+06
3.71516e+06
3.6382e+06
3.63268e+06
3.71603e+06
3.90822e+06
4.05408e+06
4.11586e+06
4.27037e+06
4.42699e+06
4.66915e+06
4.88653e+06
4.95567e+06
5.13762e+06
5.23612e+06
5.45358e+06
5.50301e+06
5.44434e+06
5.49746e+06
5.52992e+06
5.68664e+06
5.6809e+06
5.80863e+06
5.93057e+06
6.1484e+06
6.28437e+06
6.42562e+06
6.64941e+06
7.00264e+06
7.24242e+06
7.28429e+06
7.4447e+06
7.68352e+06
7.80751e+06
7.73291e+06
7.70832e+06
7.66805e+06
7.68841e+06
7.79768e+06
8.04186e+06
8.50321e+06
8.57262e+06
8.67692e+06
8.80211e+06
8.86816e+06
8.67785e+06
8.53179e+06
8.53751e+06
8.45382e+06
8.38505e+06
8.3252e+06
8.14271e+06
7.81501e+06
7.65003e+06
7.58856e+06
7.3878e+06
7.20021e+06
7.09378e+06
7.03453e+06
6.99387e+06
7.08968e+06
7.05457e+06
7.01784e+06
6.99483e+06
6.72178e+06
6.46169e+06
6.37637e+06
6.2049e+06
5.95723e+06
5.7477e+06
5.42633e+06
5.18323e+06
5.05071e+06
4.89182e+06
4.70463e+06
4.57538e+06
4.57968e+06
4.64348e+06
4.73073e+06
4.59109e+06
4.51584e+06
4.24671e+06
3.82151e+06
3.4054e+06
3.10958e+06
2.87234e+06
2.65548e+06
2.3742e+06
2.18399e+06
2.04734e+06
1.93638e+06
1.90095e+06
1.87976e+06
1.88689e+06
1.8908e+06
1.77261e+06
1.6052e+06
1.32803e+06
1.12412e+06
955311
791052
679852
607794
565334
533951
515842
513130
512536
509184
501589
482035
380936
272680
204294
156300
124494
99614
78571
63830
52694
43272
35930
30492
24052
17870
10773
4749
0
0
0
0
0
0
0
0
0
0
0
0
0
0
0
0
0
0
0
0
0
0
0
0
0
0
0
0
0
0
0
0
0
0
0
0
0
0
0
0
0
0
0
0
0
0
0
0
0
0
0
0
0
0
0
0
0
0
0
0
0
0
0
0
0
0
0
0
0
0
0
0
0
0
0
0
0
0
0
0
0
0
0
0
0
0
0
0
0
0
0
0
0
0
0
0
0
0
0
0
0
0
0
0
0
0
0
0
0
0
0
0
0
0
0
0
0
0
0
0
0
0
0
0
0
0
0
0
0
0
0
0
0
0
0
0
0
0
0
0
0
0
0
0
0
0
0
0
0
0
0
0
0
0
0
0
0
0
0
0
0
0
0
0
0
0
0
0
0
0
0
0
0
0
0
0
0
0
0
0
0
0
0
0
0
0
0
0
0
0
0
0
0
0
0
0
0
0
0
0
