598016
0
0
0
0
0
0
0
0
9
39
103
539
1656
5768
18805
59256
187540
514225
760850
639870
448742
330733
266069
231713
222795
232838
263981
320257
373514
440357
547599
688728
834080
972415
1.0905e+06
1.07685e+06
1.06909e+06
1.05653e+06
1.01074e+06
987700
944451
924393
957342
1.03798e+06
1.17727e+06
1.22787e+06
1.3094e+06
1.41998e+06
1.56432e+06
1.69504e+06
1.8141e+06
1.935e+06
2.09705e+06
2.12253e+06
2.0178e+06
1.97319e+06
1.96229e+06
1.96594e+06
2.01895e+06
2.13693e+06
2.27133e+06
2.28983e+06
2.4087e+06
2.58432e+06
2.65907e+06
2.77771e+06
2.95189e+06
3.02964e+06
3.11037e+06
3.25987e+06
3.33077e+06
3.43309e+06
3.64046e+06
3.52242e+06
3.44227e+06
3.43253e+06
3.50693e+06
3.69303e+06
3.82849e+06
3.87887e+06
4.02822e+06
4.1732e+06
4.40383e+06
4.61378e+06
4.67841e+06
4.86072e+06
4.95293e+06
5.16899e+06
5.21505e+06
5.15321e+06
5.20076e+06
5.22637e+06
5.37703e+06
5.36219e+06
5.48054e+06
5.59065e+06
5.80144e+06
5.92803e+06
6.05742e+06
6.27913e+06
6.61895e+06
6.8528e+06
6.89114e+06
7.04929e+06
7.2802e+06
7.39984e+06
7.3176e+06
7.28324e+06
7.23749e+06
7.25149e+06
7.34539e+06
7.58273e+06
8.03183e+06
8.09327e+06
8.19355e+06
8.31707e+06
8.38662e+06
8.20232e+06
8.06138e+06
8.07356e+06
8.00124e+06
7.93625e+06
7.88098e+06
7.70527e+06
7.3814e+06
7.22055e+06
7.16636e+06
6.96995e+06
6.78717e+06
6.68583e+06
6.63586e+06
6.60384e+06
6.70292e+06
6.67041e+06
6.64266e+06
6.62957e+06
6.3634e+06
6.11188e+06
6.03613e+06
5.87317e+06
5.63526e+06
5.43234e+06
5.11657e+06
4.8834e+06
4.75756e+06
4.60606e+06
4.42681e+06
4.30982e+06
4.31799e+06
4.39352e+06
4.49102e+06
4.35975e+06
4.29382e+06
4.03782e+06
3.62403e+06
3.21597e+06
2.9285e+06
2.70339e+06
2.49552e+06
2.22551e+06
2.04811e+06
1.92345e+06
1.82088e+06
1.79272e+06
1.78101e+06
1.79526e+06
1.80683e+06
1.6957e+06
1.53263e+06
1.26126e+06
1.06378e+06
899239
740050
631935
565153
525594
498613
484762
484806
487095
485454
480486
463629
364606
258155
192532
146987
115944
92235
72897
59586
49548
40577
34114
29260
23329
17371
10589
4720
0
0
0
0
0
0
0
0
0
0
0
0
0
0
0
0
0
0
0
0
0
0
0
0
0
0
0
0
0
0
0
0
0
0
0
0
0
0
0
0
0
0
0
0
0
0
0
0
0
0
0
0
0
0
0
0
0
0
0
0
0
0
0
0
0
0
0
0
0
0
0
0
0
0
0
0
0
0
0
0
0
0
0
0
0
0
0
0
0
0
0
0
0
0
0
0
0
0
0
0
0
0
0
0
0
0
0
0
0
0
0
0
0
0
0
0
0
0
0
0
0
0
0
0
0
0
0
0
0
0
0
0
0
0
0
0
0
0
0
0
0
0
0
0
0
0
0
0
0
0
0
0
0
0
0
0
0
0
0
0
0
0
0
0
0
0
0
0
0
0
0
0
0
0
0
0
0
0
0
0
0
0
0
0
0
0
0
0
0
0
0
0
0
0
0
0
0
0
0
0
