200704
0
0
0
0
0
0
0
0
0
8
14
76
286
1216
4895
18433
66339
166294
232028
240528
169963
120375
89294
71399
66815
70478
83781
111256
122969
135503
165949
214999
278442
354482
427446
372370
340487
325944
321500
340154
322694
307133
320203
362239
445051
419637
409269
424655
474859
527215
582567
663596
801118
812711
696611
644123
629548
624654
652003
734555
815701
761881
789935
863784
843975
870277
962652
970583
1.01151e+06
1.12804e+06
1.16777e+06
1.24126e+06
1.41944e+06
1.25539e+06
1.13828e+06
1.08818e+06
1.10089e+06
1.20723e+06
1.26032e+06
1.20442e+06
1.26137e+06
1.31893e+06
1.4576e+06
1.58664e+06
1.57343e+06
1.69124e+06
1.72396e+06
1.88479e+06
1.8844e+06
1.77136e+06
1.77069e+06
1.72927e+06
1.8148e+06
1.7163e+06
1.73981e+06
1.74499e+06
1.86486e+06
1.89113e+06
1.91801e+06
2.04183e+06
2.29281e+06
2.44503e+06
2.4121e+06
2.48779e+06
2.64656e+06
2.69439e+06
2.53274e+06
2.42542e+06
2.2941e+06
2.22943e+06
2.22186e+06
2.36779e+06
2.70332e+06
2.65143e+06
2.66852e+06
2.81474e+06
2.92194e+06
2.7846e+06
2.69539e+06
2.76711e+06
2.76779e+06
2.77499e+06
2.7917e+06
2.68597e+06
2.43029e+06
2.33797e+06
2.35266e+06
2.22179e+06
2.11284e+06
2.08886e+06
2.0979e+06
2.13312e+06
2.29192e+06
2.32765e+06
2.36392e+06
2.42486e+06
2.24475e+06
2.09314e+06
2.1181e+06
2.06045e+06
1.92017e+06
1.83078e+06
1.62064e+06
1.48668e+06
1.43811e+06
1.39974e+06
1.31179e+06
1.27631e+06
1.36872e+06
1.52834e+06
1.71394e+06
1.68401e+06
1.74125e+06
1.60067e+06
1.3135e+06
1.03613e+06
885005
799274
720656
571485
518807
513997
524825
580980
648036
730971
808464
769604
681802
483998
361226
267162
170473
118690
99223
97911
108477
127692
153626
182138
208819
231986
242623
173407
95626
58493
36082
23381
15543
11569
10092
10423
11124
12646
13550
13146
11392
8104
4395
0
0
0
0
0
0
0
0
0
0
0
0
0
0
0
0
0
0
0
0
0
0
0
0
0
0
0
0
0
0
0
0
0
0
0
0
0
0
0
0
0
0
0
0
0
0
0
0
0
0
0
0
0
0
0
0
0
0
0
0
0
0
0
0
0
0
0
0
0
0
0
0
0
0
0
0
0
0
0
0
0
0
0
0
0
0
0
0
0
0
0
0
0
0
0
0
0
0
0
0
0
0
0
0
0
0
0
0
0
0
0
0
0
0
0
0
0
0
0
0
0
0
0
0
0
0
0
0
0
0
0
0
0
0
0
0
0
0
0
0
0
0
0
0
0
0
0
0
0
0
0
0
0
0
0
0
0
0
0
0
0
0
0
0
0
0
0
0
0
0
0
0
0
0
0
0
0
0
0
0
0
0
0
0
0
0
0
0
0
0
0
0
0
0
0
0
0
0
0
0
