440320
0
0
0
0
0
0
0
0
9
39
103
539
1645
5734
18599
58136
174897
376007
468981
450048
340968
260057
208593
179349
170312
177257
201227
246632
283867
327546
398020
492371
598564
714452
821516
790773
762343
745085
729194
736555
713553
700813
726316
789434
901192
915936
952460
1.01498e+06
1.11256e+06
1.20996e+06
1.30767e+06
1.41639e+06
1.57339e+06
1.60316e+06
1.4979e+06
1.45013e+06
1.43901e+06
1.44383e+06
1.48963e+06
1.59793e+06
1.70825e+06
1.69491e+06
1.76973e+06
1.89512e+06
1.92476e+06
2.00258e+06
2.14238e+06
2.19243e+06
2.26483e+06
2.41424e+06
2.47906e+06
2.5765e+06
2.77383e+06
2.63425e+06
2.53907e+06
2.51476e+06
2.55545e+06
2.70789e+06
2.80571e+06
2.80826e+06
2.91914e+06
3.02616e+06
3.22173e+06
3.40266e+06
3.44068e+06
3.60477e+06
3.6786e+06
3.87334e+06
3.9056e+06
3.82524e+06
3.85376e+06
3.84518e+06
3.96254e+06
3.91387e+06
3.98711e+06
4.04813e+06
4.22812e+06
4.31255e+06
4.4062e+06
4.59591e+06
4.89918e+06
5.1044e+06
5.12251e+06
5.2525e+06
5.45468e+06
5.54368e+06
5.42897e+06
5.36001e+06
5.27459e+06
5.25608e+06
5.30119e+06
5.50378e+06
5.89574e+06
5.91661e+06
5.99491e+06
6.12945e+06
6.2214e+06
6.0601e+06
5.94226e+06
5.98195e+06
5.94304e+06
5.89981e+06
5.8679e+06
5.71667e+06
5.40574e+06
5.27034e+06
5.25371e+06
5.07265e+06
4.91714e+06
4.85208e+06
4.82599e+06
4.82043e+06
4.94976e+06
4.94894e+06
4.95174e+06
4.96874e+06
4.74164e+06
4.53372e+06
4.49271e+06
4.37551e+06
4.1676e+06
4.00545e+06
3.71898e+06
3.51824e+06
3.41606e+06
3.31503e+06
3.17473e+06
3.09306e+06
3.14661e+06
3.26681e+06
3.40304e+06
3.3171e+06
3.30184e+06
3.08759e+06
2.71751e+06
2.35284e+06
2.11174e+06
1.93789e+06
1.77642e+06
1.5483e+06
1.42476e+06
1.35252e+06
1.29871e+06
1.31009e+06
1.33548e+06
1.38488e+06
1.42738e+06
1.34477e+06
1.2093e+06
964010
787623
642696
504154
416840
369473
346896
338362
342350
354706
370670
381784
386798
379997
291369
194773
140171
102946
77414
59362
46934
38550
33753
28786
26135
23709
19855
15287
9627
4564
0
0
0
0
0
0
0
0
0
0
0
0
0
0
0
0
0
0
0
0
0
0
0
0
0
0
0
0
0
0
0
0
0
0
0
0
0
0
0
0
0
0
0
0
0
0
0
0
0
0
0
0
0
0
0
0
0
0
0
0
0
0
0
0
0
0
0
0
0
0
0
0
0
0
0
0
0
0
0
0
0
0
0
0
0
0
0
0
0
0
0
0
0
0
0
0
0
0
0
0
0
0
0
0
0
0
0
0
0
0
0
0
0
0
0
0
0
0
0
0
0
0
0
0
0
0
0
0
0
0
0
0
0
0
0
0
0
0
0
0
0
0
0
0
0
0
0
0
0
0
0
0
0
0
0
0
0
0
0
0
0
0
0
0
0
0
0
0
0
0
0
0
0
0
0
0
0
0
0
0
0
0
0
0
0
0
0
0
0
0
0
0
0
0
0
0
0
0
0
0
