65536
0
0
0
0
0
0
0
0
0
0
0
3
4
36
249
1691
11576
48415
87040
108563
62806
35776
21355
14468
13854
17335
26049
43872
42293
35279
40088
58214
89278
137812
191921
127993
95693
85160
89204
115441
104217
89591
96972
126627
194177
150534
116935
107189
126111
145624
166817
219937
337631
341881
226699
180742
173479
167558
189253
258425
324696
251233
249808
299292
250362
245633
306103
283376
292147
377750
389857
447232
619475
452238
340509
295561
307302
402599
433008
347438
363269
377039
467165
550377
494332
574904
576437
710378
698855
578763
575801
537368
625064
520586
531100
511540
593520
572219
541841
606365
793766
886458
805894
847785
986637
1.02973e+06
878580
781946
660025
588739
564571
676050
965784
854644
812615
936795
1.03701e+06
912505
826307
895565
903270
940459
1.0178e+06
982626
780082
732673
779446
666520
578696
575761
600087
647224
805298
836189
860264
929019
759415
631241
702924
701763
632526
618650
492928
431712
439787
436776
357435
306087
367816
493440
660677
634469
730024
658367
461981
286127
231553
232465
221716
120874
101240
109580
120811
163777
218631
289959
367398
348928
304638
166184
109581
77775
29714
9826
6106
7391
11874
20843
34602
53128
77386
106988
134555
86492
31477
13202
5405
2482
966
621
585
1034
1794
2882
4293
5409
6494
6020
4048
0
0
0
0
0
0
0
0
0
0
0
0
0
0
0
0
0
0
0
0
0
0
0
0
0
0
0
0
0
0
0
0
0
0
0
0
0
0
0
0
0
0
0
0
0
0
0
0
0
0
0
0
0
0
0
0
0
0
0
0
0
0
0
0
0
0
0
0
0
0
0
0
0
0
0
0
0
0
0
0
0
0
0
0
0
0
0
0
0
0
0
0
0
0
0
0
0
0
0
0
0
0
0
0
0
0
0
0
0
0
0
0
0
0
0
0
0
0
0
0
0
0
0
0
0
0
0
0
0
0
0
0
0
0
0
0
0
0
0
0
0
0
0
0
0
0
0
0
0
0
0
0
0
0
0
0
0
0
0
0
0
0
0
0
0
0
0
0
0
0
0
0
0
0
0
0
0
0
0
0
0
0
0
0
0
0
0
0
0
0
0
0
0
0
0
0
0
0
0
0
