206848
0
0
0
0
0
0
0
0
0
8
14
88
306
1311
5207
19370
69002
171595
238362
246125
174526
124059
92395
74100
69359
73099
86688
114486
126844
140297
171724
222170
286781
364154
437843
383227
351410
336845
331946
350254
332503
317118
330679
373132
456718
431844
422957
439654
490881
544663
601483
683456
821278
833500
717589
664951
650365
645394
673043
756327
838254
785293
814693
889967
871856
899465
992524
1.00235e+06
1.04404e+06
1.16158e+06
1.20194e+06
1.27585e+06
1.45451e+06
1.29094e+06
1.17419e+06
1.12427e+06
1.13831e+06
1.245e+06
1.29924e+06
1.24448e+06
1.30328e+06
1.36262e+06
1.50314e+06
1.63308e+06
1.6218e+06
1.74075e+06
1.77479e+06
1.9367e+06
1.93734e+06
1.82475e+06
1.82408e+06
1.78342e+06
1.86932e+06
1.77206e+06
1.79667e+06
1.80297e+06
1.92431e+06
1.95265e+06
1.98109e+06
2.10643e+06
2.35994e+06
2.51446e+06
2.48322e+06
2.55994e+06
2.72021e+06
2.76888e+06
2.60724e+06
2.50108e+06
2.36948e+06
2.30541e+06
2.29961e+06
2.447e+06
2.7841e+06
2.73388e+06
2.75367e+06
2.89962e+06
3.00685e+06
2.86848e+06
2.7797e+06
2.8516e+06
2.85172e+06
2.85617e+06
2.87099e+06
2.76366e+06
2.50595e+06
2.41271e+06
2.4255e+06
2.29287e+06
2.1833e+06
2.15871e+06
2.16664e+06
2.20144e+06
2.35983e+06
2.39522e+06
2.43227e+06
2.49167e+06
2.31025e+06
2.1573e+06
2.18061e+06
2.12092e+06
1.97797e+06
1.88625e+06
1.67337e+06
1.53663e+06
1.48639e+06
1.4461e+06
1.35736e+06
1.32138e+06
1.41414e+06
1.57398e+06
1.75919e+06
1.72883e+06
1.78496e+06
1.64131e+06
1.35086e+06
1.07002e+06
915332
826646
745566
594023
539858
533762
544228
599817
666608
749278
826452
786211
697191
497493
372587
276350
177917
125061
104725
103045
113623
132880
159058
187499
213889
236894
246688
176816
98382
60466
37704
24584
16498
12288
10634
10964
11548
13023
13851
13449
11528
8154
4409
0
0
0
0
0
0
0
0
0
0
0
0
0
0
0
0
0
0
0
0
0
0
0
0
0
0
0
0
0
0
0
0
0
0
0
0
0
0
0
0
0
0
0
0
0
0
0
0
0
0
0
0
0
0
0
0
0
0
0
0
0
0
0
0
0
0
0
0
0
0
0
0
0
0
0
0
0
0
0
0
0
0
0
0
0
0
0
0
0
0
0
0
0
0
0
0
0
0
0
0
0
0
0
0
0
0
0
0
0
0
0
0
0
0
0
0
0
0
0
0
0
0
0
0
0
0
0
0
0
0
0
0
0
0
0
0
0
0
0
0
0
0
0
0
0
0
0
0
0
0
0
0
0
0
0
0
0
0
0
0
0
0
0
0
0
0
0
0
0
0
0
0
0
0
0
0
0
0
0
0
0
0
0
0
0
0
0
0
0
0
0
0
0
0
0
0
0
0
0
0
