618496
0
0
0
0
0
0
0
0
9
39
103
539
1656
5768
18805
59256
187547
525159
808647
668172
461787
339106
272394
237823
229053
239461
271299
329233
384587
453702
566768
714967
866906
1.00738e+06
1.12557e+06
1.11258e+06
1.10979e+06
1.0998e+06
1.04913e+06
1.02015e+06
972713
951791
985418
1.06873e+06
1.21044e+06
1.26794e+06
1.35582e+06
1.47318e+06
1.62424e+06
1.75999e+06
1.88189e+06
2.00506e+06
2.16614e+06
2.18933e+06
2.08472e+06
2.04064e+06
2.02996e+06
2.03309e+06
2.08682e+06
2.20516e+06
2.34276e+06
2.36492e+06
2.4905e+06
2.67482e+06
2.7552e+06
2.88049e+06
3.05956e+06
3.13844e+06
3.22207e+06
3.37127e+06
3.44152e+06
3.54399e+06
3.75284e+06
3.63609e+06
3.55726e+06
3.55041e+06
3.62993e+06
3.81988e+06
3.96104e+06
4.01842e+06
4.17056e+06
4.32284e+06
4.55963e+06
4.7738e+06
4.84176e+06
5.02351e+06
5.11922e+06
5.33624e+06
5.38465e+06
5.32462e+06
5.37532e+06
5.40494e+06
5.55942e+06
5.54971e+06
5.67396e+06
5.7902e+06
6.00549e+06
6.13797e+06
6.27406e+06
6.49576e+06
6.84509e+06
7.08153e+06
7.12245e+06
7.28189e+06
7.51852e+06
7.63887e+06
7.56229e+06
7.53338e+06
7.49001e+06
7.50875e+06
7.61208e+06
7.85255e+06
8.30869e+06
8.37583e+06
8.47792e+06
8.60276e+06
8.66894e+06
8.48198e+06
8.33834e+06
8.34708e+06
8.26654e+06
8.20066e+06
8.14252e+06
7.96203e+06
7.6373e+06
7.4731e+06
7.41404e+06
7.21565e+06
7.03047e+06
6.92566e+06
6.87032e+06
6.83387e+06
6.92975e+06
6.89652e+06
6.86318e+06
6.84486e+06
6.57376e+06
6.31784e+06
6.23658e+06
6.06792e+06
5.825e+06
5.61737e+06
5.29932e+06
5.0593e+06
4.9304e+06
4.77427e+06
4.5902e+06
4.4659e+06
4.47196e+06
4.54036e+06
4.63205e+06
4.49565e+06
4.42466e+06
4.16046e+06
3.74026e+06
3.32722e+06
3.0359e+06
2.80233e+06
2.58983e+06
2.31271e+06
2.12817e+06
1.99619e+06
1.88884e+06
1.85642e+06
1.83922e+06
1.84885e+06
1.85617e+06
1.74113e+06
1.5752e+06
1.30061e+06
1.09947e+06
932314
769776
660049
590435
549154
519182
502998
501326
502155
499455
492812
474472
374316
266626
199530
152429
120972
96574
76273
61998
51395
42222
35185
29968
23764
17660
10702
4730
0
0
0
0
0
0
0
0
0
0
0
0
0
0
0
0
0
0
0
0
0
0
0
0
0
0
0
0
0
0
0
0
0
0
0
0
0
0
0
0
0
0
0
0
0
0
0
0
0
0
0
0
0
0
0
0
0
0
0
0
0
0
0
0
0
0
0
0
0
0
0
0
0
0
0
0
0
0
0
0
0
0
0
0
0
0
0
0
0
0
0
0
0
0
0
0
0
0
0
0
0
0
0
0
0
0
0
0
0
0
0
0
0
0
0
0
0
0
0
0
0
0
0
0
0
0
0
0
0
0
0
0
0
0
0
0
0
0
0
0
0
0
0
0
0
0
0
0
0
0
0
0
0
0
0
0
0
0
0
0
0
0
0
0
0
0
0
0
0
0
0
0
0
0
0
0
0
0
0
0
0
0
0
0
0
0
0
0
0
0
0
0
0
0
0
0
0
0
0
0
