409600
0
0
0
0
0
0
0
0
9
33
97
487
1539
5371
17228
54053
161928
347407
436280
422365
319332
242912
194071
166187
157026
163730
186213
229239
263381
303322
368301
456142
557380
668595
770589
736676
707729
690456
677514
687072
663958
650610
674491
733868
842369
852552
882808
939270
1.03027e+06
1.12235e+06
1.21406e+06
1.31996e+06
1.47477e+06
1.50152e+06
1.39594e+06
1.34758e+06
1.33614e+06
1.33914e+06
1.38206e+06
1.48805e+06
1.59303e+06
1.57521e+06
1.64318e+06
1.76131e+06
1.78588e+06
1.85635e+06
1.99085e+06
2.03663e+06
2.10428e+06
2.24922e+06
2.3112e+06
2.40759e+06
2.60215e+06
2.45801e+06
2.36103e+06
2.33272e+06
2.36875e+06
2.5126e+06
2.60442e+06
2.60013e+06
2.70551e+06
2.80654e+06
2.99448e+06
3.16992e+06
3.20312e+06
3.36249e+06
3.42904e+06
3.62129e+06
3.64851e+06
3.56202e+06
3.58848e+06
3.57439e+06
3.68658e+06
3.62812e+06
3.69629e+06
3.75006e+06
3.92374e+06
4.0014e+06
4.08629e+06
4.26737e+06
4.56433e+06
4.76582e+06
4.77812e+06
4.90016e+06
5.09835e+06
5.18164e+06
5.06004e+06
4.98458e+06
4.89065e+06
4.86641e+06
4.90324e+06
5.09774e+06
5.48295e+06
5.49616e+06
5.56626e+06
5.70378e+06
5.7993e+06
5.6428e+06
5.5286e+06
5.57392e+06
5.53945e+06
5.50362e+06
5.47735e+06
5.32829e+06
5.02172e+06
4.89111e+06
4.87816e+06
4.70285e+06
4.55495e+06
4.49527e+06
4.47326e+06
4.47289e+06
4.60791e+06
4.61287e+06
4.62369e+06
4.6464e+06
4.42583e+06
4.22527e+06
4.19247e+06
4.0825e+06
3.88145e+06
3.72573e+06
3.44788e+06
3.25389e+06
3.15561e+06
3.06358e+06
2.93074e+06
2.85568e+06
2.91729e+06
3.04596e+06
3.19245e+06
3.11313e+06
3.10794e+06
2.90504e+06
2.54202e+06
2.18323e+06
1.95255e+06
1.78727e+06
1.63545e+06
1.41741e+06
1.30316e+06
1.24182e+06
1.19728e+06
1.21631e+06
1.249e+06
1.30492e+06
1.35307e+06
1.27665e+06
1.14648e+06
904975
734092
593444
459461
375525
331668
311747
306264
313619
328743
347558
361151
368893
364352
277652
182942
129430
93952
70075
53218
42041
34500
30458
26402
24491
22457
19177
14920
9514
4550
0
0
0
0
0
0
0
0
0
0
0
0
0
0
0
0
0
0
0
0
0
0
0
0
0
0
0
0
0
0
0
0
0
0
0
0
0
0
0
0
0
0
0
0
0
0
0
0
0
0
0
0
0
0
0
0
0
0
0
0
0
0
0
0
0
0
0
0
0
0
0
0
0
0
0
0
0
0
0
0
0
0
0
0
0
0
0
0
0
0
0
0
0
0
0
0
0
0
0
0
0
0
0
0
0
0
0
0
0
0
0
0
0
0
0
0
0
0
0
0
0
0
0
0
0
0
0
0
0
0
0
0
0
0
0
0
0
0
0
0
0
0
0
0
0
0
0
0
0
0
0
0
0
0
0
0
0
0
0
0
0
0
0
0
0
0
0
0
0
0
0
0
0
0
0
0
0
0
0
0
0
0
0
0
0
0
0
0
0
0
0
0
0
0
0
0
0
0
0
0
