337920
0
0
0
0
0
0
0
0
6
26
76
325
1093
3816
12610
41251
128854
285522
367015
361037
269008
201158
158009
133137
125387
131577
150665
187969
214237
245574
298396
372709
461579
561504
654197
613043
583599
565967
556209
567747
546419
532288
551708
605469
704451
702277
719117
762333
839733
917968
998220
1.09718e+06
1.24481e+06
1.26712e+06
1.1582e+06
1.108e+06
1.09481e+06
1.09294e+06
1.13029e+06
1.22789e+06
1.3236e+06
1.29199e+06
1.34806e+06
1.45185e+06
1.46314e+06
1.51846e+06
1.63973e+06
1.67219e+06
1.73132e+06
1.8669e+06
1.92033e+06
2.00974e+06
2.19839e+06
2.04589e+06
1.94232e+06
1.9046e+06
1.93284e+06
2.06077e+06
2.13718e+06
2.11586e+06
2.20681e+06
2.29578e+06
2.4678e+06
2.6278e+06
2.64866e+06
2.79198e+06
2.84866e+06
3.02841e+06
3.04795e+06
2.94899e+06
2.96603e+06
2.94135e+06
3.04373e+06
2.96825e+06
3.01756e+06
3.05496e+06
3.21118e+06
3.27346e+06
3.33856e+06
3.50615e+06
3.78869e+06
3.97332e+06
3.97318e+06
4.07952e+06
4.26517e+06
4.33165e+06
4.19402e+06
4.10544e+06
4.00258e+06
3.95605e+06
3.97675e+06
4.15016e+06
4.52272e+06
4.5129e+06
4.56828e+06
4.713e+06
4.81599e+06
4.66436e+06
4.56283e+06
4.62111e+06
4.59677e+06
4.57472e+06
4.56085e+06
4.42188e+06
4.1275e+06
4.00953e+06
4.00375e+06
3.84498e+06
3.70796e+06
3.66378e+06
3.65611e+06
3.66634e+06
3.80978e+06
3.83068e+06
3.85647e+06
3.89336e+06
3.68689e+06
3.50274e+06
3.48567e+06
3.39305e+06
3.21178e+06
3.07417e+06
2.81396e+06
2.63735e+06
2.55501e+06
2.47854e+06
2.36312e+06
2.3061e+06
2.38496e+06
2.53443e+06
2.69703e+06
2.6358e+06
2.65233e+06
2.46902e+06
2.12479e+06
1.79064e+06
1.58228e+06
1.44009e+06
1.31186e+06
1.11629e+06
1.02375e+06
983494
962799
998049
1.04671e+06
1.11537e+06
1.17768e+06
1.11436e+06
996727
766048
607338
478106
354161
280380
245659
232585
234915
248589
269159
293536
312477
325571
325801
243972
154098
105105
73025
52860
39232
30524
25331
23391
20993
20551
19637
17502
14043
9213
4520
0
0
0
0
0
0
0
0
0
0
0
0
0
0
0
0
0
0
0
0
0
0
0
0
0
0
0
0
0
0
0
0
0
0
0
0
0
0
0
0
0
0
0
0
0
0
0
0
0
0
0
0
0
0
0
0
0
0
0
0
0
0
0
0
0
0
0
0
0
0
0
0
0
0
0
0
0
0
0
0
0
0
0
0
0
0
0
0
0
0
0
0
0
0
0
0
0
0
0
0
0
0
0
0
0
0
0
0
0
0
0
0
0
0
0
0
0
0
0
0
0
0
0
0
0
0
0
0
0
0
0
0
0
0
0
0
0
0
0
0
0
0
0
0
0
0
0
0
0
0
0
0
0
0
0
0
0
0
0
0
0
0
0
0
0
0
0
0
0
0
0
0
0
0
0
0
0
0
0
0
0
0
0
0
0
0
0
0
0
0
0
0
0
0
0
0
0
0
0
0
