684032
0
0
0
0
0
0
0
0
9
39
103
539
1656
5768
18805
59256
187550
555363
965765
761750
503928
364846
292590
256965
248482
260053
294496
356246
419283
497146
627775
800401
970707
1.12289e+06
1.23843e+06
1.22549e+06
1.23752e+06
1.23991e+06
1.17559e+06
1.12402e+06
1.06269e+06
1.03924e+06
1.07364e+06
1.16308e+06
1.31664e+06
1.39277e+06
1.50406e+06
1.64547e+06
1.81845e+06
1.96959e+06
2.10311e+06
2.22705e+06
2.38709e+06
2.40311e+06
2.29958e+06
2.25585e+06
2.24586e+06
2.24971e+06
2.30203e+06
2.42182e+06
2.5675e+06
2.60501e+06
2.75555e+06
2.95876e+06
3.06693e+06
3.20927e+06
3.4059e+06
3.49133e+06
3.57962e+06
3.7278e+06
3.79773e+06
3.89968e+06
4.1093e+06
3.99589e+06
3.92439e+06
3.92911e+06
4.02134e+06
4.22389e+06
4.38482e+06
4.46267e+06
4.63e+06
4.80249e+06
5.06112e+06
5.28758e+06
5.36097e+06
5.54795e+06
5.65184e+06
5.87237e+06
5.92526e+06
5.87564e+06
5.93078e+06
5.97274e+06
6.14287e+06
6.14876e+06
6.29118e+06
6.42651e+06
6.66067e+06
6.81139e+06
6.96616e+06
7.20177e+06
7.56686e+06
7.81253e+06
7.86191e+06
8.02683e+06
8.27219e+06
8.40822e+06
8.34483e+06
8.33025e+06
8.30191e+06
8.33771e+06
8.45867e+06
8.71461e+06
9.19664e+06
9.27527e+06
9.3871e+06
9.51792e+06
9.57949e+06
9.38012e+06
9.22455e+06
9.21455e+06
9.12332e+06
9.0404e+06
8.97478e+06
8.78536e+06
8.45333e+06
8.28267e+06
8.21463e+06
8.00323e+06
7.80748e+06
7.69112e+06
7.61963e+06
7.57042e+06
7.65857e+06
7.61807e+06
7.56985e+06
7.53278e+06
7.24915e+06
6.97333e+06
6.87571e+06
6.69443e+06
6.4288e+06
6.2119e+06
5.88286e+06
5.62557e+06
5.48103e+06
5.31086e+06
5.11062e+06
4.96962e+06
4.96405e+06
5.01357e+06
5.08402e+06
4.92975e+06
4.84096e+06
4.55229e+06
4.11316e+06
3.68566e+06
3.37076e+06
3.12321e+06
2.89055e+06
2.59357e+06
2.38314e+06
2.23279e+06
2.10544e+06
2.05916e+06
2.0253e+06
2.02219e+06
2.01461e+06
1.88565e+06
1.71063e+06
1.42518e+06
1.21292e+06
1.03785e+06
868197
748707
671377
622963
585565
562686
556162
548989
542819
533584
509581
403916
293282
222130
170263
137792
109415
87445
70141
57407
46975
38660
32298
25145
18634
10995
4782
0
0
0
0
0
0
0
0
0
0
0
0
0
0
0
0
0
0
0
0
0
0
0
0
0
0
0
0
0
0
0
0
0
0
0
0
0
0
0
0
0
0
0
0
0
0
0
0
0
0
0
0
0
0
0
0
0
0
0
0
0
0
0
0
0
0
0
0
0
0
0
0
0
0
0
0
0
0
0
0
0
0
0
0
0
0
0
0
0
0
0
0
0
0
0
0
0
0
0
0
0
0
0
0
0
0
0
0
0
0
0
0
0
0
0
0
0
0
0
0
0
0
0
0
0
0
0
0
0
0
0
0
0
0
0
0
0
0
0
0
0
0
0
0
0
0
0
0
0
0
0
0
0
0
0
0
0
0
0
0
0
0
0
0
0
0
0
0
0
0
0
0
0
0
0
0
0
0
0
0
0
0
0
0
0
0
0
0
0
0
0
0
0
0
0
0
0
0
0
0
