266240
0
0
0
0
0
0
0
0
0
16
33
192
617
2339
8389
29003
95762
223314
297194
299132
217539
159165
122119
100875
94915
99573
115192
147237
165488
187125
228515
290792
365968
454501
536556
487942
457813
440465
433439
449180
429723
414393
431014
477746
568271
553212
556629
585471
647455
712232
782312
872593
1.01535e+06
1.03191e+06
918622
866164
851801
846891
878909
968699
1.05783e+06
1.0144e+06
1.05625e+06
1.14398e+06
1.13887e+06
1.17846e+06
1.28487e+06
1.30631e+06
1.35767e+06
1.48424e+06
1.52943e+06
1.60873e+06
1.79192e+06
1.63308e+06
1.52215e+06
1.47697e+06
1.49791e+06
1.61346e+06
1.67693e+06
1.63794e+06
1.71222e+06
1.78381e+06
1.9402e+06
2.08398e+06
2.08883e+06
2.21725e+06
2.2621e+06
2.43291e+06
2.44371e+06
2.33614e+06
2.34297e+06
2.3075e+06
2.40013e+06
2.31318e+06
2.34861e+06
2.36784e+06
2.50621e+06
2.54768e+06
2.59301e+06
2.74124e+06
3.00697e+06
3.17757e+06
3.16156e+06
3.25045e+06
3.4233e+06
3.47927e+06
3.32824e+06
3.2309e+06
3.11109e+06
3.05176e+06
3.05636e+06
3.21311e+06
3.56852e+06
3.53527e+06
3.57291e+06
3.72163e+06
3.82759e+06
3.68271e+06
3.5912e+06
3.65688e+06
3.64861e+06
3.64018e+06
3.63895e+06
3.51608e+06
3.23866e+06
3.13454e+06
3.1358e+06
2.99098e+06
2.86921e+06
2.8349e+06
2.83845e+06
2.8628e+06
3.01741e+06
3.04753e+06
3.08071e+06
3.13238e+06
2.94016e+06
2.77302e+06
2.77676e+06
2.70109e+06
2.54079e+06
2.42328e+06
2.18537e+06
2.0261e+06
1.96029e+06
1.90594e+06
1.80675e+06
1.76392e+06
1.85456e+06
2.012e+06
2.19192e+06
2.15035e+06
2.18764e+06
2.02326e+06
1.70558e+06
1.39692e+06
1.21497e+06
1.09829e+06
995602
822758
750815
732125
731269
780954
843347
921849
993570
941887
838391
621838
479210
365849
253613
191116
164546
158404
165816
183926
208846
237473
261423
280308
284302
208561
124577
80407
53164
36887
26034
19654
16876
16343
15812
16472
16638
15664
12937
8741
4473
0
0
0
0
0
0
0
0
0
0
0
0
0
0
0
0
0
0
0
0
0
0
0
0
0
0
0
0
0
0
0
0
0
0
0
0
0
0
0
0
0
0
0
0
0
0
0
0
0
0
0
0
0
0
0
0
0
0
0
0
0
0
0
0
0
0
0
0
0
0
0
0
0
0
0
0
0
0
0
0
0
0
0
0
0
0
0
0
0
0
0
0
0
0
0
0
0
0
0
0
0
0
0
0
0
0
0
0
0
0
0
0
0
0
0
0
0
0
0
0
0
0
0
0
0
0
0
0
0
0
0
0
0
0
0
0
0
0
0
0
0
0
0
0
0
0
0
0
0
0
0
0
0
0
0
0
0
0
0
0
0
0
0
0
0
0
0
0
0
0
0
0
0
0
0
0
0
0
0
0
0
0
0
0
0
0
0
0
0
0
0
0
0
0
0
0
0
0
0
0
