708608
0
0
0
0
0
0
0
0
9
39
103
539
1656
5768
18805
59256
187550
564904
1.0263e+06
797581
520038
374354
299944
264244
255361
267067
303491
366118
432288
513437
650591
831866
1.01032e+06
1.16711e+06
1.28063e+06
1.26784e+06
1.28466e+06
1.29297e+06
1.22334e+06
1.16376e+06
1.09635e+06
1.07232e+06
1.10602e+06
1.19655e+06
1.35645e+06
1.43927e+06
1.55971e+06
1.71052e+06
1.89162e+06
2.04904e+06
2.18654e+06
2.31082e+06
2.46944e+06
2.48374e+06
2.37879e+06
2.33772e+06
2.32756e+06
2.33017e+06
2.3829e+06
2.50052e+06
2.65235e+06
2.69504e+06
2.85365e+06
3.06596e+06
3.18344e+06
3.33458e+06
3.53653e+06
3.62467e+06
3.71216e+06
3.86191e+06
3.93176e+06
4.03263e+06
4.24358e+06
4.13046e+06
4.06149e+06
4.06987e+06
4.1681e+06
4.3731e+06
4.54501e+06
4.62899e+06
4.80308e+06
4.98586e+06
5.2482e+06
5.4789e+06
5.55696e+06
5.74556e+06
5.85037e+06
6.07368e+06
6.12735e+06
6.08202e+06
6.13899e+06
6.1852e+06
6.3617e+06
6.37214e+06
6.52236e+06
6.66534e+06
6.90743e+06
7.06375e+06
7.22694e+06
7.46731e+06
7.83697e+06
8.08768e+06
8.13769e+06
8.30531e+06
8.55661e+06
8.69586e+06
8.63791e+06
8.62684e+06
8.60735e+06
8.64994e+06
8.77703e+06
9.03732e+06
9.52824e+06
9.61146e+06
9.73119e+06
9.86122e+06
9.91841e+06
9.71964e+06
9.55724e+06
9.53856e+06
9.44336e+06
9.35716e+06
9.28497e+06
9.0928e+06
8.75999e+06
8.5871e+06
8.5151e+06
8.3009e+06
8.09919e+06
7.97555e+06
7.90044e+06
7.8485e+06
7.93108e+06
7.88729e+06
7.836e+06
7.79229e+06
7.50032e+06
7.21768e+06
7.11677e+06
6.92896e+06
6.65549e+06
6.43517e+06
6.10055e+06
5.83972e+06
5.68855e+06
5.51089e+06
5.30605e+06
5.1585e+06
5.148e+06
5.19003e+06
5.25526e+06
5.09221e+06
4.99571e+06
4.69918e+06
4.25296e+06
3.81916e+06
3.49818e+06
3.24312e+06
3.00416e+06
2.69893e+06
2.4785e+06
2.32292e+06
2.18632e+06
2.1349e+06
2.09505e+06
2.0865e+06
2.07359e+06
1.94014e+06
1.76029e+06
1.47145e+06
1.25643e+06
1.07807e+06
905577
781761
701931
649916
610588
585593
576619
566816
558813
548426
522921
414657
303195
230733
177612
143829
113888
91753
73285
59780
48787
39926
33069
25697
18989
11106
4783
0
0
0
0
0
0
0
0
0
0
0
0
0
0
0
0
0
0
0
0
0
0
0
0
0
0
0
0
0
0
0
0
0
0
0
0
0
0
0
0
0
0
0
0
0
0
0
0
0
0
0
0
0
0
0
0
0
0
0
0
0
0
0
0
0
0
0
0
0
0
0
0
0
0
0
0
0
0
0
0
0
0
0
0
0
0
0
0
0
0
0
0
0
0
0
0
0
0
0
0
0
0
0
0
0
0
0
0
0
0
0
0
0
0
0
0
0
0
0
0
0
0
0
0
0
0
0
0
0
0
0
0
0
0
0
0
0
0
0
0
0
0
0
0
0
0
0
0
0
0
0
0
0
0
0
0
0
0
0
0
0
0
0
0
0
0
0
0
0
0
0
0
0
0
0
0
0
0
0
0
0
0
0
0
0
0
0
0
0
0
0
0
0
0
0
0
0
0
0
0
