116736
0
0
0
0
0
0
0
0
0
0
0
14
69
311
1440
6867
30679
93783
144518
161234
104981
67847
46401
35068
32715
36421
47114
68657
72095
72086
86158
117337
162803
223432
283916
221029
188067
175877
177031
199550
186317
172172
181862
216765
288707
251212
225737
225278
256356
289557
324602
390551
516379
523521
406366
356438
345765
339548
362891
438727
511617
444650
453847
512337
472204
478311
552003
541516
564316
663999
689055
754993
928056
761316
645520
596269
605191
701769
739523
663824
698256
731404
841469
942634
904231
1.00101e+06
1.01813e+06
1.16141e+06
1.15736e+06
1.03713e+06
1.03308e+06
990874
1.07283e+06
966404
979627
967761
1.06405e+06
1.06319e+06
1.05872e+06
1.15143e+06
1.36663e+06
1.485e+06
1.42583e+06
1.48283e+06
1.62592e+06
1.6711e+06
1.5091e+06
1.40229e+06
1.27032e+06
1.19701e+06
1.17827e+06
1.30247e+06
1.61342e+06
1.53002e+06
1.51582e+06
1.6526e+06
1.75248e+06
1.62282e+06
1.53613e+06
1.6101e+06
1.61932e+06
1.64649e+06
1.69697e+06
1.62941e+06
1.40017e+06
1.33524e+06
1.36985e+06
1.25007e+06
1.15246e+06
1.14118e+06
1.15877e+06
1.20524e+06
1.36934e+06
1.40602e+06
1.43713e+06
1.50333e+06
1.32894e+06
1.19347e+06
1.24612e+06
1.22463e+06
1.12368e+06
1.07942e+06
915735
822525
802864
785291
704421
665030
744615
890563
1.0736e+06
1.05057e+06
1.13243e+06
1.02925e+06
791825
571329
474125
438112
398315
279000
247601
252801
267989
321424
386676
466210
546907
520869
458929
294315
207388
146739
76464
42723
33410
34981
43962
59119
80021
103976
131804
159730
180191
122512
56945
30571
15940
9053
4875
3625
3274
4101
5254
7004
8447
8944
8707
7061
4202
0
0
0
0
0
0
0
0
0
0
0
0
0
0
0
0
0
0
0
0
0
0
0
0
0
0
0
0
0
0
0
0
0
0
0
0
0
0
0
0
0
0
0
0
0
0
0
0
0
0
0
0
0
0
0
0
0
0
0
0
0
0
0
0
0
0
0
0
0
0
0
0
0
0
0
0
0
0
0
0
0
0
0
0
0
0
0
0
0
0
0
0
0
0
0
0
0
0
0
0
0
0
0
0
0
0
0
0
0
0
0
0
0
0
0
0
0
0
0
0
0
0
0
0
0
0
0
0
0
0
0
0
0
0
0
0
0
0
0
0
0
0
0
0
0
0
0
0
0
0
0
0
0
0
0
0
0
0
0
0
0
0
0
0
0
0
0
0
0
0
0
0
0
0
0
0
0
0
0
0
0
0
0
0
0
0
0
0
0
0
0
0
0
0
0
0
0
0
0
0
