100352
0
0
0
0
0
0
0
0
0
0
0
10
38
177
926
4940
24314
79420
126744
145058
91441
57651
38236
28296
26530
30092
40178
60637
62373
59967
71514
98367
139480
196338
255031
191160
158440
146984
149032
172300
160311
146017
154454
188348
258483
218432
190107
187070
214177
243392
273933
336657
460551
466198
348809
299821
290709
284542
307495
381207
451499
382600
388646
443473
400790
402744
472517
458426
477139
573179
594875
657575
830265
663490
548219
499832
510373
605030
640207
560833
590105
617274
720426
817368
773005
864822
878633
1.01843e+06
1.01277e+06
892639
887536
845371
928909
822669
835536
819591
910621
904003
892136
977309
1.18463e+06
1.29425e+06
1.22953e+06
1.28214e+06
1.42296e+06
1.46833e+06
1.30966e+06
1.20401e+06
1.07294e+06
1.0007e+06
978413
1.09965e+06
1.40325e+06
1.31142e+06
1.29035e+06
1.42423e+06
1.52419e+06
1.39641e+06
1.30908e+06
1.38186e+06
1.39235e+06
1.42358e+06
1.48135e+06
1.42143e+06
1.20134e+06
1.14203e+06
1.18035e+06
1.0628e+06
966955
957954
978523
1.02527e+06
1.18894e+06
1.22402e+06
1.25503e+06
1.32064e+06
1.14836e+06
1.01526e+06
1.07426e+06
1.05872e+06
967241
931763
779046
695980
684538
670767
589772
548834
623469
764112
943764
920492
1.00756e+06
914355
688901
480019
395334
370182
339407
225941
198244
204588
219437
271217
333898
411891
491661
468579
412339
254530
176543
124114
60315
30581
23133
24754
32909
46553
65570
88105
115135
143870
166364
111628
49232
24862
12494
6718
3313
2424
2252
3000
4094
5744
7284
7972
8109
6780
4160
0
0
0
0
0
0
0
0
0
0
0
0
0
0
0
0
0
0
0
0
0
0
0
0
0
0
0
0
0
0
0
0
0
0
0
0
0
0
0
0
0
0
0
0
0
0
0
0
0
0
0
0
0
0
0
0
0
0
0
0
0
0
0
0
0
0
0
0
0
0
0
0
0
0
0
0
0
0
0
0
0
0
0
0
0
0
0
0
0
0
0
0
0
0
0
0
0
0
0
0
0
0
0
0
0
0
0
0
0
0
0
0
0
0
0
0
0
0
0
0
0
0
0
0
0
0
0
0
0
0
0
0
0
0
0
0
0
0
0
0
0
0
0
0
0
0
0
0
0
0
0
0
0
0
0
0
0
0
0
0
0
0
0
0
0
0
0
0
0
0
0
0
0
0
0
0
0
0
0
0
0
0
0
0
0
0
0
0
0
0
0
0
0
0
0
0
0
0
0
0
