694272
0
0
0
0
0
0
0
0
9
39
103
539
1656
5768
18805
59256
187550
559481
990809
776706
510598
368802
295695
260008
251340
262960
298277
360351
424730
503924
637299
813598
987085
1.14127e+06
1.25616e+06
1.24305e+06
1.25724e+06
1.26188e+06
1.19559e+06
1.14054e+06
1.07662e+06
1.05294e+06
1.08736e+06
1.17706e+06
1.33327e+06
1.41205e+06
1.52732e+06
1.67258e+06
1.8487e+06
2.00277e+06
2.13805e+06
2.2618e+06
2.42144e+06
2.43663e+06
2.33269e+06
2.2899e+06
2.27975e+06
2.28328e+06
2.3358e+06
2.45468e+06
2.60297e+06
2.64245e+06
2.79646e+06
3.00335e+06
3.1155e+06
3.26149e+06
3.4602e+06
3.54692e+06
3.63472e+06
3.78392e+06
3.85342e+06
3.95526e+06
4.1651e+06
4.05194e+06
3.98126e+06
3.98825e+06
4.08214e+06
4.28634e+06
4.45158e+06
4.532e+06
4.70206e+06
4.87874e+06
5.13911e+06
5.36736e+06
5.44259e+06
5.63002e+06
5.73484e+06
5.95616e+06
6.00916e+06
5.96207e+06
6.01716e+06
6.06156e+06
6.2339e+06
6.24224e+06
6.38746e+06
6.52587e+06
6.76338e+06
6.91663e+06
7.07461e+06
7.31252e+06
7.67924e+06
7.92746e+06
7.97688e+06
8.14292e+06
8.39036e+06
8.52809e+06
8.46708e+06
8.45385e+06
8.42936e+06
8.46759e+06
8.5913e+06
8.84909e+06
9.33487e+06
9.41558e+06
9.52989e+06
9.66116e+06
9.72091e+06
9.52137e+06
9.36338e+06
9.34942e+06
9.25656e+06
9.17226e+06
9.10423e+06
8.91345e+06
8.58135e+06
8.40947e+06
8.33982e+06
8.12693e+06
7.92894e+06
7.81012e+06
7.73647e+06
7.68616e+06
7.77251e+06
7.72985e+06
7.68074e+06
7.64134e+06
7.35346e+06
7.07522e+06
6.97592e+06
6.79232e+06
6.52317e+06
6.30491e+06
5.97378e+06
5.71468e+06
5.56764e+06
5.39408e+06
5.1917e+06
5.04881e+06
5.04051e+06
5.08708e+06
5.15536e+06
4.9975e+06
4.90536e+06
4.61336e+06
4.17186e+06
3.74112e+06
3.42384e+06
3.17316e+06
2.93774e+06
2.63756e+06
2.42264e+06
2.27057e+06
2.13922e+06
2.09048e+06
2.05437e+06
2.04897e+06
2.03938e+06
1.90834e+06
1.7314e+06
1.44419e+06
1.23125e+06
1.05448e+06
883805
762413
684176
634282
595927
572121
564832
556350
549479
539815
515171
408311
297440
225730
173267
140364
111272
89240
71461
58385
47725
39186
32614
25385
18775
11046
4782
0
0
0
0
0
0
0
0
0
0
0
0
0
0
0
0
0
0
0
0
0
0
0
0
0
0
0
0
0
0
0
0
0
0
0
0
0
0
0
0
0
0
0
0
0
0
0
0
0
0
0
0
0
0
0
0
0
0
0
0
0
0
0
0
0
0
0
0
0
0
0
0
0
0
0
0
0
0
0
0
0
0
0
0
0
0
0
0
0
0
0
0
0
0
0
0
0
0
0
0
0
0
0
0
0
0
0
0
0
0
0
0
0
0
0
0
0
0
0
0
0
0
0
0
0
0
0
0
0
0
0
0
0
0
0
0
0
0
0
0
0
0
0
0
0
0
0
0
0
0
0
0
0
0
0
0
0
0
0
0
0
0
0
0
0
0
0
0
0
0
0
0
0
0
0
0
0
0
0
0
0
0
0
0
0
0
0
0
0
0
0
0
0
0
0
0
0
0
0
0
