401408
0
0
0
0
0
0
0
0
9
33
92
472
1479
5213
16678
52557
158049
340437
428474
415314
313471
238221
189928
162459
153510
160121
182165
224449
257648
296598
360095
446709
546594
656562
757438
722504
693386
676378
663573
673199
650456
637045
660520
719065
826543
835384
864087
919418
1.00862e+06
1.09929e+06
1.18938e+06
1.29439e+06
1.44834e+06
1.47482e+06
1.36885e+06
1.32012e+06
1.30818e+06
1.31099e+06
1.35331e+06
1.45844e+06
1.56209e+06
1.54295e+06
1.60966e+06
1.72572e+06
1.74908e+06
1.81792e+06
1.95028e+06
1.99552e+06
2.06186e+06
2.20533e+06
2.26612e+06
2.36208e+06
2.55625e+06
2.41077e+06
2.31289e+06
2.28393e+06
2.31901e+06
2.46056e+06
2.55116e+06
2.54574e+06
2.64826e+06
2.7477e+06
2.93411e+06
3.10827e+06
3.14024e+06
3.29698e+06
3.36247e+06
3.55407e+06
3.57928e+06
3.49209e+06
3.51756e+06
3.50188e+06
3.613e+06
3.5526e+06
3.61835e+06
3.67094e+06
3.84237e+06
3.91816e+06
4.00069e+06
4.18058e+06
4.47587e+06
4.67496e+06
4.68568e+06
4.8069e+06
5.00333e+06
5.0847e+06
4.96123e+06
4.88458e+06
4.78889e+06
4.76214e+06
4.79748e+06
4.98889e+06
5.37305e+06
5.38334e+06
5.4517e+06
5.59066e+06
5.68727e+06
5.53096e+06
5.41804e+06
5.46581e+06
5.43282e+06
5.3977e+06
5.37269e+06
5.22414e+06
4.91957e+06
4.79017e+06
4.77783e+06
4.6045e+06
4.45821e+06
4.40114e+06
4.37925e+06
4.37982e+06
4.5167e+06
4.52277e+06
4.53554e+06
4.56096e+06
4.34188e+06
4.14331e+06
4.1119e+06
4.00414e+06
3.80586e+06
3.65158e+06
3.37492e+06
3.18338e+06
3.08667e+06
2.99609e+06
2.8657e+06
2.79181e+06
2.85572e+06
2.98759e+06
3.13667e+06
3.05868e+06
3.05645e+06
2.85539e+06
2.49503e+06
2.13886e+06
1.90994e+06
1.74741e+06
1.59836e+06
1.38228e+06
1.2708e+06
1.21204e+06
1.17052e+06
1.19112e+06
1.22582e+06
1.28327e+06
1.33358e+06
1.25833e+06
1.12962e+06
889325
719783
580461
447258
364595
321540
302524
297816
306078
321930
341545
355570
363930
360092
273931
179772
126626
91609
68044
51518
40650
33474
29648
25874
23997
22092
18996
14807
9486
4546
0
0
0
0
0
0
0
0
0
0
0
0
0
0
0
0
0
0
0
0
0
0
0
0
0
0
0
0
0
0
0
0
0
0
0
0
0
0
0
0
0
0
0
0
0
0
0
0
0
0
0
0
0
0
0
0
0
0
0
0
0
0
0
0
0
0
0
0
0
0
0
0
0
0
0
0
0
0
0
0
0
0
0
0
0
0
0
0
0
0
0
0
0
0
0
0
0
0
0
0
0
0
0
0
0
0
0
0
0
0
0
0
0
0
0
0
0
0
0
0
0
0
0
0
0
0
0
0
0
0
0
0
0
0
0
0
0
0
0
0
0
0
0
0
0
0
0
0
0
0
0
0
0
0
0
0
0
0
0
0
0
0
0
0
0
0
0
0
0
0
0
0
0
0
0
0
0
0
0
0
0
0
0
0
0
0
0
0
0
0
0
0
0
0
0
0
0
0
0
0
