524288
0
0
0
0
0
0
0
0
9
39
103
539
1656
5768
18805
59256
187219
462434
601629
543820
399662
300493
241709
209116
199585
208230
236395
287222
333080
390911
478298
594806
719563
847011
964963
944751
924530
904348
876369
871346
840104
823330
854668
924281
1.05208e+06
1.08484e+06
1.14301e+06
1.2282e+06
1.34979e+06
1.46449e+06
1.57247e+06
1.68729e+06
1.84877e+06
1.88096e+06
1.7764e+06
1.73023e+06
1.71747e+06
1.72499e+06
1.77465e+06
1.88841e+06
2.01119e+06
2.0158e+06
2.11254e+06
2.26055e+06
2.31248e+06
2.40991e+06
2.56919e+06
2.63511e+06
2.71164e+06
2.86348e+06
2.93318e+06
3.03283e+06
3.23714e+06
3.10787e+06
3.02568e+06
3.00697e+06
3.06396e+06
3.23526e+06
3.35268e+06
3.37645e+06
3.50796e+06
3.63352e+06
3.84717e+06
4.04502e+06
4.09905e+06
4.26994e+06
4.3559e+06
4.56376e+06
4.60588e+06
4.53651e+06
4.56963e+06
4.58317e+06
4.71648e+06
4.68899e+06
4.78363e+06
4.86935e+06
5.06736e+06
5.16989e+06
5.28286e+06
5.48802e+06
5.81484e+06
6.03254e+06
6.06256e+06
6.21078e+06
6.42588e+06
6.53101e+06
6.43729e+06
6.3873e+06
6.32344e+06
6.31902e+06
6.39016e+06
6.61054e+06
7.03185e+06
7.07782e+06
7.1668e+06
7.28895e+06
7.37475e+06
7.19719e+06
7.06725e+06
7.09562e+06
7.04231e+06
6.98436e+06
6.93761e+06
6.776e+06
6.45692e+06
6.31231e+06
6.27773e+06
6.08093e+06
5.91299e+06
5.82807e+06
5.79297e+06
5.76796e+06
5.88272e+06
5.86334e+06
5.85175e+06
5.85204e+06
5.60636e+06
5.37192e+06
5.31527e+06
5.17376e+06
4.94911e+06
4.76486e+06
4.46114e+06
4.24631e+06
4.13134e+06
4.00479e+06
3.8427e+06
3.73883e+06
3.77247e+06
3.86542e+06
3.97893e+06
3.87093e+06
3.83124e+06
3.59352e+06
3.2015e+06
2.813e+06
2.54508e+06
2.34685e+06
2.15837e+06
1.91017e+06
1.75799e+06
1.65771e+06
1.57693e+06
1.5653e+06
1.57172e+06
1.60403e+06
1.63052e+06
1.53036e+06
1.38074e+06
1.12166e+06
934443
778934
630151
532218
473540
441481
424303
418784
424948
432176
436615
436637
423803
330284
228503
168166
126464
98060
76674
60615
49891
42446
35169
30456
26739
21643
16358
10100
4647
0
0
0
0
0
0
0
0
0
0
0
0
0
0
0
0
0
0
0
0
0
0
0
0
0
0
0
0
0
0
0
0
0
0
0
0
0
0
0
0
0
0
0
0
0
0
0
0
0
0
0
0
0
0
0
0
0
0
0
0
0
0
0
0
0
0
0
0
0
0
0
0
0
0
0
0
0
0
0
0
0
0
0
0
0
0
0
0
0
0
0
0
0
0
0
0
0
0
0
0
0
0
0
0
0
0
0
0
0
0
0
0
0
0
0
0
0
0
0
0
0
0
0
0
0
0
0
0
0
0
0
0
0
0
0
0
0
0
0
0
0
0
0
0
0
0
0
0
0
0
0
0
0
0
0
0
0
0
0
0
0
0
0
0
0
0
0
0
0
0
0
0
0
0
0
0
0
0
0
0
0
0
0
0
0
0
0
0
0
0
0
0
0
0
0
0
0
0
0
0
