333824
0
0
0
0
0
0
0
0
6
26
76
315
1068
3733
12378
40501
126985
281944
363011
357609
266058
198749
155937
131378
123540
129714
148636
185729
211470
242226
294343
367875
456193
555354
647496
605950
576377
558843
549258
561035
539788
525592
544765
598109
696698
693698
709677
752267
828678
906133
985825
1.08441e+06
1.23178e+06
1.2537e+06
1.14461e+06
1.0943e+06
1.08108e+06
1.07908e+06
1.11563e+06
1.21328e+06
1.3082e+06
1.27606e+06
1.331e+06
1.43419e+06
1.44449e+06
1.49912e+06
1.6195e+06
1.65157e+06
1.70995e+06
1.84524e+06
1.89801e+06
1.98689e+06
2.17516e+06
2.02238e+06
1.91802e+06
1.88027e+06
1.9079e+06
2.03534e+06
2.11041e+06
2.08865e+06
2.17834e+06
2.26648e+06
2.43778e+06
2.59664e+06
2.61711e+06
2.75931e+06
2.81523e+06
2.99471e+06
3.0134e+06
2.91361e+06
2.93003e+06
2.90504e+06
3.00714e+06
2.93106e+06
2.97925e+06
3.01551e+06
3.17072e+06
3.23222e+06
3.29568e+06
3.46242e+06
3.74395e+06
3.92799e+06
3.92714e+06
4.03239e+06
4.21758e+06
4.28306e+06
4.14404e+06
4.05497e+06
3.95144e+06
3.9046e+06
3.92377e+06
4.09665e+06
4.46802e+06
4.45677e+06
4.51198e+06
4.65707e+06
4.75966e+06
4.60798e+06
4.50684e+06
4.56604e+06
4.54236e+06
4.52147e+06
4.50852e+06
4.37093e+06
4.07626e+06
3.95907e+06
3.95452e+06
3.7957e+06
3.65969e+06
3.61644e+06
3.60941e+06
3.62053e+06
3.76432e+06
3.78622e+06
3.81217e+06
3.8498e+06
3.64429e+06
3.46136e+06
3.44521e+06
3.35397e+06
3.17348e+06
3.03667e+06
2.77787e+06
2.60226e+06
2.52064e+06
2.44544e+06
2.33109e+06
2.27519e+06
2.35488e+06
2.50484e+06
2.66834e+06
2.60827e+06
2.62584e+06
2.44352e+06
2.10104e+06
1.76818e+06
1.56138e+06
1.42028e+06
1.29361e+06
1.09952e+06
1.00776e+06
968808
949327
985672
1.0352e+06
1.10459e+06
1.16762e+06
1.1048e+06
988061
758111
599840
471445
348209
275019
240884
228128
230967
245003
265720
290419
309629
323151
323532
241970
152398
103637
71814
51923
38438
29920
24863
22977
20685
20330
19491
17405
13974
9192
4519
0
0
0
0
0
0
0
0
0
0
0
0
0
0
0
0
0
0
0
0
0
0
0
0
0
0
0
0
0
0
0
0
0
0
0
0
0
0
0
0
0
0
0
0
0
0
0
0
0
0
0
0
0
0
0
0
0
0
0
0
0
0
0
0
0
0
0
0
0
0
0
0
0
0
0
0
0
0
0
0
0
0
0
0
0
0
0
0
0
0
0
0
0
0
0
0
0
0
0
0
0
0
0
0
0
0
0
0
0
0
0
0
0
0
0
0
0
0
0
0
0
0
0
0
0
0
0
0
0
0
0
0
0
0
0
0
0
0
0
0
0
0
0
0
0
0
0
0
0
0
0
0
0
0
0
0
0
0
0
0
0
0
0
0
0
0
0
0
0
0
0
0
0
0
0
0
0
0
0
0
0
0
0
0
0
0
0
0
0
0
0
0
0
0
0
0
0
0
0
0
