653312
0
0
0
0
0
0
0
0
9
39
103
539
1656
5768
18805
59256
187550
542054
891369
717399
484057
352924
283162
247941
239600
250726
283496
343961
402941
476648
599298
760348
922098
1.06798e+06
1.18574e+06
1.17289e+06
1.17762e+06
1.17414e+06
1.11568e+06
1.07544e+06
1.02047e+06
998261
1.03235e+06
1.11992e+06
1.26664e+06
1.33484e+06
1.43464e+06
1.56469e+06
1.72715e+06
1.87064e+06
1.99833e+06
2.12372e+06
2.28361e+06
2.30285e+06
2.19879e+06
2.15488e+06
2.1444e+06
2.14802e+06
2.20161e+06
2.32137e+06
2.46202e+06
2.49218e+06
2.63171e+06
2.82621e+06
2.92033e+06
3.0548e+06
3.24274e+06
3.32536e+06
3.41219e+06
3.56067e+06
3.63098e+06
3.73272e+06
3.94228e+06
3.82747e+06
3.75376e+06
3.7504e+06
3.83937e+06
4.03433e+06
4.18586e+06
4.25491e+06
4.41373e+06
4.57654e+06
4.82578e+06
5.04798e+06
5.11674e+06
5.30222e+06
5.40139e+06
5.62231e+06
5.67196e+06
5.61614e+06
5.6718e+06
5.70684e+06
5.86908e+06
5.86895e+06
6.00058e+06
6.12952e+06
6.35308e+06
6.49508e+06
6.64169e+06
6.86981e+06
7.22819e+06
7.47042e+06
7.51581e+06
7.67829e+06
7.91815e+06
8.04809e+06
7.97728e+06
7.95812e+06
7.92178e+06
7.94711e+06
8.0616e+06
8.31164e+06
8.78066e+06
8.85433e+06
8.96021e+06
9.08827e+06
9.15381e+06
8.95755e+06
8.80843e+06
8.80873e+06
8.72196e+06
8.64704e+06
8.58537e+06
8.40091e+06
8.06946e+06
7.90209e+06
7.83953e+06
7.63372e+06
7.44305e+06
7.33233e+06
7.26969e+06
7.22348e+06
7.31793e+06
7.28012e+06
7.23839e+06
7.21e+06
6.93251e+06
6.66687e+06
6.5761e+06
6.40091e+06
6.14532e+06
5.93394e+06
5.60823e+06
5.36043e+06
5.2224e+06
5.05934e+06
4.86752e+06
4.73308e+06
4.73374e+06
4.79133e+06
4.87127e+06
4.72712e+06
4.64611e+06
4.3693e+06
3.93819e+06
3.51751e+06
3.21361e+06
2.97299e+06
2.74867e+06
2.46212e+06
2.26427e+06
2.12036e+06
2.00461e+06
1.96431e+06
1.93807e+06
1.94134e+06
1.9397e+06
1.81798e+06
1.64812e+06
1.36681e+06
1.15939e+06
988122
821915
707331
633008
588488
554785
534580
530075
527253
522804
514281
493068
390223
281009
211337
161844
129709
103726
82040
66307
54624
44697
37015
31295
24452
18152
10876
4768
0
0
0
0
0
0
0
0
0
0
0
0
0
0
0
0
0
0
0
0
0
0
0
0
0
0
0
0
0
0
0
0
0
0
0
0
0
0
0
0
0
0
0
0
0
0
0
0
0
0
0
0
0
0
0
0
0
0
0
0
0
0
0
0
0
0
0
0
0
0
0
0
0
0
0
0
0
0
0
0
0
0
0
0
0
0
0
0
0
0
0
0
0
0
0
0
0
0
0
0
0
0
0
0
0
0
0
0
0
0
0
0
0
0
0
0
0
0
0
0
0
0
0
0
0
0
0
0
0
0
0
0
0
0
0
0
0
0
0
0
0
0
0
0
0
0
0
0
0
0
0
0
0
0
0
0
0
0
0
0
0
0
0
0
0
0
0
0
0
0
0
0
0
0
0
0
0
0
0
0
0
0
0
0
0
0
0
0
0
0
0
0
0
0
0
0
0
0
0
0
