184320
0
0
0
0
0
0
0
0
0
8
11
58
224
969
4149
16010
59164
152132
215254
225598
157476
110158
81046
64384
60002
63672
76380
102492
112753
122992
149876
196173
256519
329376
399477
342994
311042
296523
293076
312771
296539
280995
292796
333500
414791
386134
373273
385635
431521
480615
532702
610357
746287
756785
640087
588859
574053
568650
595689
677401
756647
699753
723713
794560
769762
792687
882490
887053
924069
1.03776e+06
1.07586e+06
1.14773e+06
1.32538e+06
1.16004e+06
1.04349e+06
991853
1.00324e+06
1.10714e+06
1.15699e+06
1.09696e+06
1.14993e+06
1.20274e+06
1.33683e+06
1.46215e+06
1.44388e+06
1.55753e+06
1.58826e+06
1.74609e+06
1.7444e+06
1.62846e+06
1.62685e+06
1.58558e+06
1.66939e+06
1.56782e+06
1.58854e+06
1.59141e+06
1.70723e+06
1.72884e+06
1.7504e+06
1.86812e+06
2.11264e+06
2.25869e+06
2.22256e+06
2.29455e+06
2.44894e+06
2.49658e+06
2.33373e+06
2.22494e+06
2.09321e+06
2.02533e+06
2.01534e+06
2.15704e+06
2.48959e+06
2.43069e+06
2.44262e+06
2.5891e+06
2.6956e+06
2.55867e+06
2.47058e+06
2.54162e+06
2.54567e+06
2.55672e+06
2.57926e+06
2.47882e+06
2.22756e+06
2.14139e+06
2.16004e+06
2.03021e+06
1.92394e+06
1.90382e+06
1.91496e+06
1.95167e+06
2.11048e+06
2.14788e+06
2.18312e+06
2.24708e+06
2.06852e+06
1.92062e+06
1.95097e+06
1.89858e+06
1.76494e+06
1.68314e+06
1.48136e+06
1.35445e+06
1.31096e+06
1.27662e+06
1.19081e+06
1.15528e+06
1.24796e+06
1.40593e+06
1.59223e+06
1.56398e+06
1.62476e+06
1.49071e+06
1.21302e+06
946210
804022
726284
656079
511722
463936
461601
473550
530052
598019
681482
759715
724010
640244
448542
331593
242899
150753
102272
84708
84169
95095
114072
139366
167676
194476
218949
231150
163955
88490
53080
32057
20301
13124
9746
8574
9037
9938
11649
12720
12432
10987
7921
4352
0
0
0
0
0
0
0
0
0
0
0
0
0
0
0
0
0
0
0
0
0
0
0
0
0
0
0
0
0
0
0
0
0
0
0
0
0
0
0
0
0
0
0
0
0
0
0
0
0
0
0
0
0
0
0
0
0
0
0
0
0
0
0
0
0
0
0
0
0
0
0
0
0
0
0
0
0
0
0
0
0
0
0
0
0
0
0
0
0
0
0
0
0
0
0
0
0
0
0
0
0
0
0
0
0
0
0
0
0
0
0
0
0
0
0
0
0
0
0
0
0
0
0
0
0
0
0
0
0
0
0
0
0
0
0
0
0
0
0
0
0
0
0
0
0
0
0
0
0
0
0
0
0
0
0
0
0
0
0
0
0
0
0
0
0
0
0
0
0
0
0
0
0
0
0
0
0
0
0
0
0
0
0
0
0
0
0
0
0
0
0
0
0
0
0
0
0
0
0
0
