620544
0
0
0
0
0
0
0
0
9
39
103
539
1656
5768
18805
59256
187547
526185
813482
671050
463090
339922
273031
238422
229678
240126
272015
330128
385680
455030
568672
717639
870144
1.01089e+06
1.12914e+06
1.11615e+06
1.11382e+06
1.10412e+06
1.05298e+06
1.02346e+06
975489
954548
988195
1.07176e+06
1.21373e+06
1.27195e+06
1.36043e+06
1.47855e+06
1.63025e+06
1.76648e+06
1.88873e+06
2.01205e+06
2.17299e+06
2.19603e+06
2.09144e+06
2.04734e+06
2.03676e+06
2.03982e+06
2.0936e+06
2.21202e+06
2.34981e+06
2.37238e+06
2.49872e+06
2.68382e+06
2.76489e+06
2.89072e+06
3.07036e+06
3.14936e+06
3.23327e+06
3.38243e+06
3.45258e+06
3.55511e+06
3.76402e+06
3.64738e+06
3.56883e+06
3.56218e+06
3.64218e+06
3.83253e+06
3.97439e+06
4.03232e+06
4.18485e+06
4.33761e+06
4.57532e+06
4.78982e+06
4.85813e+06
5.03977e+06
5.13591e+06
5.35303e+06
5.40151e+06
5.34181e+06
5.3927e+06
5.42284e+06
5.57764e+06
5.56836e+06
5.69329e+06
5.81022e+06
6.02586e+06
6.15894e+06
6.29573e+06
6.5176e+06
6.86761e+06
7.10452e+06
7.14559e+06
7.30513e+06
7.54216e+06
7.66293e+06
7.5867e+06
7.55841e+06
7.51536e+06
7.53441e+06
7.63865e+06
7.87953e+06
8.33643e+06
8.40409e+06
8.50633e+06
8.63123e+06
8.69734e+06
8.50993e+06
8.36605e+06
8.3743e+06
8.29324e+06
8.227e+06
8.16869e+06
7.98778e+06
7.66279e+06
7.49832e+06
7.43892e+06
7.24017e+06
7.05475e+06
6.94973e+06
6.89376e+06
6.85682e+06
6.95251e+06
6.91905e+06
6.88534e+06
6.86625e+06
6.59494e+06
6.33837e+06
6.25659e+06
6.08743e+06
5.84396e+06
5.63592e+06
5.31752e+06
5.07694e+06
4.94761e+06
4.79106e+06
4.60655e+06
4.48158e+06
4.48726e+06
4.55511e+06
4.64615e+06
4.50926e+06
4.43775e+06
4.17274e+06
3.75185e+06
3.3384e+06
3.0465e+06
2.81229e+06
2.59927e+06
2.32141e+06
2.13617e+06
2.00352e+06
1.89559e+06
1.86279e+06
1.84499e+06
1.85429e+06
1.86112e+06
1.74566e+06
1.57942e+06
1.30457e+06
1.10299e+06
935620
772775
662900
592895
551493
521275
504848
502975
503651
500873
494029
475552
375274
267493
200203
152987
121467
97026
76594
62255
51578
42378
35290
30045
23805
17689
10710
4733
0
0
0
0
0
0
0
0
0
0
0
0
0
0
0
0
0
0
0
0
0
0
0
0
0
0
0
0
0
0
0
0
0
0
0
0
0
0
0
0
0
0
0
0
0
0
0
0
0
0
0
0
0
0
0
0
0
0
0
0
0
0
0
0
0
0
0
0
0
0
0
0
0
0
0
0
0
0
0
0
0
0
0
0
0
0
0
0
0
0
0
0
0
0
0
0
0
0
0
0
0
0
0
0
0
0
0
0
0
0
0
0
0
0
0
0
0
0
0
0
0
0
0
0
0
0
0
0
0
0
0
0
0
0
0
0
0
0
0
0
0
0
0
0
0
0
0
0
0
0
0
0
0
0
0
0
0
0
0
0
0
0
0
0
0
0
0
0
0
0
0
0
0
0
0
0
0
0
0
0
0
0
0
0
0
0
0
0
0
0
0
0
0
0
0
0
0
0
0
0
