313344
0
0
0
0
0
0
0
0
6
24
69
277
931
3343
11157
36885
117187
264092
343224
340288
251563
187016
145736
122137
114639
120290
138484
173985
197406
225641
274224
344377
428823
524884
613956
570295
540506
522595
514615
527776
506608
491744
510216
561832
657277
650851
663091
701345
773086
847337
924430
1.02047e+06
1.16714e+06
1.18693e+06
1.07617e+06
1.02514e+06
1.01195e+06
1.00906e+06
1.0435e+06
1.13914e+06
1.23212e+06
1.19666e+06
1.24698e+06
1.34449e+06
1.35134e+06
1.40273e+06
1.5178e+06
1.54782e+06
1.60402e+06
1.73671e+06
1.7872e+06
1.87238e+06
2.05882e+06
1.90413e+06
1.79744e+06
1.75809e+06
1.78378e+06
1.90786e+06
1.97774e+06
1.95134e+06
2.03638e+06
2.11988e+06
2.2872e+06
2.4417e+06
2.45791e+06
2.59612e+06
2.64795e+06
2.82591e+06
2.8404e+06
2.7382e+06
2.75076e+06
2.72305e+06
2.8237e+06
2.74426e+06
2.78872e+06
2.81887e+06
2.96826e+06
3.0246e+06
3.08262e+06
3.24295e+06
3.51961e+06
3.70239e+06
3.69708e+06
3.79704e+06
3.97706e+06
4.03786e+06
3.89685e+06
3.80438e+06
3.69686e+06
3.6471e+06
3.66033e+06
3.82771e+06
4.1953e+06
4.17801e+06
4.22669e+06
4.37308e+06
4.47818e+06
4.32797e+06
4.22981e+06
4.29024e+06
4.2718e+06
4.25489e+06
4.24581e+06
4.11206e+06
3.82185e+06
3.70901e+06
3.70629e+06
3.55048e+06
3.41972e+06
3.37873e+06
3.37599e+06
3.39065e+06
3.53813e+06
3.56326e+06
3.59164e+06
3.63239e+06
3.43075e+06
3.25399e+06
3.24285e+06
3.15682e+06
2.9819e+06
2.85059e+06
2.59728e+06
2.42697e+06
2.34923e+06
2.28126e+06
2.17138e+06
2.12023e+06
2.20373e+06
2.35667e+06
2.52444e+06
2.47025e+06
2.49332e+06
2.31653e+06
1.98186e+06
1.65584e+06
1.45663e+06
1.32254e+06
1.20278e+06
1.01466e+06
928840
896161
882435
923487
977661
1.05014e+06
1.11652e+06
1.05643e+06
943185
717994
563212
438779
318348
248952
217250
206722
210869
226203
248461
274342
295687
310598
312208
232239
144105
96197
65935
47267
34678
26816
22431
20910
19145
19198
18634
16932
13675
9062
4511
0
0
0
0
0
0
0
0
0
0
0
0
0
0
0
0
0
0
0
0
0
0
0
0
0
0
0
0
0
0
0
0
0
0
0
0
0
0
0
0
0
0
0
0
0
0
0
0
0
0
0
0
0
0
0
0
0
0
0
0
0
0
0
0
0
0
0
0
0
0
0
0
0
0
0
0
0
0
0
0
0
0
0
0
0
0
0
0
0
0
0
0
0
0
0
0
0
0
0
0
0
0
0
0
0
0
0
0
0
0
0
0
0
0
0
0
0
0
0
0
0
0
0
0
0
0
0
0
0
0
0
0
0
0
0
0
0
0
0
0
0
0
0
0
0
0
0
0
0
0
0
0
0
0
0
0
0
0
0
0
0
0
0
0
0
0
0
0
0
0
0
0
0
0
0
0
0
0
0
0
0
0
0
0
0
0
0
0
0
0
0
0
0
0
0
0
0
0
0
0
