681984
0
0
0
0
0
0
0
0
9
39
103
539
1656
5768
18805
59256
187550
554512
960805
758736
502626
364041
291948
256368
247904
259461
293745
355435
418194
495789
625846
797762
967464
1.1192e+06
1.23491e+06
1.22197e+06
1.23357e+06
1.23554e+06
1.17153e+06
1.12075e+06
1.0599e+06
1.0365e+06
1.07089e+06
1.16028e+06
1.31331e+06
1.38891e+06
1.49942e+06
1.64005e+06
1.81238e+06
1.96299e+06
2.0961e+06
2.22012e+06
2.3802e+06
2.3964e+06
2.29292e+06
2.2491e+06
2.23906e+06
2.243e+06
2.29529e+06
2.41522e+06
2.56042e+06
2.59751e+06
2.74728e+06
2.94988e+06
3.05726e+06
3.19883e+06
3.39504e+06
3.4802e+06
3.5686e+06
3.71655e+06
3.78665e+06
3.88851e+06
4.09821e+06
3.98463e+06
3.91308e+06
3.91719e+06
4.00925e+06
4.21129e+06
4.37149e+06
4.44884e+06
4.61552e+06
4.78735e+06
5.04545e+06
5.27162e+06
5.34465e+06
5.53162e+06
5.63516e+06
5.85568e+06
5.90841e+06
5.85838e+06
5.91344e+06
5.95499e+06
6.12472e+06
6.13006e+06
6.27186e+06
6.40662e+06
6.64018e+06
6.79033e+06
6.94451e+06
7.17958e+06
7.54437e+06
7.78963e+06
7.83887e+06
8.00364e+06
8.2485e+06
8.38423e+06
8.3204e+06
8.30545e+06
8.27647e+06
8.31172e+06
8.43226e+06
8.68768e+06
9.16899e+06
9.24717e+06
9.35859e+06
9.48931e+06
9.55103e+06
9.35201e+06
9.19672e+06
9.18758e+06
9.0967e+06
9.01405e+06
8.94884e+06
8.75977e+06
8.42771e+06
8.25726e+06
8.18961e+06
7.97846e+06
7.78333e+06
7.66724e+06
7.59632e+06
7.54729e+06
7.63573e+06
7.59575e+06
7.54762e+06
7.51124e+06
7.22812e+06
6.95292e+06
6.85575e+06
6.67486e+06
6.40987e+06
6.19336e+06
5.86462e+06
5.60776e+06
5.46371e+06
5.29417e+06
5.09447e+06
4.95378e+06
4.94874e+06
4.9988e+06
5.06977e+06
4.91622e+06
4.82809e+06
4.54008e+06
4.10148e+06
3.6745e+06
3.36017e+06
3.11322e+06
2.88107e+06
2.5848e+06
2.37522e+06
2.22526e+06
2.09866e+06
2.05292e+06
2.01949e+06
2.01682e+06
2.00962e+06
1.88113e+06
1.70648e+06
1.42136e+06
1.20924e+06
1.03456e+06
865105
745933
668804
620693
583510
560821
554406
547522
541490
532322
508474
403030
292453
221409
169680
137260
109043
87087
69874
57217
46823
38553
32238
25094
18604
10986
4782
0
0
0
0
0
0
0
0
0
0
0
0
0
0
0
0
0
0
0
0
0
0
0
0
0
0
0
0
0
0
0
0
0
0
0
0
0
0
0
0
0
0
0
0
0
0
0
0
0
0
0
0
0
0
0
0
0
0
0
0
0
0
0
0
0
0
0
0
0
0
0
0
0
0
0
0
0
0
0
0
0
0
0
0
0
0
0
0
0
0
0
0
0
0
0
0
0
0
0
0
0
0
0
0
0
0
0
0
0
0
0
0
0
0
0
0
0
0
0
0
0
0
0
0
0
0
0
0
0
0
0
0
0
0
0
0
0
0
0
0
0
0
0
0
0
0
0
0
0
0
0
0
0
0
0
0
0
0
0
0
0
0
0
0
0
0
0
0
0
0
0
0
0
0
0
0
0
0
0
0
0
0
0
0
0
0
0
0
0
0
0
0
0
0
0
0
0
0
0
0
