235520
0
0
0
0
0
0
0
0
0
14
24
137
421
1736
6700
23874
81936
196720
267023
271727
195421
140950
106852
87194
81551
85686
100287
130063
145418
162498
198968
255364
325063
408482
486155
434180
402496
386520
380648
398094
379443
364502
379095
423131
510377
490167
486759
509612
566650
625977
689708
775619
915417
929260
814693
761875
747692
741928
771637
858512
943940
896298
931102
1.01178e+06
1.00053e+06
1.03446e+06
1.13442e+06
1.14948e+06
1.19646e+06
1.31791e+06
1.35976e+06
1.43654e+06
1.61751e+06
1.45701e+06
1.34204e+06
1.29343e+06
1.31165e+06
1.42269e+06
1.4807e+06
1.43387e+06
1.49966e+06
1.56564e+06
1.71417e+06
1.85134e+06
1.84814e+06
1.97129e+06
2.01099e+06
2.17674e+06
2.18258e+06
2.07274e+06
2.07556e+06
2.03524e+06
2.12482e+06
2.03268e+06
2.06263e+06
2.07467e+06
2.204e+06
2.23877e+06
2.27496e+06
2.41273e+06
2.67318e+06
2.83656e+06
2.81244e+06
2.89445e+06
3.06052e+06
3.11373e+06
2.95562e+06
2.85305e+06
2.72659e+06
2.66476e+06
2.66349e+06
2.81661e+06
3.16104e+06
3.1184e+06
3.14831e+06
3.2983e+06
3.40256e+06
3.26209e+06
3.17264e+06
3.24223e+06
3.23809e+06
3.23592e+06
3.24282e+06
3.12705e+06
2.85861e+06
2.76008e+06
2.7675e+06
2.62847e+06
2.51225e+06
2.48291e+06
2.48852e+06
2.51974e+06
2.67843e+06
2.71175e+06
2.74775e+06
2.80378e+06
2.61525e+06
2.45556e+06
2.46945e+06
2.40167e+06
2.24984e+06
2.14584e+06
1.91897e+06
1.77093e+06
1.71331e+06
1.66584e+06
1.57132e+06
1.53267e+06
1.62687e+06
1.78805e+06
1.97035e+06
1.9344e+06
1.98291e+06
1.8274e+06
1.52342e+06
1.22801e+06
1.0596e+06
956319
863777
701533
639413
627832
634013
687797
752937
833985
908904
863486
767025
558637
424259
318976
213455
155723
132602
128801
138156
157428
182755
211962
237721
258768
265438
192311
111128
69994
45162
30429
20932
15682
13561
13505
13516
14711
15218
14546
12307
8477
4448
0
0
0
0
0
0
0
0
0
0
0
0
0
0
0
0
0
0
0
0
0
0
0
0
0
0
0
0
0
0
0
0
0
0
0
0
0
0
0
0
0
0
0
0
0
0
0
0
0
0
0
0
0
0
0
0
0
0
0
0
0
0
0
0
0
0
0
0
0
0
0
0
0
0
0
0
0
0
0
0
0
0
0
0
0
0
0
0
0
0
0
0
0
0
0
0
0
0
0
0
0
0
0
0
0
0
0
0
0
0
0
0
0
0
0
0
0
0
0
0
0
0
0
0
0
0
0
0
0
0
0
0
0
0
0
0
0
0
0
0
0
0
0
0
0
0
0
0
0
0
0
0
0
0
0
0
0
0
0
0
0
0
0
0
0
0
0
0
0
0
0
0
0
0
0
0
0
0
0
0
0
0
0
0
0
0
0
0
0
0
0
0
0
0
0
0
0
0
0
0
