569344
0
0
0
0
0
0
0
0
9
39
103
539
1656
5768
18805
59256
187534
497078
695382
601456
430378
319106
256699
223208
213775
223486
253559
307324
358105
421347
520647
652461
788500
923394
1.04181e+06
1.02568e+06
1.01283e+06
996816
957182
942511
904735
886103
917271
994365
1.12914e+06
1.17202e+06
1.24467e+06
1.34562e+06
1.48114e+06
1.60443e+06
1.71972e+06
1.8376e+06
2.00038e+06
2.02839e+06
1.92418e+06
1.8792e+06
1.86738e+06
1.87147e+06
1.92467e+06
2.04102e+06
2.17022e+06
2.18392e+06
2.29424e+06
2.45789e+06
2.5242e+06
2.63446e+06
2.80249e+06
2.87561e+06
2.95524e+06
3.10407e+06
3.17715e+06
3.27755e+06
3.48379e+06
3.36114e+06
3.28069e+06
3.26763e+06
3.33431e+06
3.51584e+06
3.64405e+06
3.68311e+06
3.82708e+06
3.96306e+06
4.1861e+06
4.39155e+06
4.45193e+06
4.63092e+06
4.72124e+06
4.93343e+06
4.97926e+06
4.91485e+06
4.95392e+06
4.97623e+06
5.11972e+06
5.10188e+06
5.2088e+06
5.31036e+06
5.51713e+06
5.63246e+06
5.75578e+06
5.97176e+06
6.30466e+06
6.5348e+06
6.56892e+06
6.72182e+06
6.94726e+06
7.06255e+06
6.97601e+06
6.93498e+06
6.88332e+06
6.88952e+06
6.9726e+06
7.20454e+06
7.64382e+06
7.6981e+06
7.79477e+06
7.91723e+06
7.99207e+06
7.81093e+06
7.67383e+06
7.69268e+06
7.62877e+06
7.5685e+06
7.51304e+06
7.34471e+06
7.0208e+06
6.86836e+06
6.82172e+06
6.62411e+06
6.44644e+06
6.3506e+06
6.30812e+06
6.28019e+06
6.38426e+06
6.35606e+06
6.33457e+06
6.32825e+06
6.06875e+06
5.82322e+06
5.75495e+06
5.60183e+06
5.36797e+06
5.17404e+06
4.86103e+06
4.63673e+06
4.51392e+06
4.37248e+06
4.19869e+06
4.0881e+06
4.10486e+06
4.18932e+06
4.29121e+06
4.16938e+06
4.11234e+06
3.86609e+06
3.46045e+06
3.06035e+06
2.77844e+06
2.56397e+06
2.36441e+06
2.10358e+06
1.93631e+06
1.82016e+06
1.72582e+06
1.7034e+06
1.69934e+06
1.72159e+06
1.73784e+06
1.63181e+06
1.47299e+06
1.20661e+06
1.01359e+06
852959
697635
593104
529422
492515
470136
458905
461990
465595
466121
463346
448515
350793
246649
182968
139061
108850
86315
68276
56029
46862
38314
32611
28286
22790
16912
10401
4695
0
0
0
0
0
0
0
0
0
0
0
0
0
0
0
0
0
0
0
0
0
0
0
0
0
0
0
0
0
0
0
0
0
0
0
0
0
0
0
0
0
0
0
0
0
0
0
0
0
0
0
0
0
0
0
0
0
0
0
0
0
0
0
0
0
0
0
0
0
0
0
0
0
0
0
0
0
0
0
0
0
0
0
0
0
0
0
0
0
0
0
0
0
0
0
0
0
0
0
0
0
0
0
0
0
0
0
0
0
0
0
0
0
0
0
0
0
0
0
0
0
0
0
0
0
0
0
0
0
0
0
0
0
0
0
0
0
0
0
0
0
0
0
0
0
0
0
0
0
0
0
0
0
0
0
0
0
0
0
0
0
0
0
0
0
0
0
0
0
0
0
0
0
0
0
0
0
0
0
0
0
0
0
0
0
0
0
0
0
0
0
0
0
0
0
0
0
0
0
0
