505856
0
0
0
0
0
0
0
0
9
39
103
539
1656
5768
18805
59251
186710
445056
567254
521522
387039
292398
235126
202999
193555
201837
229356
278580
322707
377412
461121
571479
692517
816678
933182
911358
888269
867718
843600
842062
813144
797416
827861
895893
1.01989e+06
1.04837e+06
1.10067e+06
1.18085e+06
1.29677e+06
1.40741e+06
1.51292e+06
1.62715e+06
1.78846e+06
1.81965e+06
1.71557e+06
1.66923e+06
1.65598e+06
1.66357e+06
1.71312e+06
1.8263e+06
1.94608e+06
1.94558e+06
2.03716e+06
2.18039e+06
2.22632e+06
2.31978e+06
2.47406e+06
2.53681e+06
2.61281e+06
2.76447e+06
2.83475e+06
2.93246e+06
3.13601e+06
3.00453e+06
2.91866e+06
2.8999e+06
2.95376e+06
3.12072e+06
3.23188e+06
3.25181e+06
3.37812e+06
3.49905e+06
3.7089e+06
3.90338e+06
3.95434e+06
4.12384e+06
4.20695e+06
4.4122e+06
4.4524e+06
4.38072e+06
4.41386e+06
4.42152e+06
4.55221e+06
4.51778e+06
4.60923e+06
4.68995e+06
4.88208e+06
4.98006e+06
5.09054e+06
5.29265e+06
5.61302e+06
5.82792e+06
5.85662e+06
6.00051e+06
6.21228e+06
6.31486e+06
6.21609e+06
6.16316e+06
6.09345e+06
6.08684e+06
6.15057e+06
6.36619e+06
6.78312e+06
6.82339e+06
6.90938e+06
7.0332e+06
7.12128e+06
6.94758e+06
6.82076e+06
6.85016e+06
6.80084e+06
6.74682e+06
6.70282e+06
6.54347e+06
6.22655e+06
6.08376e+06
6.05288e+06
5.86071e+06
5.69418e+06
5.61375e+06
5.58085e+06
5.56016e+06
5.67737e+06
5.66176e+06
5.65345e+06
5.65959e+06
5.41675e+06
5.18648e+06
5.13552e+06
4.99996e+06
4.77767e+06
4.59627e+06
4.29805e+06
4.08636e+06
3.97541e+06
3.85298e+06
3.69725e+06
3.5965e+06
3.63441e+06
3.73364e+06
3.8527e+06
3.74957e+06
3.71566e+06
3.48213e+06
3.09558e+06
2.71143e+06
2.4501e+06
2.25742e+06
2.07446e+06
1.83057e+06
1.68552e+06
1.59069e+06
1.51552e+06
1.50875e+06
1.52025e+06
1.55557e+06
1.58574e+06
1.48975e+06
1.3433e+06
1.08738e+06
901961
748940
602246
507175
450359
420850
405471
402185
409625
418725
424458
425599
414342
321709
221108
161811
121469
93506
72849
57533
47308
40673
33815
29593
26036
21255
16094
9972
4628
0
0
0
0
0
0
0
0
0
0
0
0
0
0
0
0
0
0
0
0
0
0
0
0
0
0
0
0
0
0
0
0
0
0
0
0
0
0
0
0
0
0
0
0
0
0
0
0
0
0
0
0
0
0
0
0
0
0
0
0
0
0
0
0
0
0
0
0
0
0
0
0
0
0
0
0
0
0
0
0
0
0
0
0
0
0
0
0
0
0
0
0
0
0
0
0
0
0
0
0
0
0
0
0
0
0
0
0
0
0
0
0
0
0
0
0
0
0
0
0
0
0
0
0
0
0
0
0
0
0
0
0
0
0
0
0
0
0
0
0
0
0
0
0
0
0
0
0
0
0
0
0
0
0
0
0
0
0
0
0
0
0
0
0
0
0
0
0
0
0
0
0
0
0
0
0
0
0
0
0
0
0
0
0
0
0
0
0
0
0
0
0
0
0
0
0
0
0
0
0
