90112
0
0
0
0
0
0
0
0
0
0
0
5
15
126
698
3845
20228
70505
115498
134594
83151
51199
33135
24141
22611
26185
35855
55670
56380
52807
62147
86747
124721
179408
236553
172545
140233
128815
131269
155416
143976
129402
137413
170090
239715
198565
168356
163203
187832
214510
242504
302542
425312
430264
312963
264475
255848
250348
272642
344970
414361
343908
347680
400923
356291
356161
423006
406332
422637
516506
535432
596206
768910
601980
487243
439543
450296
545150
579042
497607
523025
545498
644968
738184
691856
780350
790220
928799
921199
801472
796547
754870
839435
733153
745337
727559
815959
805306
788350
868023
1.06977e+06
1.17479e+06
1.10642e+06
1.15616e+06
1.29615e+06
1.34105e+06
1.184e+06
1.07966e+06
950479
878372
855607
972982
1.27224e+06
1.17657e+06
1.14918e+06
1.28121e+06
1.3813e+06
1.25452e+06
1.16652e+06
1.23928e+06
1.24979e+06
1.28299e+06
1.3466e+06
1.29272e+06
1.07697e+06
1.02087e+06
1.06224e+06
946103
852147
844331
866104
912634
1.07546e+06
1.11008e+06
1.13992e+06
1.20646e+06
1.03598e+06
903660
966143
954833
868524
839979
694372
616521
610832
600525
519819
476301
547514
684459
862271
838585
928430
841376
623152
422870
346541
328578
303565
193475
168068
175844
189425
239696
300694
377004
456417
434831
382249
229478
156674
110256
50606
23682
17323
18980
26135
38811
56607
77932
104678
133516
157482
104665
44015
21286
10340
5380
2530
1812
1677
2344
3366
4951
6429
7287
7706
6588
4139
0
0
0
0
0
0
0
0
0
0
0
0
0
0
0
0
0
0
0
0
0
0
0
0
0
0
0
0
0
0
0
0
0
0
0
0
0
0
0
0
0
0
0
0
0
0
0
0
0
0
0
0
0
0
0
0
0
0
0
0
0
0
0
0
0
0
0
0
0
0
0
0
0
0
0
0
0
0
0
0
0
0
0
0
0
0
0
0
0
0
0
0
0
0
0
0
0
0
0
0
0
0
0
0
0
0
0
0
0
0
0
0
0
0
0
0
0
0
0
0
0
0
0
0
0
0
0
0
0
0
0
0
0
0
0
0
0
0
0
0
0
0
0
0
0
0
0
0
0
0
0
0
0
0
0
0
0
0
0
0
0
0
0
0
0
0
0
0
0
0
0
0
0
0
0
0
0
0
0
0
0
0
0
0
0
0
0
0
0
0
0
0
0
0
0
0
0
0
0
0
