512000
0
0
0
0
0
0
0
0
9
39
103
539
1656
5768
18805
59255
186910
451059
578408
528927
391189
295160
237343
205078
195582
203955
231714
281466
326191
382016
466784
579281
701548
826584
943783
922602
900289
879928
854430
851861
822152
806035
836920
905442
1.03053e+06
1.06057e+06
1.11487e+06
1.19657e+06
1.31451e+06
1.4264e+06
1.5327e+06
1.64707e+06
1.80847e+06
1.84006e+06
1.736e+06
1.68934e+06
1.67645e+06
1.68438e+06
1.73355e+06
1.84706e+06
1.96784e+06
1.96922e+06
2.06207e+06
2.20706e+06
2.25514e+06
2.34972e+06
2.50568e+06
2.56969e+06
2.64552e+06
2.7975e+06
2.86769e+06
2.96582e+06
3.16969e+06
3.03915e+06
2.95405e+06
2.93605e+06
2.99028e+06
3.15896e+06
3.27231e+06
3.29328e+06
3.42136e+06
3.54376e+06
3.75492e+06
3.95043e+06
4.0029e+06
4.17251e+06
4.25633e+06
4.463e+06
4.50346e+06
4.43267e+06
4.46578e+06
4.47543e+06
4.60718e+06
4.5745e+06
4.66731e+06
4.74996e+06
4.94377e+06
5.04341e+06
5.15469e+06
5.35784e+06
5.68042e+06
5.89558e+06
5.92547e+06
6.07092e+06
6.28308e+06
6.38662e+06
6.29019e+06
6.23783e+06
6.1704e+06
6.16401e+06
6.23059e+06
6.44721e+06
6.86653e+06
6.90822e+06
6.99539e+06
7.11796e+06
7.20584e+06
7.03069e+06
6.90284e+06
6.93218e+06
6.88116e+06
6.82607e+06
6.781e+06
6.62111e+06
6.30317e+06
6.16008e+06
6.12834e+06
5.93362e+06
5.76711e+06
5.68537e+06
5.65152e+06
5.62927e+06
5.74589e+06
5.72884e+06
5.71967e+06
5.72381e+06
5.48004e+06
5.24798e+06
5.19531e+06
5.05852e+06
4.83476e+06
4.65192e+06
4.3525e+06
4.13987e+06
4.02745e+06
3.90334e+06
3.74605e+06
3.64361e+06
3.68073e+06
3.77734e+06
3.89496e+06
3.78991e+06
3.75437e+06
3.51917e+06
3.13079e+06
2.7451e+06
2.48198e+06
2.28744e+06
2.1021e+06
1.85723e+06
1.70946e+06
1.61316e+06
1.53606e+06
1.52772e+06
1.53722e+06
1.57183e+06
1.60062e+06
1.50334e+06
1.3558e+06
1.09876e+06
912686
759068
611517
515532
458057
427729
411785
407684
414729
423168
428549
429241
417551
324552
223599
163907
123169
95057
74098
58504
48146
41292
34273
29890
26271
21378
16178
10024
4631
0
0
0
0
0
0
0
0
0
0
0
0
0
0
0
0
0
0
0
0
0
0
0
0
0
0
0
0
0
0
0
0
0
0
0
0
0
0
0
0
0
0
0
0
0
0
0
0
0
0
0
0
0
0
0
0
0
0
0
0
0
0
0
0
0
0
0
0
0
0
0
0
0
0
0
0
0
0
0
0
0
0
0
0
0
0
0
0
0
0
0
0
0
0
0
0
0
0
0
0
0
0
0
0
0
0
0
0
0
0
0
0
0
0
0
0
0
0
0
0
0
0
0
0
0
0
0
0
0
0
0
0
0
0
0
0
0
0
0
0
0
0
0
0
0
0
0
0
0
0
0
0
0
0
0
0
0
0
0
0
0
0
0
0
0
0
0
0
0
0
0
0
0
0
0
0
0
0
0
0
0
0
0
0
0
0
0
0
0
0
0
0
0
0
0
0
0
0
0
0
