10240
0
0
0
0
0
0
0
0
0
0
0
0
0
0
0
0
124
1771
12051
36333
9511
1511
135
5
21
362
2690
15056
10454
1892
255
464
4384
27036
70873
17026
2859
1126
5988
31340
19430
3519
2956
16220
70743
27875
5228
3465
16723
17561
5397
17670
100978
103676
19148
5988
17290
9203
9929
50610
100498
23601
22471
72931
25682
18726
69614
33011
19869
70136
39604
58473
215565
76841
13148
3551
15934
92998
112914
28424
39392
27482
80399
129041
46088
97260
59787
165025
153909
58003
78566
54198
149842
60002
78203
55093
123750
90460
35512
47037
166635
203145
84683
93786
197141
243839
141603
121312
75612
49101
18122
66240
283213
120096
50188
133897
243226
140987
93763
148893
106351
116443
203105
237449
106381
89130
160184
82007
37464
53692
64323
88463
189760
151620
131891
217194
114275
36764
117269
119652
76306
121051
63701
49345
79583
96093
52764
6359
25919
68961
150315
63853
155665
157644
83331
7444
8117
40501
68591
5159
2531
9668
4914
10540
27728
49872
86420
73152
79367
9222
5620
19601
5206
2
0
0
0
0
11
213
2187
13979
47190
27249
1310
21
0
0
0
0
0
0
0
0
1
31
322
1634
3132
0
0
0
0
0
0
0
0
0
0
0
0
0
0
0
0
0
0
0
0
0
0
0
0
0
0
0
0
0
0
0
0
0
0
0
0
0
0
0
0
0
0
0
0
0
0
0
0
0
0
0
0
0
0
0
0
0
0
0
0
0
0
0
0
0
0
0
0
0
0
0
0
0
0
0
0
0
0
0
0
0
0
0
0
0
0
0
0
0
0
0
0
0
0
0
0
0
0
0
0
0
0
0
0
0
0
0
0
0
0
0
0
0
0
0
0
0
0
0
0
0
0
0
0
0
0
0
0
0
0
0
0
0
0
0
0
0
0
0
0
0
0
0
0
0
0
0
0
0
0
0
0
0
0
0
0
0
0
0
0
0
0
0
0
0
0
0
0
0
0
0
0
0
0
0
0
0
0
0
0
0
0
0
0
0
0
0
0
0
0
0
0
0
0
0
0
0
0
0
0
