63488
0
0
0
0
0
0
0
0
0
0
0
2
4
29
215
1538
10903
46671
84557
106245
61054
34506
20395
13728
13122
16646
25259
42965
41125
33817
38217
55849
86261
134291
188172
124169
91959
81634
85754
112206
100894
86254
93518
123035
190362
146490
112688
102524
121157
140060
160421
212952
330087
334462
219470
173760
166646
160779
182300
251283
317074
243438
241711
290860
241682
236524
296611
273103
281261
366156
377536
434547
606745
439804
328101
283542
295494
390901
421053
335071
350204
363202
452504
534619
477864
557578
558255
692096
679976
560125
557234
519023
607258
502995
513658
493989
575242
553012
521591
584781
770800
862046
780278
821911
960124
1.00352e+06
852862
757027
635965
565359
540822
651755
940493
828057
784778
907851
1.00822e+06
884006
797877
867030
874029
911549
989808
956673
755363
708978
756202
643151
556126
553526
578367
625533
783107
813375
836584
905159
736004
608399
680805
680288
612334
600449
476375
416701
426048
423662
344444
292435
352924
477362
643415
616744
712769
642430
448399
274590
222109
224827
215423
115235
96122
104377
115295
157471
211778
282344
359478
341223
297763
160727
105529
75118
28222
8913
5448
6629
10911
19468
32732
50972
74898
104587
132576
84802
30432
12537
5023
2283
863
549
517
931
1678
2716
4093
5265
6353
5967
4039
0
0
0
0
0
0
0
0
0
0
0
0
0
0
0
0
0
0
0
0
0
0
0
0
0
0
0
0
0
0
0
0
0
0
0
0
0
0
0
0
0
0
0
0
0
0
0
0
0
0
0
0
0
0
0
0
0
0
0
0
0
0
0
0
0
0
0
0
0
0
0
0
0
0
0
0
0
0
0
0
0
0
0
0
0
0
0
0
0
0
0
0
0
0
0
0
0
0
0
0
0
0
0
0
0
0
0
0
0
0
0
0
0
0
0
0
0
0
0
0
0
0
0
0
0
0
0
0
0
0
0
0
0
0
0
0
0
0
0
0
0
0
0
0
0
0
0
0
0
0
0
0
0
0
0
0
0
0
0
0
0
0
0
0
0
0
0
0
0
0
0
0
0
0
0
0
0
0
0
0
0
0
0
0
0
0
0
0
0
0
0
0
0
0
0
0
0
0
0
0
