413696
0
0
0
0
0
0
0
0
9
34
100
493
1566
5446
17544
54769
163853
350841
440267
425905
322232
245294
196008
168125
158774
165568
188193
231719
266280
306559
372306
461019
562696
674630
777256
743801
714919
697575
684375
693795
670726
657533
681434
741221
850274
861269
892000
949306
1.04113e+06
1.13398e+06
1.22634e+06
1.33274e+06
1.48785e+06
1.5149e+06
1.40963e+06
1.36121e+06
1.35003e+06
1.35309e+06
1.39654e+06
1.5029e+06
1.60852e+06
1.59122e+06
1.65999e+06
1.77924e+06
1.80418e+06
1.87571e+06
2.01088e+06
2.05738e+06
2.12574e+06
2.27131e+06
2.33347e+06
2.42998e+06
2.62516e+06
2.48153e+06
2.38497e+06
2.35733e+06
2.39356e+06
2.53876e+06
2.63109e+06
2.62754e+06
2.73414e+06
2.83589e+06
3.02458e+06
3.20079e+06
3.23465e+06
3.39501e+06
3.46231e+06
3.65517e+06
3.68288e+06
3.59695e+06
3.62384e+06
3.61045e+06
3.72371e+06
3.66618e+06
3.73517e+06
3.78941e+06
3.96433e+06
4.04281e+06
4.12929e+06
4.31114e+06
4.60866e+06
4.8107e+06
4.82435e+06
4.94722e+06
5.14578e+06
5.23011e+06
5.10898e+06
5.03499e+06
4.94186e+06
4.91814e+06
4.95612e+06
5.15178e+06
5.53762e+06
5.55274e+06
5.62355e+06
5.76092e+06
5.85576e+06
5.69848e+06
5.58346e+06
5.62823e+06
5.59286e+06
5.55626e+06
5.52984e+06
5.38017e+06
5.07287e+06
4.94172e+06
4.92843e+06
4.75177e+06
4.60324e+06
4.5424e+06
4.52061e+06
4.51951e+06
4.65342e+06
4.65756e+06
4.66772e+06
4.6892e+06
4.46815e+06
4.2663e+06
4.23245e+06
4.12147e+06
3.91934e+06
3.76312e+06
3.48418e+06
3.28925e+06
3.19038e+06
3.09668e+06
2.96332e+06
2.88741e+06
2.94812e+06
3.07565e+06
3.22067e+06
3.14002e+06
3.1338e+06
2.92922e+06
2.56554e+06
2.2057e+06
1.9736e+06
1.80728e+06
1.65443e+06
1.43485e+06
1.31965e+06
1.25633e+06
1.21083e+06
1.22873e+06
1.26047e+06
1.31567e+06
1.36301e+06
1.2859e+06
1.15485e+06
912771
741255
599893
465590
381018
336563
316478
310523
317417
332142
350675
363940
371286
366465
279497
184489
130889
95134
71052
54085
42691
35021
30903
26676
24727
22623
19278
14976
9521
4557
0
0
0
0
0
0
0
0
0
0
0
0
0
0
0
0
0
0
0
0
0
0
0
0
0
0
0
0
0
0
0
0
0
0
0
0
0
0
0
0
0
0
0
0
0
0
0
0
0
0
0
0
0
0
0
0
0
0
0
0
0
0
0
0
0
0
0
0
0
0
0
0
0
0
0
0
0
0
0
0
0
0
0
0
0
0
0
0
0
0
0
0
0
0
0
0
0
0
0
0
0
0
0
0
0
0
0
0
0
0
0
0
0
0
0
0
0
0
0
0
0
0
0
0
0
0
0
0
0
0
0
0
0
0
0
0
0
0
0
0
0
0
0
0
0
0
0
0
0
0
0
0
0
0
0
0
0
0
0
0
0
0
0
0
0
0
0
0
0
0
0
0
0
0
0
0
0
0
0
0
0
0
0
0
0
0
0
0
0
0
0
0
0
0
0
0
0
0
0
0
