299008
0
0
0
0
0
0
0
0
2
18
51
244
848
3008
10337
34479
110601
251761
329293
327716
241179
178409
138651
115837
108613
113906
131241
165945
187580
214049
260228
327937
409599
503610
590715
545167
515369
497589
489918
503896
483202
468280
485876
536232
630638
621089
630225
665915
734894
805783
880814
975718
1.12141e+06
1.14002e+06
1.02885e+06
977047
963117
959651
993012
1.08676e+06
1.17916e+06
1.14125e+06
1.18886e+06
1.28272e+06
1.28678e+06
1.33448e+06
1.44673e+06
1.47422e+06
1.52914e+06
1.66034e+06
1.70942e+06
1.79231e+06
1.97833e+06
1.82155e+06
1.71374e+06
1.67215e+06
1.69652e+06
1.81784e+06
1.88573e+06
1.85506e+06
1.93774e+06
2.01793e+06
2.18217e+06
2.33284e+06
2.34525e+06
2.48049e+06
2.5309e+06
2.70696e+06
2.72004e+06
2.61627e+06
2.62666e+06
2.59654e+06
2.69483e+06
2.61301e+06
2.65441e+06
2.6813e+06
2.82722e+06
2.87896e+06
2.93303e+06
3.08902e+06
3.36457e+06
3.54372e+06
3.53477e+06
3.6314e+06
3.8088e+06
3.86771e+06
3.72356e+06
3.62984e+06
3.51852e+06
3.4662e+06
3.47623e+06
3.63896e+06
4.0037e+06
3.9832e+06
4.02686e+06
4.17516e+06
4.28114e+06
4.13193e+06
4.03581e+06
4.09745e+06
4.08235e+06
4.06813e+06
4.06172e+06
3.93011e+06
3.64405e+06
3.53399e+06
3.5322e+06
3.38021e+06
3.25239e+06
3.21262e+06
3.21215e+06
3.22986e+06
3.37997e+06
3.40624e+06
3.43594e+06
3.48081e+06
3.28151e+06
3.10847e+06
3.10154e+06
3.01773e+06
2.84769e+06
2.71982e+06
2.47136e+06
2.3048e+06
2.23073e+06
2.16652e+06
2.06033e+06
2.01182e+06
2.09709e+06
2.25179e+06
2.4234e+06
2.37335e+06
2.40154e+06
2.22806e+06
1.89829e+06
1.57675e+06
1.38289e+06
1.25384e+06
1.13947e+06
955620
874377
845477
836168
880125
936777
1.01182e+06
1.07979e+06
1.02254e+06
911475
688689
537716
416652
298490
230778
200874
191531
197014
213255
236330
263295
285328
301660
303943
225226
138155
91503
62092
43969
31904
24563
20718
19518
18081
18424
18032
16550
13478
8971
4499
0
0
0
0
0
0
0
0
0
0
0
0
0
0
0
0
0
0
0
0
0
0
0
0
0
0
0
0
0
0
0
0
0
0
0
0
0
0
0
0
0
0
0
0
0
0
0
0
0
0
0
0
0
0
0
0
0
0
0
0
0
0
0
0
0
0
0
0
0
0
0
0
0
0
0
0
0
0
0
0
0
0
0
0
0
0
0
0
0
0
0
0
0
0
0
0
0
0
0
0
0
0
0
0
0
0
0
0
0
0
0
0
0
0
0
0
0
0
0
0
0
0
0
0
0
0
0
0
0
0
0
0
0
0
0
0
0
0
0
0
0
0
0
0
0
0
0
0
0
0
0
0
0
0
0
0
0
0
0
0
0
0
0
0
0
0
0
0
0
0
0
0
0
0
0
0
0
0
0
0
0
0
0
0
0
0
0
0
0
0
0
0
0
0
0
0
0
0
0
0
