522240
0
0
0
0
0
0
0
0
9
39
103
539
1656
5768
18805
59256
187184
460630
597672
541277
398259
299609
240981
208457
198930
207514
235629
286254
331936
389466
476352
592246
716521
843572
961420
941126
920412
900317
872707
868093
837129
820404
851805
921092
1.04853e+06
1.08081e+06
1.1383e+06
1.22295e+06
1.34385e+06
1.45818e+06
1.5658e+06
1.68059e+06
1.84204e+06
1.87416e+06
1.76967e+06
1.7234e+06
1.71061e+06
1.71828e+06
1.76778e+06
1.88158e+06
2.00389e+06
2.00807e+06
2.10418e+06
2.25166e+06
2.30289e+06
2.39989e+06
2.55852e+06
2.62423e+06
2.70065e+06
2.85244e+06
2.92228e+06
3.0217e+06
3.22584e+06
3.0964e+06
3.01385e+06
2.99513e+06
3.05162e+06
3.22251e+06
3.33947e+06
3.36247e+06
3.49353e+06
3.61856e+06
3.83174e+06
4.02927e+06
4.08312e+06
4.25367e+06
4.33922e+06
4.54695e+06
4.5888e+06
4.51916e+06
4.55235e+06
4.56536e+06
4.69818e+06
4.67006e+06
4.76415e+06
4.84944e+06
5.04682e+06
5.14874e+06
5.26145e+06
5.46629e+06
5.79253e+06
6.00962e+06
6.03976e+06
6.18744e+06
6.4022e+06
6.50674e+06
6.41279e+06
6.36248e+06
6.29794e+06
6.29304e+06
6.3637e+06
6.58338e+06
7.00424e+06
7.04957e+06
7.13824e+06
7.26048e+06
7.34643e+06
7.16951e+06
7.03992e+06
7.06838e+06
7.01547e+06
6.95798e+06
6.91145e+06
6.75015e+06
6.43129e+06
6.28697e+06
6.25302e+06
6.05621e+06
5.88869e+06
5.80432e+06
5.76938e+06
5.74484e+06
5.85991e+06
5.84089e+06
5.82984e+06
5.83054e+06
5.58535e+06
5.3512e+06
5.29534e+06
5.15459e+06
4.93006e+06
4.746e+06
4.44298e+06
4.22868e+06
4.11402e+06
3.9878e+06
3.8266e+06
3.72297e+06
3.75724e+06
3.85076e+06
3.9649e+06
3.85732e+06
3.81858e+06
3.58105e+06
3.18972e+06
2.80165e+06
2.53463e+06
2.33692e+06
2.14894e+06
1.90147e+06
1.74981e+06
1.65031e+06
1.57016e+06
1.55904e+06
1.56588e+06
1.5987e+06
1.62558e+06
1.5258e+06
1.37659e+06
1.11783e+06
930801
775616
627068
529434
470999
439145
422239
416914
423260
430690
435270
435394
422735
329341
227682
167471
125918
97558
76253
60238
49594
42264
35026
30359
26669
21590
16329
10089
4643
0
0
0
0
0
0
0
0
0
0
0
0
0
0
0
0
0
0
0
0
0
0
0
0
0
0
0
0
0
0
0
0
0
0
0
0
0
0
0
0
0
0
0
0
0
0
0
0
0
0
0
0
0
0
0
0
0
0
0
0
0
0
0
0
0
0
0
0
0
0
0
0
0
0
0
0
0
0
0
0
0
0
0
0
0
0
0
0
0
0
0
0
0
0
0
0
0
0
0
0
0
0
0
0
0
0
0
0
0
0
0
0
0
0
0
0
0
0
0
0
0
0
0
0
0
0
0
0
0
0
0
0
0
0
0
0
0
0
0
0
0
0
0
0
0
0
0
0
0
0
0
0
0
0
0
0
0
0
0
0
0
0
0
0
0
0
0
0
0
0
0
0
0
0
0
0
0
0
0
0
0
0
0
0
0
0
0
0
0
0
0
0
0
0
0
0
0
0
0
0
