757760
0
0
0
0
0
0
0
0
9
39
103
539
1656
5768
18805
59256
187550
582538
1.14785e+06
870886
552130
393727
314767
278043
268902
281432
320893
386281
456994
546772
696360
893792
1.09004e+06
1.25587e+06
1.36622e+06
1.35105e+06
1.37862e+06
1.40005e+06
1.32098e+06
1.24347e+06
1.16348e+06
1.13733e+06
1.16961e+06
1.26427e+06
1.43429e+06
1.53076e+06
1.67141e+06
1.84002e+06
2.03912e+06
2.20866e+06
2.35369e+06
2.47882e+06
2.63576e+06
2.64557e+06
2.53682e+06
2.50203e+06
2.49074e+06
2.49057e+06
2.54298e+06
2.65989e+06
2.81828e+06
2.87305e+06
3.05028e+06
3.28216e+06
3.41706e+06
3.5843e+06
3.79854e+06
3.894e+06
3.98115e+06
4.12611e+06
4.19874e+06
4.30036e+06
4.5116e+06
4.40178e+06
4.3326e+06
4.35114e+06
4.4592e+06
4.67239e+06
4.86315e+06
4.96043e+06
5.1517e+06
5.35354e+06
5.6229e+06
5.86308e+06
5.94761e+06
6.14396e+06
6.249e+06
6.47438e+06
6.53312e+06
6.49389e+06
6.55258e+06
6.60923e+06
6.79967e+06
6.81709e+06
6.98261e+06
7.14281e+06
7.40371e+06
7.57081e+06
7.74511e+06
8.00236e+06
8.38096e+06
8.6358e+06
8.6871e+06
8.86343e+06
9.12822e+06
9.26932e+06
9.22338e+06
9.21962e+06
9.2134e+06
9.27587e+06
9.41291e+06
9.6806e+06
1.01918e+07
1.02874e+07
1.04217e+07
1.05454e+07
1.06005e+07
1.03976e+07
1.02195e+07
1.01876e+07
1.00855e+07
9.98964e+06
9.90667e+06
9.705e+06
9.37423e+06
9.19518e+06
9.11732e+06
8.89419e+06
8.68271e+06
8.54467e+06
8.46233e+06
8.40618e+06
8.47676e+06
8.42377e+06
8.36933e+06
8.30975e+06
8.00218e+06
7.70872e+06
7.59976e+06
7.39631e+06
7.10422e+06
6.88581e+06
6.53417e+06
6.27103e+06
6.1013e+06
5.91359e+06
5.69797e+06
5.53559e+06
5.51269e+06
5.54421e+06
5.59593e+06
5.41808e+06
5.30403e+06
4.99432e+06
4.5343e+06
4.08576e+06
3.75082e+06
3.48484e+06
3.23158e+06
2.90762e+06
2.67173e+06
2.50112e+06
2.35001e+06
2.28608e+06
2.23469e+06
2.21578e+06
2.18922e+06
2.04862e+06
1.86005e+06
1.56547e+06
1.34349e+06
1.15923e+06
978505
850028
761690
703042
661091
631069
618118
602195
591317
577529
548946
437441
322613
247776
192568
155698
123105
100190
79292
64815
52585
42342
34732
26653
19660
11283
4817
0
0
0
0
0
0
0
0
0
0
0
0
0
0
0
0
0
0
0
0
0
0
0
0
0
0
0
0
0
0
0
0
0
0
0
0
0
0
0
0
0
0
0
0
0
0
0
0
0
0
0
0
0
0
0
0
0
0
0
0
0
0
0
0
0
0
0
0
0
0
0
0
0
0
0
0
0
0
0
0
0
0
0
0
0
0
0
0
0
0
0
0
0
0
0
0
0
0
0
0
0
0
0
0
0
0
0
0
0
0
0
0
0
0
0
0
0
0
0
0
0
0
0
0
0
0
0
0
0
0
0
0
0
0
0
0
0
0
0
0
0
0
0
0
0
0
0
0
0
0
0
0
0
0
0
0
0
0
0
0
0
0
0
0
0
0
0
0
0
0
0
0
0
0
0
0
0
0
0
0
0
0
0
0
0
0
0
0
0
0
0
0
0
0
0
0
0
0
0
0
