399360
0
0
0
0
0
0
0
0
9
33
91
467
1466
5167
16539
52184
157144
338655
426474
413580
312041
237036
188879
161492
152618
159240
181148
223292
256141
294943
358063
444373
543894
653563
754117
719042
689772
672839
660065
669735
647083
633610
657071
715324
822627
831098
859446
914449
1.00314e+06
1.09361e+06
1.18319e+06
1.28797e+06
1.44171e+06
1.46818e+06
1.36202e+06
1.31323e+06
1.30123e+06
1.30383e+06
1.34627e+06
1.45098e+06
1.55445e+06
1.53477e+06
1.60122e+06
1.71701e+06
1.73987e+06
1.80821e+06
1.94021e+06
1.9853e+06
2.05115e+06
2.19441e+06
2.2548e+06
2.35072e+06
2.5447e+06
2.39897e+06
2.30099e+06
2.27167e+06
2.30659e+06
2.44754e+06
2.53792e+06
2.53197e+06
2.63403e+06
2.73296e+06
2.91894e+06
3.09308e+06
3.12448e+06
3.28058e+06
3.34572e+06
3.53715e+06
3.56218e+06
3.47455e+06
3.49989e+06
3.48369e+06
3.59469e+06
3.53374e+06
3.59878e+06
3.65107e+06
3.82226e+06
3.89724e+06
3.97923e+06
4.15892e+06
4.45378e+06
4.65222e+06
4.6626e+06
4.7836e+06
4.97961e+06
5.06047e+06
4.93652e+06
4.85955e+06
4.76363e+06
4.73579e+06
4.771e+06
4.96153e+06
5.34577e+06
5.35514e+06
5.4231e+06
5.5623e+06
5.6594e+06
5.50319e+06
5.39042e+06
5.43862e+06
5.40599e+06
5.37105e+06
5.34685e+06
5.19808e+06
4.89398e+06
4.76488e+06
4.75294e+06
4.57987e+06
4.43397e+06
4.37739e+06
4.35599e+06
4.35654e+06
4.4937e+06
4.50036e+06
4.51369e+06
4.5395e+06
4.32094e+06
4.12264e+06
4.09183e+06
3.98457e+06
3.78685e+06
3.63318e+06
3.35673e+06
3.16556e+06
3.06941e+06
2.97915e+06
2.84958e+06
2.77589e+06
2.84042e+06
2.97304e+06
3.12258e+06
3.04515e+06
3.04361e+06
2.84288e+06
2.48316e+06
2.12775e+06
1.8994e+06
1.7376e+06
1.58888e+06
1.37366e+06
1.26263e+06
1.20463e+06
1.16371e+06
1.18489e+06
1.22012e+06
1.27796e+06
1.32855e+06
1.25376e+06
1.12537e+06
885439
716183
577133
444291
361838
319014
300160
295729
304218
320247
340044
354172
362695
359029
272968
178982
125952
90999
67524
51108
40315
33216
29452
25728
23876
22005
18943
14783
9482
4545
0
0
0
0
0
0
0
0
0
0
0
0
0
0
0
0
0
0
0
0
0
0
0
0
0
0
0
0
0
0
0
0
0
0
0
0
0
0
0
0
0
0
0
0
0
0
0
0
0
0
0
0
0
0
0
0
0
0
0
0
0
0
0
0
0
0
0
0
0
0
0
0
0
0
0
0
0
0
0
0
0
0
0
0
0
0
0
0
0
0
0
0
0
0
0
0
0
0
0
0
0
0
0
0
0
0
0
0
0
0
0
0
0
0
0
0
0
0
0
0
0
0
0
0
0
0
0
0
0
0
0
0
0
0
0
0
0
0
0
0
0
0
0
0
0
0
0
0
0
0
0
0
0
0
0
0
0
0
0
0
0
0
0
0
0
0
0
0
0
0
0
0
0
0
0
0
0
0
0
0
0
0
0
0
0
0
0
0
0
0
0
0
0
0
0
0
0
0
0
0
