397312
0
0
0
0
0
0
0
0
9
33
89
461
1457
5116
16393
51823
156258
336836
424523
411809
310653
235791
187845
160536
151707
158348
180154
222088
254697
293237
356086
442031
541181
650550
750862
715519
686185
669229
656637
666309
643609
630214
653561
711608
818737
826858
854820
909358
997806
1.0879e+06
1.17694e+06
1.28165e+06
1.43497e+06
1.46154e+06
1.35527e+06
1.30627e+06
1.29428e+06
1.2967e+06
1.33926e+06
1.44355e+06
1.54671e+06
1.52663e+06
1.59275e+06
1.70832e+06
1.73068e+06
1.79856e+06
1.93018e+06
1.97493e+06
2.04046e+06
2.18343e+06
2.24353e+06
2.33942e+06
2.53315e+06
2.38721e+06
2.28904e+06
2.25942e+06
2.29412e+06
2.4346e+06
2.52456e+06
2.5182e+06
2.61983e+06
2.71835e+06
2.90372e+06
3.07781e+06
3.10879e+06
3.26415e+06
3.32902e+06
3.5201e+06
3.54517e+06
3.45704e+06
3.48218e+06
3.46558e+06
3.5762e+06
3.51498e+06
3.57922e+06
3.63114e+06
3.80212e+06
3.87619e+06
3.9579e+06
4.13725e+06
4.43168e+06
4.62954e+06
4.63964e+06
4.76028e+06
4.95581e+06
5.03614e+06
4.91182e+06
4.83448e+06
4.73839e+06
4.70958e+06
4.74429e+06
4.93452e+06
5.31837e+06
5.32704e+06
5.39448e+06
5.53384e+06
5.6315e+06
5.47532e+06
5.36295e+06
5.41146e+06
5.379e+06
5.3444e+06
5.32092e+06
5.1721e+06
4.86843e+06
4.7397e+06
4.72803e+06
4.55516e+06
4.40954e+06
4.35381e+06
4.33263e+06
4.33341e+06
4.47064e+06
4.47796e+06
4.49188e+06
4.51802e+06
4.29995e+06
4.10207e+06
4.07168e+06
3.96514e+06
3.76771e+06
3.61468e+06
3.33869e+06
3.14777e+06
3.05206e+06
2.96222e+06
2.83343e+06
2.76004e+06
2.82511e+06
2.95842e+06
3.10856e+06
3.0316e+06
3.03074e+06
2.83052e+06
2.47129e+06
2.11646e+06
1.88887e+06
1.72784e+06
1.57936e+06
1.36506e+06
1.25451e+06
1.19714e+06
1.15693e+06
1.17862e+06
1.21445e+06
1.27272e+06
1.32347e+06
1.24921e+06
1.12109e+06
881570
712503
573853
441284
359105
316556
297759
293694
302318
318547
338557
352776
361490
357921
272015
178193
125293
90346
67044
50699
39960
32970
29238
25588
23765
21910
18898
14759
9474
4545
0
0
0
0
0
0
0
0
0
0
0
0
0
0
0
0
0
0
0
0
0
0
0
0
0
0
0
0
0
0
0
0
0
0
0
0
0
0
0
0
0
0
0
0
0
0
0
0
0
0
0
0
0
0
0
0
0
0
0
0
0
0
0
0
0
0
0
0
0
0
0
0
0
0
0
0
0
0
0
0
0
0
0
0
0
0
0
0
0
0
0
0
0
0
0
0
0
0
0
0
0
0
0
0
0
0
0
0
0
0
0
0
0
0
0
0
0
0
0
0
0
0
0
0
0
0
0
0
0
0
0
0
0
0
0
0
0
0
0
0
0
0
0
0
0
0
0
0
0
0
0
0
0
0
0
0
0
0
0
0
0
0
0
0
0
0
0
0
0
0
0
0
0
0
0
0
0
0
0
0
0
0
0
0
0
0
0
0
0
0
0
0
0
0
0
0
0
0
0
0
