606208
0
0
0
0
0
0
0
0
9
39
103
539
1656
5768
18805
59256
187541
518743
779876
651122
453908
334114
268635
234163
225267
235516
266897
323900
377935
445657
555349
699127
847251
986441
1.10447e+06
1.09113e+06
1.08537e+06
1.07381e+06
1.02609e+06
1.00066e+06
955773
935323
968577
1.05046e+06
1.19054e+06
1.24387e+06
1.32804e+06
1.44119e+06
1.58822e+06
1.72098e+06
1.84128e+06
1.96291e+06
2.12468e+06
2.1492e+06
2.04472e+06
2.00018e+06
1.98923e+06
1.99286e+06
2.04613e+06
2.164e+06
2.30015e+06
2.31995e+06
2.44135e+06
2.62052e+06
2.69755e+06
2.81862e+06
2.9951e+06
3.07323e+06
3.15494e+06
3.30438e+06
3.37513e+06
3.47732e+06
3.68551e+06
3.56809e+06
3.48823e+06
3.47944e+06
3.55626e+06
3.74386e+06
3.8813e+06
3.93484e+06
4.08521e+06
4.23331e+06
4.4658e+06
4.67788e+06
4.74355e+06
4.92602e+06
5.01919e+06
5.23586e+06
5.28302e+06
5.22156e+06
5.27092e+06
5.29754e+06
5.45042e+06
5.43711e+06
5.55773e+06
5.67053e+06
5.88314e+06
6.01218e+06
6.14391e+06
6.36577e+06
6.70937e+06
6.94405e+06
6.98373e+06
7.14223e+06
7.37584e+06
7.49545e+06
7.41544e+06
7.38321e+06
7.33844e+06
7.35448e+06
7.45225e+06
7.69066e+06
8.14259e+06
8.20594e+06
8.30779e+06
8.43114e+06
8.49936e+06
8.31405e+06
8.17208e+06
8.18338e+06
8.10697e+06
8.04216e+06
7.9857e+06
7.80785e+06
7.48382e+06
7.32185e+06
7.26498e+06
7.06835e+06
6.88455e+06
6.78161e+06
6.72973e+06
6.69602e+06
6.79361e+06
6.76082e+06
6.73075e+06
6.71589e+06
6.44719e+06
6.19456e+06
6.11631e+06
5.95097e+06
5.71134e+06
5.50624e+06
5.18962e+06
4.95382e+06
4.82675e+06
4.67334e+06
4.49219e+06
4.37224e+06
4.37956e+06
4.45215e+06
4.54741e+06
4.41417e+06
4.34594e+06
4.08709e+06
3.67066e+06
3.26041e+06
2.97145e+06
2.74302e+06
2.53315e+06
2.26038e+06
2.08015e+06
1.95254e+06
1.84806e+06
1.8183e+06
1.80433e+06
1.81654e+06
1.82657e+06
1.71388e+06
1.54967e+06
1.27698e+06
1.07807e+06
912531
751874
643131
575387
535057
506761
492032
491396
493145
490998
485461
467968
368551
261460
195390
149106
118011
93961
74218
60544
50306
41232
34546
29550
23494
17487
10643
4721
0
0
0
0
0
0
0
0
0
0
0
0
0
0
0
0
0
0
0
0
0
0
0
0
0
0
0
0
0
0
0
0
0
0
0
0
0
0
0
0
0
0
0
0
0
0
0
0
0
0
0
0
0
0
0
0
0
0
0
0
0
0
0
0
0
0
0
0
0
0
0
0
0
0
0
0
0
0
0
0
0
0
0
0
0
0
0
0
0
0
0
0
0
0
0
0
0
0
0
0
0
0
0
0
0
0
0
0
0
0
0
0
0
0
0
0
0
0
0
0
0
0
0
0
0
0
0
0
0
0
0
0
0
0
0
0
0
0
0
0
0
0
0
0
0
0
0
0
0
0
0
0
0
0
0
0
0
0
0
0
0
0
0
0
0
0
0
0
0
0
0
0
0
0
0
0
0
0
0
0
0
0
0
0
0
0
0
0
0
0
0
0
0
0
0
0
0
0
0
0
