8192
0
0
0
0
0
0
0
0
0
0
0
0
0
0
0
0
28
838
8946
32000
6690
629
21
0
1
129
1654
13063
8631
1033
67
104
2072
20718
62530
11701
1140
347
3782
27429
15686
1844
1175
11068
62388
21291
2510
1850
14180
14802
2519
10361
85646
88188
11126
3109
14953
6734
5161
40296
87803
14810
14885
64076
18219
11688
60821
24940
12334
60671
27980
39838
189989
57796
6085
1014
9067
78026
96329
17800
32180
18085
64582
110486
30526
81857
40404
138473
128016
39753
64169
37797
130209
42821
63740
39414
104838
73643
23867
30955
138407
172000
60365
68828
161288
203876
109542
97911
59601
39103
8590
44701
249221
90711
28580
103726
208447
109796
70930
124819
80014
87254
163762
202576
80874
66036
136453
62507
25715
42477
48551
68858
162570
119940
98650
182909
91893
21219
97786
96763
55234
101648
49646
37996
64926
78361
43423
2908
18748
53588
129538
40116
125533
130740
69616
3634
3819
30993
60495
2903
1267
7953
3651
6713
22088
39709
70408
56716
68519
5611
3021
16766
4726
0
0
0
0
0
0
41
834
9066
39970
23075
741
1
0
0
0
0
0
0
0
0
0
7
112
1081
2896
0
0
0
0
0
0
0
0
0
0
0
0
0
0
0
0
0
0
0
0
0
0
0
0
0
0
0
0
0
0
0
0
0
0
0
0
0
0
0
0
0
0
0
0
0
0
0
0
0
0
0
0
0
0
0
0
0
0
0
0
0
0
0
0
0
0
0
0
0
0
0
0
0
0
0
0
0
0
0
0
0
0
0
0
0
0
0
0
0
0
0
0
0
0
0
0
0
0
0
0
0
0
0
0
0
0
0
0
0
0
0
0
0
0
0
0
0
0
0
0
0
0
0
0
0
0
0
0
0
0
0
0
0
0
0
0
0
0
0
0
0
0
0
0
0
0
0
0
0
0
0
0
0
0
0
0
0
0
0
0
0
0
0
0
0
0
0
0
0
0
0
0
0
0
0
0
0
0
0
0
0
0
0
0
0
0
0
0
0
0
0
0
0
0
0
0
0
0
0
0
