434176
0
0
0
0
0
0
0
0
9
39
103
538
1633
5709
18490
57590
172515
369882
461899
444217
336572
256680
205835
176856
167799
174570
198338
243419
279986
322796
391871
485324
590147
705045
811305
779651
751216
733982
718529
726788
703876
691151
716205
778416
889612
903564
938511
999520
1.09621e+06
1.19223e+06
1.28863e+06
1.39691e+06
1.5534e+06
1.58278e+06
1.47752e+06
1.42951e+06
1.4187e+06
1.42293e+06
1.46828e+06
1.57621e+06
1.68537e+06
1.67124e+06
1.74429e+06
1.8686e+06
1.8966e+06
1.97338e+06
2.11171e+06
2.16121e+06
2.23251e+06
2.38118e+06
2.44548e+06
2.54266e+06
2.73993e+06
2.59892e+06
2.50328e+06
2.47863e+06
2.51822e+06
2.66892e+06
2.76577e+06
2.76661e+06
2.87619e+06
2.98203e+06
3.1762e+06
3.35593e+06
3.39309e+06
3.5563e+06
3.62887e+06
3.82308e+06
3.85383e+06
3.77248e+06
3.80125e+06
3.79098e+06
3.90741e+06
3.85628e+06
3.92981e+06
3.98861e+06
4.1666e+06
4.25013e+06
4.34193e+06
4.53075e+06
4.83203e+06
5.03669e+06
5.05376e+06
5.1826e+06
5.3827e+06
5.4717e+06
5.35532e+06
5.28475e+06
5.19754e+06
5.17812e+06
5.22163e+06
5.4224e+06
5.81288e+06
5.83239e+06
5.90949e+06
6.04479e+06
6.13698e+06
5.97651e+06
5.85948e+06
5.90079e+06
5.86226e+06
5.82044e+06
5.79002e+06
5.63888e+06
5.32882e+06
5.19451e+06
5.17794e+06
4.99866e+06
4.84497e+06
4.78098e+06
4.7546e+06
4.75164e+06
4.88129e+06
4.88193e+06
4.8858e+06
4.90437e+06
4.67866e+06
4.47218e+06
4.43268e+06
4.31681e+06
4.11018e+06
3.94957e+06
3.665e+06
3.46509e+06
3.36381e+06
3.26509e+06
3.1256e+06
3.04533e+06
3.10122e+06
3.22276e+06
3.36122e+06
3.27624e+06
3.26302e+06
3.05084e+06
2.68208e+06
2.31876e+06
2.07971e+06
1.90797e+06
1.74855e+06
1.52231e+06
1.40045e+06
1.33027e+06
1.27835e+06
1.29147e+06
1.31792e+06
1.36898e+06
1.41244e+06
1.33116e+06
1.19687e+06
952288
776948
632741
495237
408400
361854
339912
332111
336532
349401
366059
377800
383278
376795
288623
192298
138107
101164
75933
58173
45909
37760
33075
28317
25850
23415
19733
15214
9603
4564
0
0
0
0
0
0
0
0
0
0
0
0
0
0
0
0
0
0
0
0
0
0
0
0
0
0
0
0
0
0
0
0
0
0
0
0
0
0
0
0
0
0
0
0
0
0
0
0
0
0
0
0
0
0
0
0
0
0
0
0
0
0
0
0
0
0
0
0
0
0
0
0
0
0
0
0
0
0
0
0
0
0
0
0
0
0
0
0
0
0
0
0
0
0
0
0
0
0
0
0
0
0
0
0
0
0
0
0
0
0
0
0
0
0
0
0
0
0
0
0
0
0
0
0
0
0
0
0
0
0
0
0
0
0
0
0
0
0
0
0
0
0
0
0
0
0
0
0
0
0
0
0
0
0
0
0
0
0
0
0
0
0
0
0
0
0
0
0
0
0
0
0
0
0
0
0
0
0
0
0
0
0
0
0
0
0
0
0
0
0
0
0
0
0
0
0
0
0
0
0
