43008
0
0
0
0
0
0
0
0
0
0
0
0
0
0
46
364
5009
28254
59111
82817
42958
21529
11171
6684
6542
9615
17282
33622
29982
20265
20616
31592
55073
97546
149371
86269
55621
46529
52026
79900
68638
52742
58598
85802
151350
105319
69855
58791
73148
85696
96514
140751
253752
258636
147309
104792
99696
93159
112877
178136
241144
164237
159352
206888
155695
147754
203061
174009
174563
248909
252726
304016
475553
312035
203785
163063
177931
275296
304450
214305
222661
226819
306072
378879
312466
382596
374858
503189
489500
370578
369481
336431
429116
330633
342547
319869
395527
365422
321662
371013
541956
616289
519297
553437
688312
736148
592736
509023
401131
337125
313198
415262
691123
560585
503633
617479
718773
599391
516675
580800
580511
615848
706793
694271
510311
470655
523917
415371
334096
337401
364971
412622
560286
579566
594762
661447
497631
379178
456974
465502
410894
417539
312199
269595
292128
298266
220554
160921
208929
314919
464217
430067
531843
477487
307957
159812
130167
152454
156581
64778
49153
57165
62983
95803
140765
202201
273234
258105
224476
103016
64823
51002
15107
2383
1058
1405
3084
7370
15030
28026
48517
78204
109770
67360
19011
6050
1909
656
217
88
88
211
554
1104
2206
3337
4790
5275
3913
0
0
0
0
0
0
0
0
0
0
0
0
0
0
0
0
0
0
0
0
0
0
0
0
0
0
0
0
0
0
0
0
0
0
0
0
0
0
0
0
0
0
0
0
0
0
0
0
0
0
0
0
0
0
0
0
0
0
0
0
0
0
0
0
0
0
0
0
0
0
0
0
0
0
0
0
0
0
0
0
0
0
0
0
0
0
0
0
0
0
0
0
0
0
0
0
0
0
0
0
0
0
0
0
0
0
0
0
0
0
0
0
0
0
0
0
0
0
0
0
0
0
0
0
0
0
0
0
0
0
0
0
0
0
0
0
0
0
0
0
0
0
0
0
0
0
0
0
0
0
0
0
0
0
0
0
0
0
0
0
0
0
0
0
0
0
0
0
0
0
0
0
0
0
0
0
0
0
0
0
0
0
0
0
0
0
0
0
0
0
0
0
0
0
0
0
0
0
0
0
