579584
0
0
0
0
0
0
0
0
9
39
103
539
1656
5768
18805
59256
187537
503617
718358
614979
437031
323294
260023
226279
217021
226813
257396
311874
363669
428138
530313
665307
804732
940936
1.0592e+06
1.04405e+06
1.03278e+06
1.01819e+06
976054
958611
919060
899896
931554
1.01004e+06
1.14651e+06
1.19183e+06
1.26767e+06
1.37219e+06
1.511e+06
1.63668e+06
1.75327e+06
1.87224e+06
2.0352e+06
2.0621e+06
1.95737e+06
1.9127e+06
1.90131e+06
1.90527e+06
1.95829e+06
2.07572e+06
2.20602e+06
2.22183e+06
2.33515e+06
2.50326e+06
2.57218e+06
2.68573e+06
2.85555e+06
2.93055e+06
3.01076e+06
3.15964e+06
3.23168e+06
3.33342e+06
3.5395e+06
3.41905e+06
3.33845e+06
3.32666e+06
3.39568e+06
3.57933e+06
3.70977e+06
3.75307e+06
3.8993e+06
4.03814e+06
4.26378e+06
4.47048e+06
4.53279e+06
4.71297e+06
4.80409e+06
5.01747e+06
5.06336e+06
5.00011e+06
5.0422e+06
5.06588e+06
5.21143e+06
5.19464e+06
5.306e+06
5.41054e+06
5.61877e+06
5.73766e+06
5.86352e+06
6.08213e+06
6.41655e+06
6.64828e+06
6.68373e+06
6.83924e+06
7.06566e+06
7.18302e+06
7.09796e+06
7.0594e+06
7.01018e+06
7.01891e+06
7.10595e+06
7.33906e+06
7.78256e+06
7.83924e+06
7.93714e+06
8.06043e+06
8.13247e+06
7.95105e+06
7.8124e+06
7.8279e+06
7.76237e+06
7.6995e+06
7.64426e+06
7.47398e+06
7.14967e+06
6.99359e+06
6.94534e+06
6.74746e+06
6.56842e+06
6.46987e+06
6.42503e+06
6.39626e+06
6.49834e+06
6.46793e+06
6.44449e+06
6.43598e+06
6.17393e+06
5.926e+06
5.85563e+06
5.69879e+06
5.46329e+06
5.26624e+06
4.95214e+06
4.72536e+06
4.60086e+06
4.45622e+06
4.2796e+06
4.16771e+06
4.18068e+06
4.26211e+06
4.36282e+06
4.23736e+06
4.17705e+06
3.92715e+06
3.5191e+06
3.11625e+06
2.83179e+06
2.61369e+06
2.4114e+06
2.14687e+06
1.97644e+06
1.85707e+06
1.75997e+06
1.73493e+06
1.72864e+06
1.74796e+06
1.76239e+06
1.65461e+06
1.49434e+06
1.22582e+06
1.03176e+06
869349
713022
606966
542123
504247
480509
468001
470261
473240
472961
469444
453956
355730
250733
186265
142026
111319
88432
69940
57337
47838
39121
33131
28629
22986
17072
10469
4708
0
0
0
0
0
0
0
0
0
0
0
0
0
0
0
0
0
0
0
0
0
0
0
0
0
0
0
0
0
0
0
0
0
0
0
0
0
0
0
0
0
0
0
0
0
0
0
0
0
0
0
0
0
0
0
0
0
0
0
0
0
0
0
0
0
0
0
0
0
0
0
0
0
0
0
0
0
0
0
0
0
0
0
0
0
0
0
0
0
0
0
0
0
0
0
0
0
0
0
0
0
0
0
0
0
0
0
0
0
0
0
0
0
0
0
0
0
0
0
0
0
0
0
0
0
0
0
0
0
0
0
0
0
0
0
0
0
0
0
0
0
0
0
0
0
0
0
0
0
0
0
0
0
0
0
0
0
0
0
0
0
0
0
0
0
0
0
0
0
0
0
0
0
0
0
0
0
0
0
0
0
0
0
0
0
0
0
0
0
0
0
0
0
0
0
0
0
0
0
0
