493568
0
0
0
0
0
0
0
0
9
39
103
539
1656
5768
18805
59236
186046
432545
545989
506867
378758
286769
230556
198703
189402
197546
224648
272832
315620
368160
449553
556130
674377
797285
912062
888918
863915
843829
821743
822639
795187
779731
809373
876942
998197
1.02406e+06
1.07252e+06
1.14947e+06
1.26114e+06
1.36981e+06
1.47351e+06
1.58762e+06
1.74824e+06
1.77884e+06
1.67466e+06
1.62867e+06
1.6155e+06
1.62206e+06
1.67191e+06
1.78477e+06
1.90159e+06
1.8987e+06
1.98709e+06
2.12724e+06
2.16912e+06
2.25958e+06
2.41104e+06
2.47147e+06
2.5476e+06
2.69873e+06
2.76798e+06
2.8659e+06
3.06858e+06
2.93548e+06
2.84821e+06
2.8282e+06
2.87883e+06
3.04397e+06
3.15183e+06
3.16844e+06
3.29197e+06
3.40934e+06
3.61738e+06
3.80905e+06
3.85773e+06
4.02678e+06
4.10777e+06
4.31128e+06
4.34977e+06
4.27679e+06
4.30946e+06
4.31416e+06
4.44231e+06
4.40453e+06
4.49244e+06
4.56996e+06
4.75843e+06
4.85425e+06
4.96124e+06
5.16255e+06
5.47872e+06
5.69287e+06
5.71912e+06
5.86003e+06
6.07042e+06
6.1708e+06
6.06812e+06
6.01332e+06
5.93965e+06
5.9315e+06
5.99206e+06
6.20429e+06
6.61577e+06
6.65206e+06
6.73897e+06
6.86421e+06
6.95162e+06
6.78142e+06
6.65572e+06
6.68726e+06
6.64044e+06
6.58774e+06
6.54637e+06
6.38894e+06
6.07316e+06
5.92952e+06
5.90308e+06
5.71392e+06
5.54863e+06
5.47112e+06
5.43998e+06
5.4216e+06
5.54013e+06
5.52761e+06
5.52128e+06
5.53018e+06
5.29045e+06
5.06498e+06
5.0144e+06
4.88368e+06
4.66326e+06
4.48496e+06
4.18928e+06
3.97967e+06
3.87039e+06
3.75277e+06
3.59952e+06
3.50176e+06
3.54224e+06
3.64629e+06
3.76851e+06
3.66851e+06
3.63789e+06
3.40856e+06
3.02519e+06
2.64407e+06
2.3861e+06
2.19771e+06
2.01904e+06
1.77758e+06
1.63658e+06
1.54629e+06
1.4746e+06
1.47083e+06
1.48549e+06
1.52391e+06
1.55617e+06
1.46218e+06
1.31826e+06
1.0645e+06
880884
728572
583911
490059
435277
406868
393143
390864
399394
409993
416400
418248
407942
315980
216013
157713
118029
90445
70384
55553
45673
39416
32808
29031
25609
20956
15934
9896
4610
0
0
0
0
0
0
0
0
0
0
0
0
0
0
0
0
0
0
0
0
0
0
0
0
0
0
0
0
0
0
0
0
0
0
0
0
0
0
0
0
0
0
0
0
0
0
0
0
0
0
0
0
0
0
0
0
0
0
0
0
0
0
0
0
0
0
0
0
0
0
0
0
0
0
0
0
0
0
0
0
0
0
0
0
0
0
0
0
0
0
0
0
0
0
0
0
0
0
0
0
0
0
0
0
0
0
0
0
0
0
0
0
0
0
0
0
0
0
0
0
0
0
0
0
0
0
0
0
0
0
0
0
0
0
0
0
0
0
0
0
0
0
0
0
0
0
0
0
0
0
0
0
0
0
0
0
0
0
0
0
0
0
0
0
0
0
0
0
0
0
0
0
0
0
0
0
0
0
0
0
0
0
0
0
0
0
0
0
0
0
0
0
0
0
0
0
0
0
0
0
