724992
0
0
0
0
0
0
0
0
9
39
103
539
1656
5768
18805
59256
187550
570960
1.06671e+06
821837
530805
380776
304820
268887
259989
271699
309394
372953
440690
524390
665812
852568
1.03673e+06
1.19691e+06
1.3089e+06
1.29594e+06
1.31568e+06
1.32858e+06
1.25585e+06
1.18999e+06
1.11886e+06
1.0943e+06
1.1271e+06
1.21914e+06
1.38284e+06
1.46967e+06
1.59714e+06
1.75362e+06
1.94088e+06
2.10188e+06
2.24229e+06
2.36685e+06
2.52459e+06
2.53774e+06
2.43109e+06
2.39265e+06
2.38202e+06
2.3835e+06
2.4364e+06
2.55362e+06
2.70812e+06
2.75466e+06
2.9194e+06
3.13756e+06
3.26138e+06
3.41791e+06
3.62367e+06
3.71402e+06
3.80143e+06
3.95038e+06
4.02091e+06
4.12129e+06
4.33376e+06
4.22039e+06
4.1523e+06
4.1633e+06
4.2656e+06
4.4726e+06
4.6516e+06
4.73962e+06
4.91919e+06
5.10846e+06
5.37256e+06
5.60714e+06
5.68671e+06
5.87803e+06
5.98319e+06
6.20711e+06
6.26264e+06
6.21984e+06
6.2768e+06
6.32661e+06
6.50763e+06
6.52094e+06
6.67611e+06
6.82473e+06
7.07248e+06
7.23266e+06
7.40002e+06
7.64472e+06
8.01862e+06
8.26954e+06
8.32126e+06
8.4908e+06
8.74753e+06
8.88739e+06
8.83263e+06
8.82474e+06
8.80943e+06
8.85966e+06
8.98872e+06
9.25143e+06
9.7498e+06
9.83643e+06
9.96154e+06
1.00888e+07
1.01451e+07
9.94573e+06
9.77894e+06
9.75404e+06
9.65815e+06
9.56787e+06
9.49161e+06
9.29718e+06
8.96478e+06
8.78892e+06
8.7167e+06
8.49926e+06
8.29397e+06
8.16408e+06
8.08822e+06
8.03421e+06
8.11214e+06
8.06723e+06
8.01382e+06
7.9637e+06
7.66825e+06
7.38129e+06
7.27764e+06
7.08521e+06
6.80566e+06
6.58483e+06
6.24523e+06
5.98304e+06
5.82612e+06
5.64508e+06
5.43705e+06
5.28402e+06
5.26978e+06
5.30782e+06
5.36916e+06
5.20046e+06
5.09879e+06
4.79724e+06
4.34647e+06
3.90829e+06
3.58282e+06
3.32307e+06
3.08025e+06
2.76883e+06
2.54256e+06
2.3823e+06
2.24051e+06
2.18558e+06
2.1416e+06
2.1295e+06
2.11243e+06
1.97652e+06
1.79333e+06
1.50284e+06
1.28527e+06
1.105e+06
930171
804302
721912
667638
627515
600757
590401
578521
569680
558154
531661
422144
309735
236502
182609
147707
116917
94594
75264
61417
50080
40746
33614
26019
19227
11164
4795
0
0
0
0
0
0
0
0
0
0
0
0
0
0
0
0
0
0
0
0
0
0
0
0
0
0
0
0
0
0
0
0
0
0
0
0
0
0
0
0
0
0
0
0
0
0
0
0
0
0
0
0
0
0
0
0
0
0
0
0
0
0
0
0
0
0
0
0
0
0
0
0
0
0
0
0
0
0
0
0
0
0
0
0
0
0
0
0
0
0
0
0
0
0
0
0
0
0
0
0
0
0
0
0
0
0
0
0
0
0
0
0
0
0
0
0
0
0
0
0
0
0
0
0
0
0
0
0
0
0
0
0
0
0
0
0
0
0
0
0
0
0
0
0
0
0
0
0
0
0
0
0
0
0
0
0
0
0
0
0
0
0
0
0
0
0
0
0
0
0
0
0
0
0
0
0
0
0
0
0
0
0
0
0
0
0
0
0
0
0
0
0
0
0
0
0
0
0
0
0
