69632
0
0
0
0
0
0
0
0
0
0
0
5
7
46
309
2001
12937
52044
91877
113194
66239
38300
23242
16121
15272
18664
27621
45771
44678
38210
43738
62908
95416
144730
199467
135527
103108
92239
96140
122080
110935
96161
103766
133936
201822
158441
125526
116437
136145
156837
179581
234003
352491
356674
241312
194582
187071
181314
203076
272715
339869
266681
266135
316148
267901
263741
325321
303875
313942
400993
414510
472247
644867
477307
365070
319533
331023
425903
457124
372252
389561
404863
496833
581345
527273
609726
612598
746923
736224
616090
612752
573763
660838
555774
566485
546872
630180
610835
582253
649757
839908
934734
856944
899742
1.0391e+06
1.08195e+06
929989
831749
708003
635958
612625
724771
1.01652e+06
907696
868401
994071
1.09518e+06
969199
883190
952978
961481
997933
1.07346e+06
1.03459e+06
829291
780587
825981
713123
624254
619842
644127
690625
849892
881922
907323
976297
806008
676990
747282
744539
672257
655562
525959
461952
467639
463168
383586
333787
397403
525477
695286
669514
764262
689640
489183
309020
250599
247882
234682
132292
111712
120096
132043
176341
232298
305136
382988
363928
318257
176956
117587
83070
32828
11814
7597
8932
13962
23714
38284
57449
82238
111679
138561
89689
33534
14555
6158
2928
1194
767
731
1222
2063
3220
4669
5732
6725
6138
4062
0
0
0
0
0
0
0
0
0
0
0
0
0
0
0
0
0
0
0
0
0
0
0
0
0
0
0
0
0
0
0
0
0
0
0
0
0
0
0
0
0
0
0
0
0
0
0
0
0
0
0
0
0
0
0
0
0
0
0
0
0
0
0
0
0
0
0
0
0
0
0
0
0
0
0
0
0
0
0
0
0
0
0
0
0
0
0
0
0
0
0
0
0
0
0
0
0
0
0
0
0
0
0
0
0
0
0
0
0
0
0
0
0
0
0
0
0
0
0
0
0
0
0
0
0
0
0
0
0
0
0
0
0
0
0
0
0
0
0
0
0
0
0
0
0
0
0
0
0
0
0
0
0
0
0
0
0
0
0
0
0
0
0
0
0
0
0
0
0
0
0
0
0
0
0
0
0
0
0
0
0
0
0
0
0
0
0
0
0
0
0
0
0
0
0
0
0
0
0
0
