135168
0
0
0
0
0
0
0
0
0
6
2
22
107
441
2107
9081
38302
109959
163979
179236
119618
79521
55556
42821
40004
43748
54888
77765
83156
85908
103211
138866
188521
252458
316141
254495
222052
208473
208526
230066
216278
201756
211927
248655
323097
288472
265951
268883
303556
341452
381510
450613
579042
587324
470644
419770
408454
401440
426304
503920
579082
514569
527445
588885
552878
563344
641330
635242
662758
765980
794631
862888
1.03793e+06
871213
755266
704268
712812
811063
851999
780652
821331
859643
976436
1.08401e+06
1.05196e+06
1.15323e+06
1.17377e+06
1.32242e+06
1.31861e+06
1.19983e+06
1.19624e+06
1.15304e+06
1.23458e+06
1.12929e+06
1.1442e+06
1.13662e+06
1.23818e+06
1.24315e+06
1.24562e+06
1.3472e+06
1.57109e+06
1.69672e+06
1.64505e+06
1.70721e+06
1.85242e+06
1.8981e+06
1.73496e+06
1.62602e+06
1.49322e+06
1.41988e+06
1.40379e+06
1.53354e+06
1.8508e+06
1.77555e+06
1.76972e+06
1.90788e+06
2.0103e+06
1.87713e+06
1.79097e+06
1.86454e+06
1.87486e+06
1.89651e+06
1.93997e+06
1.86046e+06
1.62487e+06
1.5539e+06
1.5847e+06
1.46194e+06
1.36115e+06
1.34714e+06
1.3636e+06
1.40791e+06
1.5727e+06
1.6092e+06
1.64167e+06
1.70813e+06
1.53201e+06
1.39298e+06
1.43981e+06
1.41013e+06
1.29902e+06
1.2436e+06
1.06862e+06
965352
939567
917288
835414
797120
881410
1.03133e+06
1.21708e+06
1.19422e+06
1.26982e+06
1.15732e+06
908108
674026
562336
515256
466750
341055
305000
308095
323142
377832
444516
526702
607521
577858
509819
337617
241897
172504
95780
57673
46091
47341
57168
73567
95940
121584
149698
176839
195025
134515
65790
36563
20017
11886
6977
5134
4668
5401
6403
8350
9663
9919
9443
7347
4258
0
0
0
0
0
0
0
0
0
0
0
0
0
0
0
0
0
0
0
0
0
0
0
0
0
0
0
0
0
0
0
0
0
0
0
0
0
0
0
0
0
0
0
0
0
0
0
0
0
0
0
0
0
0
0
0
0
0
0
0
0
0
0
0
0
0
0
0
0
0
0
0
0
0
0
0
0
0
0
0
0
0
0
0
0
0
0
0
0
0
0
0
0
0
0
0
0
0
0
0
0
0
0
0
0
0
0
0
0
0
0
0
0
0
0
0
0
0
0
0
0
0
0
0
0
0
0
0
0
0
0
0
0
0
0
0
0
0
0
0
0
0
0
0
0
0
0
0
0
0
0
0
0
0
0
0
0
0
0
0
0
0
0
0
0
0
0
0
0
0
0
0
0
0
0
0
0
0
0
0
0
0
0
0
0
0
0
0
0
0
0
0
0
0
0
0
0
0
0
0
