663552
0
0
0
0
0
0
0
0
9
39
103
539
1656
5768
18805
59256
187550
546598
916076
732101
490694
356944
286215
250982
242615
253951
287132
348062
408357
483401
608844
773715
938410
1.08609e+06
1.2033e+06
1.19044e+06
1.19759e+06
1.19619e+06
1.1355e+06
1.09155e+06
1.03444e+06
1.012e+06
1.04616e+06
1.13457e+06
1.28329e+06
1.35413e+06
1.45778e+06
1.59148e+06
1.75774e+06
1.90357e+06
2.03301e+06
2.15815e+06
2.31821e+06
2.33609e+06
2.23269e+06
2.1885e+06
2.17794e+06
2.18214e+06
2.23507e+06
2.35508e+06
2.49716e+06
2.5298e+06
2.6729e+06
2.87046e+06
2.96924e+06
3.10608e+06
3.29697e+06
3.38062e+06
3.4684e+06
3.61585e+06
3.68693e+06
3.78814e+06
3.99817e+06
3.88345e+06
3.81103e+06
3.80988e+06
3.90004e+06
4.09782e+06
4.25192e+06
4.32422e+06
4.48551e+06
4.65193e+06
4.904e+06
5.12804e+06
5.19801e+06
5.38424e+06
5.48462e+06
5.70564e+06
5.75677e+06
5.70256e+06
5.75835e+06
5.79525e+06
5.96046e+06
5.96229e+06
6.09733e+06
6.2289e+06
6.45542e+06
6.60046e+06
6.74992e+06
6.98017e+06
7.34137e+06
7.58405e+06
7.63113e+06
7.795e+06
8.03578e+06
8.16814e+06
8.09992e+06
8.08229e+06
8.04834e+06
8.07728e+06
8.19396e+06
8.44595e+06
8.91927e+06
8.99495e+06
9.10253e+06
9.23124e+06
9.29549e+06
9.09883e+06
8.94631e+06
8.94454e+06
8.85604e+06
8.77785e+06
8.71522e+06
8.52952e+06
8.19715e+06
8.02875e+06
7.96492e+06
7.7563e+06
7.56483e+06
7.45172e+06
7.38653e+06
7.33874e+06
7.43159e+06
7.39332e+06
7.34843e+06
7.31744e+06
7.03838e+06
6.76923e+06
6.67592e+06
6.49874e+06
6.23968e+06
6.02674e+06
5.69972e+06
5.44857e+06
5.30844e+06
5.14334e+06
4.94856e+06
4.81204e+06
4.81061e+06
4.86536e+06
4.94187e+06
4.79488e+06
4.71131e+06
4.43058e+06
3.99623e+06
3.57361e+06
3.26576e+06
3.02325e+06
2.79558e+06
2.50612e+06
2.30414e+06
2.15748e+06
2.03805e+06
1.9961e+06
1.96728e+06
1.96832e+06
1.9646e+06
1.84056e+06
1.66905e+06
1.38649e+06
1.17701e+06
1.0047e+06
837288
721098
645695
600069
565116
543979
538634
534411
529579
520684
498594
394903
285065
214900
164630
132375
105717
83842
67534
55554
45441
37564
31647
24673
18315
10917
4773
0
0
0
0
0
0
0
0
0
0
0
0
0
0
0
0
0
0
0
0
0
0
0
0
0
0
0
0
0
0
0
0
0
0
0
0
0
0
0
0
0
0
0
0
0
0
0
0
0
0
0
0
0
0
0
0
0
0
0
0
0
0
0
0
0
0
0
0
0
0
0
0
0
0
0
0
0
0
0
0
0
0
0
0
0
0
0
0
0
0
0
0
0
0
0
0
0
0
0
0
0
0
0
0
0
0
0
0
0
0
0
0
0
0
0
0
0
0
0
0
0
0
0
0
0
0
0
0
0
0
0
0
0
0
0
0
0
0
0
0
0
0
0
0
0
0
0
0
0
0
0
0
0
0
0
0
0
0
0
0
0
0
0
0
0
0
0
0
0
0
0
0
0
0
0
0
0
0
0
0
0
0
0
0
0
0
0
0
0
0
0
0
0
0
0
0
0
0
0
0
