344064
0
0
0
0
0
0
0
0
6
26
76
343
1142
3936
12955
42402
131635
290855
372966
366375
273388
204695
161000
135912
128119
134399
153721
191423
218340
250622
304370
379850
469901
570674
664339
623613
594316
576777
566572
577799
556238
542370
562131
616538
716187
715168
733168
777604
856291
935823
1.01651e+06
1.11626e+06
1.2644e+06
1.28727e+06
1.17862e+06
1.1286e+06
1.1154e+06
1.1139e+06
1.15214e+06
1.25011e+06
1.34637e+06
1.31604e+06
1.37333e+06
1.4786e+06
1.49088e+06
1.54746e+06
1.66995e+06
1.70351e+06
1.76315e+06
1.89967e+06
1.95361e+06
2.0441e+06
2.23329e+06
2.08075e+06
1.97821e+06
1.94187e+06
1.97038e+06
2.09872e+06
2.17719e+06
2.15734e+06
2.24929e+06
2.33967e+06
2.51304e+06
2.6743e+06
2.69642e+06
2.8407e+06
2.89842e+06
3.07912e+06
3.10008e+06
3.00208e+06
3.0191e+06
2.99583e+06
3.0989e+06
3.02427e+06
3.07511e+06
3.11421e+06
3.272e+06
3.33571e+06
3.40259e+06
3.57166e+06
3.85525e+06
4.04138e+06
4.04242e+06
4.14998e+06
4.33677e+06
4.40467e+06
4.26845e+06
4.18132e+06
4.0794e+06
4.03379e+06
4.05546e+06
4.23099e+06
4.60496e+06
4.59681e+06
4.65265e+06
4.79724e+06
4.90041e+06
4.74911e+06
4.64591e+06
4.7038e+06
4.67874e+06
4.6547e+06
4.63841e+06
4.49925e+06
4.20404e+06
4.08543e+06
4.07847e+06
3.91807e+06
3.78058e+06
3.73473e+06
3.72592e+06
3.73541e+06
3.87798e+06
3.89724e+06
3.92297e+06
3.95843e+06
3.7504e+06
3.56498e+06
3.54612e+06
3.45238e+06
3.26933e+06
3.13022e+06
2.86823e+06
2.6899e+06
2.60631e+06
2.52808e+06
2.41138e+06
2.35306e+06
2.43042e+06
2.57847e+06
2.73946e+06
2.67726e+06
2.69169e+06
2.50673e+06
2.16082e+06
1.82444e+06
1.61393e+06
1.46986e+06
1.33924e+06
1.14203e+06
1.04731e+06
1.00541e+06
982697
1.01674e+06
1.06408e+06
1.13166e+06
1.19298e+06
1.12857e+06
1.00956e+06
777972
618391
488067
363184
288425
252817
239279
240913
254089
274120
298303
316691
329287
329103
247091
156594
107258
74781
54248
40466
31462
26070
23965
21484
20900
19860
17654
14117
9249
4521
0
0
0
0
0
0
0
0
0
0
0
0
0
0
0
0
0
0
0
0
0
0
0
0
0
0
0
0
0
0
0
0
0
0
0
0
0
0
0
0
0
0
0
0
0
0
0
0
0
0
0
0
0
0
0
0
0
0
0
0
0
0
0
0
0
0
0
0
0
0
0
0
0
0
0
0
0
0
0
0
0
0
0
0
0
0
0
0
0
0
0
0
0
0
0
0
0
0
0
0
0
0
0
0
0
0
0
0
0
0
0
0
0
0
0
0
0
0
0
0
0
0
0
0
0
0
0
0
0
0
0
0
0
0
0
0
0
0
0
0
0
0
0
0
0
0
0
0
0
0
0
0
0
0
0
0
0
0
0
0
0
0
0
0
0
0
0
0
0
0
0
0
0
0
0
0
0
0
0
0
0
0
0
0
0
0
0
0
0
0
0
0
0
0
0
0
0
0
0
0
