139264
0
0
0
0
0
0
0
0
0
6
2
26
118
484
2265
9609
39978
113486
168287
183272
122788
82096
57654
44576
41618
45392
56641
79817
85555
88970
107064
143777
194168
258895
323272
261886
229360
215786
215608
236961
222931
208334
218620
255674
330739
296802
274976
278505
314154
352876
393981
464038
593025
601509
484842
433895
422310
415316
440311
518362
594146
530193
543876
605922
570639
582073
661651
655955
684678
788503
818232
886447
1.06194e+06
895790
779535
728593
737094
835429
877037
806580
848889
887888
1.00623e+06
1.11548e+06
1.08482e+06
1.18696e+06
1.20859e+06
1.35808e+06
1.3542e+06
1.23583e+06
1.2322e+06
1.18904e+06
1.271e+06
1.16546e+06
1.18123e+06
1.17423e+06
1.27685e+06
1.2831e+06
1.28762e+06
1.3903e+06
1.61641e+06
1.74416e+06
1.69318e+06
1.75673e+06
1.90284e+06
1.94825e+06
1.78507e+06
1.67601e+06
1.54288e+06
1.46947e+06
1.45434e+06
1.58504e+06
1.90378e+06
1.82974e+06
1.826e+06
1.96439e+06
2.06783e+06
1.93365e+06
1.84785e+06
1.92113e+06
1.93162e+06
1.95176e+06
1.99338e+06
1.91215e+06
1.67481e+06
1.6025e+06
1.63215e+06
1.50904e+06
1.40837e+06
1.39322e+06
1.40889e+06
1.45345e+06
1.61754e+06
1.65423e+06
1.68672e+06
1.75334e+06
1.57723e+06
1.43772e+06
1.48258e+06
1.45096e+06
1.33819e+06
1.27984e+06
1.10297e+06
997255
970133
946464
864596
826744
911845
1.06274e+06
1.24889e+06
1.22569e+06
1.30002e+06
1.18572e+06
933676
696636
582498
532323
481963
355026
318083
320526
335580
390221
457229
540026
620886
590422
521022
347097
249433
178297
100115
61101
49025
50195
60195
76838
99500
125465
153582
180497
198254
137118
67724
37957
20955
12557
7458
5454
5036
5680
6657
8595
9943
10146
9597
7418
4271
0
0
0
0
0
0
0
0
0
0
0
0
0
0
0
0
0
0
0
0
0
0
0
0
0
0
0
0
0
0
0
0
0
0
0
0
0
0
0
0
0
0
0
0
0
0
0
0
0
0
0
0
0
0
0
0
0
0
0
0
0
0
0
0
0
0
0
0
0
0
0
0
0
0
0
0
0
0
0
0
0
0
0
0
0
0
0
0
0
0
0
0
0
0
0
0
0
0
0
0
0
0
0
0
0
0
0
0
0
0
0
0
0
0
0
0
0
0
0
0
0
0
0
0
0
0
0
0
0
0
0
0
0
0
0
0
0
0
0
0
0
0
0
0
0
0
0
0
0
0
0
0
0
0
0
0
0
0
0
0
0
0
0
0
0
0
0
0
0
0
0
0
0
0
0
0
0
0
0
0
0
0
0
0
0
0
0
0
0
0
0
0
0
0
0
0
0
0
0
0
