471040
0
0
0
0
0
0
0
0
9
39
103
539
1656
5768
18797
59137
183344
408339
510300
481772
362752
275883
221836
190951
181654
189303
215224
262131
302218
351386
427695
528875
641719
762163
873623
846759
819715
801408
782631
786705
761195
747013
774972
841140
958060
978842
1.02097e+06
1.09198e+06
1.1972e+06
1.30117e+06
1.40313e+06
1.51485e+06
1.67414e+06
1.70392e+06
1.59978e+06
1.55425e+06
1.54056e+06
1.54696e+06
1.59537e+06
1.70687e+06
1.82016e+06
1.8134e+06
1.89568e+06
2.02839e+06
2.06458e+06
2.14967e+06
2.29643e+06
2.35293e+06
2.42795e+06
2.57871e+06
2.6451e+06
2.74408e+06
2.94437e+06
2.8092e+06
2.71797e+06
2.69544e+06
2.7417e+06
2.90234e+06
3.00598e+06
3.01574e+06
3.13336e+06
3.24601e+06
3.45003e+06
3.63785e+06
3.68079e+06
3.84774e+06
3.92527e+06
4.1268e+06
4.16215e+06
4.08639e+06
4.11828e+06
4.1152e+06
4.24019e+06
4.19711e+06
4.27806e+06
4.34796e+06
4.53325e+06
4.62502e+06
4.72615e+06
4.92319e+06
5.23442e+06
5.44318e+06
5.4662e+06
5.60269e+06
5.81112e+06
5.90531e+06
5.7981e+06
5.73699e+06
5.65867e+06
5.6467e+06
5.7002e+06
5.90756e+06
6.3096e+06
6.34024e+06
6.4239e+06
6.55334e+06
6.64202e+06
6.4773e+06
6.35417e+06
6.38865e+06
6.34599e+06
6.2955e+06
6.25832e+06
6.10606e+06
5.79264e+06
5.64895e+06
5.62748e+06
5.44432e+06
5.28129e+06
5.209e+06
5.18149e+06
5.16658e+06
5.28915e+06
5.28324e+06
5.2801e+06
5.29298e+06
5.05756e+06
4.83999e+06
4.79346e+06
4.66983e+06
4.45459e+06
4.2809e+06
3.99131e+06
3.78338e+06
3.6785e+06
3.56744e+06
3.41923e+06
3.32899e+06
3.37444e+06
3.48545e+06
3.61454e+06
3.51987e+06
3.49576e+06
3.27302e+06
2.89545e+06
2.52178e+06
2.26972e+06
2.08724e+06
1.91717e+06
1.68044e+06
1.54585e+06
1.46461e+06
1.40012e+06
1.40235e+06
1.42166e+06
1.46476e+06
1.50196e+06
1.41311e+06
1.27213e+06
1.02225e+06
841530
692245
549839
459018
407396
381498
370069
370386
380677
393522
401851
404903
395797
305676
206880
150379
111490
85185
65512
51872
42610
37023
31227
27809
24817
20493
15633
9794
4587
0
0
0
0
0
0
0
0
0
0
0
0
0
0
0
0
0
0
0
0
0
0
0
0
0
0
0
0
0
0
0
0
0
0
0
0
0
0
0
0
0
0
0
0
0
0
0
0
0
0
0
0
0
0
0
0
0
0
0
0
0
0
0
0
0
0
0
0
0
0
0
0
0
0
0
0
0
0
0
0
0
0
0
0
0
0
0
0
0
0
0
0
0
0
0
0
0
0
0
0
0
0
0
0
0
0
0
0
0
0
0
0
0
0
0
0
0
0
0
0
0
0
0
0
0
0
0
0
0
0
0
0
0
0
0
0
0
0
0
0
0
0
0
0
0
0
0
0
0
0
0
0
0
0
0
0
0
0
0
0
0
0
0
0
0
0
0
0
0
0
0
0
0
0
0
0
0
0
0
0
0
0
0
0
0
0
0
0
0
0
0
0
0
0
0
0
0
0
0
0
