274432
0
0
0
0
0
0
0
0
0
16
36
207
671
2517
8874
30378
99407
230375
305274
306325
223450
164076
126122
104634
98469
103161
119087
151908
170936
193906
236569
299987
376856
466816
550038
502324
472226
454565
447715
462741
443069
427799
444777
492626
583908
570190
574989
605745
669151
735368
806804
898453
1.04186e+06
1.05912e+06
946219
893732
879522
875252
907422
998435
1.08832e+06
1.04596e+06
1.08949e+06
1.17851e+06
1.17578e+06
1.21742e+06
1.32546e+06
1.34794e+06
1.40023e+06
1.52848e+06
1.57427e+06
1.65504e+06
1.83894e+06
1.68028e+06
1.56954e+06
1.52578e+06
1.54767e+06
1.6645e+06
1.7293e+06
1.6924e+06
1.76858e+06
1.84204e+06
2.00075e+06
2.14615e+06
2.15255e+06
2.28288e+06
2.32952e+06
2.50141e+06
2.51286e+06
2.40642e+06
2.41422e+06
2.38018e+06
2.47369e+06
2.38755e+06
2.42494e+06
2.446e+06
2.58612e+06
2.63081e+06
2.67819e+06
2.82836e+06
3.0962e+06
3.26927e+06
3.2548e+06
3.34521e+06
3.5199e+06
3.57614e+06
3.42806e+06
3.33079e+06
3.21323e+06
3.15565e+06
3.16032e+06
3.31837e+06
3.67813e+06
3.6473e+06
3.68626e+06
3.83494e+06
3.94093e+06
3.79511e+06
3.70241e+06
3.76692e+06
3.75733e+06
3.74692e+06
3.74496e+06
3.61977e+06
3.33995e+06
3.23513e+06
3.23475e+06
3.08792e+06
2.96514e+06
2.92859e+06
2.9318e+06
2.95394e+06
3.10823e+06
3.13728e+06
3.16986e+06
3.21969e+06
3.02528e+06
2.85726e+06
2.85823e+06
2.78056e+06
2.61739e+06
2.49812e+06
2.25629e+06
2.09547e+06
2.02757e+06
1.97074e+06
1.8696e+06
1.82562e+06
1.91532e+06
2.0721e+06
2.25027e+06
2.20676e+06
2.24124e+06
2.0749e+06
1.75358e+06
1.44194e+06
1.2571e+06
1.13687e+06
1.03123e+06
855545
781225
760506
757330
805751
867053
944514
1.01538e+06
962345
856866
638711
493834
378581
264732
200880
173307
166516
173361
191214
215788
243938
267642
285792
289308
212684
127990
83215
55356
38689
27465
20812
17799
17119
16392
16978
16976
15903
13076
8818
4480
0
0
0
0
0
0
0
0
0
0
0
0
0
0
0
0
0
0
0
0
0
0
0
0
0
0
0
0
0
0
0
0
0
0
0
0
0
0
0
0
0
0
0
0
0
0
0
0
0
0
0
0
0
0
0
0
0
0
0
0
0
0
0
0
0
0
0
0
0
0
0
0
0
0
0
0
0
0
0
0
0
0
0
0
0
0
0
0
0
0
0
0
0
0
0
0
0
0
0
0
0
0
0
0
0
0
0
0
0
0
0
0
0
0
0
0
0
0
0
0
0
0
0
0
0
0
0
0
0
0
0
0
0
0
0
0
0
0
0
0
0
0
0
0
0
0
0
0
0
0
0
0
0
0
0
0
0
0
0
0
0
0
0
0
0
0
0
0
0
0
0
0
0
0
0
0
0
0
0
0
0
0
0
0
0
0
0
0
0
0
0
0
0
0
0
0
0
0
0
0
