593920
0
0
0
0
0
0
0
0
9
39
103
539
1656
5768
18805
59256
187539
511935
751349
634279
446168
329056
264761
230490
221557
231460
262542
318405
371328
437696
543725
683553
827463
965425
1.08353e+06
1.06965e+06
1.061e+06
1.04797e+06
1.003e+06
981233
938799
918971
951644
1.03176e+06
1.17054e+06
1.21988e+06
1.30004e+06
1.40939e+06
1.55244e+06
1.68208e+06
1.80045e+06
1.92113e+06
2.08326e+06
2.10925e+06
2.00422e+06
1.95978e+06
1.94883e+06
1.95246e+06
2.00537e+06
2.12339e+06
2.25682e+06
2.27477e+06
2.39237e+06
2.56629e+06
2.63976e+06
2.75728e+06
2.93037e+06
3.00772e+06
3.08823e+06
3.23761e+06
3.30864e+06
3.41101e+06
3.6179e+06
3.49945e+06
3.41932e+06
3.409e+06
3.48232e+06
3.66764e+06
3.80206e+06
3.85092e+06
3.99975e+06
4.14305e+06
4.37281e+06
4.58179e+06
4.64606e+06
4.82779e+06
4.92006e+06
5.13522e+06
5.1813e+06
5.11914e+06
5.1656e+06
5.19083e+06
5.34017e+06
5.32477e+06
5.44191e+06
5.5506e+06
5.7609e+06
5.88576e+06
6.01423e+06
6.23555e+06
6.57386e+06
6.80732e+06
6.84487e+06
7.00288e+06
7.23243e+06
7.35168e+06
7.26886e+06
7.23335e+06
7.18697e+06
7.19991e+06
7.29202e+06
7.52866e+06
7.97647e+06
8.03685e+06
8.13655e+06
8.26011e+06
8.33009e+06
8.14656e+06
8.00608e+06
8.01882e+06
7.94819e+06
7.88342e+06
7.8285e+06
7.65392e+06
7.33015e+06
7.16987e+06
7.11712e+06
6.92066e+06
6.73863e+06
6.63778e+06
6.58909e+06
6.55768e+06
6.65747e+06
6.62537e+06
6.59856e+06
6.58651e+06
6.32137e+06
6.07045e+06
5.99606e+06
5.83451e+06
5.59705e+06
5.3954e+06
5.08006e+06
4.84826e+06
4.72278e+06
4.57275e+06
4.394e+06
4.27846e+06
4.28724e+06
4.36427e+06
4.46282e+06
4.3324e+06
4.26792e+06
4.01308e+06
3.60078e+06
3.19386e+06
2.90696e+06
2.68354e+06
2.47673e+06
2.2081e+06
2.03219e+06
1.90874e+06
1.80737e+06
1.77982e+06
1.76937e+06
1.78469e+06
1.79701e+06
1.68656e+06
1.52412e+06
1.25337e+06
1.05667e+06
892614
734020
626421
560010
520834
494605
481063
481529
484057
482685
478006
461487
362627
256509
191097
145955
114872
91385
72251
59091
49175
40249
33889
29113
23254
17309
10563
4718
0
0
0
0
0
0
0
0
0
0
0
0
0
0
0
0
0
0
0
0
0
0
0
0
0
0
0
0
0
0
0
0
0
0
0
0
0
0
0
0
0
0
0
0
0
0
0
0
0
0
0
0
0
0
0
0
0
0
0
0
0
0
0
0
0
0
0
0
0
0
0
0
0
0
0
0
0
0
0
0
0
0
0
0
0
0
0
0
0
0
0
0
0
0
0
0
0
0
0
0
0
0
0
0
0
0
0
0
0
0
0
0
0
0
0
0
0
0
0
0
0
0
0
0
0
0
0
0
0
0
0
0
0
0
0
0
0
0
0
0
0
0
0
0
0
0
0
0
0
0
0
0
0
0
0
0
0
0
0
0
0
0
0
0
0
0
0
0
0
0
0
0
0
0
0
0
0
0
0
0
0
0
0
0
0
0
0
0
0
0
0
0
0
0
0
0
0
0
0
0
