481280
0
0
0
0
0
0
0
0
9
39
103
539
1656
5768
18805
59202
184874
419485
525865
493045
370076
280963
225808
194547
185195
193136
219581
267120
308175
358996
437787
541127
656457
778219
890928
866018
839707
820423
800413
802942
776909
762085
790630
857718
976093
999522
1.04443e+06
1.11821e+06
1.226e+06
1.33214e+06
1.43488e+06
1.54797e+06
1.70801e+06
1.73792e+06
1.63396e+06
1.58804e+06
1.57476e+06
1.58094e+06
1.63014e+06
1.74258e+06
1.85711e+06
1.85211e+06
1.93731e+06
2.07333e+06
2.11222e+06
2.19955e+06
2.34828e+06
2.40692e+06
2.48227e+06
2.63312e+06
2.70067e+06
2.79946e+06
3.00125e+06
2.86689e+06
2.77681e+06
2.75609e+06
2.80357e+06
2.96713e+06
3.07231e+06
3.08529e+06
3.20588e+06
3.31958e+06
3.52573e+06
3.71564e+06
3.76138e+06
3.92935e+06
4.00788e+06
4.21112e+06
4.24696e+06
4.17283e+06
4.20575e+06
4.20542e+06
4.33243e+06
4.29124e+06
4.3755e+06
4.44888e+06
4.63529e+06
4.72945e+06
4.83258e+06
5.0321e+06
5.34579e+06
5.55641e+06
5.58093e+06
5.72027e+06
5.92906e+06
6.02567e+06
5.92108e+06
5.86225e+06
5.78632e+06
5.7765e+06
5.8327e+06
6.04253e+06
6.4485e+06
6.48182e+06
6.56767e+06
6.69462e+06
6.78277e+06
6.61535e+06
6.4907e+06
6.52477e+06
6.4798e+06
6.42884e+06
6.38907e+06
6.23485e+06
5.92013e+06
5.77588e+06
5.75224e+06
5.56688e+06
5.4034e+06
5.32815e+06
5.29972e+06
5.28207e+06
5.40345e+06
5.39379e+06
5.38928e+06
5.40136e+06
5.1633e+06
4.94243e+06
4.89416e+06
4.76689e+06
4.54925e+06
4.37373e+06
4.081e+06
3.87279e+06
3.76535e+06
3.65228e+06
3.5011e+06
3.40758e+06
3.45052e+06
3.55863e+06
3.68474e+06
3.58731e+06
3.56007e+06
3.335e+06
2.95428e+06
2.57732e+06
2.32254e+06
2.13736e+06
1.96388e+06
1.72463e+06
1.58697e+06
1.50179e+06
1.43377e+06
1.43352e+06
1.45063e+06
1.4918e+06
1.52633e+06
1.43536e+06
1.29314e+06
1.04163e+06
859369
708768
565406
472930
420225
392982
380667
379657
389108
401032
408397
411122
401258
310394
210978
153638
114458
87631
67756
53534
44001
38105
31925
28416
25153
20697
15774
9829
4600
0
0
0
0
0
0
0
0
0
0
0
0
0
0
0
0
0
0
0
0
0
0
0
0
0
0
0
0
0
0
0
0
0
0
0
0
0
0
0
0
0
0
0
0
0
0
0
0
0
0
0
0
0
0
0
0
0
0
0
0
0
0
0
0
0
0
0
0
0
0
0
0
0
0
0
0
0
0
0
0
0
0
0
0
0
0
0
0
0
0
0
0
0
0
0
0
0
0
0
0
0
0
0
0
0
0
0
0
0
0
0
0
0
0
0
0
0
0
0
0
0
0
0
0
0
0
0
0
0
0
0
0
0
0
0
0
0
0
0
0
0
0
0
0
0
0
0
0
0
0
0
0
0
0
0
0
0
0
0
0
0
0
0
0
0
0
0
0
0
0
0
0
0
0
0
0
0
0
0
0
0
0
0
0
0
0
0
0
0
0
0
0
0
0
0
0
0
0
0
0
