462848
0
0
0
0
0
0
0
0
9
39
103
539
1656
5768
18792
59017
181635
399480
498645
472918
356818
271841
218484
187942
178726
186274
211602
258088
297418
345057
419724
519147
630096
749298
859711
831492
804236
786207
768453
773394
748652
734683
762382
827850
943229
962059
1.00263e+06
1.07108e+06
1.17411e+06
1.27662e+06
1.37784e+06
1.48832e+06
1.64722e+06
1.67692e+06
1.57268e+06
1.52657e+06
1.51371e+06
1.51951e+06
1.56753e+06
1.67785e+06
1.79076e+06
1.78182e+06
1.86235e+06
1.99276e+06
2.02636e+06
2.11051e+06
2.25529e+06
2.3097e+06
2.38428e+06
2.53497e+06
2.6014e+06
2.69916e+06
2.89905e+06
2.76268e+06
2.67052e+06
2.64722e+06
2.69205e+06
2.85021e+06
2.95331e+06
2.95966e+06
3.07605e+06
3.1877e+06
3.38904e+06
3.5748e+06
3.61681e+06
3.78308e+06
3.8593e+06
4.05921e+06
4.09388e+06
4.01721e+06
4.0474e+06
4.04388e+06
4.16616e+06
4.12146e+06
4.20023e+06
4.26768e+06
4.45189e+06
4.54134e+06
4.64113e+06
4.83642e+06
5.14443e+06
5.35288e+06
5.37465e+06
5.50882e+06
5.71612e+06
5.8089e+06
5.70006e+06
5.63678e+06
5.55627e+06
5.54275e+06
5.59375e+06
5.79983e+06
6.19926e+06
6.22682e+06
6.30918e+06
6.4402e+06
6.53003e+06
6.36625e+06
6.24449e+06
6.28015e+06
6.23823e+06
6.18978e+06
6.1542e+06
6.00244e+06
5.68963e+06
5.54812e+06
5.52795e+06
5.34569e+06
5.18392e+06
5.11362e+06
5.08652e+06
5.07388e+06
5.1985e+06
5.19478e+06
5.19307e+06
5.20583e+06
4.97285e+06
4.75865e+06
4.7132e+06
4.59159e+06
4.37815e+06
4.20735e+06
3.91835e+06
3.7127e+06
3.60909e+06
3.49954e+06
3.35413e+06
3.26586e+06
3.31397e+06
3.42725e+06
3.5577e+06
3.46599e+06
3.44454e+06
3.22321e+06
2.84789e+06
2.47718e+06
2.22778e+06
2.04749e+06
1.87935e+06
1.64501e+06
1.51322e+06
1.43498e+06
1.37312e+06
1.37772e+06
1.39856e+06
1.44324e+06
1.48249e+06
1.39501e+06
1.25528e+06
1.00669e+06
827097
679179
537478
447582
397295
372378
361563
362996
374073
387332
396447
399980
391571
301857
203769
147667
109139
83144
63792
50494
41608
36150
30579
27345
24524
20325
15546
9745
4585
0
0
0
0
0
0
0
0
0
0
0
0
0
0
0
0
0
0
0
0
0
0
0
0
0
0
0
0
0
0
0
0
0
0
0
0
0
0
0
0
0
0
0
0
0
0
0
0
0
0
0
0
0
0
0
0
0
0
0
0
0
0
0
0
0
0
0
0
0
0
0
0
0
0
0
0
0
0
0
0
0
0
0
0
0
0
0
0
0
0
0
0
0
0
0
0
0
0
0
0
0
0
0
0
0
0
0
0
0
0
0
0
0
0
0
0
0
0
0
0
0
0
0
0
0
0
0
0
0
0
0
0
0
0
0
0
0
0
0
0
0
0
0
0
0
0
0
0
0
0
0
0
0
0
0
0
0
0
0
0
0
0
0
0
0
0
0
0
0
0
0
0
0
0
0
0
0
0
0
0
0
0
0
0
0
0
0
0
0
0
0
0
0
0
0
0
0
0
0
0
