61440
0
0
0
0
0
0
0
0
0
0
0
1
4
25
187
1383
10231
44922
82057
103959
59270
33207
19442
13001
12427
15919
24494
42068
39978
32332
36361
53467
83217
130810
184381
120362
88216
78065
82397
108910
97619
82902
90022
119451
186623
142337
108468
97939
116179
134540
154014
205959
322483
327005
212228
166801
159862
153994
175373
243998
309578
235566
233614
282497
233000
227442
287104
262888
270477
354420
365263
421849
593838
427302
315696
271521
283668
379258
409264
322778
337096
349472
437785
518845
461417
540217
540093
673508
661346
541412
538555
500654
589453
485552
496187
476569
556856
534038
501291
563317
747752
837594
754729
795762
933448
977305
827092
732072
611961
542075
517416
627396
915283
801388
757069
878833
979343
855462
769652
838341
844886
882526
961783
930439
730914
685234
732853
620003
533569
531431
556620
603867
760994
790468
812774
881402
712341
585528
658602
658926
592282
582053
459862
401787
412310
410657
331626
278810
338102
461200
626132
598798
695381
626563
434612
263020
212746
217290
209149
109743
91051
99213
109838
151163
204907
274706
351480
333287
290966
155156
101398
72584
26744
8028
4840
5908
9977
18123
30877
48753
72415
102126
130552
83153
29331
11887
4646
2077
784
476
455
830
1579
2544
3891
5101
6216
5918
4028
0
0
0
0
0
0
0
0
0
0
0
0
0
0
0
0
0
0
0
0
0
0
0
0
0
0
0
0
0
0
0
0
0
0
0
0
0
0
0
0
0
0
0
0
0
0
0
0
0
0
0
0
0
0
0
0
0
0
0
0
0
0
0
0
0
0
0
0
0
0
0
0
0
0
0
0
0
0
0
0
0
0
0
0
0
0
0
0
0
0
0
0
0
0
0
0
0
0
0
0
0
0
0
0
0
0
0
0
0
0
0
0
0
0
0
0
0
0
0
0
0
0
0
0
0
0
0
0
0
0
0
0
0
0
0
0
0
0
0
0
0
0
0
0
0
0
0
0
0
0
0
0
0
0
0
0
0
0
0
0
0
0
0
0
0
0
0
0
0
0
0
0
0
0
0
0
0
0
0
0
0
0
0
0
0
0
0
0
0
0
0
0
0
0
0
0
0
0
0
0
