647168
0
0
0
0
0
0
0
0
9
39
103
539
1656
5768
18805
59256
187550
539252
876622
708632
480068
350536
281302
246106
237789
248719
281359
341495
399655
472600
593562
752356
912312
1.05714e+06
1.17528e+06
1.16225e+06
1.16567e+06
1.16085e+06
1.10381e+06
1.06579e+06
1.01209e+06
990002
1.02414e+06
1.11092e+06
1.25672e+06
1.32322e+06
1.42067e+06
1.54862e+06
1.70891e+06
1.85096e+06
1.9777e+06
2.10285e+06
2.2628e+06
2.28302e+06
2.17854e+06
2.13471e+06
2.12426e+06
2.12768e+06
2.18132e+06
2.30107e+06
2.44096e+06
2.46964e+06
2.60694e+06
2.79962e+06
2.8912e+06
3.0239e+06
3.21024e+06
3.29232e+06
3.37858e+06
3.52747e+06
3.59729e+06
3.69941e+06
3.90896e+06
3.79382e+06
3.71915e+06
3.71501e+06
3.80245e+06
3.99636e+06
4.14638e+06
4.21335e+06
4.37065e+06
4.53149e+06
4.77874e+06
4.99978e+06
5.0683e+06
5.25283e+06
5.3517e+06
5.57185e+06
5.62116e+06
5.56469e+06
5.61959e+06
5.65372e+06
5.8143e+06
5.81266e+06
5.94284e+06
6.06988e+06
6.29174e+06
6.43174e+06
6.57696e+06
6.80355e+06
7.1602e+06
7.4024e+06
7.44638e+06
7.60818e+06
7.8477e+06
7.97615e+06
7.90378e+06
7.88337e+06
7.84564e+06
7.8692e+06
7.98246e+06
8.23086e+06
8.69765e+06
8.76956e+06
8.87546e+06
9.00222e+06
9.06822e+06
8.8735e+06
8.72537e+06
8.72734e+06
8.64162e+06
8.56855e+06
8.50737e+06
8.32357e+06
7.99282e+06
7.82659e+06
7.7642e+06
7.55994e+06
7.36998e+06
7.26102e+06
7.19921e+06
7.15429e+06
7.24969e+06
7.21224e+06
7.17253e+06
7.1453e+06
6.86926e+06
6.60539e+06
6.51615e+06
6.34216e+06
6.08877e+06
5.87816e+06
5.55357e+06
5.30732e+06
5.17097e+06
5.00897e+06
4.81879e+06
4.68574e+06
4.68757e+06
4.74683e+06
4.82896e+06
4.68643e+06
4.60692e+06
4.33271e+06
3.90325e+06
3.48377e+06
3.18238e+06
2.94293e+06
2.72057e+06
2.43578e+06
2.24018e+06
2.09834e+06
1.98427e+06
1.94524e+06
1.92062e+06
1.92507e+06
1.92492e+06
1.80444e+06
1.63532e+06
1.35514e+06
1.14877e+06
978268
812648
699111
625390
581558
548572
528919
524935
522913
518707
510473
489762
387435
278548
209217
160165
128134
102499
80973
65574
54050
44261
36698
31061
24322
18068
10849
4763
0
0
0
0
0
0
0
0
0
0
0
0
0
0
0
0
0
0
0
0
0
0
0
0
0
0
0
0
0
0
0
0
0
0
0
0
0
0
0
0
0
0
0
0
0
0
0
0
0
0
0
0
0
0
0
0
0
0
0
0
0
0
0
0
0
0
0
0
0
0
0
0
0
0
0
0
0
0
0
0
0
0
0
0
0
0
0
0
0
0
0
0
0
0
0
0
0
0
0
0
0
0
0
0
0
0
0
0
0
0
0
0
0
0
0
0
0
0
0
0
0
0
0
0
0
0
0
0
0
0
0
0
0
0
0
0
0
0
0
0
0
0
0
0
0
0
0
0
0
0
0
0
0
0
0
0
0
0
0
0
0
0
0
0
0
0
0
0
0
0
0
0
0
0
0
0
0
0
0
0
0
0
0
0
0
0
0
0
0
0
0
0
0
0
0
0
0
0
0
0
