526336
0
0
0
0
0
0
0
0
9
39
103
539
1656
5768
18805
59256
187252
464186
605653
546365
401065
301380
242438
209756
200246
208941
237170
288184
334208
392338
480249
597380
722584
850487
968482
948384
928661
908376
880032
874643
843041
826247
857528
927512
1.0556e+06
1.08883e+06
1.14775e+06
1.23342e+06
1.35578e+06
1.47078e+06
1.57916e+06
1.69403e+06
1.85549e+06
1.88774e+06
1.78315e+06
1.73707e+06
1.72429e+06
1.7317e+06
1.78153e+06
1.89525e+06
2.01847e+06
2.02358e+06
2.12082e+06
2.26945e+06
2.32206e+06
2.42008e+06
2.57977e+06
2.64598e+06
2.7227e+06
2.8745e+06
2.94408e+06
3.04397e+06
3.24839e+06
3.11936e+06
3.03741e+06
3.01886e+06
3.07631e+06
3.24793e+06
3.36599e+06
3.39046e+06
3.52234e+06
3.64849e+06
3.86258e+06
4.0607e+06
4.11501e+06
4.28628e+06
4.37255e+06
4.58057e+06
4.62297e+06
4.55388e+06
4.58693e+06
4.60098e+06
4.73476e+06
4.7079e+06
4.80306e+06
4.8893e+06
5.08783e+06
5.19107e+06
5.30433e+06
5.50968e+06
5.83719e+06
6.05548e+06
6.08532e+06
6.23417e+06
6.44952e+06
6.55534e+06
6.46174e+06
6.41221e+06
6.34883e+06
6.34506e+06
6.41665e+06
6.63757e+06
7.05954e+06
7.1061e+06
7.19537e+06
7.3173e+06
7.40309e+06
7.22492e+06
7.09458e+06
7.1229e+06
7.06914e+06
7.01073e+06
6.96376e+06
6.8019e+06
6.48257e+06
6.33756e+06
6.30249e+06
6.10564e+06
5.93726e+06
5.85177e+06
5.81656e+06
5.79118e+06
5.9054e+06
5.88587e+06
5.87364e+06
5.87358e+06
5.62741e+06
5.3926e+06
5.33516e+06
5.19293e+06
4.96819e+06
4.78367e+06
4.47938e+06
4.26394e+06
4.14869e+06
4.02171e+06
3.85878e+06
3.75461e+06
3.78777e+06
3.88013e+06
3.99298e+06
3.88449e+06
3.8439e+06
3.60603e+06
3.21326e+06
2.82432e+06
2.55551e+06
2.35686e+06
2.16773e+06
1.91889e+06
1.76619e+06
1.66509e+06
1.5837e+06
1.57154e+06
1.57752e+06
1.6094e+06
1.63544e+06
1.53495e+06
1.38486e+06
1.12554e+06
938040
782274
633222
535022
476096
443780
426376
420641
426646
433662
437972
437875
424883
331205
229314
168868
127032
98551
77086
61000
50186
42631
35309
30549
26811
21698
16384
10114
4650
0
0
0
0
0
0
0
0
0
0
0
0
0
0
0
0
0
0
0
0
0
0
0
0
0
0
0
0
0
0
0
0
0
0
0
0
0
0
0
0
0
0
0
0
0
0
0
0
0
0
0
0
0
0
0
0
0
0
0
0
0
0
0
0
0
0
0
0
0
0
0
0
0
0
0
0
0
0
0
0
0
0
0
0
0
0
0
0
0
0
0
0
0
0
0
0
0
0
0
0
0
0
0
0
0
0
0
0
0
0
0
0
0
0
0
0
0
0
0
0
0
0
0
0
0
0
0
0
0
0
0
0
0
0
0
0
0
0
0
0
0
0
0
0
0
0
0
0
0
0
0
0
0
0
0
0
0
0
0
0
0
0
0
0
0
0
0
0
0
0
0
0
0
0
0
0
0
0
0
0
0
0
0
0
0
0
0
0
0
0
0
0
0
0
0
0
0
0
0
0
