57344
0
0
0
0
0
0
0
0
0
0
0
0
2
18
145
1082
9051
41230
77032
99354
55765
30575
17493
11633
11048
14407
22993
40259
37709
29449
32717
48669
77063
123743
176693
112812
80691
71077
75613
102393
91120
76178
83015
112272
178996
134131
99893
88930
106297
123463
141385
191757
307273
312047
197655
152965
146443
140379
161537
229481
294300
220011
217284
265739
215624
209649
268039
242486
249021
330867
340665
396284
568018
401955
291102
247534
259677
356031
385908
298343
311235
321842
408481
487391
428185
505563
503888
636153
623745
503953
500879
464192
553666
450819
461751
441296
520521
496401
460713
520224
702009
788578
703723
742441
879834
924776
775208
682286
564429
495450
471072
579486
864579
748061
701611
820994
921242
798635
713185
781011
786442
824261
905400
878216
682094
637376
686208
573965
488679
487310
513463
560678
716683
744408
765268
833434
664641
539895
614087
616070
552257
545207
426812
372239
385068
384889
306169
251948
308674
428798
590772
562884
660229
594466
406969
239687
194118
202491
196856
99079
81063
89210
99057
138645
190924
259316
335034
317287
276945
143929
93135
67555
23874
6494
3719
4619
8117
15560
27212
44233
67366
97167
126233
79876
27080
10575
3961
1690
626
356
347
642
1348
2235
3479
4745
5955
5803
4004
0
0
0
0
0
0
0
0
0
0
0
0
0
0
0
0
0
0
0
0
0
0
0
0
0
0
0
0
0
0
0
0
0
0
0
0
0
0
0
0
0
0
0
0
0
0
0
0
0
0
0
0
0
0
0
0
0
0
0
0
0
0
0
0
0
0
0
0
0
0
0
0
0
0
0
0
0
0
0
0
0
0
0
0
0
0
0
0
0
0
0
0
0
0
0
0
0
0
0
0
0
0
0
0
0
0
0
0
0
0
0
0
0
0
0
0
0
0
0
0
0
0
0
0
0
0
0
0
0
0
0
0
0
0
0
0
0
0
0
0
0
0
0
0
0
0
0
0
0
0
0
0
0
0
0
0
0
0
0
0
0
0
0
0
0
0
0
0
0
0
0
0
0
0
0
0
0
0
0
0
0
0
0
0
0
0
0
0
0
0
0
0
0
0
0
0
0
0
0
0
