634880
0
0
0
0
0
0
0
0
9
39
103
539
1656
5768
18805
59256
187550
533359
847320
691254
472271
345544
277531
242565
234105
244712
277069
336383
393153
464486
582107
736340
892749
1.0356e+06
1.15422e+06
1.14102e+06
1.14183e+06
1.13454e+06
1.08009e+06
1.04642e+06
995185
973674
1.0075e+06
1.09291e+06
1.23688e+06
1.29984e+06
1.39265e+06
1.51627e+06
1.67264e+06
1.81183e+06
1.93673e+06
2.06078e+06
2.22125e+06
2.24313e+06
2.13821e+06
2.09429e+06
2.08412e+06
2.08715e+06
2.1407e+06
2.26014e+06
2.399e+06
2.42451e+06
2.55691e+06
2.74652e+06
2.83284e+06
2.96249e+06
3.14554e+06
3.22597e+06
3.3117e+06
3.46064e+06
3.53025e+06
3.63271e+06
3.84229e+06
3.72643e+06
3.64979e+06
3.64444e+06
3.72836e+06
3.92072e+06
4.06738e+06
4.12982e+06
4.28464e+06
4.44189e+06
4.68479e+06
4.90274e+06
4.97174e+06
5.15407e+06
5.25265e+06
5.47042e+06
5.51998e+06
5.46144e+06
5.51492e+06
5.5477e+06
5.70483e+06
5.69966e+06
5.82781e+06
5.95055e+06
6.16888e+06
6.30538e+06
6.44726e+06
6.67143e+06
7.02512e+06
7.26527e+06
7.30747e+06
7.46808e+06
7.70689e+06
7.83163e+06
7.75734e+06
7.73326e+06
7.69359e+06
7.7141e+06
7.8241e+06
8.06888e+06
8.53107e+06
8.60071e+06
8.70534e+06
8.83066e+06
8.89668e+06
8.70581e+06
8.55932e+06
8.56473e+06
8.48065e+06
8.4113e+06
8.35124e+06
8.16853e+06
7.84038e+06
7.67531e+06
7.61358e+06
7.41247e+06
7.2244e+06
7.11777e+06
7.05809e+06
7.01663e+06
7.11258e+06
7.07709e+06
7.03997e+06
7.01628e+06
6.74283e+06
6.48227e+06
6.39636e+06
6.22448e+06
5.97599e+06
5.7664e+06
5.44454e+06
5.20091e+06
5.06795e+06
4.9085e+06
4.72095e+06
4.59112e+06
4.59511e+06
4.6582e+06
4.74479e+06
4.60476e+06
4.52872e+06
4.25916e+06
3.83314e+06
3.4165e+06
3.12006e+06
2.88242e+06
2.66483e+06
2.38302e+06
2.19195e+06
2.0546e+06
1.9432e+06
1.90732e+06
1.88558e+06
1.89234e+06
1.8957e+06
1.77714e+06
1.60952e+06
1.33191e+06
1.12764e+06
958577
794117
682639
610307
567635
536064
517673
514823
514023
510552
502863
483114
381877
273546
204991
156841
125009
100029
78910
64089
52879
43419
36039
30566
24093
17900
10784
4751
0
0
0
0
0
0
0
0
0
0
0
0
0
0
0
0
0
0
0
0
0
0
0
0
0
0
0
0
0
0
0
0
0
0
0
0
0
0
0
0
0
0
0
0
0
0
0
0
0
0
0
0
0
0
0
0
0
0
0
0
0
0
0
0
0
0
0
0
0
0
0
0
0
0
0
0
0
0
0
0
0
0
0
0
0
0
0
0
0
0
0
0
0
0
0
0
0
0
0
0
0
0
0
0
0
0
0
0
0
0
0
0
0
0
0
0
0
0
0
0
0
0
0
0
0
0
0
0
0
0
0
0
0
0
0
0
0
0
0
0
0
0
0
0
0
0
0
0
0
0
0
0
0
0
0
0
0
0
0
0
0
0
0
0
0
0
0
0
0
0
0
0
0
0
0
0
0
0
0
0
0
0
0
0
0
0
0
0
0
0
0
0
0
0
0
0
0
0
0
0
