759808
0
0
0
0
0
0
0
0
9
39
103
539
1656
5768
18805
59256
187550
583224
1.15295e+06
873984
553463
394524
315382
278620
269450
282056
321610
387104
458002
548165
698281
896374
1.09336e+06
1.25957e+06
1.36977e+06
1.3545e+06
1.38259e+06
1.4045e+06
1.32506e+06
1.24682e+06
1.16626e+06
1.13997e+06
1.17231e+06
1.26706e+06
1.43754e+06
1.5346e+06
1.67597e+06
1.84545e+06
2.04528e+06
2.21533e+06
2.36068e+06
2.48586e+06
2.64264e+06
2.6523e+06
2.54347e+06
2.50885e+06
2.49755e+06
2.49729e+06
2.54956e+06
2.66653e+06
2.82512e+06
2.88049e+06
3.05848e+06
3.2912e+06
3.42676e+06
3.59468e+06
3.80951e+06
3.90529e+06
3.99237e+06
4.1372e+06
4.20984e+06
4.31146e+06
4.52272e+06
4.4131e+06
4.34384e+06
4.36292e+06
4.47129e+06
4.68491e+06
4.87623e+06
4.97428e+06
5.16628e+06
5.36875e+06
5.63865e+06
5.8791e+06
5.96388e+06
6.16067e+06
6.26554e+06
6.49119e+06
6.54999e+06
6.51103e+06
6.56966e+06
6.62688e+06
6.81798e+06
6.83561e+06
7.00176e+06
7.16256e+06
7.42446e+06
7.59206e+06
7.76659e+06
8.02472e+06
8.40357e+06
8.65888e+06
8.70982e+06
8.88692e+06
9.15168e+06
9.29344e+06
9.24774e+06
9.24427e+06
9.23861e+06
9.3019e+06
9.43926e+06
9.70763e+06
1.02194e+07
1.03156e+07
1.04506e+07
1.05738e+07
1.06289e+07
1.04259e+07
1.02471e+07
1.02147e+07
1.01122e+07
1.00161e+07
9.93263e+06
9.73049e+06
9.3998e+06
9.22053e+06
9.14232e+06
8.9189e+06
8.70694e+06
8.56863e+06
8.48559e+06
8.42946e+06
8.49954e+06
8.44612e+06
8.3915e+06
8.33138e+06
8.02306e+06
7.72921e+06
7.61973e+06
7.41583e+06
7.12294e+06
6.90461e+06
6.55232e+06
6.2889e+06
6.11856e+06
5.93027e+06
5.71433e+06
5.55133e+06
5.52784e+06
5.55905e+06
5.61003e+06
5.43168e+06
5.3169e+06
5.00663e+06
4.54603e+06
4.0969e+06
3.76126e+06
3.49495e+06
3.24103e+06
2.91635e+06
2.67977e+06
2.50854e+06
2.35692e+06
2.29231e+06
2.24054e+06
2.22109e+06
2.19413e+06
2.05305e+06
1.86425e+06
1.56937e+06
1.34712e+06
1.16262e+06
981500
852924
764136
705294
663192
632961
619806
603730
592674
578733
550003
438413
323414
248486
193183
156203
123488
100533
79560
65022
52736
42440
34804
26698
19682
11292
4818
0
0
0
0
0
0
0
0
0
0
0
0
0
0
0
0
0
0
0
0
0
0
0
0
0
0
0
0
0
0
0
0
0
0
0
0
0
0
0
0
0
0
0
0
0
0
0
0
0
0
0
0
0
0
0
0
0
0
0
0
0
0
0
0
0
0
0
0
0
0
0
0
0
0
0
0
0
0
0
0
0
0
0
0
0
0
0
0
0
0
0
0
0
0
0
0
0
0
0
0
0
0
0
0
0
0
0
0
0
0
0
0
0
0
0
0
0
0
0
0
0
0
0
0
0
0
0
0
0
0
0
0
0
0
0
0
0
0
0
0
0
0
0
0
0
0
0
0
0
0
0
0
0
0
0
0
0
0
0
0
0
0
0
0
0
0
0
0
0
0
0
0
0
0
0
0
0
0
0
0
0
0
0
0
0
0
0
0
0
0
0
0
0
0
0
0
0
0
0
0
