382976
0
0
0
0
0
0
0
0
9
32
81
425
1373
4768
15404
49248
149853
324766
410713
399305
300599
227304
180432
153708
145499
151998
173078
213710
244782
281732
342364
425389
522363
629036
727770
690825
661398
644262
632402
642064
619636
606366
628659
685849
791646
797191
822737
874026
959767
1.04727e+06
1.1336e+06
1.23667e+06
1.38836e+06
1.41478e+06
1.30802e+06
1.25842e+06
1.24621e+06
1.24675e+06
1.28872e+06
1.39167e+06
1.49258e+06
1.47032e+06
1.5341e+06
1.64649e+06
1.66641e+06
1.73096e+06
1.86057e+06
1.90135e+06
1.96508e+06
2.10695e+06
2.16579e+06
2.25983e+06
2.45307e+06
2.3047e+06
2.20456e+06
2.17431e+06
2.20671e+06
2.34456e+06
2.43019e+06
2.42097e+06
2.51943e+06
2.61718e+06
2.79936e+06
2.96919e+06
2.99764e+06
3.15034e+06
3.21356e+06
3.40115e+06
3.42448e+06
3.33512e+06
3.35811e+06
3.33914e+06
3.44769e+06
3.38169e+06
3.44268e+06
3.49131e+06
3.65964e+06
3.7311e+06
3.80857e+06
3.98552e+06
4.27716e+06
4.47142e+06
4.47921e+06
4.59584e+06
4.78869e+06
4.86608e+06
4.73837e+06
4.65864e+06
4.56092e+06
4.52839e+06
4.55835e+06
4.74512e+06
5.12624e+06
5.12942e+06
5.19438e+06
5.33526e+06
5.43542e+06
5.28026e+06
5.16987e+06
5.22123e+06
5.19137e+06
5.15906e+06
5.13721e+06
4.99036e+06
4.68923e+06
4.5638e+06
4.5528e+06
4.38372e+06
4.23949e+06
4.18705e+06
4.16905e+06
4.17185e+06
4.31159e+06
4.32155e+06
4.33824e+06
4.36726e+06
4.15127e+06
3.9582e+06
3.93214e+06
3.82815e+06
3.63424e+06
3.48383e+06
3.21203e+06
3.02386e+06
2.93095e+06
2.84491e+06
2.71948e+06
2.64997e+06
2.71806e+06
2.8563e+06
3.00985e+06
2.93661e+06
2.94063e+06
2.74349e+06
2.38856e+06
2.03794e+06
1.81435e+06
1.65808e+06
1.51458e+06
1.30398e+06
1.19817e+06
1.14502e+06
1.10963e+06
1.13542e+06
1.17441e+06
1.23513e+06
1.2884e+06
1.2169e+06
1.09174e+06
854299
687072
550420
420102
339877
299152
281876
279174
289115
306682
327843
343366
352804
350131
265433
172385
120522
86179
63474
48003
37609
31066
27788
24486
22985
21361
18581
14589
9422
4540
0
0
0
0
0
0
0
0
0
0
0
0
0
0
0
0
0
0
0
0
0
0
0
0
0
0
0
0
0
0
0
0
0
0
0
0
0
0
0
0
0
0
0
0
0
0
0
0
0
0
0
0
0
0
0
0
0
0
0
0
0
0
0
0
0
0
0
0
0
0
0
0
0
0
0
0
0
0
0
0
0
0
0
0
0
0
0
0
0
0
0
0
0
0
0
0
0
0
0
0
0
0
0
0
0
0
0
0
0
0
0
0
0
0
0
0
0
0
0
0
0
0
0
0
0
0
0
0
0
0
0
0
0
0
0
0
0
0
0
0
0
0
0
0
0
0
0
0
0
0
0
0
0
0
0
0
0
0
0
0
0
0
0
0
0
0
0
0
0
0
0
0
0
0
0
0
0
0
0
0
0
0
0
0
0
0
0
0
0
0
0
0
0
0
0
0
0
0
0
0
