729088
0
0
0
0
0
0
0
0
9
39
103
539
1656
5768
18805
59256
187550
572449
1.0768e+06
827924
533526
382400
306032
270047
261113
272875
310840
374681
442742
527137
669616
857759
1.04332e+06
1.20436e+06
1.31608e+06
1.30284e+06
1.32346e+06
1.33756e+06
1.26398e+06
1.19653e+06
1.12456e+06
1.09968e+06
1.13244e+06
1.22476e+06
1.38936e+06
1.47725e+06
1.60644e+06
1.76444e+06
1.95318e+06
2.11507e+06
2.25632e+06
2.38082e+06
2.53855e+06
2.55113e+06
2.44425e+06
2.40639e+06
2.39559e+06
2.3968e+06
2.44977e+06
2.56698e+06
2.72192e+06
2.76956e+06
2.93579e+06
3.15555e+06
3.28079e+06
3.43885e+06
3.64543e+06
3.73639e+06
3.8239e+06
3.97232e+06
4.04324e+06
4.1435e+06
4.35609e+06
4.24306e+06
4.17489e+06
4.1868e+06
4.28985e+06
4.49751e+06
4.67819e+06
4.76712e+06
4.94842e+06
5.13912e+06
5.40362e+06
5.63923e+06
5.7193e+06
5.9111e+06
6.01644e+06
6.24039e+06
6.29655e+06
6.25423e+06
6.31116e+06
6.36203e+06
6.54408e+06
6.55804e+06
6.71451e+06
6.86464e+06
7.11371e+06
7.275e+06
7.44308e+06
7.6893e+06
8.064e+06
8.31515e+06
8.36717e+06
8.53709e+06
8.79532e+06
8.9352e+06
8.8813e+06
8.87429e+06
8.85984e+06
8.91193e+06
9.04184e+06
9.30478e+06
9.80519e+06
9.89281e+06
1.0019e+07
1.01458e+07
1.02019e+07
1.00024e+07
9.83417e+06
9.80794e+06
9.71195e+06
9.62049e+06
9.54342e+06
9.34811e+06
9.01595e+06
8.83971e+06
8.76686e+06
8.54855e+06
8.34292e+06
8.2113e+06
8.13502e+06
8.08077e+06
8.15746e+06
8.11198e+06
8.05831e+06
8.00676e+06
7.71008e+06
7.42218e+06
7.31809e+06
7.12401e+06
6.84305e+06
6.62248e+06
6.28129e+06
6.01897e+06
5.86042e+06
5.67881e+06
5.4697e+06
5.31541e+06
5.30028e+06
5.33719e+06
5.3975e+06
5.2277e+06
5.12444e+06
4.82181e+06
4.36999e+06
3.93044e+06
3.60402e+06
3.34312e+06
3.09932e+06
2.78608e+06
2.55868e+06
2.39717e+06
2.25408e+06
2.19817e+06
2.1533e+06
2.14025e+06
2.12208e+06
1.98562e+06
1.8016e+06
1.51062e+06
1.29261e+06
1.11169e+06
936291
809995
726885
672020
631753
604530
593896
581437
572391
560532
533878
424046
311357
237917
183882
148665
117695
95295
75757
61844
50403
40945
33746
26099
19284
11178
4800
0
0
0
0
0
0
0
0
0
0
0
0
0
0
0
0
0
0
0
0
0
0
0
0
0
0
0
0
0
0
0
0
0
0
0
0
0
0
0
0
0
0
0
0
0
0
0
0
0
0
0
0
0
0
0
0
0
0
0
0
0
0
0
0
0
0
0
0
0
0
0
0
0
0
0
0
0
0
0
0
0
0
0
0
0
0
0
0
0
0
0
0
0
0
0
0
0
0
0
0
0
0
0
0
0
0
0
0
0
0
0
0
0
0
0
0
0
0
0
0
0
0
0
0
0
0
0
0
0
0
0
0
0
0
0
0
0
0
0
0
0
0
0
0
0
0
0
0
0
0
0
0
0
0
0
0
0
0
0
0
0
0
0
0
0
0
0
0
0
0
0
0
0
0
0
0
0
0
0
0
0
0
0
0
0
0
0
0
0
0
0
0
0
0
0
0
0
0
0
0
