722944
0
0
0
0
0
0
0
0
9
39
103
539
1656
5768
18805
59256
187550
570203
1.06167e+06
818792
529451
379973
304211
268314
259410
271126
308658
372093
439654
523015
663909
849989
1.03344e+06
1.19317e+06
1.30532e+06
1.29247e+06
1.31183e+06
1.32408e+06
1.25178e+06
1.18671e+06
1.11604e+06
1.09157e+06
1.12444e+06
1.21635e+06
1.37956e+06
1.46589e+06
1.59244e+06
1.74825e+06
1.93471e+06
2.09525e+06
2.23534e+06
2.35984e+06
2.51764e+06
2.53103e+06
2.42452e+06
2.38579e+06
2.37524e+06
2.37686e+06
2.4297e+06
2.54694e+06
2.7012e+06
2.74724e+06
2.91119e+06
3.12857e+06
3.25163e+06
3.40751e+06
3.61276e+06
3.70281e+06
3.79024e+06
3.93939e+06
4.00974e+06
4.11022e+06
4.32254e+06
4.20906e+06
4.141e+06
4.1516e+06
4.25345e+06
4.46017e+06
4.6383e+06
4.72582e+06
4.90464e+06
5.09314e+06
5.35703e+06
5.59104e+06
5.67051e+06
5.86145e+06
5.96655e+06
6.19049e+06
6.24569e+06
6.20259e+06
6.25962e+06
6.30889e+06
6.48948e+06
6.50235e+06
6.65688e+06
6.80481e+06
7.05183e+06
7.21158e+06
7.37837e+06
7.62251e+06
7.9959e+06
8.24674e+06
8.29839e+06
8.46761e+06
8.72363e+06
8.86348e+06
8.80831e+06
8.80002e+06
8.78413e+06
8.83353e+06
8.96216e+06
9.22472e+06
9.72213e+06
9.80825e+06
9.93281e+06
1.00603e+07
1.01167e+07
9.91745e+06
9.75132e+06
9.72707e+06
9.63129e+06
9.54154e+06
9.46575e+06
9.27165e+06
8.93914e+06
8.76364e+06
8.69152e+06
8.47462e+06
8.2695e+06
8.14051e+06
8.06478e+06
8.01096e+06
8.08952e+06
8.04476e+06
7.99161e+06
7.9422e+06
7.64727e+06
7.36089e+06
7.25749e+06
7.06574e+06
6.78694e+06
6.566e+06
6.22719e+06
5.96512e+06
5.80897e+06
5.62823e+06
5.42068e+06
5.26836e+06
5.25452e+06
5.29312e+06
5.35497e+06
5.18688e+06
5.08596e+06
4.78495e+06
4.33471e+06
3.89722e+06
3.57219e+06
3.31308e+06
3.07071e+06
2.76014e+06
2.53452e+06
2.37491e+06
2.23374e+06
2.17927e+06
2.13574e+06
2.12414e+06
2.10756e+06
1.97197e+06
1.78922e+06
1.49894e+06
1.2816e+06
1.10166e+06
927127
801455
719420
665436
625378
598903
588658
577052
568321
556953
530563
421191
308936
235778
181977
147233
116526
94243
75018
61211
49915
40648
33546
25981
19197
11156
4793
0
0
0
0
0
0
0
0
0
0
0
0
0
0
0
0
0
0
0
0
0
0
0
0
0
0
0
0
0
0
0
0
0
0
0
0
0
0
0
0
0
0
0
0
0
0
0
0
0
0
0
0
0
0
0
0
0
0
0
0
0
0
0
0
0
0
0
0
0
0
0
0
0
0
0
0
0
0
0
0
0
0
0
0
0
0
0
0
0
0
0
0
0
0
0
0
0
0
0
0
0
0
0
0
0
0
0
0
0
0
0
0
0
0
0
0
0
0
0
0
0
0
0
0
0
0
0
0
0
0
0
0
0
0
0
0
0
0
0
0
0
0
0
0
0
0
0
0
0
0
0
0
0
0
0
0
0
0
0
0
0
0
0
0
0
0
0
0
0
0
0
0
0
0
0
0
0
0
0
0
0
0
0
0
0
0
0
0
0
0
0
0
0
0
0
0
0
0
0
0
