75776
0
0
0
0
0
0
0
0
0
0
0
5
12
73
389
2505
15023
57637
99035
119834
71364
42093
26261
18424
17502
20755
30033
48658
48249
42583
49253
70097
104290
155253
210659
146554
114315
103153
106665
132051
120667
106293
113897
144871
213157
170229
138368
130528
151445
173997
198444
254835
374782
378726
262991
215427
207630
201840
223805
294444
362423
289707
290641
341449
294406
291162
354483
334458
346724
436114
450811
509388
682522
515179
401730
355319
366486
461419
494043
409267
429603
446433
541179
628168
576626
661658
666342
801847
791819
671767
668084
628191
714627
608742
619655
600400
686048
668528
643756
714703
909195
1.00704e+06
932313
977358
1.11701e+06
1.16017e+06
1.00621e+06
906506
780626
707845
684763
798684
1.09274e+06
987761
952117
1.0805e+06
1.18124e+06
1.05478e+06
968488
1.0392e+06
1.04833e+06
1.08388e+06
1.15583e+06
1.11252e+06
903126
852524
896836
782905
692486
686411
710318
756693
917377
950199
977587
1.04597e+06
875519
745488
813617
808319
731030
710708
576486
507724
509947
503205
423721
375856
442298
573287
746463
721180
814584
735934
529499
343283
279466
271512
254723
149837
127974
136502
149011
195310
252866
327059
405890
385646
338215
192820
129530
91080
37878
15109
10131
11564
17449
28051
43935
63635
89275
118487
144473
94271
36605
16530
7395
3671
1544
1037
979
1534
2465
3725
5199
6223
7041
6306
4083
0
0
0
0
0
0
0
0
0
0
0
0
0
0
0
0
0
0
0
0
0
0
0
0
0
0
0
0
0
0
0
0
0
0
0
0
0
0
0
0
0
0
0
0
0
0
0
0
0
0
0
0
0
0
0
0
0
0
0
0
0
0
0
0
0
0
0
0
0
0
0
0
0
0
0
0
0
0
0
0
0
0
0
0
0
0
0
0
0
0
0
0
0
0
0
0
0
0
0
0
0
0
0
0
0
0
0
0
0
0
0
0
0
0
0
0
0
0
0
0
0
0
0
0
0
0
0
0
0
0
0
0
0
0
0
0
0
0
0
0
0
0
0
0
0
0
0
0
0
0
0
0
0
0
0
0
0
0
0
0
0
0
0
0
0
0
0
0
0
0
0
0
0
0
0
0
0
0
0
0
0
0
0
0
0
0
0
0
0
0
0
0
0
0
0
0
0
0
0
0
