567296
0
0
0
0
0
0
0
0
9
39
103
539
1656
5768
18805
59256
187533
495688
690868
598782
429029
318263
256037
222599
213120
222814
252777
306449
356958
419991
518698
649877
785292
919899
1.03831e+06
1.02196e+06
1.0089e+06
992538
953448
939269
901869
883333
914416
991192
1.12566e+06
1.1681e+06
1.24009e+06
1.34026e+06
1.47516e+06
1.59799e+06
1.7131e+06
1.83061e+06
1.99338e+06
2.02171e+06
1.91752e+06
1.8725e+06
1.86062e+06
1.86472e+06
1.9179e+06
2.0341e+06
2.16306e+06
2.17632e+06
2.28602e+06
2.44879e+06
2.51461e+06
2.62422e+06
2.79196e+06
2.86461e+06
2.94408e+06
3.09301e+06
3.16623e+06
3.26636e+06
3.47269e+06
3.34949e+06
3.26918e+06
3.25586e+06
3.32197e+06
3.50317e+06
3.63085e+06
3.66916e+06
3.81255e+06
3.9481e+06
4.17059e+06
4.37579e+06
4.43577e+06
4.61454e+06
4.70467e+06
4.91662e+06
4.96235e+06
4.89782e+06
4.93628e+06
4.95835e+06
5.10144e+06
5.08317e+06
5.18956e+06
5.29025e+06
5.49669e+06
5.61152e+06
5.73423e+06
5.94965e+06
6.28237e+06
6.51201e+06
6.54592e+06
6.69841e+06
6.92353e+06
7.03854e+06
6.95154e+06
6.9101e+06
6.85799e+06
6.86359e+06
6.94592e+06
7.17772e+06
7.61595e+06
7.66989e+06
7.76628e+06
7.88868e+06
7.96405e+06
7.78289e+06
7.64609e+06
7.6657e+06
7.60194e+06
7.54231e+06
7.48674e+06
7.31883e+06
6.99511e+06
6.84327e+06
6.79699e+06
6.59933e+06
6.42212e+06
6.3268e+06
6.28484e+06
6.25682e+06
6.36143e+06
6.33386e+06
6.31253e+06
6.30664e+06
6.0478e+06
5.80265e+06
5.73485e+06
5.58245e+06
5.34884e+06
5.15554e+06
4.84291e+06
4.6189e+06
4.49654e+06
4.3558e+06
4.18259e+06
4.07204e+06
4.08968e+06
4.17486e+06
4.27683e+06
4.15581e+06
4.09951e+06
3.85379e+06
3.44871e+06
3.0492e+06
2.76776e+06
2.55404e+06
2.35509e+06
2.0948e+06
1.92826e+06
1.81282e+06
1.71893e+06
1.69714e+06
1.6935e+06
1.71629e+06
1.73295e+06
1.6272e+06
1.46878e+06
1.20277e+06
1.00993e+06
849703
694537
590332
526881
490167
468058
457103
460339
464052
464750
462143
447404
349819
245835
182316
138470
108344
85899
67938
55769
46659
38157
32503
28222
22742
16887
10387
4693
0
0
0
0
0
0
0
0
0
0
0
0
0
0
0
0
0
0
0
0
0
0
0
0
0
0
0
0
0
0
0
0
0
0
0
0
0
0
0
0
0
0
0
0
0
0
0
0
0
0
0
0
0
0
0
0
0
0
0
0
0
0
0
0
0
0
0
0
0
0
0
0
0
0
0
0
0
0
0
0
0
0
0
0
0
0
0
0
0
0
0
0
0
0
0
0
0
0
0
0
0
0
0
0
0
0
0
0
0
0
0
0
0
0
0
0
0
0
0
0
0
0
0
0
0
0
0
0
0
0
0
0
0
0
0
0
0
0
0
0
0
0
0
0
0
0
0
0
0
0
0
0
0
0
0
0
0
0
0
0
0
0
0
0
0
0
0
0
0
0
0
0
0
0
0
0
0
0
0
0
0
0
0
0
0
0
0
0
0
0
0
0
0
0
0
0
0
0
0
0
