176128
0
0
0
0
0
0
0
0
0
8
11
50
199
882
3811
14853
55540
145063
206806
218015
151221
105047
76872
60777
56685
60360
72704
98195
107653
116769
142211
186734
245222
316668
385409
328338
296261
281738
278993
299018
283208
267825
279367
319313
399958
369708
355178
365847
409850
457267
507782
583771
718484
729026
611980
560951
546415
540486
567229
648808
727098
668850
690974
760061
733633
753843
841711
845054
880728
992655
1.0294e+06
1.10102e+06
1.27772e+06
1.11211e+06
995595
943738
954825
1.05695e+06
1.10602e+06
1.04405e+06
1.09498e+06
1.14528e+06
1.27617e+06
1.3987e+06
1.37903e+06
1.49097e+06
1.52002e+06
1.67574e+06
1.67405e+06
1.55696e+06
1.55509e+06
1.51374e+06
1.5971e+06
1.49374e+06
1.51344e+06
1.51497e+06
1.62857e+06
1.6476e+06
1.66607e+06
1.78103e+06
2.02315e+06
2.16598e+06
2.12696e+06
2.19761e+06
2.35036e+06
2.39738e+06
2.23422e+06
2.124e+06
1.99271e+06
1.92356e+06
1.91259e+06
2.05246e+06
2.38286e+06
2.32133e+06
2.32972e+06
2.47545e+06
2.582e+06
2.44559e+06
2.35758e+06
2.42912e+06
2.43477e+06
2.4475e+06
2.47334e+06
2.37525e+06
2.12633e+06
2.04276e+06
2.06326e+06
1.93521e+06
1.83033e+06
1.8108e+06
1.82253e+06
1.86076e+06
2.02088e+06
2.05844e+06
2.09386e+06
2.15804e+06
1.9796e+06
1.83296e+06
1.86663e+06
1.81714e+06
1.68742e+06
1.60993e+06
1.41232e+06
1.28894e+06
1.24821e+06
1.2151e+06
1.13074e+06
1.09488e+06
1.18687e+06
1.34381e+06
1.53099e+06
1.50394e+06
1.56729e+06
1.43595e+06
1.16231e+06
900075
763588
690307
623804
482594
436808
435723
448282
504143
572763
656345
735246
700541
619404
430612
316611
230999
141123
94184
77707
77515
88449
107192
132264
160153
187383
212150
225442
159288
84854
50201
29950
18826
12019
8893
7949
8356
9351
11094
12218
12053
10793
7839
4337
0
0
0
0
0
0
0
0
0
0
0
0
0
0
0
0
0
0
0
0
0
0
0
0
0
0
0
0
0
0
0
0
0
0
0
0
0
0
0
0
0
0
0
0
0
0
0
0
0
0
0
0
0
0
0
0
0
0
0
0
0
0
0
0
0
0
0
0
0
0
0
0
0
0
0
0
0
0
0
0
0
0
0
0
0
0
0
0
0
0
0
0
0
0
0
0
0
0
0
0
0
0
0
0
0
0
0
0
0
0
0
0
0
0
0
0
0
0
0
0
0
0
0
0
0
0
0
0
0
0
0
0
0
0
0
0
0
0
0
0
0
0
0
0
0
0
0
0
0
0
0
0
0
0
0
0
0
0
0
0
0
0
0
0
0
0
0
0
0
0
0
0
0
0
0
0
0
0
0
0
0
0
0
0
0
0
0
0
0
0
0
0
0
0
0
0
0
0
0
0
