591872
0
0
0
0
0
0
0
0
9
39
103
539
1656
5768
18805
59256
187539
510771
746627
631481
444889
328217
264093
229882
220916
230796
261822
317467
370235
436344
541805
680940
824210
961914
1.08005e+06
1.06602e+06
1.05694e+06
1.04372e+06
999128
978012
935973
916275
948754
1.02868e+06
1.16716e+06
1.21588e+06
1.29537e+06
1.4041e+06
1.54648e+06
1.67561e+06
1.79365e+06
1.91417e+06
2.07639e+06
2.10258e+06
1.99748e+06
1.95304e+06
1.94209e+06
1.94571e+06
1.99861e+06
2.1166e+06
2.24957e+06
2.26724e+06
2.38419e+06
2.55728e+06
2.63014e+06
2.74701e+06
2.91964e+06
2.99674e+06
3.07716e+06
3.2265e+06
3.29758e+06
3.39997e+06
3.60664e+06
3.48799e+06
3.40786e+06
3.39719e+06
3.46995e+06
3.65502e+06
3.78885e+06
3.83694e+06
3.98546e+06
4.12805e+06
4.35726e+06
4.56579e+06
4.62991e+06
4.81136e+06
4.90359e+06
5.11833e+06
5.16444e+06
5.1021e+06
5.14799e+06
5.17304e+06
5.32175e+06
5.30609e+06
5.42257e+06
5.53065e+06
5.74056e+06
5.8646e+06
5.9927e+06
6.21366e+06
6.55135e+06
6.78464e+06
6.8218e+06
6.97957e+06
7.2085e+06
7.32761e+06
7.24446e+06
7.20844e+06
7.1618e+06
7.17408e+06
7.26539e+06
7.50154e+06
7.94878e+06
8.00861e+06
8.10809e+06
8.23164e+06
8.30179e+06
8.1187e+06
7.97845e+06
7.99144e+06
7.92164e+06
7.85709e+06
7.80221e+06
7.62823e+06
7.3045e+06
7.14456e+06
7.09253e+06
6.89595e+06
6.71435e+06
6.61378e+06
6.56571e+06
6.5346e+06
6.63474e+06
6.60284e+06
6.57656e+06
6.565e+06
6.30028e+06
6.04982e+06
5.97599e+06
5.81515e+06
5.57794e+06
5.37697e+06
5.06176e+06
4.83078e+06
4.7053e+06
4.55614e+06
4.3776e+06
4.26273e+06
4.27196e+06
4.34962e+06
4.44869e+06
4.31872e+06
4.25497e+06
4.0007e+06
3.5892e+06
3.18275e+06
2.89623e+06
2.67359e+06
2.46737e+06
2.19936e+06
2.02424e+06
1.90139e+06
1.80059e+06
1.77335e+06
1.76358e+06
1.7794e+06
1.79207e+06
1.68198e+06
1.51989e+06
1.2494e+06
1.05314e+06
889289
731041
623626
557458
518443
492615
479192
479912
482535
481294
476768
460413
361638
255691
190388
145417
114346
90961
71929
58841
48989
40086
33778
29045
23215
17275
10550
4717
0
0
0
0
0
0
0
0
0
0
0
0
0
0
0
0
0
0
0
0
0
0
0
0
0
0
0
0
0
0
0
0
0
0
0
0
0
0
0
0
0
0
0
0
0
0
0
0
0
0
0
0
0
0
0
0
0
0
0
0
0
0
0
0
0
0
0
0
0
0
0
0
0
0
0
0
0
0
0
0
0
0
0
0
0
0
0
0
0
0
0
0
0
0
0
0
0
0
0
0
0
0
0
0
0
0
0
0
0
0
0
0
0
0
0
0
0
0
0
0
0
0
0
0
0
0
0
0
0
0
0
0
0
0
0
0
0
0
0
0
0
0
0
0
0
0
0
0
0
0
0
0
0
0
0
0
0
0
0
0
0
0
0
0
0
0
0
0
0
0
0
0
0
0
0
0
0
0
0
0
0
0
0
0
0
0
0
0
0
0
0
0
0
0
0
0
0
0
0
0
