417792
0
0
0
0
0
0
0
0
9
36
100
500
1592
5514
17859
55455
165625
354482
444331
429382
325156
247641
198019
169909
160603
167377
190213
234210
269140
309797
376265
465929
568071
680550
784100
750836
722263
704636
691141
700477
677365
664545
688500
748479
858216
869844
901268
959329
1.05216e+06
1.14561e+06
1.23864e+06
1.3454e+06
1.50097e+06
1.5284e+06
1.42332e+06
1.37487e+06
1.36378e+06
1.36709e+06
1.41095e+06
1.51774e+06
1.6239e+06
1.60736e+06
1.67678e+06
1.79718e+06
1.82261e+06
1.89495e+06
2.031e+06
2.07821e+06
2.14691e+06
2.29354e+06
2.35564e+06
2.45266e+06
2.64789e+06
2.5053e+06
2.40854e+06
2.38177e+06
2.41856e+06
2.56485e+06
2.65816e+06
2.65495e+06
2.76271e+06
2.86509e+06
3.05491e+06
3.23166e+06
3.26606e+06
3.42737e+06
3.49599e+06
3.68868e+06
3.71725e+06
3.63181e+06
3.65906e+06
3.64679e+06
3.76054e+06
3.70458e+06
3.77387e+06
3.82904e+06
4.00458e+06
4.08448e+06
4.1718e+06
4.35516e+06
4.65318e+06
4.85577e+06
4.87036e+06
4.99445e+06
5.19305e+06
5.27871e+06
5.15806e+06
5.08506e+06
4.99291e+06
4.97018e+06
5.00915e+06
5.20548e+06
5.59243e+06
5.60921e+06
5.68105e+06
5.81765e+06
5.91195e+06
5.75437e+06
5.63864e+06
5.68258e+06
5.64643e+06
5.6091e+06
5.582e+06
5.43191e+06
5.12418e+06
4.99218e+06
4.97858e+06
4.80078e+06
4.65124e+06
4.59027e+06
4.56776e+06
4.56595e+06
4.6986e+06
4.70277e+06
4.71153e+06
4.73188e+06
4.51052e+06
4.30747e+06
4.27222e+06
4.16071e+06
3.95732e+06
3.80004e+06
3.52076e+06
3.32469e+06
3.22482e+06
3.13037e+06
2.99545e+06
2.91906e+06
2.97913e+06
3.10518e+06
3.24887e+06
3.16723e+06
3.15961e+06
2.95338e+06
2.58875e+06
2.22831e+06
1.99461e+06
1.82737e+06
1.67345e+06
1.45258e+06
1.33579e+06
1.271e+06
1.22433e+06
1.24125e+06
1.27192e+06
1.32616e+06
1.37306e+06
1.2951e+06
1.1633e+06
920569
748274
606547
471590
386444
341575
321155
314845
321275
335548
353702
366769
373677
368564
281323
186025
132357
96311
72063
54941
43285
35558
31350
27015
24926
22787
19379
15030
9529
4561
0
0
0
0
0
0
0
0
0
0
0
0
0
0
0
0
0
0
0
0
0
0
0
0
0
0
0
0
0
0
0
0
0
0
0
0
0
0
0
0
0
0
0
0
0
0
0
0
0
0
0
0
0
0
0
0
0
0
0
0
0
0
0
0
0
0
0
0
0
0
0
0
0
0
0
0
0
0
0
0
0
0
0
0
0
0
0
0
0
0
0
0
0
0
0
0
0
0
0
0
0
0
0
0
0
0
0
0
0
0
0
0
0
0
0
0
0
0
0
0
0
0
0
0
0
0
0
0
0
0
0
0
0
0
0
0
0
0
0
0
0
0
0
0
0
0
0
0
0
0
0
0
0
0
0
0
0
0
0
0
0
0
0
0
0
0
0
0
0
0
0
0
0
0
0
0
0
0
0
0
0
0
0
0
0
0
0
0
0
0
0
0
0
0
0
0
0
0
0
0
