131072
0
0
0
0
0
0
0
0
0
5
1
19
102
412
1941
8535
36660
106407
159630
175344
116341
76885
53454
41090
38440
42119
53106
75712
80731
82858
99398
133994
182989
245976
308916
247027
214568
201364
201550
223115
209590
195104
205387
241499
315521
280090
257004
259260
293077
329833
368991
437370
564997
573117
456458
405749
394307
387793
412319
489386
564050
498770
511170
571792
535115
544688
621407
614140
640901
743466
771060
839110
1.01369e+06
846897
730742
680136
688860
786620
826938
754473
794171
831059
946490
1.0527e+06
1.01915e+06
1.11984e+06
1.13876e+06
1.28675e+06
1.28272e+06
1.16391e+06
1.16e+06
1.11715e+06
1.19846e+06
1.09298e+06
1.10748e+06
1.09902e+06
1.1995e+06
1.20298e+06
1.20401e+06
1.30382e+06
1.52567e+06
1.6495e+06
1.5966e+06
1.65773e+06
1.80212e+06
1.84771e+06
1.68496e+06
1.57598e+06
1.44346e+06
1.37041e+06
1.35361e+06
1.48212e+06
1.79778e+06
1.72131e+06
1.71343e+06
1.85114e+06
1.95281e+06
1.82058e+06
1.73401e+06
1.80827e+06
1.81807e+06
1.84111e+06
1.88639e+06
1.80887e+06
1.57475e+06
1.50542e+06
1.53734e+06
1.41456e+06
1.3146e+06
1.30094e+06
1.31828e+06
1.36253e+06
1.52749e+06
1.56444e+06
1.59624e+06
1.66291e+06
1.4868e+06
1.34825e+06
1.39709e+06
1.36912e+06
1.26007e+06
1.20726e+06
1.03452e+06
933463
908933
888026
806370
767644
850752
1.00008e+06
1.18518e+06
1.16277e+06
1.23927e+06
1.1289e+06
882654
651111
542631
497935
451691
327102
292033
295662
310840
365450
431666
513334
594175
565068
498726
328229
234079
166793
91501
54242
43204
44528
54209
70285
92422
117713
145806
173027
191809
131927
63758
35246
19074
11251
6478
4798
4351
5091
6174
8060
9388
9721
9272
7281
4244
0
0
0
0
0
0
0
0
0
0
0
0
0
0
0
0
0
0
0
0
0
0
0
0
0
0
0
0
0
0
0
0
0
0
0
0
0
0
0
0
0
0
0
0
0
0
0
0
0
0
0
0
0
0
0
0
0
0
0
0
0
0
0
0
0
0
0
0
0
0
0
0
0
0
0
0
0
0
0
0
0
0
0
0
0
0
0
0
0
0
0
0
0
0
0
0
0
0
0
0
0
0
0
0
0
0
0
0
0
0
0
0
0
0
0
0
0
0
0
0
0
0
0
0
0
0
0
0
0
0
0
0
0
0
0
0
0
0
0
0
0
0
0
0
0
0
0
0
0
0
0
0
0
0
0
0
0
0
0
0
0
0
0
0
0
0
0
0
0
0
0
0
0
0
0
0
0
0
0
0
0
0
0
0
0
0
0
0
0
0
0
0
0
0
0
0
0
0
0
0
