536576
0
0
0
0
0
0
0
0
9
39
103
539
1656
5768
18805
59256
187396
472837
625966
559247
408026
305769
246021
212870
203537
212525
241080
292943
339805
399369
489875
610403
738005
867932
985880
966550
949190
928878
898298
890937
857776
840810
871841
943520
1.07324e+06
1.10866e+06
1.17121e+06
1.25976e+06
1.38564e+06
1.50223e+06
1.61276e+06
1.72778e+06
1.88938e+06
1.92165e+06
1.81676e+06
1.7711e+06
1.75844e+06
1.76499e+06
1.81602e+06
1.92953e+06
2.05487e+06
2.06222e+06
2.16215e+06
2.31418e+06
2.36993e+06
2.47101e+06
2.6327e+06
2.70025e+06
2.77823e+06
2.92892e+06
2.99979e+06
3.09948e+06
3.3046e+06
3.1769e+06
3.0952e+06
3.07878e+06
3.13777e+06
3.31156e+06
3.43193e+06
3.4608e+06
3.59451e+06
3.72359e+06
3.9395e+06
4.13911e+06
4.19503e+06
4.36806e+06
4.45572e+06
4.66427e+06
4.70848e+06
4.64023e+06
4.67393e+06
4.68997e+06
4.82641e+06
4.80225e+06
4.89972e+06
4.98923e+06
5.19082e+06
5.29615e+06
5.41153e+06
5.61913e+06
5.94838e+06
6.16967e+06
6.20031e+06
6.35028e+06
6.5677e+06
6.67697e+06
6.58435e+06
6.5362e+06
6.47641e+06
6.47486e+06
6.54827e+06
6.77319e+06
7.19867e+06
7.2475e+06
7.33752e+06
7.4598e+06
7.54413e+06
7.36363e+06
7.23178e+06
7.25933e+06
7.20261e+06
7.1436e+06
7.09446e+06
6.93043e+06
6.61174e+06
6.46353e+06
6.42637e+06
6.22905e+06
6.05838e+06
5.97022e+06
5.93427e+06
5.90711e+06
6.01939e+06
5.99791e+06
5.98367e+06
5.98153e+06
5.73273e+06
5.49536e+06
5.43478e+06
5.28968e+06
5.06288e+06
4.87761e+06
4.57058e+06
4.35228e+06
4.23529e+06
4.1062e+06
3.93953e+06
3.83346e+06
3.86377e+06
3.95368e+06
4.06377e+06
3.95193e+06
3.90784e+06
3.66832e+06
3.27206e+06
2.88064e+06
2.60793e+06
2.4069e+06
2.21441e+06
1.96254e+06
1.80706e+06
1.70222e+06
1.6174e+06
1.60301e+06
1.6063e+06
1.63608e+06
1.65994e+06
1.55791e+06
1.40568e+06
1.14504e+06
955944
799206
648442
548897
488913
455367
436694
429888
435131
441126
444692
443897
430505
335748
233487
172347
129822
100993
79220
62843
51618
43600
36001
31060
27120
21982
16528
10172
4669
0
0
0
0
0
0
0
0
0
0
0
0
0
0
0
0
0
0
0
0
0
0
0
0
0
0
0
0
0
0
0
0
0
0
0
0
0
0
0
0
0
0
0
0
0
0
0
0
0
0
0
0
0
0
0
0
0
0
0
0
0
0
0
0
0
0
0
0
0
0
0
0
0
0
0
0
0
0
0
0
0
0
0
0
0
0
0
0
0
0
0
0
0
0
0
0
0
0
0
0
0
0
0
0
0
0
0
0
0
0
0
0
0
0
0
0
0
0
0
0
0
0
0
0
0
0
0
0
0
0
0
0
0
0
0
0
0
0
0
0
0
0
0
0
0
0
0
0
0
0
0
0
0
0
0
0
0
0
0
0
0
0
0
0
0
0
0
0
0
0
0
0
0
0
0
0
0
0
0
0
0
0
0
0
0
0
0
0
0
0
0
0
0
0
0
0
0
0
0
0
