454656
0
0
0
0
0
0
0
0
9
39
103
539
1655
5764
18758
58838
179429
390883
487323
464369
351093
267621
214933
184862
175782
183143
207934
254000
292504
338629
411882
509303
618665
736521
845611
816738
788863
771186
754095
760113
735821
722437
749523
814310
928066
945283
984380
1.05048e+06
1.15154e+06
1.25211e+06
1.3522e+06
1.46213e+06
1.6203e+06
1.65027e+06
1.54543e+06
1.49859e+06
1.48684e+06
1.49222e+06
1.53908e+06
1.64903e+06
1.76074e+06
1.7501e+06
1.8289e+06
1.95725e+06
1.9894e+06
2.07094e+06
2.21446e+06
2.26675e+06
2.34019e+06
2.49134e+06
2.55757e+06
2.65445e+06
2.8534e+06
2.71609e+06
2.6226e+06
2.59911e+06
2.64244e+06
2.79868e+06
2.8995e+06
2.90453e+06
3.01896e+06
3.12919e+06
3.32792e+06
3.51221e+06
3.55257e+06
3.7183e+06
3.79365e+06
3.99162e+06
4.02526e+06
3.94754e+06
3.97738e+06
3.97167e+06
4.09184e+06
4.04612e+06
4.12232e+06
4.18803e+06
4.37034e+06
4.45844e+06
4.55578e+06
4.74898e+06
5.05504e+06
5.26261e+06
5.28296e+06
5.41532e+06
5.62124e+06
5.71205e+06
5.60193e+06
5.53607e+06
5.45425e+06
5.43835e+06
5.48726e+06
5.69226e+06
6.0888e+06
6.11394e+06
6.1948e+06
6.32697e+06
6.41777e+06
6.25548e+06
6.1343e+06
6.17198e+06
6.13079e+06
6.08419e+06
6.05015e+06
5.89826e+06
5.58673e+06
5.44671e+06
5.42883e+06
5.24666e+06
5.08662e+06
5.01827e+06
4.99133e+06
4.98189e+06
5.10841e+06
5.10552e+06
5.10534e+06
5.11913e+06
4.88842e+06
4.67759e+06
4.63283e+06
4.51337e+06
4.30144e+06
4.13383e+06
3.84556e+06
3.642e+06
3.53913e+06
3.43217e+06
3.28905e+06
3.20319e+06
3.25321e+06
3.369e+06
3.50115e+06
3.41194e+06
3.39258e+06
3.17409e+06
2.80005e+06
2.43221e+06
2.18628e+06
2.00734e+06
1.84176e+06
1.60955e+06
1.48098e+06
1.40504e+06
1.34609e+06
1.35311e+06
1.37574e+06
1.42192e+06
1.46268e+06
1.37676e+06
1.2384e+06
991131
812680
666124
525118
436282
387252
363098
353150
355728
367211
381089
391037
395101
387453
298057
200561
144981
106746
81059
62174
49192
40522
35305
29901
26888
24260
20144
15463
9694
4574
0
0
0
0
0
0
0
0
0
0
0
0
0
0
0
0
0
0
0
0
0
0
0
0
0
0
0
0
0
0
0
0
0
0
0
0
0
0
0
0
0
0
0
0
0
0
0
0
0
0
0
0
0
0
0
0
0
0
0
0
0
0
0
0
0
0
0
0
0
0
0
0
0
0
0
0
0
0
0
0
0
0
0
0
0
0
0
0
0
0
0
0
0
0
0
0
0
0
0
0
0
0
0
0
0
0
0
0
0
0
0
0
0
0
0
0
0
0
0
0
0
0
0
0
0
0
0
0
0
0
0
0
0
0
0
0
0
0
0
0
0
0
0
0
0
0
0
0
0
0
0
0
0
0
0
0
0
0
0
0
0
0
0
0
0
0
0
0
0
0
0
0
0
0
0
0
0
0
0
0
0
0
0
0
0
0
0
0
0
0
0
0
0
0
0
0
0
0
0
0
