444416
0
0
0
0
0
0
0
0
9
39
103
539
1647
5745
18664
58385
176317
380253
473938
454032
343902
262247
210428
180986
171915
178937
203239
248700
286358
330782
402029
497111
604221
720776
828384
798121
769859
752590
736212
743314
719849
707192
732963
796617
908923
924327
961569
1.02521e+06
1.12365e+06
1.22182e+06
1.32025e+06
1.42964e+06
1.58666e+06
1.6166e+06
1.51158e+06
1.46394e+06
1.45272e+06
1.45756e+06
1.50391e+06
1.61234e+06
1.72343e+06
1.71065e+06
1.78664e+06
1.91296e+06
1.94328e+06
2.02206e+06
2.16301e+06
2.21336e+06
2.28632e+06
2.43642e+06
2.50154e+06
2.59882e+06
2.79657e+06
2.65761e+06
2.5629e+06
2.53874e+06
2.58046e+06
2.7339e+06
2.83238e+06
2.83583e+06
2.94774e+06
3.05561e+06
3.25206e+06
3.434e+06
3.47254e+06
3.63705e+06
3.71154e+06
3.90731e+06
3.93972e+06
3.86015e+06
3.8892e+06
3.88115e+06
3.99965e+06
3.95171e+06
4.02535e+06
4.08795e+06
4.26919e+06
4.35434e+06
4.4488e+06
4.63952e+06
4.94393e+06
5.1496e+06
5.16819e+06
5.29905e+06
5.50236e+06
5.59171e+06
5.47821e+06
5.41033e+06
5.32608e+06
5.30826e+06
5.35403e+06
5.55778e+06
5.9511e+06
5.97281e+06
6.05205e+06
6.18583e+06
6.2773e+06
6.1161e+06
5.99716e+06
6.03655e+06
5.99636e+06
5.95281e+06
5.9198e+06
5.76844e+06
5.45742e+06
5.32077e+06
5.30417e+06
5.12204e+06
4.96538e+06
4.89981e+06
4.87298e+06
4.86647e+06
4.9953e+06
4.99387e+06
4.99547e+06
5.01156e+06
4.78385e+06
4.57457e+06
4.53262e+06
4.4152e+06
4.20574e+06
4.04218e+06
3.75516e+06
3.55393e+06
3.45076e+06
3.34849e+06
3.20746e+06
3.1247e+06
3.17707e+06
3.29598e+06
3.43089e+06
3.34431e+06
3.32772e+06
3.11237e+06
2.74088e+06
2.37574e+06
2.13306e+06
1.9576e+06
1.79523e+06
1.56575e+06
1.44066e+06
1.36746e+06
1.31233e+06
1.32249e+06
1.34706e+06
1.39535e+06
1.4376e+06
1.35388e+06
1.21751e+06
971670
794907
649354
510143
422391
374580
351492
342594
346210
358310
373611
384406
389188
382131
293267
196428
141532
104042
78478
60155
47581
39103
34213
29091
26338
23881
19938
15344
9639
4566
0
0
0
0
0
0
0
0
0
0
0
0
0
0
0
0
0
0
0
0
0
0
0
0
0
0
0
0
0
0
0
0
0
0
0
0
0
0
0
0
0
0
0
0
0
0
0
0
0
0
0
0
0
0
0
0
0
0
0
0
0
0
0
0
0
0
0
0
0
0
0
0
0
0
0
0
0
0
0
0
0
0
0
0
0
0
0
0
0
0
0
0
0
0
0
0
0
0
0
0
0
0
0
0
0
0
0
0
0
0
0
0
0
0
0
0
0
0
0
0
0
0
0
0
0
0
0
0
0
0
0
0
0
0
0
0
0
0
0
0
0
0
0
0
0
0
0
0
0
0
0
0
0
0
0
0
0
0
0
0
0
0
0
0
0
0
0
0
0
0
0
0
0
0
0
0
0
0
0
0
0
0
0
0
0
0
0
0
0
0
0
0
0
0
0
0
0
0
0
0
