643072
0
0
0
0
0
0
0
0
9
39
103
539
1656
5768
18805
59256
187550
537329
866844
702798
477448
348907
280066
244883
236580
247370
279946
339816
397466
469885
589759
747023
905810
1.0499e+06
1.16831e+06
1.15512e+06
1.15772e+06
1.15208e+06
1.0959e+06
1.05937e+06
1.00644e+06
984531
1.01862e+06
1.1049e+06
1.25018e+06
1.31538e+06
1.41135e+06
1.53786e+06
1.69682e+06
1.83786e+06
1.96402e+06
2.08884e+06
2.24892e+06
2.26982e+06
2.16506e+06
2.12123e+06
2.11083e+06
2.11419e+06
2.16773e+06
2.28747e+06
2.42703e+06
2.45455e+06
2.59031e+06
2.78195e+06
2.87171e+06
3.00348e+06
3.18858e+06
3.27017e+06
3.35631e+06
3.50524e+06
3.57488e+06
3.67717e+06
3.8868e+06
3.77132e+06
3.6961e+06
3.6914e+06
3.77778e+06
3.97106e+06
4.12015e+06
4.18553e+06
4.34194e+06
4.5016e+06
4.74748e+06
4.96739e+06
5.03606e+06
5.21994e+06
5.31878e+06
5.53794e+06
5.58751e+06
5.53018e+06
5.5847e+06
5.61844e+06
5.7779e+06
5.7749e+06
5.9045e+06
6.03016e+06
6.25081e+06
6.38952e+06
6.53374e+06
6.75946e+06
7.11512e+06
7.35678e+06
7.40008e+06
7.56147e+06
7.80076e+06
7.92805e+06
7.85492e+06
7.8334e+06
7.79498e+06
7.81734e+06
7.92966e+06
8.17701e+06
8.64219e+06
8.71318e+06
8.81889e+06
8.9449e+06
9.01111e+06
8.81754e+06
8.66992e+06
8.67318e+06
8.58796e+06
8.51621e+06
8.45528e+06
8.27196e+06
7.94191e+06
7.77629e+06
7.7139e+06
7.51084e+06
7.32129e+06
7.21339e+06
7.15229e+06
7.10816e+06
7.20404e+06
7.16724e+06
7.12839e+06
7.10218e+06
6.82719e+06
6.56434e+06
6.47622e+06
6.30294e+06
6.05106e+06
5.84096e+06
5.5173e+06
5.27179e+06
5.1367e+06
4.97546e+06
4.78624e+06
4.6542e+06
4.65676e+06
4.71719e+06
4.80086e+06
4.65922e+06
4.58074e+06
4.30845e+06
3.87983e+06
3.46126e+06
3.16165e+06
2.92279e+06
2.70201e+06
2.41818e+06
2.22409e+06
2.08373e+06
1.97062e+06
1.93257e+06
1.90896e+06
1.91418e+06
1.91514e+06
1.79537e+06
1.62675e+06
1.34737e+06
1.14171e+06
971733
806439
693659
620343
576910
544441
525128
521560
519975
515981
507928
487556
385571
276895
207814
159043
127096
101682
80265
65094
53654
43981
36478
30899
24243
18014
10828
4759
0
0
0
0
0
0
0
0
0
0
0
0
0
0
0
0
0
0
0
0
0
0
0
0
0
0
0
0
0
0
0
0
0
0
0
0
0
0
0
0
0
0
0
0
0
0
0
0
0
0
0
0
0
0
0
0
0
0
0
0
0
0
0
0
0
0
0
0
0
0
0
0
0
0
0
0
0
0
0
0
0
0
0
0
0
0
0
0
0
0
0
0
0
0
0
0
0
0
0
0
0
0
0
0
0
0
0
0
0
0
0
0
0
0
0
0
0
0
0
0
0
0
0
0
0
0
0
0
0
0
0
0
0
0
0
0
0
0
0
0
0
0
0
0
0
0
0
0
0
0
0
0
0
0
0
0
0
0
0
0
0
0
0
0
0
0
0
0
0
0
0
0
0
0
0
0
0
0
0
0
0
0
0
0
0
0
0
0
0
0
0
0
0
0
0
0
0
0
0
0
