546816
0
0
0
0
0
0
0
0
9
39
103
539
1656
5768
18805
59256
187480
480956
646837
572393
415216
309829
249560
216040
206720
216024
245041
297511
345440
406327
499464
623561
753645
885231
1.00321e+06
985005
969437
949893
916413
907115
872548
855157
886060
959423
1.09077e+06
1.1286e+06
1.19407e+06
1.28659e+06
1.41558e+06
1.53405e+06
1.64622e+06
1.76166e+06
1.9239e+06
1.95519e+06
1.85032e+06
1.80498e+06
1.79265e+06
1.79834e+06
1.85004e+06
1.96418e+06
2.09114e+06
2.10047e+06
2.20327e+06
2.35887e+06
2.41852e+06
2.5218e+06
2.68578e+06
2.7548e+06
2.83348e+06
2.98354e+06
3.0553e+06
3.15522e+06
3.3609e+06
3.23434e+06
3.15281e+06
3.1383e+06
3.19909e+06
3.37566e+06
3.49787e+06
3.53082e+06
3.6667e+06
3.79877e+06
4.01633e+06
4.21789e+06
4.27485e+06
4.45024e+06
4.5389e+06
4.74836e+06
4.7932e+06
4.72625e+06
4.76118e+06
4.77979e+06
4.91789e+06
4.89581e+06
4.99666e+06
5.08937e+06
5.29292e+06
5.40114e+06
5.51932e+06
5.72875e+06
6.05974e+06
6.28423e+06
6.31501e+06
6.46629e+06
6.68608e+06
6.79778e+06
6.70725e+06
6.66091e+06
6.60378e+06
6.60414e+06
6.68052e+06
6.90846e+06
7.33753e+06
7.38858e+06
7.48033e+06
7.60224e+06
7.68454e+06
7.50296e+06
7.36983e+06
7.39497e+06
7.33538e+06
7.27705e+06
7.22521e+06
7.05952e+06
6.73995e+06
6.59019e+06
6.55029e+06
6.35158e+06
6.18015e+06
6.08865e+06
6.05165e+06
6.02318e+06
6.13348e+06
6.11011e+06
6.0935e+06
6.08942e+06
5.83826e+06
5.59773e+06
5.53444e+06
5.38739e+06
5.15793e+06
4.97037e+06
4.66203e+06
4.44018e+06
4.32271e+06
4.18948e+06
4.02115e+06
3.9122e+06
3.93898e+06
4.028e+06
4.13452e+06
4.01948e+06
3.97216e+06
3.73013e+06
3.33103e+06
2.93679e+06
2.66095e+06
2.45601e+06
2.26137e+06
2.00644e+06
1.8477e+06
1.7393e+06
1.65114e+06
1.63427e+06
1.63526e+06
1.66292e+06
1.6842e+06
1.58101e+06
1.42684e+06
1.16418e+06
973841
816269
663720
562806
501502
466956
447184
438956
443582
448729
451299
449985
436203
340354
237586
175757
132631
103365
81527
64591
53010
44605
36744
31498
27486
22255
16647
10248
4677
0
0
0
0
0
0
0
0
0
0
0
0
0
0
0
0
0
0
0
0
0
0
0
0
0
0
0
0
0
0
0
0
0
0
0
0
0
0
0
0
0
0
0
0
0
0
0
0
0
0
0
0
0
0
0
0
0
0
0
0
0
0
0
0
0
0
0
0
0
0
0
0
0
0
0
0
0
0
0
0
0
0
0
0
0
0
0
0
0
0
0
0
0
0
0
0
0
0
0
0
0
0
0
0
0
0
0
0
0
0
0
0
0
0
0
0
0
0
0
0
0
0
0
0
0
0
0
0
0
0
0
0
0
0
0
0
0
0
0
0
0
0
0
0
0
0
0
0
0
0
0
0
0
0
0
0
0
0
0
0
0
0
0
0
0
0
0
0
0
0
0
0
0
0
0
0
0
0
0
0
0
0
0
0
0
0
0
0
0
0
0
0
0
0
0
0
0
0
0
0
