649216
0
0
0
0
0
0
0
0
9
39
103
539
1656
5768
18805
59256
187550
540194
881528
711551
481392
351344
281917
246720
238385
249399
282066
342318
400755
473950
595475
755014
915573
1.06077e+06
1.17875e+06
1.1658e+06
1.16967e+06
1.16526e+06
1.10777e+06
1.06901e+06
1.01488e+06
992770
1.02686e+06
1.11394e+06
1.26e+06
1.32711e+06
1.42534e+06
1.55396e+06
1.715e+06
1.85748e+06
1.98458e+06
2.10984e+06
2.26974e+06
2.28961e+06
2.1853e+06
2.14141e+06
2.131e+06
2.13444e+06
2.1881e+06
2.30784e+06
2.44796e+06
2.47718e+06
2.6152e+06
2.80852e+06
2.90089e+06
3.03421e+06
3.22106e+06
3.30333e+06
3.38974e+06
3.53857e+06
3.60853e+06
3.71053e+06
3.92004e+06
3.80505e+06
3.73067e+06
3.72681e+06
3.81482e+06
4.00897e+06
4.15954e+06
4.2272e+06
4.38502e+06
4.54646e+06
4.79443e+06
5.01589e+06
5.08443e+06
5.26929e+06
5.36822e+06
5.58872e+06
5.63807e+06
5.58183e+06
5.63703e+06
5.67142e+06
5.83254e+06
5.83146e+06
5.96205e+06
6.08973e+06
6.31223e+06
6.45288e+06
6.59851e+06
6.82565e+06
7.18281e+06
7.4251e+06
7.46954e+06
7.63153e+06
7.8712e+06
8.0001e+06
7.92832e+06
7.90831e+06
7.87096e+06
7.89516e+06
8.00885e+06
8.25781e+06
8.72531e+06
8.79785e+06
8.90369e+06
9.03089e+06
9.09681e+06
8.90143e+06
8.7531e+06
8.75442e+06
8.66845e+06
8.59468e+06
8.53343e+06
8.34929e+06
8.01839e+06
7.85172e+06
7.78934e+06
7.58454e+06
7.39432e+06
7.28478e+06
7.22272e+06
7.17739e+06
7.27245e+06
7.23482e+06
7.1945e+06
7.1669e+06
6.89028e+06
6.62592e+06
6.53613e+06
6.36175e+06
6.10763e+06
5.89678e+06
5.57174e+06
5.32505e+06
5.18811e+06
5.0257e+06
4.8351e+06
4.70149e+06
4.70298e+06
4.76167e+06
4.84304e+06
4.70001e+06
4.62e+06
4.34488e+06
3.91491e+06
3.49502e+06
3.19279e+06
2.95297e+06
2.72992e+06
2.44455e+06
2.24822e+06
2.10569e+06
1.99105e+06
1.95158e+06
1.92645e+06
1.93049e+06
1.92982e+06
1.80896e+06
1.63959e+06
1.35904e+06
1.15232e+06
981539
815748
701848
627916
583876
550640
530806
526645
524369
520075
511745
490850
388373
279373
209922
160722
128655
102905
81333
65816
54245
44403
36805
31138
24368
18094
10858
4765
0
0
0
0
0
0
0
0
0
0
0
0
0
0
0
0
0
0
0
0
0
0
0
0
0
0
0
0
0
0
0
0
0
0
0
0
0
0
0
0
0
0
0
0
0
0
0
0
0
0
0
0
0
0
0
0
0
0
0
0
0
0
0
0
0
0
0
0
0
0
0
0
0
0
0
0
0
0
0
0
0
0
0
0
0
0
0
0
0
0
0
0
0
0
0
0
0
0
0
0
0
0
0
0
0
0
0
0
0
0
0
0
0
0
0
0
0
0
0
0
0
0
0
0
0
0
0
0
0
0
0
0
0
0
0
0
0
0
0
0
0
0
0
0
0
0
0
0
0
0
0
0
0
0
0
0
0
0
0
0
0
0
0
0
0
0
0
0
0
0
0
0
0
0
0
0
0
0
0
0
0
0
0
0
0
0
0
0
0
0
0
0
0
0
0
0
0
0
0
0
