573440
0
0
0
0
0
0
0
0
9
39
103
539
1656
5768
18805
59256
187535
499764
704500
606828
433077
320787
258026
224435
215062
224834
255106
309113
360345
424064
524542
657548
795026
930407
1.04876e+06
1.03304e+06
1.02078e+06
1.00538e+06
964673
948984
910484
891617
923001
1.00063e+06
1.13613e+06
1.17986e+06
1.25389e+06
1.35624e+06
1.49315e+06
1.61734e+06
1.73303e+06
1.85146e+06
2.01443e+06
2.04182e+06
1.93744e+06
1.89262e+06
1.88091e+06
1.88496e+06
1.93817e+06
2.05499e+06
2.18441e+06
2.19918e+06
2.31061e+06
2.47612e+06
2.54329e+06
2.65502e+06
2.82361e+06
2.89758e+06
2.97746e+06
3.1263e+06
3.19898e+06
3.29991e+06
3.50606e+06
3.38434e+06
3.30372e+06
3.29125e+06
3.35888e+06
3.54124e+06
3.67035e+06
3.71111e+06
3.85601e+06
3.99306e+06
4.21713e+06
4.42303e+06
4.48438e+06
4.66366e+06
4.75437e+06
4.9671e+06
5.01299e+06
4.94885e+06
4.98925e+06
5.01211e+06
5.15635e+06
5.13908e+06
5.24747e+06
5.35064e+06
5.5578e+06
5.67443e+06
5.7989e+06
6.01584e+06
6.34944e+06
6.58028e+06
6.6148e+06
6.76877e+06
6.99461e+06
7.11074e+06
7.02484e+06
6.98469e+06
6.93409e+06
6.94128e+06
7.02602e+06
7.25822e+06
7.69948e+06
7.75448e+06
7.85169e+06
7.97445e+06
8.04831e+06
7.86699e+06
7.72924e+06
7.74664e+06
7.68232e+06
7.62091e+06
7.56554e+06
7.3965e+06
7.07225e+06
6.91851e+06
6.8712e+06
6.67348e+06
6.49521e+06
6.39828e+06
6.35473e+06
6.32678e+06
6.42994e+06
6.4007e+06
6.37859e+06
6.37132e+06
6.11073e+06
5.86438e+06
5.79526e+06
5.64062e+06
5.40606e+06
5.21095e+06
4.89739e+06
4.67231e+06
4.54867e+06
4.40602e+06
4.23099e+06
4.12e+06
4.13521e+06
4.21831e+06
4.31992e+06
4.19656e+06
4.13819e+06
3.89055e+06
3.48385e+06
3.0828e+06
2.79971e+06
2.58391e+06
2.38318e+06
2.1209e+06
1.95242e+06
1.83487e+06
1.73954e+06
1.71595e+06
1.71108e+06
1.73215e+06
1.74762e+06
1.64098e+06
1.48153e+06
1.21425e+06
1.02087e+06
859498
703842
598635
534507
497196
474295
462510
465308
468664
468857
465780
450701
352766
248281
184281
140237
109830
87175
68959
56550
47247
38633
32821
28420
22877
16968
10430
4701
0
0
0
0
0
0
0
0
0
0
0
0
0
0
0
0
0
0
0
0
0
0
0
0
0
0
0
0
0
0
0
0
0
0
0
0
0
0
0
0
0
0
0
0
0
0
0
0
0
0
0
0
0
0
0
0
0
0
0
0
0
0
0
0
0
0
0
0
0
0
0
0
0
0
0
0
0
0
0
0
0
0
0
0
0
0
0
0
0
0
0
0
0
0
0
0
0
0
0
0
0
0
0
0
0
0
0
0
0
0
0
0
0
0
0
0
0
0
0
0
0
0
0
0
0
0
0
0
0
0
0
0
0
0
0
0
0
0
0
0
0
0
0
0
0
0
0
0
0
0
0
0
0
0
0
0
0
0
0
0
0
0
0
0
0
0
0
0
0
0
0
0
0
0
0
0
0
0
0
0
0
0
0
0
0
0
0
0
0
0
0
0
0
0
0
0
0
0
0
0
