677888
0
0
0
0
0
0
0
0
9
39
103
539
1656
5768
18805
59256
187550
552783
950878
752734
500017
362438
290665
255184
246753
258261
292262
353786
416031
493047
622022
792468
961002
1.11181e+06
1.22785e+06
1.21495e+06
1.22563e+06
1.22682e+06
1.16346e+06
1.11423e+06
1.05428e+06
1.03106e+06
1.06536e+06
1.15466e+06
1.30661e+06
1.38123e+06
1.49013e+06
1.62925e+06
1.80028e+06
1.94976e+06
2.08202e+06
2.20632e+06
2.36644e+06
2.38298e+06
2.27962e+06
2.23564e+06
2.22541e+06
2.22961e+06
2.28178e+06
2.40192e+06
2.54636e+06
2.58244e+06
2.73074e+06
2.93222e+06
3.03784e+06
3.17805e+06
3.37327e+06
3.458e+06
3.54648e+06
3.6941e+06
3.76456e+06
3.86613e+06
4.07597e+06
3.96215e+06
3.89047e+06
3.8933e+06
3.985e+06
4.18615e+06
4.34484e+06
4.4212e+06
4.58663e+06
4.75708e+06
5.01402e+06
5.23979e+06
5.31199e+06
5.49896e+06
5.60172e+06
5.82243e+06
5.8746e+06
5.82392e+06
5.8788e+06
5.9196e+06
6.08823e+06
6.0928e+06
6.23294e+06
6.36707e+06
6.59923e+06
6.74816e+06
6.90123e+06
7.13525e+06
7.49938e+06
7.7438e+06
7.79271e+06
7.95736e+06
8.20112e+06
8.33622e+06
8.27148e+06
8.25583e+06
8.22574e+06
8.25961e+06
8.37932e+06
8.63396e+06
9.1136e+06
9.19101e+06
9.30162e+06
9.43202e+06
9.49419e+06
9.2958e+06
9.14106e+06
9.13372e+06
9.0433e+06
8.96139e+06
8.89698e+06
8.70868e+06
8.37643e+06
8.2064e+06
8.13961e+06
7.92898e+06
7.73489e+06
7.61946e+06
7.54982e+06
7.50072e+06
7.59019e+06
7.55111e+06
7.50325e+06
7.46807e+06
7.18605e+06
6.91208e+06
6.81587e+06
6.63574e+06
6.37192e+06
6.15635e+06
5.82803e+06
5.57233e+06
5.42908e+06
5.26068e+06
5.06215e+06
4.92221e+06
4.91809e+06
4.96928e+06
5.04125e+06
4.88925e+06
4.80225e+06
4.51566e+06
4.07809e+06
3.65209e+06
3.33912e+06
3.09325e+06
2.86215e+06
2.56724e+06
2.35945e+06
2.21019e+06
2.0851e+06
2.04038e+06
2.00785e+06
2.00608e+06
1.99966e+06
1.87206e+06
1.69818e+06
1.41369e+06
1.20199e+06
1.02798e+06
858886
740419
663650
616164
579381
557092
550878
544605
538839
529779
506258
401237
290806
219978
168516
136188
108313
86364
69338
56849
46525
38324
32115
24995
18544
10970
4781
0
0
0
0
0
0
0
0
0
0
0
0
0
0
0
0
0
0
0
0
0
0
0
0
0
0
0
0
0
0
0
0
0
0
0
0
0
0
0
0
0
0
0
0
0
0
0
0
0
0
0
0
0
0
0
0
0
0
0
0
0
0
0
0
0
0
0
0
0
0
0
0
0
0
0
0
0
0
0
0
0
0
0
0
0
0
0
0
0
0
0
0
0
0
0
0
0
0
0
0
0
0
0
0
0
0
0
0
0
0
0
0
0
0
0
0
0
0
0
0
0
0
0
0
0
0
0
0
0
0
0
0
0
0
0
0
0
0
0
0
0
0
0
0
0
0
0
0
0
0
0
0
0
0
0
0
0
0
0
0
0
0
0
0
0
0
0
0
0
0
0
0
0
0
0
0
0
0
0
0
0
0
0
0
0
0
0
0
0
0
0
0
0
0
0
0
0
0
0
0
