671744
0
0
0
0
0
0
0
0
9
39
103
539
1656
5768
18805
59256
187550
550144
935992
743794
496089
360062
288736
253404
244992
256443
290047
351320
412751
488905
616404
784428
951327
1.10078e+06
1.21731e+06
1.20448e+06
1.21358e+06
1.21369e+06
1.1514e+06
1.10452e+06
1.04581e+06
1.02289e+06
1.05717e+06
1.14607e+06
1.29657e+06
1.3697e+06
1.47618e+06
1.61304e+06
1.78216e+06
1.92984e+06
2.06107e+06
2.18561e+06
2.3458e+06
2.36288e+06
2.25956e+06
2.21542e+06
2.20498e+06
2.20939e+06
2.26166e+06
2.3819e+06
2.52528e+06
2.55994e+06
2.70586e+06
2.90575e+06
3.00858e+06
3.14703e+06
3.34059e+06
3.42481e+06
3.51309e+06
3.66054e+06
3.73134e+06
3.83267e+06
4.0426e+06
3.92837e+06
3.85649e+06
3.85758e+06
3.94861e+06
4.14839e+06
4.30492e+06
4.37966e+06
4.54326e+06
4.71195e+06
4.96684e+06
5.19191e+06
5.26314e+06
5.44986e+06
5.55144e+06
5.77245e+06
5.82405e+06
5.77206e+06
5.8271e+06
5.8663e+06
6.03348e+06
6.03698e+06
6.17467e+06
6.30795e+06
6.53757e+06
6.68488e+06
6.83637e+06
7.06871e+06
7.43185e+06
7.67507e+06
7.72343e+06
7.88798e+06
8.13026e+06
8.26409e+06
8.19808e+06
8.18139e+06
8.14962e+06
8.1815e+06
8.30003e+06
8.55326e+06
9.03036e+06
9.10705e+06
9.21621e+06
9.346e+06
9.40893e+06
9.21147e+06
9.0575e+06
9.05272e+06
8.96307e+06
8.88275e+06
8.81914e+06
8.6319e+06
8.29958e+06
8.13024e+06
8.06465e+06
7.85488e+06
7.66208e+06
7.54768e+06
7.47993e+06
7.4311e+06
7.52214e+06
7.48376e+06
7.43677e+06
7.40349e+06
7.12284e+06
6.85078e+06
6.756e+06
6.57703e+06
6.31524e+06
6.10071e+06
5.77309e+06
5.51921e+06
5.37736e+06
5.21047e+06
5.01344e+06
4.87498e+06
4.87206e+06
4.92482e+06
4.99858e+06
4.84878e+06
4.76335e+06
4.47925e+06
4.04299e+06
3.61834e+06
3.30773e+06
3.06334e+06
2.83346e+06
2.54106e+06
2.33583e+06
2.18758e+06
2.06477e+06
2.02156e+06
1.9904e+06
1.98996e+06
1.98459e+06
1.85863e+06
1.6857e+06
1.40208e+06
1.1912e+06
1.01805e+06
849601
732151
655932
609289
573246
551508
545570
540245
534883
525905
502973
398511
288376
217801
166822
134543
107226
85276
68551
56287
46074
37990
31921
24854
18449
10949
4778
0
0
0
0
0
0
0
0
0
0
0
0
0
0
0
0
0
0
0
0
0
0
0
0
0
0
0
0
0
0
0
0
0
0
0
0
0
0
0
0
0
0
0
0
0
0
0
0
0
0
0
0
0
0
0
0
0
0
0
0
0
0
0
0
0
0
0
0
0
0
0
0
0
0
0
0
0
0
0
0
0
0
0
0
0
0
0
0
0
0
0
0
0
0
0
0
0
0
0
0
0
0
0
0
0
0
0
0
0
0
0
0
0
0
0
0
0
0
0
0
0
0
0
0
0
0
0
0
0
0
0
0
0
0
0
0
0
0
0
0
0
0
0
0
0
0
0
0
0
0
0
0
0
0
0
0
0
0
0
0
0
0
0
0
0
0
0
0
0
0
0
0
0
0
0
0
0
0
0
0
0
0
0
0
0
0
0
0
0
0
0
0
0
0
0
0
0
0
0
0
