339968
0
0
0
0
0
0
0
0
6
26
76
332
1107
3854
12727
41641
129780
287315
368981
362800
270467
202368
159004
134028
126324
132509
151698
189096
215608
247271
300381
375091
464380
564487
657618
616551
587222
569528
559668
571125
549693
535657
555165
609172
708346
706560
723824
767369
845315
923846
1.00432e+06
1.1036e+06
1.2513e+06
1.27391e+06
1.16496e+06
1.11485e+06
1.10173e+06
1.09983e+06
1.13764e+06
1.23529e+06
1.33118e+06
1.30003e+06
1.3565e+06
1.4607e+06
1.4725e+06
1.52808e+06
1.64975e+06
1.68276e+06
1.7418e+06
1.87786e+06
1.93137e+06
2.02121e+06
2.21007e+06
2.0575e+06
1.95435e+06
1.91697e+06
1.9453e+06
2.0734e+06
2.15062e+06
2.12967e+06
2.22092e+06
2.31031e+06
2.48295e+06
2.64332e+06
2.66455e+06
2.80831e+06
2.86519e+06
3.04532e+06
3.06537e+06
2.9667e+06
2.98373e+06
2.95953e+06
3.06219e+06
2.98677e+06
3.03671e+06
3.07481e+06
3.23134e+06
3.29418e+06
3.35992e+06
3.52804e+06
3.81088e+06
3.99595e+06
3.9963e+06
4.10311e+06
4.28898e+06
4.35606e+06
4.21867e+06
4.13089e+06
4.02814e+06
3.98192e+06
4.00304e+06
4.17703e+06
4.55015e+06
4.54086e+06
4.59637e+06
4.74106e+06
4.84414e+06
4.69273e+06
4.59047e+06
4.64883e+06
4.62403e+06
4.60126e+06
4.58685e+06
4.44763e+06
4.15297e+06
4.03483e+06
4.0286e+06
3.86934e+06
3.73218e+06
3.68752e+06
3.67927e+06
3.68947e+06
3.83242e+06
3.85285e+06
3.87866e+06
3.9151e+06
3.70822e+06
3.52341e+06
3.5058e+06
3.41276e+06
3.23091e+06
3.09288e+06
2.83208e+06
2.65498e+06
2.57199e+06
2.49509e+06
2.37922e+06
2.32163e+06
2.40012e+06
2.54918e+06
2.71115e+06
2.64968e+06
2.66541e+06
2.48178e+06
2.13665e+06
1.80188e+06
1.59286e+06
1.44998e+06
1.32102e+06
1.12477e+06
1.03167e+06
990810
969461
1.00428e+06
1.05248e+06
1.12082e+06
1.18275e+06
1.11909e+06
1.00101e+06
770044
611039
481439
357145
283048
248075
234818
236881
250429
270801
295148
313873
326781
326943
244986
154938
105821
73639
53316
39635
30836
25567
23583
21166
20663
19703
17557
14071
9225
4520
0
0
0
0
0
0
0
0
0
0
0
0
0
0
0
0
0
0
0
0
0
0
0
0
0
0
0
0
0
0
0
0
0
0
0
0
0
0
0
0
0
0
0
0
0
0
0
0
0
0
0
0
0
0
0
0
0
0
0
0
0
0
0
0
0
0
0
0
0
0
0
0
0
0
0
0
0
0
0
0
0
0
0
0
0
0
0
0
0
0
0
0
0
0
0
0
0
0
0
0
0
0
0
0
0
0
0
0
0
0
0
0
0
0
0
0
0
0
0
0
0
0
0
0
0
0
0
0
0
0
0
0
0
0
0
0
0
0
0
0
0
0
0
0
0
0
0
0
0
0
0
0
0
0
0
0
0
0
0
0
0
0
0
0
0
0
0
0
0
0
0
0
0
0
0
0
0
0
0
0
0
0
0
0
0
0
0
0
0
0
0
0
0
0
0
0
0
0
0
0
