108544
0
0
0
0
0
0
0
0
0
0
0
14
58
245
1186
5854
27395
86690
135653
153158
98262
62801
42327
31692
29550
33227
43676
64639
67208
65876
78826
107873
151134
210071
269617
206093
172993
161354
163114
186138
173330
159031
168116
202752
273503
234609
207805
206119
235508
266518
298981
363798
488667
494775
377593
328170
318087
312168
335293
409730
481590
413700
421360
477780
436359
440449
512347
499871
520846
618421
641988
706430
879405
712577
597006
547798
557586
653229
690086
612270
644137
673903
781051
880380
838567
932456
948983
1.08984e+06
1.08508e+06
965041
960106
918394
1.0011e+06
894388
907320
893278
987193
983324
975683
1.06447e+06
1.27593e+06
1.38971e+06
1.32786e+06
1.38274e+06
1.52466e+06
1.56931e+06
1.40948e+06
1.30316e+06
1.17148e+06
1.09849e+06
1.07824e+06
1.20094e+06
1.50833e+06
1.42057e+06
1.40304e+06
1.5384e+06
1.6388e+06
1.5098e+06
1.42254e+06
1.49557e+06
1.50595e+06
1.53527e+06
1.58938e+06
1.52493e+06
1.30093e+06
1.23864e+06
1.27507e+06
1.15624e+06
1.05935e+06
1.04988e+06
1.06842e+06
1.11523e+06
1.27907e+06
1.3154e+06
1.34636e+06
1.41232e+06
1.23833e+06
1.10403e+06
1.16017e+06
1.14216e+06
1.04549e+06
1.00574e+06
847013
759423
743588
727517
646767
606827
684138
827690
1.00881e+06
985773
1.07011e+06
972203
740563
525710
434251
404167
368549
252424
222729
228490
243551
296366
360330
439012
519814
494942
435847
274464
191950
135527
68372
36507
28043
29588
38352
52914
72785
96009
123667
151849
173401
117055
53050
27774
14234
7884
4090
2974
2747
3526
4673
6360
7897
8490
8399
6934
4176
0
0
0
0
0
0
0
0
0
0
0
0
0
0
0
0
0
0
0
0
0
0
0
0
0
0
0
0
0
0
0
0
0
0
0
0
0
0
0
0
0
0
0
0
0
0
0
0
0
0
0
0
0
0
0
0
0
0
0
0
0
0
0
0
0
0
0
0
0
0
0
0
0
0
0
0
0
0
0
0
0
0
0
0
0
0
0
0
0
0
0
0
0
0
0
0
0
0
0
0
0
0
0
0
0
0
0
0
0
0
0
0
0
0
0
0
0
0
0
0
0
0
0
0
0
0
0
0
0
0
0
0
0
0
0
0
0
0
0
0
0
0
0
0
0
0
0
0
0
0
0
0
0
0
0
0
0
0
0
0
0
0
0
0
0
0
0
0
0
0
0
0
0
0
0
0
0
0
0
0
0
0
0
0
0
0
0
0
0
0
0
0
0
0
0
0
0
0
0
0
