516096
0
0
0
0
0
0
0
0
9
39
103
539
1656
5768
18805
59256
187038
454966
586018
533828
394014
296959
238799
206441
196933
205382
233291
283378
328479
385057
470578
584467
707520
833334
950814
930084
908262
888105
861744
858364
828141
811755
842983
911661
1.03776e+06
1.06864e+06
1.12426e+06
1.20713e+06
1.32627e+06
1.43909e+06
1.54591e+06
1.66044e+06
1.82185e+06
1.85372e+06
1.74949e+06
1.70296e+06
1.69001e+06
1.69807e+06
1.74723e+06
1.86096e+06
1.9821e+06
1.98486e+06
2.07886e+06
2.22502e+06
2.2742e+06
2.36975e+06
2.52677e+06
2.59157e+06
2.66753e+06
2.81949e+06
2.8895e+06
2.98821e+06
3.19209e+06
3.06214e+06
2.97791e+06
2.9598e+06
3.01471e+06
3.18434e+06
3.29935e+06
3.32077e+06
3.4503e+06
3.57373e+06
3.78555e+06
3.98194e+06
4.03512e+06
4.20493e+06
4.28944e+06
4.49662e+06
4.53748e+06
4.46728e+06
4.50046e+06
4.5115e+06
4.64353e+06
4.61272e+06
4.70594e+06
4.7899e+06
4.98497e+06
5.08541e+06
5.1976e+06
5.40112e+06
5.72532e+06
5.94108e+06
5.9713e+06
6.11741e+06
6.33079e+06
6.4345e+06
6.33928e+06
6.28777e+06
6.2215e+06
6.2155e+06
6.28381e+06
6.50184e+06
6.92147e+06
6.96487e+06
7.05261e+06
7.17486e+06
7.26195e+06
7.08633e+06
6.95761e+06
6.98672e+06
6.93483e+06
6.87896e+06
6.8331e+06
6.67266e+06
6.35439e+06
6.21093e+06
6.1783e+06
5.98252e+06
5.81583e+06
5.73292e+06
5.6987e+06
5.67547e+06
5.79151e+06
5.77367e+06
5.76385e+06
5.76628e+06
5.52226e+06
5.28924e+06
5.23522e+06
5.0972e+06
4.87281e+06
4.68946e+06
4.38876e+06
4.17546e+06
4.06201e+06
3.93707e+06
3.77838e+06
3.67522e+06
3.71141e+06
3.80666e+06
3.92302e+06
3.81678e+06
3.78013e+06
3.54386e+06
3.15443e+06
2.76765e+06
2.50314e+06
2.30726e+06
2.12072e+06
1.87502e+06
1.72549e+06
1.62802e+06
1.54975e+06
1.54033e+06
1.5485e+06
1.5827e+06
1.61062e+06
1.51226e+06
1.36409e+06
1.10637e+06
919928
765706
617752
521100
463239
432272
415977
411372
418132
426208
431246
431688
419621
326472
225216
165337
124299
96052
74974
59151
48724
41694
34583
30073
26432
21462
16235
10056
4633
0
0
0
0
0
0
0
0
0
0
0
0
0
0
0
0
0
0
0
0
0
0
0
0
0
0
0
0
0
0
0
0
0
0
0
0
0
0
0
0
0
0
0
0
0
0
0
0
0
0
0
0
0
0
0
0
0
0
0
0
0
0
0
0
0
0
0
0
0
0
0
0
0
0
0
0
0
0
0
0
0
0
0
0
0
0
0
0
0
0
0
0
0
0
0
0
0
0
0
0
0
0
0
0
0
0
0
0
0
0
0
0
0
0
0
0
0
0
0
0
0
0
0
0
0
0
0
0
0
0
0
0
0
0
0
0
0
0
0
0
0
0
0
0
0
0
0
0
0
0
0
0
0
0
0
0
0
0
0
0
0
0
0
0
0
0
0
0
0
0
0
0
0
0
0
0
0
0
0
0
0
0
0
0
0
0
0
0
0
0
0
0
0
0
0
0
0
0
0
0
