718848
0
0
0
0
0
0
0
0
9
39
103
539
1656
5768
18805
59256
187550
568700
1.05157e+06
812698
526759
378372
302993
267168
258240
269996
307164
370375
437588
520235
660121
844856
1.02683e+06
1.18566e+06
1.29825e+06
1.28548e+06
1.30408e+06
1.31517e+06
1.24362e+06
1.18016e+06
1.11039e+06
1.0861e+06
1.11912e+06
1.21076e+06
1.37295e+06
1.45833e+06
1.58304e+06
1.73752e+06
1.92236e+06
2.08204e+06
2.22139e+06
2.34586e+06
2.50376e+06
2.51758e+06
2.41139e+06
2.3721e+06
2.36162e+06
2.36358e+06
2.41638e+06
2.53353e+06
2.68731e+06
2.73238e+06
2.89479e+06
3.11059e+06
3.2322e+06
3.38667e+06
3.59097e+06
3.68041e+06
3.76789e+06
3.91734e+06
3.98741e+06
4.08804e+06
4.30003e+06
4.18654e+06
4.11836e+06
4.12816e+06
4.22918e+06
4.43521e+06
4.61173e+06
4.69817e+06
4.87552e+06
5.06251e+06
5.32601e+06
5.55888e+06
5.63814e+06
5.82827e+06
5.93333e+06
6.1572e+06
6.21179e+06
6.16811e+06
6.22527e+06
6.2735e+06
6.45304e+06
6.46515e+06
6.6185e+06
6.76498e+06
7.01038e+06
7.16938e+06
7.33515e+06
7.57819e+06
7.9504e+06
8.20122e+06
8.25255e+06
8.42128e+06
8.67586e+06
8.81557e+06
8.75966e+06
8.75058e+06
8.73372e+06
8.78111e+06
8.90914e+06
9.17129e+06
9.66669e+06
9.75199e+06
9.87527e+06
1.00034e+07
1.006e+07
9.86096e+06
9.69593e+06
9.67321e+06
9.57756e+06
9.48877e+06
9.41412e+06
9.22058e+06
8.88785e+06
8.71325e+06
8.64101e+06
8.42524e+06
8.22073e+06
8.09336e+06
8.01789e+06
7.96441e+06
8.04432e+06
7.99977e+06
7.9472e+06
7.89934e+06
7.60527e+06
7.31999e+06
7.21727e+06
7.02668e+06
6.74946e+06
6.52855e+06
6.191e+06
5.92934e+06
5.77462e+06
5.59455e+06
5.38789e+06
5.23705e+06
5.22408e+06
5.26372e+06
5.3265e+06
5.15974e+06
5.06028e+06
4.7604e+06
4.31122e+06
3.87501e+06
3.55102e+06
3.29309e+06
3.05167e+06
2.74273e+06
2.51845e+06
2.36009e+06
2.22019e+06
2.16666e+06
2.12405e+06
2.11339e+06
2.09782e+06
1.9629e+06
1.78099e+06
1.49107e+06
1.27433e+06
1.09498e+06
920978
795771
714479
660993
621128
595145
585203
574133
565586
554549
528361
419301
307324
234308
180747
146268
115767
93531
74526
60804
49577
40452
33409
25904
19137
11142
4789
0
0
0
0
0
0
0
0
0
0
0
0
0
0
0
0
0
0
0
0
0
0
0
0
0
0
0
0
0
0
0
0
0
0
0
0
0
0
0
0
0
0
0
0
0
0
0
0
0
0
0
0
0
0
0
0
0
0
0
0
0
0
0
0
0
0
0
0
0
0
0
0
0
0
0
0
0
0
0
0
0
0
0
0
0
0
0
0
0
0
0
0
0
0
0
0
0
0
0
0
0
0
0
0
0
0
0
0
0
0
0
0
0
0
0
0
0
0
0
0
0
0
0
0
0
0
0
0
0
0
0
0
0
0
0
0
0
0
0
0
0
0
0
0
0
0
0
0
0
0
0
0
0
0
0
0
0
0
0
0
0
0
0
0
0
0
0
0
0
0
0
0
0
0
0
0
0
0
0
0
0
0
0
0
0
0
0
0
0
0
0
0
0
0
0
0
0
0
0
0
