425984
0
0
0
0
0
0
0
0
9
39
103
519
1613
5633
18264
56717
169054
361979
452875
436669
330888
252199
201999
173367
164308
171019
194282
238869
274762
316423
383999
475629
578982
692697
797721
765026
736722
719214
704716
713629
690776
677977
702524
763448
874000
886703
919971
979357
1.07414e+06
1.1689e+06
1.2636e+06
1.37088e+06
1.52706e+06
1.55556e+06
1.45055e+06
1.40213e+06
1.3914e+06
1.39503e+06
1.43955e+06
1.54711e+06
1.65468e+06
1.63948e+06
1.71061e+06
1.83299e+06
1.85932e+06
1.93411e+06
2.07138e+06
2.11947e+06
2.18972e+06
2.33746e+06
2.40058e+06
2.49748e+06
2.69398e+06
2.55215e+06
2.45613e+06
2.42981e+06
2.46867e+06
2.61707e+06
2.71197e+06
2.71064e+06
2.81943e+06
2.92372e+06
3.11521e+06
3.294e+06
3.32941e+06
3.49189e+06
3.56256e+06
3.75579e+06
3.78578e+06
3.70158e+06
3.73026e+06
3.71909e+06
3.83423e+06
3.78034e+06
3.85188e+06
3.90902e+06
4.08533e+06
4.16697e+06
4.25674e+06
4.4432e+06
4.74286e+06
4.94629e+06
4.96189e+06
5.08842e+06
5.28801e+06
5.37521e+06
5.25684e+06
5.18518e+06
5.09457e+06
5.07449e+06
5.1154e+06
5.31355e+06
5.70242e+06
5.72113e+06
5.79554e+06
5.93103e+06
6.02437e+06
5.86519e+06
5.74975e+06
5.79177e+06
5.75405e+06
5.71519e+06
5.68581e+06
5.53504e+06
5.2266e+06
5.0935e+06
5.07787e+06
4.89957e+06
4.74847e+06
4.68562e+06
4.66098e+06
4.65887e+06
4.78986e+06
4.79255e+06
4.7987e+06
4.81795e+06
4.59485e+06
4.3897e+06
4.35262e+06
4.23866e+06
4.03374e+06
3.87457e+06
3.59297e+06
3.3951e+06
3.29408e+06
3.19793e+06
3.06016e+06
2.98225e+06
3.04063e+06
3.1636e+06
3.30532e+06
3.22183e+06
3.21144e+06
3.0018e+06
2.63529e+06
2.27332e+06
2.03712e+06
1.86771e+06
1.71125e+06
1.48755e+06
1.36812e+06
1.30064e+06
1.25139e+06
1.26627e+06
1.29488e+06
1.34748e+06
1.39275e+06
1.31337e+06
1.17995e+06
936480
762671
619607
483324
397433
351767
330381
323563
328938
342465
359881
372250
378509
372650
285001
189191
135230
98673
74023
56607
44574
36636
32228
27684
25381
23068
19576
15132
9558
4564
0
0
0
0
0
0
0
0
0
0
0
0
0
0
0
0
0
0
0
0
0
0
0
0
0
0
0
0
0
0
0
0
0
0
0
0
0
0
0
0
0
0
0
0
0
0
0
0
0
0
0
0
0
0
0
0
0
0
0
0
0
0
0
0
0
0
0
0
0
0
0
0
0
0
0
0
0
0
0
0
0
0
0
0
0
0
0
0
0
0
0
0
0
0
0
0
0
0
0
0
0
0
0
0
0
0
0
0
0
0
0
0
0
0
0
0
0
0
0
0
0
0
0
0
0
0
0
0
0
0
0
0
0
0
0
0
0
0
0
0
0
0
0
0
0
0
0
0
0
0
0
0
0
0
0
0
0
0
0
0
0
0
0
0
0
0
0
0
0
0
0
0
0
0
0
0
0
0
0
0
0
0
0
0
0
0
0
0
0
0
0
0
0
0
0
0
0
0
0
0
