59392
0
0
0
0
0
0
0
0
0
0
0
0
4
21
164
1230
9603
43136
79519
101674
57513
31896
18461
12313
11750
15142
23765
41148
38837
30887
34532
51064
80149
127316
180535
116555
84458
74553
79034
105642
94344
79572
86496
115891
182809
138261
104149
93431
111222
128972
147702
198907
314887
319527
204906
159913
153126
147171
168492
236722
301991
227778
225442
274105
224368
218450
277592
252689
259709
342675
352889
409196
580897
414655
303413
259538
271660
367741
397451
310571
324078
335653
423162
503082
444827
522896
521992
654857
642641
522610
519855
482380
571525
468161
478933
458961
538639
515159
481069
541690
724779
813150
729327
769166
906643
951154
801196
707088
588230
518669
494216
603291
889971
774723
729290
849995
950365
826928
741468
809586
815693
853506
933634
904226
706584
661346
709518
596908
511072
509383
535018
582144
738941
767474
788958
857456
688618
562722
636361
637531
572219
563634
443295
387009
398659
397742
318860
265311
323304
445068
608518
580920
677817
610646
420794
251369
203379
209866
202971
104378
85969
94203
104412
144899
197922
267042
343344
325304
284053
149558
97242
70047
25314
7233
4257
5242
9028
16826
29041
46494
69934
99623
128432
81531
28209
11234
4300
1870
706
414
398
731
1470
2384
3687
4928
6083
5865
4015
0
0
0
0
0
0
0
0
0
0
0
0
0
0
0
0
0
0
0
0
0
0
0
0
0
0
0
0
0
0
0
0
0
0
0
0
0
0
0
0
0
0
0
0
0
0
0
0
0
0
0
0
0
0
0
0
0
0
0
0
0
0
0
0
0
0
0
0
0
0
0
0
0
0
0
0
0
0
0
0
0
0
0
0
0
0
0
0
0
0
0
0
0
0
0
0
0
0
0
0
0
0
0
0
0
0
0
0
0
0
0
0
0
0
0
0
0
0
0
0
0
0
0
0
0
0
0
0
0
0
0
0
0
0
0
0
0
0
0
0
0
0
0
0
0
0
0
0
0
0
0
0
0
0
0
0
0
0
0
0
0
0
0
0
0
0
0
0
0
0
0
0
0
0
0
0
0
0
0
0
0
0
0
0
0
0
0
0
0
0
0
0
0
0
0
0
0
0
0
0
