180224
0
0
0
0
0
0
0
0
0
8
11
56
206
924
3980
15449
57380
148509
211068
221838
154317
107558
79026
62588
58347
62007
74527
100335
110187
119909
146030
191451
250911
323034
392398
335660
303667
289096
286094
305871
289838
274438
286078
326502
407320
377854
364215
375738
420689
469024
520169
597084
732338
743021
626002
574858
560207
554567
581540
663185
741828
684273
707267
777423
751533
773247
862099
866111
902396
1.01531e+06
1.05245e+06
1.12446e+06
1.30165e+06
1.13615e+06
1.01963e+06
967637
978981
1.08205e+06
1.13156e+06
1.07038e+06
1.12248e+06
1.17388e+06
1.30646e+06
1.43066e+06
1.41132e+06
1.52423e+06
1.55426e+06
1.71108e+06
1.70925e+06
1.5925e+06
1.59091e+06
1.54994e+06
1.63319e+06
1.53063e+06
1.55087e+06
1.55324e+06
1.66793e+06
1.68809e+06
1.70852e+06
1.82447e+06
2.0678e+06
2.21233e+06
2.17479e+06
2.24634e+06
2.39947e+06
2.44686e+06
2.28426e+06
2.17449e+06
2.04294e+06
1.97416e+06
1.96384e+06
2.10498e+06
2.43622e+06
2.37579e+06
2.38623e+06
2.53236e+06
2.63882e+06
2.50217e+06
2.41408e+06
2.48532e+06
2.49031e+06
2.50229e+06
2.52598e+06
2.42715e+06
2.17689e+06
2.09192e+06
2.11188e+06
1.98269e+06
1.87712e+06
1.85728e+06
1.86856e+06
1.90635e+06
2.06581e+06
2.10304e+06
2.13844e+06
2.20261e+06
2.02407e+06
1.87683e+06
1.90885e+06
1.85789e+06
1.72622e+06
1.6464e+06
1.44681e+06
1.32186e+06
1.27948e+06
1.24571e+06
1.16074e+06
1.12494e+06
1.21758e+06
1.37494e+06
1.56168e+06
1.53403e+06
1.59601e+06
1.4633e+06
1.18755e+06
923277
783834
708198
639926
497245
450238
448637
460898
517051
585440
668920
747584
712397
629794
439630
324007
236947
145974
98242
81153
80795
91771
110610
135793
163978
190994
215531
228267
161624
86690
51632
31012
19556
12573
9319
8256
8696
9650
11360
12468
12252
10893
7883
4341
0
0
0
0
0
0
0
0
0
0
0
0
0
0
0
0
0
0
0
0
0
0
0
0
0
0
0
0
0
0
0
0
0
0
0
0
0
0
0
0
0
0
0
0
0
0
0
0
0
0
0
0
0
0
0
0
0
0
0
0
0
0
0
0
0
0
0
0
0
0
0
0
0
0
0
0
0
0
0
0
0
0
0
0
0
0
0
0
0
0
0
0
0
0
0
0
0
0
0
0
0
0
0
0
0
0
0
0
0
0
0
0
0
0
0
0
0
0
0
0
0
0
0
0
0
0
0
0
0
0
0
0
0
0
0
0
0
0
0
0
0
0
0
0
0
0
0
0
0
0
0
0
0
0
0
0
0
0
0
0
0
0
0
0
0
0
0
0
0
0
0
0
0
0
0
0
0
0
0
0
0
0
0
0
0
0
0
0
0
0
0
0
0
0
0
0
0
0
0
0
