354304
0
0
0
0
0
0
0
0
6
26
77
372
1207
4139
13532
44263
136314
299807
383218
375073
280468
210483
166152
140529
132527
139203
158774
197272
225362
258767
314491
391785
483850
586097
680859
641145
612039
594499
584075
594958
572671
559158
579461
634730
735939
736774
756487
803103
884157
965299
1.04755e+06
1.14781e+06
1.29664e+06
1.32065e+06
1.21247e+06
1.16299e+06
1.14968e+06
1.14902e+06
1.18797e+06
1.28746e+06
1.38476e+06
1.35668e+06
1.41557e+06
1.52298e+06
1.53683e+06
1.59586e+06
1.7204e+06
1.75527e+06
1.81644e+06
1.95435e+06
2.00942e+06
2.10104e+06
2.29079e+06
2.13971e+06
2.0376e+06
2.00339e+06
2.03274e+06
2.16303e+06
2.24357e+06
2.2263e+06
2.32062e+06
2.41292e+06
2.58856e+06
2.75187e+06
2.77606e+06
2.92245e+06
2.98144e+06
3.16355e+06
3.18466e+06
3.09035e+06
3.1085e+06
3.08549e+06
3.19116e+06
3.11866e+06
3.17162e+06
3.21334e+06
3.37346e+06
3.43898e+06
3.50976e+06
3.68122e+06
3.96618e+06
4.15459e+06
4.15738e+06
4.26787e+06
4.45575e+06
4.52632e+06
4.39149e+06
4.30746e+06
4.20644e+06
4.16382e+06
4.18797e+06
4.36594e+06
4.74198e+06
4.73633e+06
4.79436e+06
4.93849e+06
5.04078e+06
4.88965e+06
4.78422e+06
4.84056e+06
4.81476e+06
4.78751e+06
4.76901e+06
4.62844e+06
4.33181e+06
4.21126e+06
4.20319e+06
4.04104e+06
3.90136e+06
3.85286e+06
3.84222e+06
3.85039e+06
3.99177e+06
4.00966e+06
4.03258e+06
4.06518e+06
3.85554e+06
3.66891e+06
3.64804e+06
3.55156e+06
3.36564e+06
3.22353e+06
2.95868e+06
2.77717e+06
2.6919e+06
2.61085e+06
2.49242e+06
2.43158e+06
2.5058e+06
2.65081e+06
2.81148e+06
2.74568e+06
2.75711e+06
2.56886e+06
2.22084e+06
1.88103e+06
1.66701e+06
1.51947e+06
1.385e+06
1.18421e+06
1.08718e+06
1.0421e+06
1.01568e+06
1.04799e+06
1.0934e+06
1.1588e+06
1.21831e+06
1.15169e+06
1.03129e+06
798346
636472
504627
378091
301789
264825
250512
250836
263360
282646
306111
323547
335477
334825
251959
160802
110697
77809
56686
42476
32965
27370
24976
22281
21457
20273
17899
14233
9292
4530
0
0
0
0
0
0
0
0
0
0
0
0
0
0
0
0
0
0
0
0
0
0
0
0
0
0
0
0
0
0
0
0
0
0
0
0
0
0
0
0
0
0
0
0
0
0
0
0
0
0
0
0
0
0
0
0
0
0
0
0
0
0
0
0
0
0
0
0
0
0
0
0
0
0
0
0
0
0
0
0
0
0
0
0
0
0
0
0
0
0
0
0
0
0
0
0
0
0
0
0
0
0
0
0
0
0
0
0
0
0
0
0
0
0
0
0
0
0
0
0
0
0
0
0
0
0
0
0
0
0
0
0
0
0
0
0
0
0
0
0
0
0
0
0
0
0
0
0
0
0
0
0
0
0
0
0
0
0
0
0
0
0
0
0
0
0
0
0
0
0
0
0
0
0
0
0
0
0
0
0
0
0
0
0
0
0
0
0
0
0
0
0
0
0
0
0
0
0
0
0
