196608
0
0
0
0
0
0
0
0
0
8
14
71
269
1158
4695
17846
64518
162760
227770
236843
166929
117851
87206
69659
65087
68732
81876
109068
120450
132395
161913
210253
272971
348039
420576
365115
333134
318550
314450
333465
316217
300602
313121
354923
437464
411298
400328
414817
463995
515660
570051
650213
787785
798536
682506
630329
615713
610723
637933
720160
800890
746200
773472
846532
825283
850754
942674
949702
989658
1.1056e+06
1.1449e+06
1.21826e+06
1.39556e+06
1.23176e+06
1.11466e+06
1.06394e+06
1.0763e+06
1.18205e+06
1.23444e+06
1.1777e+06
1.23323e+06
1.29003e+06
1.42732e+06
1.55559e+06
1.541e+06
1.65812e+06
1.68998e+06
1.85013e+06
1.84944e+06
1.73567e+06
1.73472e+06
1.69317e+06
1.77867e+06
1.67921e+06
1.70196e+06
1.70629e+06
1.8252e+06
1.8506e+06
1.87623e+06
1.99849e+06
2.24776e+06
2.39847e+06
2.3649e+06
2.43939e+06
2.59736e+06
2.64488e+06
2.48291e+06
2.37522e+06
2.24397e+06
2.17859e+06
2.17023e+06
2.31486e+06
2.64985e+06
2.59616e+06
2.61177e+06
2.75847e+06
2.86536e+06
2.72851e+06
2.63894e+06
2.7109e+06
2.71208e+06
2.72036e+06
2.73878e+06
2.6343e+06
2.37938e+06
2.2887e+06
2.30467e+06
2.17388e+06
2.06578e+06
2.04249e+06
2.05207e+06
2.0877e+06
2.24654e+06
2.28235e+06
2.31866e+06
2.38048e+06
2.20104e+06
2.05017e+06
2.07642e+06
2.02002e+06
1.88123e+06
1.794e+06
1.58581e+06
1.45317e+06
1.40654e+06
1.3687e+06
1.28139e+06
1.2462e+06
1.33867e+06
1.4979e+06
1.68344e+06
1.65387e+06
1.71227e+06
1.57338e+06
1.28843e+06
1.01375e+06
864782
781062
704188
556406
504981
500926
511785
568504
635663
718537
796343
758442
671339
475133
353849
261127
165449
114468
95527
94474
105174
124245
149998
178621
205269
228759
239853
170994
93848
57206
35049
22582
14933
11094
9694
10072
10830
12417
13316
12978
11302
8059
4384
0
0
0
0
0
0
0
0
0
0
0
0
0
0
0
0
0
0
0
0
0
0
0
0
0
0
0
0
0
0
0
0
0
0
0
0
0
0
0
0
0
0
0
0
0
0
0
0
0
0
0
0
0
0
0
0
0
0
0
0
0
0
0
0
0
0
0
0
0
0
0
0
0
0
0
0
0
0
0
0
0
0
0
0
0
0
0
0
0
0
0
0
0
0
0
0
0
0
0
0
0
0
0
0
0
0
0
0
0
0
0
0
0
0
0
0
0
0
0
0
0
0
0
0
0
0
0
0
0
0
0
0
0
0
0
0
0
0
0
0
0
0
0
0
0
0
0
0
0
0
0
0
0
0
0
0
0
0
0
0
0
0
0
0
0
0
0
0
0
0
0
0
0
0
0
0
0
0
0
0
0
0
0
0
0
0
0
0
0
0
0
0
0
0
0
0
0
0
0
0
