479232
0
0
0
0
0
0
0
0
9
39
103
539
1656
5768
18805
59190
184607
417289
522663
490772
368600
279974
224988
193867
184480
192386
218712
266155
306931
357510
435799
538627
653528
775035
887384
862236
835634
816627
796825
799721
773785
759099
787508
854390
972509
995397
1.03973e+06
1.11297e+06
1.22022e+06
1.3259e+06
1.42852e+06
1.54132e+06
1.70129e+06
1.73112e+06
1.6271e+06
1.5813e+06
1.5679e+06
1.57415e+06
1.62314e+06
1.73554e+06
1.84968e+06
1.84438e+06
1.92904e+06
2.06425e+06
2.10279e+06
2.18952e+06
2.33789e+06
2.39612e+06
2.47142e+06
2.6222e+06
2.68952e+06
2.78838e+06
2.98992e+06
2.85542e+06
2.76499e+06
2.74399e+06
2.7911e+06
2.95428e+06
3.05899e+06
3.07151e+06
3.19134e+06
3.30473e+06
3.51056e+06
3.70021e+06
3.74518e+06
3.91302e+06
3.99137e+06
4.19427e+06
4.23e+06
4.15558e+06
4.18826e+06
4.18732e+06
4.31401e+06
4.27235e+06
4.35612e+06
4.42855e+06
4.61491e+06
4.70868e+06
4.81123e+06
5.01024e+06
5.32368e+06
5.53366e+06
5.55798e+06
5.69671e+06
5.90568e+06
6.00147e+06
5.89653e+06
5.83716e+06
5.76067e+06
5.75071e+06
5.8061e+06
6.01559e+06
6.42055e+06
6.45363e+06
6.53892e+06
6.66633e+06
6.75469e+06
6.58767e+06
6.46339e+06
6.49752e+06
6.45319e+06
6.40204e+06
6.36288e+06
6.2092e+06
5.89467e+06
5.75043e+06
5.72719e+06
5.54232e+06
5.3791e+06
5.30438e+06
5.276e+06
5.25903e+06
5.38061e+06
5.37166e+06
5.36727e+06
5.37978e+06
5.1423e+06
4.92173e+06
4.87417e+06
4.74743e+06
4.53027e+06
4.35517e+06
4.06318e+06
3.85482e+06
3.74794e+06
3.63546e+06
3.48464e+06
3.39185e+06
3.43528e+06
3.54402e+06
3.67069e+06
3.57387e+06
3.5471e+06
3.32272e+06
2.94246e+06
2.56619e+06
2.31202e+06
2.12726e+06
1.95464e+06
1.71572e+06
1.57878e+06
1.49436e+06
1.42696e+06
1.42733e+06
1.44481e+06
1.48641e+06
1.52142e+06
1.43088e+06
1.28899e+06
1.03778e+06
855756
705566
562187
470215
417645
390675
378580
377758
387433
399532
407082
409885
400163
309468
210143
152970
113868
87153
67303
53198
43725
37890
31787
28290
25089
20659
15744
9821
4598
0
0
0
0
0
0
0
0
0
0
0
0
0
0
0
0
0
0
0
0
0
0
0
0
0
0
0
0
0
0
0
0
0
0
0
0
0
0
0
0
0
0
0
0
0
0
0
0
0
0
0
0
0
0
0
0
0
0
0
0
0
0
0
0
0
0
0
0
0
0
0
0
0
0
0
0
0
0
0
0
0
0
0
0
0
0
0
0
0
0
0
0
0
0
0
0
0
0
0
0
0
0
0
0
0
0
0
0
0
0
0
0
0
0
0
0
0
0
0
0
0
0
0
0
0
0
0
0
0
0
0
0
0
0
0
0
0
0
0
0
0
0
0
0
0
0
0
0
0
0
0
0
0
0
0
0
0
0
0
0
0
0
0
0
0
0
0
0
0
0
0
0
0
0
0
0
0
0
0
0
0
0
0
0
0
0
0
0
0
0
0
0
0
0
0
0
0
0
0
0
