477184
0
0
0
0
0
0
0
0
9
39
103
539
1656
5768
18803
59180
184323
415050
519507
488533
367126
278962
224192
193163
183775
191608
217864
265155
305747
355972
433782
536195
650582
771792
883932
858383
831628
812815
793234
796541
770607
756146
784339
851083
968889
991286
1.03504e+06
1.10773e+06
1.21445e+06
1.31967e+06
1.42218e+06
1.53468e+06
1.69452e+06
1.72435e+06
1.62027e+06
1.57451e+06
1.56108e+06
1.56739e+06
1.61614e+06
1.72844e+06
1.84229e+06
1.83662e+06
1.92076e+06
2.05523e+06
2.09327e+06
2.17946e+06
2.32761e+06
2.38525e+06
2.46054e+06
2.61138e+06
2.67832e+06
2.77741e+06
2.97844e+06
2.84399e+06
2.75317e+06
2.73187e+06
2.7787e+06
2.94141e+06
3.04564e+06
3.05763e+06
3.17684e+06
3.28996e+06
3.49544e+06
3.68473e+06
3.72903e+06
3.89666e+06
3.97486e+06
4.17735e+06
4.21309e+06
4.13841e+06
4.17071e+06
4.16928e+06
4.29554e+06
4.25353e+06
4.33669e+06
4.40827e+06
4.59444e+06
4.68789e+06
4.78999e+06
4.98836e+06
5.3015e+06
5.51098e+06
5.53492e+06
5.67334e+06
5.88206e+06
5.97745e+06
5.87197e+06
5.81199e+06
5.73514e+06
5.72482e+06
5.77955e+06
5.98858e+06
6.39285e+06
6.4253e+06
6.5101e+06
6.63798e+06
6.72667e+06
6.56001e+06
6.43616e+06
6.47019e+06
6.42654e+06
6.37531e+06
6.33678e+06
6.18343e+06
5.86922e+06
5.72497e+06
5.70225e+06
5.51783e+06
5.35465e+06
5.28056e+06
5.25231e+06
5.23605e+06
5.35772e+06
5.34949e+06
5.34537e+06
5.35818e+06
5.12119e+06
4.90125e+06
4.85398e+06
4.72805e+06
4.51136e+06
4.33655e+06
4.04535e+06
3.83685e+06
3.73049e+06
3.61862e+06
3.46825e+06
3.37612e+06
3.42008e+06
3.52937e+06
3.65668e+06
3.56039e+06
3.53416e+06
3.31039e+06
2.9307e+06
2.55499e+06
2.30156e+06
2.11716e+06
1.94533e+06
1.70691e+06
1.57052e+06
1.48696e+06
1.42019e+06
1.42108e+06
1.43906e+06
1.48098e+06
1.51655e+06
1.42644e+06
1.28479e+06
1.03387e+06
852206
702280
559034
467456
415094
388349
376475
375930
385721
398008
405801
408658
399064
308526
209308
152305
113278
86670
66858
52859
43459
37664
31647
28168
25027
20618
15714
9815
4594
0
0
0
0
0
0
0
0
0
0
0
0
0
0
0
0
0
0
0
0
0
0
0
0
0
0
0
0
0
0
0
0
0
0
0
0
0
0
0
0
0
0
0
0
0
0
0
0
0
0
0
0
0
0
0
0
0
0
0
0
0
0
0
0
0
0
0
0
0
0
0
0
0
0
0
0
0
0
0
0
0
0
0
0
0
0
0
0
0
0
0
0
0
0
0
0
0
0
0
0
0
0
0
0
0
0
0
0
0
0
0
0
0
0
0
0
0
0
0
0
0
0
0
0
0
0
0
0
0
0
0
0
0
0
0
0
0
0
0
0
0
0
0
0
0
0
0
0
0
0
0
0
0
0
0
0
0
0
0
0
0
0
0
0
0
0
0
0
0
0
0
0
0
0
0
0
0
0
0
0
0
0
0
0
0
0
0
0
0
0
0
0
0
0
0
0
0
0
0
0
