96256
0
0
0
0
0
0
0
0
0
0
0
7
25
153
826
4495
22697
75844
122320
140895
88045
55090
36181
26613
24972
28538
38451
58669
59959
57077
67761
93756
133484
189544
247725
183712
151220
139729
141883
165562
153757
139418
147569
181097
250933
210616
181294
177511
203522
231823
261442
323055
446478
451725
334581
285714
276781
270819
293597
366651
436616
367148
372307
426476
382993
383932
452607
437619
455327
550601
571167
633108
805630
638796
523949
475950
486363
580967
615721
535356
563186
588767
690127
785600
740468
831163
843230
982585
976517
856017
851289
809202
892811
787061
799536
782721
872501
864455
850639
933530
1.13879e+06
1.24644e+06
1.18029e+06
1.23177e+06
1.37222e+06
1.41775e+06
1.25954e+06
1.15433e+06
1.02381e+06
951805
928970
1.04863e+06
1.35083e+06
1.25783e+06
1.23366e+06
1.36702e+06
1.46696e+06
1.33982e+06
1.25211e+06
1.3247e+06
1.33537e+06
1.36738e+06
1.42788e+06
1.36975e+06
1.15152e+06
1.09352e+06
1.13326e+06
1.01592e+06
920883
912585
933399
980182
1.14372e+06
1.17836e+06
1.20901e+06
1.2749e+06
1.10353e+06
970840
1.03117e+06
1.01692e+06
927719
895276
745058
664188
654984
642511
561860
519618
593000
732255
911225
887876
976076
885189
662809
457088
375936
353311
325121
212841
186034
192999
207326
258700
320588
398144
477627
455053
400365
244759
168499
118590
56317
27778
20775
22377
30211
43455
61980
84057
110906
139810
162842
108866
47178
23415
11651
6142
2987
2170
2013
2727
3810
5440
6947
7701
7951
6706
4153
0
0
0
0
0
0
0
0
0
0
0
0
0
0
0
0
0
0
0
0
0
0
0
0
0
0
0
0
0
0
0
0
0
0
0
0
0
0
0
0
0
0
0
0
0
0
0
0
0
0
0
0
0
0
0
0
0
0
0
0
0
0
0
0
0
0
0
0
0
0
0
0
0
0
0
0
0
0
0
0
0
0
0
0
0
0
0
0
0
0
0
0
0
0
0
0
0
0
0
0
0
0
0
0
0
0
0
0
0
0
0
0
0
0
0
0
0
0
0
0
0
0
0
0
0
0
0
0
0
0
0
0
0
0
0
0
0
0
0
0
0
0
0
0
0
0
0
0
0
0
0
0
0
0
0
0
0
0
0
0
0
0
0
0
0
0
0
0
0
0
0
0
0
0
0
0
0
0
0
0
0
0
0
0
0
0
0
0
0
0
0
0
0
0
0
0
0
0
0
0
