104448
0
0
0
0
0
0
0
0
0
0
0
14
49
209
1052
5382
25847
83074
131215
149096
94892
60203
40275
30030
28011
31675
41892
62640
64767
62895
75195
103117
145333
203178
262340
198684
165663
154156
156083
179183
166921
152499
161198
195711
265948
226419
198973
196576
224907
254898
286408
350359
474593
480410
363288
313959
304415
298369
321382
395603
466355
398207
404998
460576
418575
421549
492551
479102
499031
595683
618483
682096
854918
687925
572698
523746
533996
629061
665124
586572
616972
645661
750726
848961
805780
898673
913677
1.05419e+06
1.04906e+06
928835
923880
881737
965112
858434
871373
856535
948750
943601
933959
1.02081e+06
1.23053e+06
1.34185e+06
1.27877e+06
1.33262e+06
1.47359e+06
1.51884e+06
1.35969e+06
1.25359e+06
1.12209e+06
1.0496e+06
1.02829e+06
1.15042e+06
1.45584e+06
1.36536e+06
1.34699e+06
1.48132e+06
1.58169e+06
1.45308e+06
1.36558e+06
1.43882e+06
1.44932e+06
1.47948e+06
1.53537e+06
1.47298e+06
1.25127e+06
1.19034e+06
1.22753e+06
1.10963e+06
1.01299e+06
1.00397e+06
1.02343e+06
1.07042e+06
1.23383e+06
1.26997e+06
1.30053e+06
1.36659e+06
1.19323e+06
1.05968e+06
1.11719e+06
1.10059e+06
1.00639e+06
968651
813041
727613
714183
699028
618159
577787
653851
796026
976222
953163
1.03884e+06
943461
714855
502837
414692
387108
353989
239062
210526
216480
231349
283922
347072
425451
505880
481730
424294
264419
184224
129924
64283
33503
25575
27096
35639
49644
69235
92053
119435
147888
169909
114279
51206
26308
13387
7289
3703
2684
2497
3259
4385
6041
7611
8221
8269
6857
4167
0
0
0
0
0
0
0
0
0
0
0
0
0
0
0
0
0
0
0
0
0
0
0
0
0
0
0
0
0
0
0
0
0
0
0
0
0
0
0
0
0
0
0
0
0
0
0
0
0
0
0
0
0
0
0
0
0
0
0
0
0
0
0
0
0
0
0
0
0
0
0
0
0
0
0
0
0
0
0
0
0
0
0
0
0
0
0
0
0
0
0
0
0
0
0
0
0
0
0
0
0
0
0
0
0
0
0
0
0
0
0
0
0
0
0
0
0
0
0
0
0
0
0
0
0
0
0
0
0
0
0
0
0
0
0
0
0
0
0
0
0
0
0
0
0
0
0
0
0
0
0
0
0
0
0
0
0
0
0
0
0
0
0
0
0
0
0
0
0
0
0
0
0
0
0
0
0
0
0
0
0
0
0
0
0
0
0
0
0
0
0
0
0
0
0
0
0
0
0
0
