518144
0
0
0
0
0
0
0
0
9
39
103
539
1656
5768
18805
59256
187089
456894
589859
536294
395438
297840
239528
207115
197616
206079
234079
284342
329621
386545
472495
587061
710520
836724
954341
933809
912250
892225
865386
861614
831128
814638
845936
914800
1.04136e+06
1.0727e+06
1.12895e+06
1.21241e+06
1.33208e+06
1.44547e+06
1.55253e+06
1.66716e+06
1.82856e+06
1.86056e+06
1.75622e+06
1.70978e+06
1.69684e+06
1.70482e+06
1.75409e+06
1.86785e+06
1.98933e+06
1.99261e+06
2.08732e+06
2.23393e+06
2.28375e+06
2.37982e+06
2.5373e+06
2.60242e+06
2.67865e+06
2.83043e+06
2.90044e+06
2.99939e+06
3.20328e+06
3.07358e+06
2.98992e+06
2.97159e+06
3.02698e+06
3.19708e+06
3.31276e+06
3.33463e+06
3.46471e+06
3.5887e+06
3.80091e+06
3.99764e+06
4.05119e+06
4.22112e+06
4.30604e+06
4.51344e+06
4.55453e+06
4.48459e+06
4.51783e+06
4.52948e+06
4.66172e+06
4.63181e+06
4.72535e+06
4.80973e+06
5.00564e+06
5.10646e+06
5.21892e+06
5.42282e+06
5.74775e+06
5.96387e+06
5.99414e+06
6.14072e+06
6.35464e+06
6.45852e+06
6.3638e+06
6.31271e+06
6.24699e+06
6.24135e+06
6.31043e+06
6.52905e+06
6.94901e+06
6.99317e+06
7.08109e+06
7.20344e+06
7.29003e+06
7.11407e+06
6.98504e+06
7.01398e+06
6.96172e+06
6.90534e+06
6.8592e+06
6.69846e+06
6.38001e+06
6.2363e+06
6.20325e+06
6.00702e+06
5.84014e+06
5.75667e+06
5.72232e+06
5.6986e+06
5.81428e+06
5.7961e+06
5.78589e+06
5.78761e+06
5.54337e+06
5.30979e+06
5.25532e+06
5.11635e+06
4.89185e+06
4.70834e+06
4.40685e+06
4.19317e+06
4.07941e+06
3.95394e+06
3.79445e+06
3.69113e+06
3.7267e+06
3.82135e+06
3.93702e+06
3.8302e+06
3.79304e+06
3.55626e+06
3.16616e+06
2.779e+06
2.51361e+06
2.31713e+06
2.13013e+06
1.8839e+06
1.73352e+06
1.63548e+06
1.55657e+06
1.54661e+06
1.55421e+06
1.58806e+06
1.61565e+06
1.51672e+06
1.36827e+06
1.11018e+06
923552
769012
620864
523859
465859
434539
418069
413216
419847
427703
432591
432917
420669
327422
226029
166057
124850
96550
75398
59501
49015
41889
34731
30168
26515
21503
16265
10068
4636
0
0
0
0
0
0
0
0
0
0
0
0
0
0
0
0
0
0
0
0
0
0
0
0
0
0
0
0
0
0
0
0
0
0
0
0
0
0
0
0
0
0
0
0
0
0
0
0
0
0
0
0
0
0
0
0
0
0
0
0
0
0
0
0
0
0
0
0
0
0
0
0
0
0
0
0
0
0
0
0
0
0
0
0
0
0
0
0
0
0
0
0
0
0
0
0
0
0
0
0
0
0
0
0
0
0
0
0
0
0
0
0
0
0
0
0
0
0
0
0
0
0
0
0
0
0
0
0
0
0
0
0
0
0
0
0
0
0
0
0
0
0
0
0
0
0
0
0
0
0
0
0
0
0
0
0
0
0
0
0
0
0
0
0
0
0
0
0
0
0
0
0
0
0
0
0
0
0
0
0
0
0
0
0
0
0
0
0
0
0
0
0
0
0
0
0
0
0
0
0
