77824
0
0
0
0
0
0
0
0
0
0
0
5
12
84
430
2678
15761
59491
101354
122004
73085
43383
27266
19215
18217
21487
30843
49676
49358
44039
51115
72544
107215
158711
214306
150363
117982
106811
110183
135381
123944
109672
117208
148484
216983
174154
142666
135220
156643
179758
204734
261613
382172
386168
270152
222365
214415
208762
230808
301724
369788
297446
298794
349865
303305
300332
364210
344766
357595
447741
462900
521711
695017
527717
413987
367205
378352
473387
506120
422025
442857
460296
555938
643881
593206
678718
684128
820059
810497
690315
686342
646387
732492
626477
637453
618283
704754
687934
664265
736494
932260
1.03092e+06
957373
1.00318e+06
1.1429e+06
1.18601e+06
1.03169e+06
931042
805087
732044
708960
823548
1.11818e+06
1.01453e+06
980113
1.10931e+06
1.20964e+06
1.08347e+06
996981
1.06761e+06
1.07742e+06
1.11244e+06
1.18305e+06
1.13833e+06
927897
876682
920498
806096
715276
708856
732186
779032
939907
972856
1.00098e+06
1.06906e+06
898742
768113
835647
829311
750655
729151
593337
522989
524223
516842
437216
390081
457389
589246
763089
738184
831151
751330
542795
354752
289002
279578
261479
155845
133582
142063
154754
201519
259909
334094
413376
392861
344596
198122
133433
93809
39641
16275
11033
12554
18611
29581
45797
65674
91483
120755
146394
95796
37618
17212
7796
3914
1680
1144
1073
1636
2587
3911
5370
6387
7135
6357
4087
0
0
0
0
0
0
0
0
0
0
0
0
0
0
0
0
0
0
0
0
0
0
0
0
0
0
0
0
0
0
0
0
0
0
0
0
0
0
0
0
0
0
0
0
0
0
0
0
0
0
0
0
0
0
0
0
0
0
0
0
0
0
0
0
0
0
0
0
0
0
0
0
0
0
0
0
0
0
0
0
0
0
0
0
0
0
0
0
0
0
0
0
0
0
0
0
0
0
0
0
0
0
0
0
0
0
0
0
0
0
0
0
0
0
0
0
0
0
0
0
0
0
0
0
0
0
0
0
0
0
0
0
0
0
0
0
0
0
0
0
0
0
0
0
0
0
0
0
0
0
0
0
0
0
0
0
0
0
0
0
0
0
0
0
0
0
0
0
0
0
0
0
0
0
0
0
0
0
0
0
0
0
0
0
0
0
0
0
0
0
0
0
0
0
0
0
0
0
0
0
