223232
0
0
0
0
0
0
0
0
0
13
19
110
361
1543
6089
21909
76349
185950
254846
260858
186531
133553
100646
81526
76297
80301
94415
123266
137628
153037
187329
241233
308488
389285
465862
412360
380407
365238
359878
377582
359128
344325
358284
401639
487352
465232
459557
479566
534114
590924
651919
736328
875335
888096
773089
720338
706112
700326
729418
814562
898455
848550
881183
959820
945492
976797
1.07333e+06
1.08663e+06
1.13137e+06
1.25071e+06
1.29197e+06
1.36766e+06
1.54794e+06
1.38641e+06
1.26992e+06
1.22085e+06
1.23662e+06
1.34661e+06
1.40301e+06
1.3529e+06
1.41567e+06
1.47835e+06
1.62362e+06
1.75762e+06
1.75075e+06
1.87261e+06
1.91025e+06
2.07399e+06
2.0779e+06
1.9668e+06
1.9678e+06
1.92707e+06
2.01518e+06
1.92073e+06
1.94872e+06
1.95741e+06
2.08391e+06
2.11579e+06
2.14963e+06
2.2816e+06
2.53917e+06
2.69844e+06
2.67135e+06
2.75146e+06
2.9153e+06
2.96646e+06
2.80628e+06
2.70163e+06
2.57335e+06
2.51018e+06
2.50702e+06
2.65779e+06
2.99974e+06
2.95382e+06
2.9797e+06
3.12718e+06
3.2328e+06
3.09373e+06
3.00425e+06
3.07504e+06
3.07271e+06
3.07416e+06
3.08315e+06
2.97136e+06
2.70733e+06
2.61075e+06
2.62058e+06
2.48415e+06
2.37143e+06
2.34361e+06
2.35054e+06
2.38296e+06
2.54201e+06
2.57604e+06
2.61333e+06
2.67053e+06
2.48474e+06
2.32766e+06
2.34539e+06
2.28202e+06
2.13364e+06
2.03464e+06
1.81282e+06
1.67025e+06
1.61535e+06
1.57113e+06
1.47912e+06
1.44228e+06
1.53576e+06
1.69662e+06
1.87989e+06
1.84653e+06
1.89872e+06
1.74837e+06
1.45034e+06
1.16048e+06
997637
900135
812551
654952
595989
587149
595549
650271
716167
797849
873673
830583
737588
532875
402279
300696
198296
142290
120191
117443
127365
147071
172652
201658
227666
249537
257528
185511
105680
65953
41951
27948
18981
14197
12291
12420
12674
13980
14649
14097
11943
8342
4440
0
0
0
0
0
0
0
0
0
0
0
0
0
0
0
0
0
0
0
0
0
0
0
0
0
0
0
0
0
0
0
0
0
0
0
0
0
0
0
0
0
0
0
0
0
0
0
0
0
0
0
0
0
0
0
0
0
0
0
0
0
0
0
0
0
0
0
0
0
0
0
0
0
0
0
0
0
0
0
0
0
0
0
0
0
0
0
0
0
0
0
0
0
0
0
0
0
0
0
0
0
0
0
0
0
0
0
0
0
0
0
0
0
0
0
0
0
0
0
0
0
0
0
0
0
0
0
0
0
0
0
0
0
0
0
0
0
0
0
0
0
0
0
0
0
0
0
0
0
0
0
0
0
0
0
0
0
0
0
0
0
0
0
0
0
0
0
0
0
0
0
0
0
0
0
0
0
0
0
0
0
0
0
0
0
0
0
0
0
0
0
0
0
0
0
0
0
0
0
0
