751616
0
0
0
0
0
0
0
0
9
39
103
539
1656
5768
18805
59256
187550
580481
1.1325e+06
861651
548183
391322
312873
276335
267229
279601
318706
383852
453937
542580
690604
886050
1.08009e+06
1.24482e+06
1.35544e+06
1.34072e+06
1.36682e+06
1.38664e+06
1.30869e+06
1.23336e+06
1.15523e+06
1.12934e+06
1.16154e+06
1.2559e+06
1.42463e+06
1.51926e+06
1.6577e+06
1.8237e+06
2.02071e+06
2.18843e+06
2.33285e+06
2.4578e+06
2.61513e+06
2.62516e+06
2.51694e+06
2.48159e+06
2.47036e+06
2.47033e+06
2.52326e+06
2.63998e+06
2.79762e+06
2.85082e+06
3.02575e+06
3.25494e+06
3.38806e+06
3.55322e+06
3.7656e+06
3.8601e+06
3.94747e+06
4.09295e+06
4.16551e+06
4.26683e+06
4.47827e+06
4.36778e+06
4.29889e+06
4.31584e+06
4.42287e+06
4.63497e+06
4.82371e+06
4.91894e+06
5.10821e+06
5.30766e+06
5.57562e+06
5.81512e+06
5.89874e+06
6.09386e+06
6.19933e+06
6.42398e+06
6.4826e+06
6.4424e+06
6.5011e+06
6.55626e+06
6.74484e+06
6.76156e+06
6.92526e+06
7.0834e+06
7.34136e+06
7.50728e+06
7.68067e+06
7.93513e+06
8.31302e+06
8.56674e+06
8.61896e+06
8.79307e+06
9.05761e+06
9.19716e+06
9.15027e+06
9.14553e+06
9.13764e+06
9.19785e+06
9.33388e+06
9.59957e+06
1.01092e+07
1.02027e+07
1.03352e+07
1.04601e+07
1.0515e+07
1.03129e+07
1.01369e+07
1.01062e+07
1.00055e+07
9.91047e+06
9.82879e+06
9.6285e+06
9.29742e+06
9.11917e+06
9.04229e+06
8.81999e+06
8.61016e+06
8.47282e+06
8.39244e+06
8.33626e+06
8.4084e+06
8.35696e+06
8.30283e+06
8.24468e+06
7.93956e+06
7.64728e+06
7.53976e+06
7.33773e+06
7.04827e+06
6.8293e+06
6.47982e+06
6.21734e+06
6.04954e+06
5.86338e+06
5.64889e+06
5.48854e+06
5.46711e+06
5.49976e+06
5.55356e+06
5.37722e+06
5.26554e+06
4.95744e+06
4.49906e+06
4.05237e+06
3.71952e+06
3.4544e+06
3.2033e+06
2.88145e+06
2.64759e+06
2.47889e+06
2.32922e+06
2.26737e+06
2.21717e+06
2.19978e+06
2.17465e+06
2.03527e+06
1.84755e+06
1.55362e+06
1.33259e+06
1.14906e+06
969517
841418
754252
696317
654837
625403
612964
597664
587244
573907
545726
434580
320202
245645
190732
154163
121974
99143
78506
64183
52133
42039
34526
26516
19597
11256
4814
0
0
0
0
0
0
0
0
0
0
0
0
0
0
0
0
0
0
0
0
0
0
0
0
0
0
0
0
0
0
0
0
0
0
0
0
0
0
0
0
0
0
0
0
0
0
0
0
0
0
0
0
0
0
0
0
0
0
0
0
0
0
0
0
0
0
0
0
0
0
0
0
0
0
0
0
0
0
0
0
0
0
0
0
0
0
0
0
0
0
0
0
0
0
0
0
0
0
0
0
0
0
0
0
0
0
0
0
0
0
0
0
0
0
0
0
0
0
0
0
0
0
0
0
0
0
0
0
0
0
0
0
0
0
0
0
0
0
0
0
0
0
0
0
0
0
0
0
0
0
0
0
0
0
0
0
0
0
0
0
0
0
0
0
0
0
0
0
0
0
0
0
0
0
0
0
0
0
0
0
0
0
0
0
0
0
0
0
0
0
0
0
0
0
0
0
0
0
0
0
