489472
0
0
0
0
0
0
0
0
9
39
103
539
1656
5768
18805
59228
185756
428192
539153
502167
375936
284814
229035
197280
188022
196087
222995
270979
313099
365099
445641
551124
668351
790888
905066
881369
855730
836026
814610
816064
789125
773880
803095
870629
990827
1.01596e+06
1.06312e+06
1.1391e+06
1.2493e+06
1.35723e+06
1.46055e+06
1.5744e+06
1.73489e+06
1.76517e+06
1.66122e+06
1.61502e+06
1.6019e+06
1.60843e+06
1.65797e+06
1.77072e+06
1.88678e+06
1.88324e+06
1.97037e+06
2.10936e+06
2.15019e+06
2.23951e+06
2.39005e+06
2.44997e+06
2.52586e+06
2.67673e+06
2.74554e+06
2.8437e+06
3.04625e+06
2.91267e+06
2.82445e+06
2.80425e+06
2.85366e+06
3.01839e+06
3.12527e+06
3.14073e+06
3.26342e+06
3.37933e+06
3.58674e+06
3.77774e+06
3.82577e+06
3.99446e+06
4.07424e+06
4.27807e+06
4.31535e+06
4.2421e+06
4.27488e+06
4.278e+06
4.40575e+06
4.3668e+06
4.45328e+06
4.52989e+06
4.7173e+06
4.81251e+06
4.91822e+06
5.1192e+06
5.4343e+06
5.64755e+06
5.67302e+06
5.81358e+06
6.02303e+06
6.1225e+06
6.01921e+06
5.96286e+06
5.88857e+06
5.87989e+06
5.9389e+06
6.15052e+06
6.55992e+06
6.59502e+06
6.68219e+06
6.80778e+06
6.8952e+06
6.7261e+06
6.60058e+06
6.63322e+06
6.58686e+06
6.5347e+06
6.49411e+06
6.33763e+06
6.02193e+06
5.87822e+06
5.85263e+06
5.66525e+06
5.50009e+06
5.42351e+06
5.3935e+06
5.3749e+06
5.49454e+06
5.48294e+06
5.47714e+06
5.48732e+06
5.24794e+06
5.02454e+06
4.9741e+06
4.84486e+06
4.62519e+06
4.44795e+06
4.15304e+06
3.9441e+06
3.83536e+06
3.71928e+06
3.56676e+06
3.47035e+06
3.51172e+06
3.61699e+06
3.74063e+06
3.64146e+06
3.61184e+06
3.38417e+06
3.00151e+06
2.62171e+06
2.36491e+06
2.17773e+06
2.00059e+06
1.75998e+06
1.62005e+06
1.53143e+06
1.46107e+06
1.45829e+06
1.47382e+06
1.51328e+06
1.54631e+06
1.45312e+06
1.30988e+06
1.05686e+06
873793
721944
577795
484210
430333
402209
389059
387089
395994
406979
413781
415798
405749
314109
214350
156354
116824
89481
69529
54896
45122
38966
32500
28855
25445
20866
15875
9879
4605
0
0
0
0
0
0
0
0
0
0
0
0
0
0
0
0
0
0
0
0
0
0
0
0
0
0
0
0
0
0
0
0
0
0
0
0
0
0
0
0
0
0
0
0
0
0
0
0
0
0
0
0
0
0
0
0
0
0
0
0
0
0
0
0
0
0
0
0
0
0
0
0
0
0
0
0
0
0
0
0
0
0
0
0
0
0
0
0
0
0
0
0
0
0
0
0
0
0
0
0
0
0
0
0
0
0
0
0
0
0
0
0
0
0
0
0
0
0
0
0
0
0
0
0
0
0
0
0
0
0
0
0
0
0
0
0
0
0
0
0
0
0
0
0
0
0
0
0
0
0
0
0
0
0
0
0
0
0
0
0
0
0
0
0
0
0
0
0
0
0
0
0
0
0
0
0
0
0
0
0
0
0
0
0
0
0
0
0
0
0
0
0
0
0
0
0
0
0
0
0
