147456
0
0
0
0
0
0
0
0
0
6
3
29
146
579
2599
10703
43373
120443
176931
191210
129223
87199
61840
48151
44843
48670
60140
83896
90395
95094
115036
153337
205537
271883
337118
276615
244206
230441
229811
250760
236206
221484
231862
269814
346204
313219
292906
298073
335233
375847
419043
490805
621013
629904
512990
462371
449769
442828
468609
547565
623951
561140
576636
640136
606728
619877
701157
698016
728622
833536
865283
933728
1.11005e+06
944526
827936
776745
785721
884654
927542
858866
903411
944302
1.06587e+06
1.17854e+06
1.15063e+06
1.25453e+06
1.2782e+06
1.42869e+06
1.42558e+06
1.30748e+06
1.30412e+06
1.26119e+06
1.34347e+06
1.23875e+06
1.25506e+06
1.24954e+06
1.35427e+06
1.3634e+06
1.37124e+06
1.47686e+06
1.70693e+06
1.83804e+06
1.79042e+06
1.85528e+06
2.00294e+06
2.0487e+06
1.88576e+06
1.77526e+06
1.64203e+06
1.56973e+06
1.55541e+06
1.68858e+06
2.00949e+06
1.9386e+06
1.93843e+06
2.0776e+06
2.18246e+06
2.04717e+06
1.9614e+06
2.03441e+06
2.04381e+06
2.0624e+06
2.10056e+06
2.01519e+06
1.77476e+06
1.70005e+06
1.72729e+06
1.60365e+06
1.50243e+06
1.48525e+06
1.50052e+06
1.5439e+06
1.70705e+06
1.74438e+06
1.77706e+06
1.84355e+06
1.66738e+06
1.52642e+06
1.56847e+06
1.53274e+06
1.41583e+06
1.35314e+06
1.17119e+06
1.06122e+06
1.03151e+06
1.00567e+06
923036
885873
973206
1.12522e+06
1.31182e+06
1.28869e+06
1.36012e+06
1.242e+06
984918
742135
622200
566883
512999
383059
344098
345424
360356
415515
482912
566238
646920
615674
543606
365691
264437
190110
108831
68001
55030
56007
66287
83430
106783
133233
161263
187626
204561
142283
71506
40763
22975
13877
8363
6164
5695
6259
7247
9126
10451
10565
9898
7554
4289
0
0
0
0
0
0
0
0
0
0
0
0
0
0
0
0
0
0
0
0
0
0
0
0
0
0
0
0
0
0
0
0
0
0
0
0
0
0
0
0
0
0
0
0
0
0
0
0
0
0
0
0
0
0
0
0
0
0
0
0
0
0
0
0
0
0
0
0
0
0
0
0
0
0
0
0
0
0
0
0
0
0
0
0
0
0
0
0
0
0
0
0
0
0
0
0
0
0
0
0
0
0
0
0
0
0
0
0
0
0
0
0
0
0
0
0
0
0
0
0
0
0
0
0
0
0
0
0
0
0
0
0
0
0
0
0
0
0
0
0
0
0
0
0
0
0
0
0
0
0
0
0
0
0
0
0
0
0
0
0
0
0
0
0
0
0
0
0
0
0
0
0
0
0
0
0
0
0
0
0
0
0
0
0
0
0
0
0
0
0
0
0
0
0
0
0
0
0
0
0
