804864
0
0
0
0
0
0
0
0
9
39
103
539
1656
5768
18805
59256
187550
597823
1.26509e+06
942881
582956
412331
328504
290608
281983
296181
337036
404425
480765
578825
739193
953301
1.1677e+06
1.34189e+06
1.4481e+06
1.43004e+06
1.46935e+06
1.50175e+06
1.4159e+06
1.32055e+06
1.22736e+06
1.19874e+06
1.23046e+06
1.32884e+06
1.50895e+06
1.61846e+06
1.77557e+06
1.96422e+06
2.18105e+06
2.36281e+06
2.51649e+06
2.64129e+06
2.79284e+06
2.80052e+06
2.68902e+06
2.65831e+06
2.64688e+06
2.64754e+06
2.69435e+06
2.8115e+06
2.97552e+06
3.04422e+06
3.23735e+06
3.49092e+06
3.63768e+06
3.82508e+06
4.05254e+06
4.15305e+06
4.23822e+06
4.38292e+06
4.45292e+06
4.558e+06
4.76505e+06
4.66166e+06
4.59432e+06
4.62021e+06
4.73686e+06
4.95971e+06
5.16462e+06
5.27899e+06
5.48468e+06
5.70615e+06
5.98432e+06
6.23172e+06
6.32228e+06
6.52603e+06
6.6343e+06
6.85986e+06
6.9208e+06
6.88507e+06
6.946e+06
7.01641e+06
7.21874e+06
7.2469e+06
7.42051e+06
7.59786e+06
7.8806e+06
8.05842e+06
8.2419e+06
8.51465e+06
8.90361e+06
9.16612e+06
9.20974e+06
9.40472e+06
9.6674e+06
9.82466e+06
9.78241e+06
9.78465e+06
9.79342e+06
9.87413e+06
1.00205e+07
1.0301e+07
1.08278e+07
1.09355e+07
1.10841e+07
1.12017e+07
1.12557e+07
1.10445e+07
1.0853e+07
1.08092e+07
1.07022e+07
1.05978e+07
1.05053e+07
1.02908e+07
9.96025e+06
9.77783e+06
9.69322e+06
9.45943e+06
9.24096e+06
9.09912e+06
8.99618e+06
8.94189e+06
9.00166e+06
8.93945e+06
8.87686e+06
8.80564e+06
8.48521e+06
8.17817e+06
8.05847e+06
7.84254e+06
7.53903e+06
7.3136e+06
6.95506e+06
6.68066e+06
6.50126e+06
6.29705e+06
6.07258e+06
5.89963e+06
5.86137e+06
5.88359e+06
5.91932e+06
5.73118e+06
5.60174e+06
5.27717e+06
4.80492e+06
4.33964e+06
3.99218e+06
3.71728e+06
3.44882e+06
3.10687e+06
2.85714e+06
2.67342e+06
2.5082e+06
2.43082e+06
2.36766e+06
2.33847e+06
2.30211e+06
2.15069e+06
1.95705e+06
1.6543e+06
1.42706e+06
1.23626e+06
1.04872e+06
915281
818328
755544
709351
673325
657614
637580
622512
605529
573175
459736
341049
264194
206619
167227
132221
107903
85775
69506
55822
44796
36354
27642
20161
11459
4835
0
0
0
0
0
0
0
0
0
0
0
0
0
0
0
0
0
0
0
0
0
0
0
0
0
0
0
0
0
0
0
0
0
0
0
0
0
0
0
0
0
0
0
0
0
0
0
0
0
0
0
0
0
0
0
0
0
0
0
0
0
0
0
0
0
0
0
0
0
0
0
0
0
0
0
0
0
0
0
0
0
0
0
0
0
0
0
0
0
0
0
0
0
0
0
0
0
0
0
0
0
0
0
0
0
0
0
0
0
0
0
0
0
0
0
0
0
0
0
0
0
0
0
0
0
0
0
0
0
0
0
0
0
0
0
0
0
0
0
0
0
0
0
0
0
0
0
0
0
0
0
0
0
0
0
0
0
0
0
0
0
0
0
0
0
0
0
0
0
0
0
0
0
0
0
0
0
0
0
0
0
0
0
0
0
0
0
0
0
0
0
0
0
0
0
0
0
0
0
0
