237568
0
0
0
0
0
0
0
0
0
14
26
142
434
1771
6801
24207
82896
198489
269014
273579
196883
142169
107900
88115
82459
86594
101240
131190
146724
164098
200920
257757
327843
411552
489502
437861
406140
390169
384086
401500
382804
367872
382607
426716
514234
494310
491308
514627
572109
631804
695883
782146
922055
936124
821647
768779
754739
748909
778715
865790
951511
904194
939456
1.02056e+06
1.00976e+06
1.04401e+06
1.14442e+06
1.16003e+06
1.20737e+06
1.32892e+06
1.37103e+06
1.44804e+06
1.62928e+06
1.46859e+06
1.35404e+06
1.30566e+06
1.32418e+06
1.43529e+06
1.49389e+06
1.44737e+06
1.51363e+06
1.58011e+06
1.72929e+06
1.86683e+06
1.86441e+06
1.98784e+06
2.02774e+06
2.19373e+06
2.2e+06
2.09044e+06
2.09333e+06
2.05335e+06
2.14316e+06
2.05132e+06
2.08166e+06
2.09432e+06
2.22414e+06
2.25912e+06
2.29585e+06
2.43475e+06
2.69555e+06
2.85952e+06
2.83581e+06
2.91823e+06
3.08463e+06
3.13818e+06
2.98053e+06
2.8783e+06
2.75199e+06
2.69051e+06
2.68977e+06
2.84301e+06
3.18818e+06
3.14613e+06
3.17629e+06
3.32648e+06
3.43112e+06
3.29012e+06
3.20074e+06
3.27e+06
3.26547e+06
3.26292e+06
3.26913e+06
3.15317e+06
2.88385e+06
2.78507e+06
2.79217e+06
2.65234e+06
2.53595e+06
2.50611e+06
2.51185e+06
2.54248e+06
2.70095e+06
2.73434e+06
2.76997e+06
2.82596e+06
2.63684e+06
2.47699e+06
2.48988e+06
2.42189e+06
2.26921e+06
2.16415e+06
1.93664e+06
1.78801e+06
1.72978e+06
1.68155e+06
1.58673e+06
1.54788e+06
1.64222e+06
1.80304e+06
1.98537e+06
1.94912e+06
1.9966e+06
1.8405e+06
1.5355e+06
1.23937e+06
1.06999e+06
965729
872440
709313
646736
634677
640452
694067
759050
839994
914630
868854
771853
562938
427859
322085
216061
157978
134745
130703
139937
159172
184487
213680
239376
260228
266717
193401
112066
70706
45664
30884
21251
15949
13763
13669
13674
14831
15305
14632
12355
8502
4449
0
0
0
0
0
0
0
0
0
0
0
0
0
0
0
0
0
0
0
0
0
0
0
0
0
0
0
0
0
0
0
0
0
0
0
0
0
0
0
0
0
0
0
0
0
0
0
0
0
0
0
0
0
0
0
0
0
0
0
0
0
0
0
0
0
0
0
0
0
0
0
0
0
0
0
0
0
0
0
0
0
0
0
0
0
0
0
0
0
0
0
0
0
0
0
0
0
0
0
0
0
0
0
0
0
0
0
0
0
0
0
0
0
0
0
0
0
0
0
0
0
0
0
0
0
0
0
0
0
0
0
0
0
0
0
0
0
0
0
0
0
0
0
0
0
0
0
0
0
0
0
0
0
0
0
0
0
0
0
0
0
0
0
0
0
0
0
0
0
0
0
0
0
0
0
0
0
0
0
0
0
0
0
0
0
0
0
0
0
0
0
0
0
0
0
0
0
0
0
0
