387072
0
0
0
0
0
0
0
0
9
33
82
437
1393
4844
15671
50006
151746
328228
414617
402880
303433
229731
182593
155650
147306
153760
175138
216085
247580
284967
346262
430151
527854
635176
734466
697781
668423
651505
639257
648998
626386
613211
635776
693233
799389
805774
831782
884141
970686
1.05897e+06
1.14603e+06
1.24936e+06
1.40173e+06
1.42811e+06
1.32153e+06
1.27202e+06
1.25992e+06
1.26103e+06
1.30323e+06
1.40657e+06
1.50796e+06
1.48643e+06
1.55072e+06
1.66434e+06
1.68477e+06
1.75014e+06
1.88065e+06
1.92238e+06
1.98652e+06
2.12884e+06
2.18788e+06
2.28256e+06
2.47582e+06
2.32826e+06
2.22879e+06
2.19878e+06
2.23165e+06
2.37039e+06
2.45706e+06
2.44878e+06
2.54812e+06
2.64611e+06
2.82903e+06
3.0004e+06
3.02946e+06
3.18255e+06
3.24653e+06
3.435e+06
3.45905e+06
3.37022e+06
3.39349e+06
3.37536e+06
3.48426e+06
3.4195e+06
3.48191e+06
3.5313e+06
3.70044e+06
3.77248e+06
3.85123e+06
4.02882e+06
4.32143e+06
4.51638e+06
4.52517e+06
4.64282e+06
4.83654e+06
4.9148e+06
4.78758e+06
4.70919e+06
4.61175e+06
4.57987e+06
4.61125e+06
4.79952e+06
5.18107e+06
5.18597e+06
5.25162e+06
5.39147e+06
5.49166e+06
5.33591e+06
5.22571e+06
5.27514e+06
5.24502e+06
5.21182e+06
5.18983e+06
5.04234e+06
4.74039e+06
4.61442e+06
4.60262e+06
4.43266e+06
4.28802e+06
4.23481e+06
4.21582e+06
4.21796e+06
4.35686e+06
4.36606e+06
4.3823e+06
4.41044e+06
4.19367e+06
3.99946e+06
3.97216e+06
3.86718e+06
3.67238e+06
3.52112e+06
3.24839e+06
3.05919e+06
2.96536e+06
2.8786e+06
2.75204e+06
2.68126e+06
2.74849e+06
2.88533e+06
3.03817e+06
2.96389e+06
2.96668e+06
2.76833e+06
2.41221e+06
2.06031e+06
1.83576e+06
1.67799e+06
1.53304e+06
1.32123e+06
1.21435e+06
1.1598e+06
1.12306e+06
1.14771e+06
1.18602e+06
1.24589e+06
1.29848e+06
1.22608e+06
1.10008e+06
862113
694513
557015
426133
345387
304116
286414
283290
292884
310090
330841
346033
355348
352374
267309
174093
121887
87350
64471
48789
38268
31609
28206
24791
23204
21510
18675
14645
9439
4541
0
0
0
0
0
0
0
0
0
0
0
0
0
0
0
0
0
0
0
0
0
0
0
0
0
0
0
0
0
0
0
0
0
0
0
0
0
0
0
0
0
0
0
0
0
0
0
0
0
0
0
0
0
0
0
0
0
0
0
0
0
0
0
0
0
0
0
0
0
0
0
0
0
0
0
0
0
0
0
0
0
0
0
0
0
0
0
0
0
0
0
0
0
0
0
0
0
0
0
0
0
0
0
0
0
0
0
0
0
0
0
0
0
0
0
0
0
0
0
0
0
0
0
0
0
0
0
0
0
0
0
0
0
0
0
0
0
0
0
0
0
0
0
0
0
0
0
0
0
0
0
0
0
0
0
0
0
0
0
0
0
0
0
0
0
0
0
0
0
0
0
0
0
0
0
0
0
0
0
0
0
0
0
0
0
0
0
0
0
0
0
0
0
0
0
0
0
0
0
0
