253952
0
0
0
0
0
0
0
0
0
16
31
162
525
2084
7732
26867
90209
212965
285132
288031
208652
151962
116078
95447
89366
94016
109291
140321
157379
177164
216697
276474
349711
436148
516465
466535
435853
419124
412135
428751
409568
394452
410380
455722
544836
527664
528837
555108
615089
677779
745229
834131
975479
991162
877099
824172
810261
804569
836080
924668
1.01211e+06
967147
1.00606e+06
1.09126e+06
1.0839e+06
1.12053e+06
1.22427e+06
1.24401e+06
1.29354e+06
1.41782e+06
1.46179e+06
1.53943e+06
1.72184e+06
1.5626e+06
1.44978e+06
1.40389e+06
1.42429e+06
1.53684e+06
1.59794e+06
1.5561e+06
1.62694e+06
1.69642e+06
1.85012e+06
1.99105e+06
1.99293e+06
2.11885e+06
2.16247e+06
2.32964e+06
2.339e+06
2.23113e+06
2.23618e+06
2.19861e+06
2.28954e+06
2.20065e+06
2.23448e+06
2.25058e+06
2.38563e+06
2.42337e+06
2.46536e+06
2.60975e+06
2.87417e+06
3.04178e+06
3.0219e+06
3.10781e+06
3.2787e+06
3.3327e+06
3.17889e+06
3.08028e+06
2.95696e+06
2.89673e+06
2.90002e+06
3.05485e+06
3.4053e+06
3.36763e+06
3.40225e+06
3.55171e+06
3.65732e+06
3.51512e+06
3.42379e+06
3.49242e+06
3.48506e+06
3.47906e+06
3.48031e+06
3.36024e+06
3.08602e+06
2.98455e+06
2.98857e+06
2.84604e+06
2.72592e+06
2.69316e+06
2.6976e+06
2.72627e+06
2.88133e+06
2.91315e+06
2.94749e+06
3.00189e+06
2.81118e+06
2.64722e+06
2.65354e+06
2.58158e+06
2.42435e+06
2.31215e+06
2.07816e+06
1.92397e+06
1.86072e+06
1.80877e+06
1.71249e+06
1.67111e+06
1.76362e+06
1.9225e+06
2.10426e+06
2.06466e+06
2.10628e+06
1.94526e+06
1.63274e+06
1.32957e+06
1.15247e+06
1.0415e+06
942373
773548
705481
690208
692118
744138
807458
886923
960411
910871
809983
596886
457132
346920
237366
176701
151718
146319
154536
173234
198321
227444
252199
271752
276887
202171
119205
76220
49993
34280
23954
18076
15486
15183
14894
15767
16053
15253
12718
8649
4460
0
0
0
0
0
0
0
0
0
0
0
0
0
0
0
0
0
0
0
0
0
0
0
0
0
0
0
0
0
0
0
0
0
0
0
0
0
0
0
0
0
0
0
0
0
0
0
0
0
0
0
0
0
0
0
0
0
0
0
0
0
0
0
0
0
0
0
0
0
0
0
0
0
0
0
0
0
0
0
0
0
0
0
0
0
0
0
0
0
0
0
0
0
0
0
0
0
0
0
0
0
0
0
0
0
0
0
0
0
0
0
0
0
0
0
0
0
0
0
0
0
0
0
0
0
0
0
0
0
0
0
0
0
0
0
0
0
0
0
0
0
0
0
0
0
0
0
0
0
0
0
0
0
0
0
0
0
0
0
0
0
0
0
0
0
0
0
0
0
0
0
0
0
0
0
0
0
0
0
0
0
0
0
0
0
0
0
0
0
0
0
0
0
0
0
0
0
0
0
0
