251904
0
0
0
0
0
0
0
0
0
16
31
160
506
2052
7615
26512
89321
211193
283062
286266
207142
150758
115061
94541
88487
93088
108254
139195
156057
175500
214756
274081
346992
433112
513023
463029
432176
415482
408622
425331
406232
391146
406910
452073
541013
523462
524121
549995
609771
672147
738926
827639
968907
984325
870171
817202
803248
797650
828930
917185
1.00455e+06
959364
997711
1.08235e+06
1.07475e+06
1.11098e+06
1.21419e+06
1.23357e+06
1.28288e+06
1.40668e+06
1.45032e+06
1.5281e+06
1.7103e+06
1.55071e+06
1.43769e+06
1.39171e+06
1.41195e+06
1.52411e+06
1.58484e+06
1.54251e+06
1.61276e+06
1.68192e+06
1.83501e+06
1.97549e+06
1.97686e+06
2.10246e+06
2.14578e+06
2.31261e+06
2.32147e+06
2.21374e+06
2.21831e+06
2.18058e+06
2.27111e+06
2.18184e+06
2.21546e+06
2.23111e+06
2.36542e+06
2.4026e+06
2.44404e+06
2.58801e+06
2.85214e+06
3.01901e+06
2.99857e+06
3.0841e+06
3.25452e+06
3.30821e+06
3.15417e+06
3.05519e+06
2.93113e+06
2.87108e+06
2.87356e+06
3.02848e+06
3.37824e+06
3.33978e+06
3.37385e+06
3.52357e+06
3.62895e+06
3.48716e+06
3.39601e+06
3.46471e+06
3.4579e+06
3.45189e+06
3.45375e+06
3.33446e+06
3.06067e+06
2.95957e+06
2.96404e+06
2.82208e+06
2.70188e+06
2.66988e+06
2.67411e+06
2.70303e+06
2.85893e+06
2.89093e+06
2.92533e+06
2.97982e+06
2.78957e+06
2.62622e+06
2.63296e+06
2.56161e+06
2.40507e+06
2.29357e+06
2.06042e+06
1.90697e+06
1.84428e+06
1.79274e+06
1.69671e+06
1.6556e+06
1.74848e+06
1.90758e+06
2.08948e+06
2.05042e+06
2.09259e+06
1.9322e+06
1.62059e+06
1.31833e+06
1.14221e+06
1.03205e+06
933475
765356
698089
683257
685654
737880
801480
881110
954684
905613
805393
592673
453413
343799
234695
174324
149598
144325
152685
171413
196621
225745
250608
270352
275624
201106
118270
75542
49473
33830
23628
17800
15286
14963
14735
15661
15949
15185
12673
8636
4460
0
0
0
0
0
0
0
0
0
0
0
0
0
0
0
0
0
0
0
0
0
0
0
0
0
0
0
0
0
0
0
0
0
0
0
0
0
0
0
0
0
0
0
0
0
0
0
0
0
0
0
0
0
0
0
0
0
0
0
0
0
0
0
0
0
0
0
0
0
0
0
0
0
0
0
0
0
0
0
0
0
0
0
0
0
0
0
0
0
0
0
0
0
0
0
0
0
0
0
0
0
0
0
0
0
0
0
0
0
0
0
0
0
0
0
0
0
0
0
0
0
0
0
0
0
0
0
0
0
0
0
0
0
0
0
0
0
0
0
0
0
0
0
0
0
0
0
0
0
0
0
0
0
0
0
0
0
0
0
0
0
0
0
0
0
0
0
0
0
0
0
0
0
0
0
0
0
0
0
0
0
0
0
0
0
0
0
0
0
0
0
0
0
0
0
0
0
0
0
0
