356352
0
0
0
0
0
0
0
0
6
26
77
379
1219
4177
13662
44627
137274
301601
385256
376738
281950
211574
167229
141473
133426
140102
159800
198480
226737
260418
316447
394249
486600
589183
684245
644616
615532
598072
587518
598365
576020
562535
582955
638425
739864
741059
761193
808214
889582
971279
1.05374e+06
1.15409e+06
1.30313e+06
1.32736e+06
1.2192e+06
1.1698e+06
1.15658e+06
1.15603e+06
1.19516e+06
1.29489e+06
1.39255e+06
1.36472e+06
1.42408e+06
1.53179e+06
1.54616e+06
1.6056e+06
1.73029e+06
1.7657e+06
1.82712e+06
1.96515e+06
2.02068e+06
2.11246e+06
2.30222e+06
2.15152e+06
2.0495e+06
2.01554e+06
2.04524e+06
2.17591e+06
2.25687e+06
2.24023e+06
2.33486e+06
2.42754e+06
2.60368e+06
2.76739e+06
2.792e+06
2.93872e+06
2.99805e+06
3.18038e+06
3.20184e+06
3.10767e+06
3.12626e+06
3.1036e+06
3.20968e+06
3.13743e+06
3.19096e+06
3.23313e+06
3.3939e+06
3.45973e+06
3.53108e+06
3.70301e+06
3.98873e+06
4.17708e+06
4.18024e+06
4.2914e+06
4.47963e+06
4.55068e+06
4.41598e+06
4.33262e+06
4.23176e+06
4.18987e+06
4.21451e+06
4.39288e+06
4.76957e+06
4.7642e+06
4.82282e+06
4.96693e+06
5.06898e+06
4.91732e+06
4.81196e+06
4.8681e+06
4.84162e+06
4.81392e+06
4.79536e+06
4.65432e+06
4.35738e+06
4.23631e+06
4.22818e+06
4.06584e+06
3.92512e+06
3.8767e+06
3.8657e+06
3.87337e+06
4.0145e+06
4.03191e+06
4.05447e+06
4.08668e+06
3.87659e+06
3.68968e+06
3.66842e+06
3.57124e+06
3.38486e+06
3.2423e+06
2.9768e+06
2.79462e+06
2.7091e+06
2.62746e+06
2.50868e+06
2.44706e+06
2.52092e+06
2.66547e+06
2.82561e+06
2.75943e+06
2.77024e+06
2.58128e+06
2.23299e+06
1.89223e+06
1.67752e+06
1.52942e+06
1.39406e+06
1.19268e+06
1.09512e+06
1.04943e+06
1.0225e+06
1.05428e+06
1.09917e+06
1.1642e+06
1.22335e+06
1.15636e+06
1.03569e+06
802345
640091
507955
381081
304461
267226
252673
252822
265258
284436
307636
324914
336737
335933
252930
161648
111350
78439
57181
42871
33273
27637
25166
22443
21580
20355
17940
14259
9300
4531
0
0
0
0
0
0
0
0
0
0
0
0
0
0
0
0
0
0
0
0
0
0
0
0
0
0
0
0
0
0
0
0
0
0
0
0
0
0
0
0
0
0
0
0
0
0
0
0
0
0
0
0
0
0
0
0
0
0
0
0
0
0
0
0
0
0
0
0
0
0
0
0
0
0
0
0
0
0
0
0
0
0
0
0
0
0
0
0
0
0
0
0
0
0
0
0
0
0
0
0
0
0
0
0
0
0
0
0
0
0
0
0
0
0
0
0
0
0
0
0
0
0
0
0
0
0
0
0
0
0
0
0
0
0
0
0
0
0
0
0
0
0
0
0
0
0
0
0
0
0
0
0
0
0
0
0
0
0
0
0
0
0
0
0
0
0
0
0
0
0
0
0
0
0
0
0
0
0
0
0
0
0
0
0
0
0
0
0
0
0
0
0
0
0
0
0
0
0
0
0
