651264
0
0
0
0
0
0
0
0
9
39
103
539
1656
5768
18805
59256
187550
541127
886447
714472
482725
352134
282539
247333
238987
250065
282788
343133
401851
475301
597394
757662
918843
1.06437e+06
1.18225e+06
1.16934e+06
1.17364e+06
1.1697e+06
1.11172e+06
1.07224e+06
1.01766e+06
995520
1.0296e+06
1.11694e+06
1.2633e+06
1.33098e+06
1.42999e+06
1.55932e+06
1.72107e+06
1.86406e+06
1.99146e+06
2.11679e+06
2.27667e+06
2.29623e+06
2.19204e+06
2.14812e+06
2.13771e+06
2.14124e+06
2.19486e+06
2.31462e+06
2.45498e+06
2.48469e+06
2.62344e+06
2.81738e+06
2.9106e+06
3.04451e+06
3.23191e+06
3.31432e+06
3.40095e+06
3.54963e+06
3.61977e+06
3.72164e+06
3.93115e+06
3.81626e+06
3.7422e+06
3.7386e+06
3.82713e+06
4.02165e+06
4.17268e+06
4.24106e+06
4.39939e+06
4.56148e+06
4.8101e+06
5.03195e+06
5.10056e+06
5.28576e+06
5.3848e+06
5.60555e+06
5.65497e+06
5.59898e+06
5.65445e+06
5.68912e+06
5.85081e+06
5.85022e+06
5.9813e+06
6.10958e+06
6.33269e+06
6.47398e+06
6.62012e+06
6.84772e+06
7.2055e+06
7.44776e+06
7.49268e+06
7.65491e+06
7.89469e+06
8.0241e+06
7.95279e+06
7.93321e+06
7.89639e+06
7.92112e+06
8.03525e+06
8.28476e+06
8.75293e+06
8.82614e+06
8.93189e+06
9.05958e+06
9.12534e+06
8.92946e+06
8.7808e+06
8.78156e+06
8.69519e+06
8.62089e+06
8.55937e+06
8.37508e+06
8.04396e+06
7.87686e+06
7.81443e+06
7.60916e+06
7.41869e+06
7.30852e+06
7.24623e+06
7.20045e+06
7.2952e+06
7.25747e+06
7.21644e+06
7.18845e+06
6.91136e+06
6.64641e+06
6.55611e+06
6.38136e+06
6.12646e+06
5.91537e+06
5.58997e+06
5.34277e+06
5.20524e+06
5.04251e+06
4.85134e+06
4.71725e+06
4.71836e+06
4.77652e+06
4.85716e+06
4.71354e+06
4.63308e+06
4.35704e+06
3.92659e+06
3.50626e+06
3.20319e+06
2.963e+06
2.73928e+06
2.45331e+06
2.25625e+06
2.11302e+06
1.99786e+06
1.95793e+06
1.93228e+06
1.9359e+06
1.93475e+06
1.81346e+06
1.64387e+06
1.36292e+06
1.15585e+06
984821
818844
704586
630451
586190
552706
532696
528362
525809
521447
513011
491951
389301
280196
210624
161284
129184
103314
81687
66061
54437
44548
36909
31217
24412
18121
10867
4767
0
0
0
0
0
0
0
0
0
0
0
0
0
0
0
0
0
0
0
0
0
0
0
0
0
0
0
0
0
0
0
0
0
0
0
0
0
0
0
0
0
0
0
0
0
0
0
0
0
0
0
0
0
0
0
0
0
0
0
0
0
0
0
0
0
0
0
0
0
0
0
0
0
0
0
0
0
0
0
0
0
0
0
0
0
0
0
0
0
0
0
0
0
0
0
0
0
0
0
0
0
0
0
0
0
0
0
0
0
0
0
0
0
0
0
0
0
0
0
0
0
0
0
0
0
0
0
0
0
0
0
0
0
0
0
0
0
0
0
0
0
0
0
0
0
0
0
0
0
0
0
0
0
0
0
0
0
0
0
0
0
0
0
0
0
0
0
0
0
0
0
0
0
0
0
0
0
0
0
0
0
0
0
0
0
0
0
0
0
0
0
0
0
0
0
0
0
0
0
0
