423936
0
0
0
0
0
0
0
0
9
39
101
515
1607
5612
18185
56439
168178
360092
450667
434822
329463
251072
201008
172513
163408
170096
193276
237698
273422
314773
382076
473157
576282
689587
794348
761452
733126
715505
701364
710346
687409
674634
699050
759731
870068
882423
915341
974324
1.06867e+06
1.16307e+06
1.25737e+06
1.36438e+06
1.52062e+06
1.54871e+06
1.4438e+06
1.39529e+06
1.38451e+06
1.38813e+06
1.4323e+06
1.53985e+06
1.64699e+06
1.63142e+06
1.70223e+06
1.82402e+06
1.85014e+06
1.92423e+06
2.06126e+06
2.10919e+06
2.17896e+06
2.32658e+06
2.3893e+06
2.48628e+06
2.68244e+06
2.54045e+06
2.44424e+06
2.41779e+06
2.45623e+06
2.60399e+06
2.69854e+06
2.69662e+06
2.80531e+06
2.9092e+06
3.0999e+06
3.27853e+06
3.31348e+06
3.47579e+06
3.546e+06
3.73896e+06
3.76874e+06
3.684e+06
3.71232e+06
3.70127e+06
3.81578e+06
3.76135e+06
3.83247e+06
3.8889e+06
4.06517e+06
4.14633e+06
4.2355e+06
4.42128e+06
4.72044e+06
4.92359e+06
4.93914e+06
5.06474e+06
5.26437e+06
5.35114e+06
5.23216e+06
5.16009e+06
5.06904e+06
5.04854e+06
5.08876e+06
5.28656e+06
5.6748e+06
5.6932e+06
5.76701e+06
5.90256e+06
5.99644e+06
5.83739e+06
5.72208e+06
5.76449e+06
5.72706e+06
5.68865e+06
5.65987e+06
5.50927e+06
5.20096e+06
5.06818e+06
5.05309e+06
4.87485e+06
4.72422e+06
4.66156e+06
4.6378e+06
4.63569e+06
4.76696e+06
4.77014e+06
4.77704e+06
4.79628e+06
4.57386e+06
4.36908e+06
4.33245e+06
4.21915e+06
4.01479e+06
3.85576e+06
3.57505e+06
3.3776e+06
3.27669e+06
3.18102e+06
3.0438e+06
2.96666e+06
3.02526e+06
3.14897e+06
3.29124e+06
3.2082e+06
3.19847e+06
2.98963e+06
2.62374e+06
2.26199e+06
2.02638e+06
1.85761e+06
1.70193e+06
1.47879e+06
1.36002e+06
1.29325e+06
1.24464e+06
1.25999e+06
1.28919e+06
1.34207e+06
1.38782e+06
1.30885e+06
1.17581e+06
932473
759027
616413
480352
394680
349260
328065
321319
327041
340775
358305
370889
377279
371645
284093
188383
134532
98074
73539
56174
44276
36343
32017
27519
25267
22998
19530
15106
9550
4563
0
0
0
0
0
0
0
0
0
0
0
0
0
0
0
0
0
0
0
0
0
0
0
0
0
0
0
0
0
0
0
0
0
0
0
0
0
0
0
0
0
0
0
0
0
0
0
0
0
0
0
0
0
0
0
0
0
0
0
0
0
0
0
0
0
0
0
0
0
0
0
0
0
0
0
0
0
0
0
0
0
0
0
0
0
0
0
0
0
0
0
0
0
0
0
0
0
0
0
0
0
0
0
0
0
0
0
0
0
0
0
0
0
0
0
0
0
0
0
0
0
0
0
0
0
0
0
0
0
0
0
0
0
0
0
0
0
0
0
0
0
0
0
0
0
0
0
0
0
0
0
0
0
0
0
0
0
0
0
0
0
0
0
0
0
0
0
0
0
0
0
0
0
0
0
0
0
0
0
0
0
0
0
0
0
0
0
0
0
0
0
0
0
0
0
0
0
0
0
0
