798720
0
0
0
0
0
0
0
0
9
39
103
539
1656
5768
18805
59256
187550
595920
1.24978e+06
933378
578922
409920
326705
288996
280271
294216
335041
402024
477648
574762
733594
945589
1.15742e+06
1.33065e+06
1.4374e+06
1.41961e+06
1.45769e+06
1.48849e+06
1.40344e+06
1.31058e+06
1.21887e+06
1.19082e+06
1.22266e+06
1.32032e+06
1.49922e+06
1.60711e+06
1.76208e+06
1.94799e+06
2.16266e+06
2.34252e+06
2.49496e+06
2.62009e+06
2.77239e+06
2.78042e+06
2.66918e+06
2.63802e+06
2.62647e+06
2.62701e+06
2.67468e+06
2.79162e+06
2.95512e+06
3.0218e+06
3.21306e+06
3.46382e+06
3.60886e+06
3.79372e+06
4.01925e+06
4.11936e+06
4.20448e+06
4.34926e+06
4.41988e+06
4.52412e+06
4.73226e+06
4.6281e+06
4.55978e+06
4.58554e+06
4.70041e+06
4.92225e+06
5.12543e+06
5.2375e+06
5.44112e+06
5.66002e+06
5.93733e+06
6.1837e+06
6.27306e+06
6.47647e+06
6.58382e+06
6.80927e+06
6.87036e+06
6.83443e+06
6.8945e+06
6.96314e+06
7.16456e+06
7.19099e+06
7.36334e+06
7.53821e+06
7.8183e+06
7.9949e+06
8.17698e+06
8.44785e+06
8.83575e+06
9.0966e+06
9.1417e+06
9.33409e+06
9.59692e+06
9.75202e+06
9.70992e+06
9.71085e+06
9.71802e+06
9.79617e+06
9.94115e+06
1.02203e+07
1.07443e+07
1.08509e+07
1.09979e+07
1.11159e+07
1.117e+07
1.09606e+07
1.07707e+07
1.07281e+07
1.06213e+07
1.05185e+07
1.0427e+07
1.02147e+07
9.88399e+06
9.70159e+06
9.61829e+06
9.3854e+06
9.16836e+06
9.02692e+06
8.92608e+06
8.87226e+06
8.93298e+06
8.87207e+06
8.81097e+06
8.74094e+06
8.42208e+06
8.1171e+06
7.99882e+06
7.7842e+06
7.48237e+06
7.258e+06
6.89992e+06
6.62732e+06
6.44902e+06
6.24677e+06
6.02385e+06
5.85205e+06
5.81591e+06
5.83962e+06
5.87689e+06
5.69041e+06
5.56299e+06
5.24029e+06
4.76947e+06
4.30652e+06
3.96074e+06
3.68703e+06
3.42048e+06
3.08107e+06
2.83296e+06
2.65062e+06
2.48773e+06
2.41178e+06
2.35039e+06
2.32254e+06
2.2874e+06
2.13726e+06
1.9445e+06
1.64267e+06
1.41618e+06
1.22615e+06
1.03952e+06
906918
810880
748706
703060
667892
652437
632970
618401
601911
569949
456914
338549
262038
204836
165719
131003
106914
84932
68924
55393
44447
36154
27516
20091
11438
4832
0
0
0
0
0
0
0
0
0
0
0
0
0
0
0
0
0
0
0
0
0
0
0
0
0
0
0
0
0
0
0
0
0
0
0
0
0
0
0
0
0
0
0
0
0
0
0
0
0
0
0
0
0
0
0
0
0
0
0
0
0
0
0
0
0
0
0
0
0
0
0
0
0
0
0
0
0
0
0
0
0
0
0
0
0
0
0
0
0
0
0
0
0
0
0
0
0
0
0
0
0
0
0
0
0
0
0
0
0
0
0
0
0
0
0
0
0
0
0
0
0
0
0
0
0
0
0
0
0
0
0
0
0
0
0
0
0
0
0
0
0
0
0
0
0
0
0
0
0
0
0
0
0
0
0
0
0
0
0
0
0
0
0
0
0
0
0
0
0
0
0
0
0
0
0
0
0
0
0
0
0
0
0
0
0
0
0
0
0
0
0
0
0
0
0
0
0
0
0
0
