391168
0
0
0
0
0
0
0
0
9
33
83
450
1419
4945
15948
50747
153521
331687
418596
406438
306329
232145
184725
157621
149050
155578
177168
218512
250430
288193
350153
434931
533234
641343
740983
704954
675459
658598
646186
655936
633231
620128
642832
700543
807137
814245
840900
894290
981555
1.07062e+06
1.15839e+06
1.26227e+06
1.415e+06
1.44142e+06
1.3351e+06
1.28565e+06
1.2736e+06
1.27532e+06
1.31774e+06
1.42139e+06
1.5235e+06
1.50247e+06
1.56732e+06
1.68203e+06
1.70315e+06
1.76954e+06
1.9005e+06
1.94348e+06
2.00805e+06
2.15067e+06
2.21005e+06
2.30529e+06
2.4987e+06
2.35187e+06
2.2528e+06
2.22323e+06
2.25674e+06
2.39605e+06
2.48385e+06
2.47666e+06
2.577e+06
2.6749e+06
2.85876e+06
3.03158e+06
3.06117e+06
3.21501e+06
3.27943e+06
3.469e+06
3.49361e+06
3.40516e+06
3.42881e+06
3.41139e+06
3.52094e+06
3.45774e+06
3.52113e+06
3.57118e+06
3.74107e+06
3.81395e+06
3.89372e+06
4.07222e+06
4.36552e+06
4.56158e+06
4.57091e+06
4.68992e+06
4.88446e+06
4.96343e+06
4.83705e+06
4.75939e+06
4.66264e+06
4.63151e+06
4.66413e+06
4.8536e+06
5.23613e+06
5.2424e+06
5.30878e+06
5.44838e+06
5.54748e+06
5.39192e+06
5.28065e+06
5.32971e+06
5.29847e+06
5.26459e+06
5.24242e+06
5.09452e+06
4.79159e+06
4.66445e+06
4.65268e+06
4.48175e+06
4.33656e+06
4.28242e+06
4.26269e+06
4.2642e+06
4.40203e+06
4.41086e+06
4.42624e+06
4.45346e+06
4.23617e+06
4.04063e+06
4.01205e+06
3.9062e+06
3.71055e+06
3.55848e+06
3.28481e+06
3.0945e+06
2.99978e+06
2.9121e+06
2.78465e+06
2.7127e+06
2.77915e+06
2.9144e+06
3.06638e+06
2.99101e+06
2.99238e+06
2.79326e+06
2.43591e+06
2.08268e+06
1.857e+06
1.69805e+06
1.55138e+06
1.33888e+06
1.23031e+06
1.17477e+06
1.13658e+06
1.16004e+06
1.19738e+06
1.25677e+06
1.30852e+06
1.23526e+06
1.10843e+06
869945
701709
563788
432194
350880
309070
290888
287484
296619
313517
333871
348710
357875
354647
269119
175755
123289
88512
65525
49518
38953
32149
28624
25120
23434
21653
18765
14688
9454
4544
0
0
0
0
0
0
0
0
0
0
0
0
0
0
0
0
0
0
0
0
0
0
0
0
0
0
0
0
0
0
0
0
0
0
0
0
0
0
0
0
0
0
0
0
0
0
0
0
0
0
0
0
0
0
0
0
0
0
0
0
0
0
0
0
0
0
0
0
0
0
0
0
0
0
0
0
0
0
0
0
0
0
0
0
0
0
0
0
0
0
0
0
0
0
0
0
0
0
0
0
0
0
0
0
0
0
0
0
0
0
0
0
0
0
0
0
0
0
0
0
0
0
0
0
0
0
0
0
0
0
0
0
0
0
0
0
0
0
0
0
0
0
0
0
0
0
0
0
0
0
0
0
0
0
0
0
0
0
0
0
0
0
0
0
0
0
0
0
0
0
0
0
0
0
0
0
0
0
0
0
0
0
0
0
0
0
0
0
0
0
0
0
0
0
0
0
0
0
0
0
