571392
0
0
0
0
0
0
0
0
9
39
103
539
1656
5768
18805
59256
187535
498421
699932
604145
431725
319955
257362
223817
214419
224156
254341
308210
359232
422707
522597
655011
791747
926909
1.04529e+06
1.02936e+06
1.01678e+06
1.0011e+06
960928
945743
907616
888859
920141
997487
1.13264e+06
1.17593e+06
1.24928e+06
1.35094e+06
1.48716e+06
1.61089e+06
1.72635e+06
1.84453e+06
2.00742e+06
2.0351e+06
1.9308e+06
1.88593e+06
1.87415e+06
1.87819e+06
1.93143e+06
2.04801e+06
2.1773e+06
2.19155e+06
2.30244e+06
2.46701e+06
2.53377e+06
2.64472e+06
2.81303e+06
2.88659e+06
2.96637e+06
3.11519e+06
3.18805e+06
3.28874e+06
3.49491e+06
3.37274e+06
3.2922e+06
3.27942e+06
3.34665e+06
3.52851e+06
3.65724e+06
3.69708e+06
3.84155e+06
3.97805e+06
4.20161e+06
4.40728e+06
4.46819e+06
4.64725e+06
4.73783e+06
4.95029e+06
4.99615e+06
4.93179e+06
4.97164e+06
4.99412e+06
5.13804e+06
5.12048e+06
5.22811e+06
5.33053e+06
5.53745e+06
5.65342e+06
5.7774e+06
5.99378e+06
6.32704e+06
6.55757e+06
6.59187e+06
6.7453e+06
6.97092e+06
7.08662e+06
7.00046e+06
6.95982e+06
6.90871e+06
6.9154e+06
6.99931e+06
7.23135e+06
7.67166e+06
7.7263e+06
7.82325e+06
7.94579e+06
8.02019e+06
7.83896e+06
7.70156e+06
7.71968e+06
7.6555e+06
7.59473e+06
7.53934e+06
7.37057e+06
7.04651e+06
6.89345e+06
6.84647e+06
6.64878e+06
6.47082e+06
6.37445e+06
6.3314e+06
6.3035e+06
6.4071e+06
6.37838e+06
6.3566e+06
6.34979e+06
6.08971e+06
5.84382e+06
5.77506e+06
5.62122e+06
5.38707e+06
5.19248e+06
4.87919e+06
4.65455e+06
4.53128e+06
4.38924e+06
4.21482e+06
4.1041e+06
4.12003e+06
4.2038e+06
4.3056e+06
4.18294e+06
4.12526e+06
3.87833e+06
3.47217e+06
3.07157e+06
2.78906e+06
2.57394e+06
2.37377e+06
2.11227e+06
1.94437e+06
1.82751e+06
1.73271e+06
1.70966e+06
1.70518e+06
1.72689e+06
1.74272e+06
1.6364e+06
1.47728e+06
1.21041e+06
1.01724e+06
856217
700744
595870
531979
494846
472218
460713
463632
467132
467496
464558
449613
351779
247457
183627
139647
109346
86744
68616
56292
47054
38473
32716
28353
22835
16939
10415
4698
0
0
0
0
0
0
0
0
0
0
0
0
0
0
0
0
0
0
0
0
0
0
0
0
0
0
0
0
0
0
0
0
0
0
0
0
0
0
0
0
0
0
0
0
0
0
0
0
0
0
0
0
0
0
0
0
0
0
0
0
0
0
0
0
0
0
0
0
0
0
0
0
0
0
0
0
0
0
0
0
0
0
0
0
0
0
0
0
0
0
0
0
0
0
0
0
0
0
0
0
0
0
0
0
0
0
0
0
0
0
0
0
0
0
0
0
0
0
0
0
0
0
0
0
0
0
0
0
0
0
0
0
0
0
0
0
0
0
0
0
0
0
0
0
0
0
0
0
0
0
0
0
0
0
0
0
0
0
0
0
0
0
0
0
0
0
0
0
0
0
0
0
0
0
0
0
0
0
0
0
0
0
0
0
0
0
0
0
0
0
0
0
0
0
0
0
0
0
0
0
