604160
0
0
0
0
0
0
0
0
9
39
103
539
1656
5768
18805
59256
187541
517625
775124
648297
452610
333266
268002
233541
224653
234859
266152
323002
376823
444334
553405
696537
843947
982937
1.101e+06
1.08755e+06
1.08129e+06
1.06948e+06
1.02225e+06
997411
952949
932589
965782
1.04736e+06
1.18723e+06
1.23986e+06
1.32338e+06
1.43592e+06
1.58225e+06
1.71446e+06
1.83453e+06
1.95588e+06
2.11777e+06
2.14251e+06
2.03806e+06
1.99338e+06
1.9825e+06
1.98614e+06
2.03936e+06
2.15719e+06
2.29299e+06
2.3124e+06
2.43318e+06
2.61145e+06
2.68798e+06
2.80832e+06
2.98435e+06
3.06236e+06
3.14377e+06
3.29322e+06
3.36405e+06
3.46624e+06
3.67426e+06
3.55671e+06
3.47676e+06
3.46768e+06
3.54395e+06
3.73112e+06
3.86809e+06
3.92086e+06
4.07096e+06
4.21832e+06
4.45029e+06
4.66188e+06
4.7272e+06
4.90976e+06
5.00258e+06
5.2192e+06
5.26598e+06
5.20447e+06
5.25341e+06
5.2797e+06
5.43209e+06
5.41842e+06
5.53836e+06
5.65064e+06
5.86268e+06
5.99124e+06
6.12219e+06
6.34416e+06
6.68671e+06
6.92127e+06
6.9605e+06
7.11901e+06
7.35194e+06
7.47169e+06
7.39083e+06
7.35829e+06
7.31316e+06
7.32875e+06
7.42556e+06
7.66369e+06
8.11494e+06
8.17774e+06
8.27922e+06
8.40258e+06
8.4712e+06
8.2861e+06
8.14438e+06
8.15596e+06
8.08053e+06
8.01565e+06
7.95955e+06
7.78221e+06
7.45828e+06
7.29652e+06
7.24025e+06
7.04376e+06
6.86022e+06
6.75764e+06
6.70627e+06
6.67304e+06
6.77094e+06
6.73817e+06
6.70871e+06
6.69429e+06
6.42625e+06
6.17394e+06
6.09625e+06
5.93147e+06
5.69239e+06
5.48776e+06
5.17132e+06
4.93624e+06
4.80946e+06
4.65647e+06
4.47584e+06
4.35668e+06
4.36414e+06
4.43748e+06
4.53332e+06
4.40058e+06
4.33287e+06
4.07481e+06
3.659e+06
3.24931e+06
2.96068e+06
2.73314e+06
2.52374e+06
2.25164e+06
2.07212e+06
1.94529e+06
1.84125e+06
1.81195e+06
1.79849e+06
1.81121e+06
1.82161e+06
1.70934e+06
1.5454e+06
1.27306e+06
1.0745e+06
909197
748937
640301
572864
532681
504713
490225
489736
491644
489598
484221
466894
367563
260630
194685
148560
117509
93528
73882
60303
50119
41069
34439
29479
23451
17458
10629
4721
0
0
0
0
0
0
0
0
0
0
0
0
0
0
0
0
0
0
0
0
0
0
0
0
0
0
0
0
0
0
0
0
0
0
0
0
0
0
0
0
0
0
0
0
0
0
0
0
0
0
0
0
0
0
0
0
0
0
0
0
0
0
0
0
0
0
0
0
0
0
0
0
0
0
0
0
0
0
0
0
0
0
0
0
0
0
0
0
0
0
0
0
0
0
0
0
0
0
0
0
0
0
0
0
0
0
0
0
0
0
0
0
0
0
0
0
0
0
0
0
0
0
0
0
0
0
0
0
0
0
0
0
0
0
0
0
0
0
0
0
0
0
0
0
0
0
0
0
0
0
0
0
0
0
0
0
0
0
0
0
0
0
0
0
0
0
0
0
0
0
0
0
0
0
0
0
0
0
0
0
0
0
0
0
0
0
0
0
0
0
0
0
0
0
0
0
0
0
0
0
