466944
0
0
0
0
0
0
0
0
9
39
103
539
1656
5768
18796
59087
182549
403903
504460
477224
359796
273853
220211
189482
180168
187789
213430
260100
299851
348241
423681
524011
635853
755815
866647
839051
811958
793709
775658
780087
754890
740886
768653
834543
950669
970452
1.01176e+06
1.08156e+06
1.18562e+06
1.28887e+06
1.39052e+06
1.50157e+06
1.6607e+06
1.6903e+06
1.5862e+06
1.54047e+06
1.52717e+06
1.53323e+06
1.5815e+06
1.69236e+06
1.8055e+06
1.79761e+06
1.87908e+06
2.01048e+06
2.04543e+06
2.13012e+06
2.27575e+06
2.33132e+06
2.40616e+06
2.55689e+06
2.62314e+06
2.72175e+06
2.92166e+06
2.78599e+06
2.69425e+06
2.67139e+06
2.71683e+06
2.87626e+06
2.97963e+06
2.98771e+06
3.10462e+06
3.21677e+06
3.4197e+06
3.60633e+06
3.64874e+06
3.8155e+06
3.89215e+06
4.09298e+06
4.12815e+06
4.05172e+06
4.08287e+06
4.0796e+06
4.20316e+06
4.15931e+06
4.23926e+06
4.30761e+06
4.49255e+06
4.58328e+06
4.68356e+06
4.87984e+06
5.18946e+06
5.3979e+06
5.4206e+06
5.55566e+06
5.7635e+06
5.85726e+06
5.74902e+06
5.68697e+06
5.6074e+06
5.59489e+06
5.64682e+06
5.85384e+06
6.25427e+06
6.2835e+06
6.36665e+06
6.49674e+06
6.58593e+06
6.4218e+06
6.29947e+06
6.33426e+06
6.29215e+06
6.24263e+06
6.20614e+06
6.05439e+06
5.74105e+06
5.59868e+06
5.57764e+06
5.39496e+06
5.23272e+06
5.16127e+06
5.13409e+06
5.11999e+06
5.24389e+06
5.23901e+06
5.23677e+06
5.24938e+06
5.01517e+06
4.7992e+06
4.75324e+06
4.63081e+06
4.41638e+06
4.24415e+06
3.95489e+06
3.74806e+06
3.64379e+06
3.53337e+06
3.3867e+06
3.29746e+06
3.34408e+06
3.45634e+06
3.58612e+06
3.49298e+06
3.47026e+06
3.248e+06
2.87174e+06
2.49958e+06
2.24864e+06
2.0673e+06
1.89836e+06
1.66272e+06
1.52946e+06
1.44988e+06
1.38659e+06
1.38998e+06
1.41006e+06
1.45406e+06
1.49222e+06
1.40411e+06
1.26369e+06
1.01444e+06
834361
685676
543659
453291
402370
376942
365815
366667
377361
390489
399125
402431
393651
303772
205334
149029
110337
84164
64625
51192
42096
36585
30915
27579
24674
20408
15584
9775
4585
0
0
0
0
0
0
0
0
0
0
0
0
0
0
0
0
0
0
0
0
0
0
0
0
0
0
0
0
0
0
0
0
0
0
0
0
0
0
0
0
0
0
0
0
0
0
0
0
0
0
0
0
0
0
0
0
0
0
0
0
0
0
0
0
0
0
0
0
0
0
0
0
0
0
0
0
0
0
0
0
0
0
0
0
0
0
0
0
0
0
0
0
0
0
0
0
0
0
0
0
0
0
0
0
0
0
0
0
0
0
0
0
0
0
0
0
0
0
0
0
0
0
0
0
0
0
0
0
0
0
0
0
0
0
0
0
0
0
0
0
0
0
0
0
0
0
0
0
0
0
0
0
0
0
0
0
0
0
0
0
0
0
0
0
0
0
0
0
0
0
0
0
0
0
0
0
0
0
0
0
0
0
0
0
0
0
0
0
0
0
0
0
0
0
0
0
0
0
0
0
