227328
0
0
0
0
0
0
0
0
0
13
20
116
379
1612
6299
22540
78141
189612
258968
264437
189550
136003
102708
83415
77991
82054
96431
125502
140317
156124
191196
245918
313990
395805
472544
419723
387776
372319
366792
384372
365930
351080
365194
408773
494956
473569
468640
489600
544829
602687
664572
749348
888970
901765
786801
734216
720052
714070
743511
829094
913684
864563
897778
976890
963911
996169
1.09365e+06
1.10764e+06
1.15312e+06
1.27315e+06
1.31448e+06
1.3906e+06
1.57136e+06
1.40997e+06
1.29385e+06
1.24502e+06
1.2616e+06
1.37195e+06
1.42859e+06
1.38023e+06
1.44363e+06
1.50726e+06
1.65407e+06
1.78866e+06
1.78321e+06
1.9054e+06
1.94404e+06
2.10829e+06
2.1128e+06
2.00197e+06
2.00396e+06
1.9635e+06
2.05137e+06
1.95774e+06
1.98671e+06
1.99664e+06
2.12379e+06
2.15667e+06
2.19142e+06
2.32542e+06
2.58363e+06
2.74464e+06
2.71866e+06
2.79926e+06
2.9634e+06
3.01568e+06
2.8562e+06
2.7521e+06
2.6242e+06
2.56208e+06
2.55891e+06
2.71053e+06
3.05374e+06
3.00844e+06
3.03547e+06
3.18473e+06
3.28947e+06
3.14975e+06
3.0602e+06
3.13062e+06
3.12817e+06
3.12853e+06
3.13641e+06
3.02308e+06
2.75774e+06
2.66023e+06
2.6695e+06
2.53234e+06
2.41845e+06
2.38991e+06
2.39622e+06
2.42841e+06
2.58774e+06
2.62147e+06
2.6581e+06
2.71508e+06
2.52836e+06
2.37047e+06
2.38658e+06
2.32174e+06
2.17246e+06
2.07197e+06
1.84803e+06
1.70363e+06
1.64795e+06
1.60266e+06
1.50968e+06
1.47237e+06
1.56616e+06
1.72725e+06
1.90999e+06
1.87561e+06
1.92711e+06
1.77495e+06
1.47497e+06
1.183e+06
1.01817e+06
918760
829411
670448
610237
600691
608316
662879
728362
809907
885584
841690
747454
541537
409614
306661
203425
146692
124323
121162
130869
150555
175968
205099
231170
252652
260164
187757
107497
67269
43032
28779
19599
14683
12728
12790
12949
14233
14822
14247
12067
8394
4442
0
0
0
0
0
0
0
0
0
0
0
0
0
0
0
0
0
0
0
0
0
0
0
0
0
0
0
0
0
0
0
0
0
0
0
0
0
0
0
0
0
0
0
0
0
0
0
0
0
0
0
0
0
0
0
0
0
0
0
0
0
0
0
0
0
0
0
0
0
0
0
0
0
0
0
0
0
0
0
0
0
0
0
0
0
0
0
0
0
0
0
0
0
0
0
0
0
0
0
0
0
0
0
0
0
0
0
0
0
0
0
0
0
0
0
0
0
0
0
0
0
0
0
0
0
0
0
0
0
0
0
0
0
0
0
0
0
0
0
0
0
0
0
0
0
0
0
0
0
0
0
0
0
0
0
0
0
0
0
0
0
0
0
0
0
0
0
0
0
0
0
0
0
0
0
0
0
0
0
0
0
0
0
0
0
0
0
0
0
0
0
0
0
0
0
0
0
0
0
0
