802816
0
0
0
0
0
0
0
0
9
39
103
539
1656
5768
18805
59256
187550
597192
1.25998e+06
939724
581587
411540
327902
290074
281419
295516
336375
403622
479731
577477
737311
950734
1.16428e+06
1.33813e+06
1.44455e+06
1.42654e+06
1.46548e+06
1.49734e+06
1.41175e+06
1.31721e+06
1.22453e+06
1.1961e+06
1.22785e+06
1.32601e+06
1.50571e+06
1.61468e+06
1.77107e+06
1.95878e+06
2.17494e+06
2.35606e+06
2.50931e+06
2.6342e+06
2.78602e+06
2.79382e+06
2.68242e+06
2.65155e+06
2.64007e+06
2.64071e+06
2.6878e+06
2.80488e+06
2.96872e+06
3.03674e+06
3.22925e+06
3.4819e+06
3.62806e+06
3.81464e+06
4.04148e+06
4.14181e+06
4.22699e+06
4.37163e+06
4.44194e+06
4.54669e+06
4.75413e+06
4.65048e+06
4.58278e+06
4.60869e+06
4.72473e+06
4.94718e+06
5.15159e+06
5.26516e+06
5.47016e+06
5.69076e+06
5.96865e+06
6.21571e+06
6.30585e+06
6.50954e+06
6.61746e+06
6.84303e+06
6.90398e+06
6.8682e+06
6.9288e+06
6.99867e+06
7.20068e+06
7.22828e+06
7.40144e+06
7.57793e+06
7.85984e+06
8.03727e+06
8.22023e+06
8.49239e+06
8.88099e+06
9.14294e+06
9.18704e+06
9.38122e+06
9.64385e+06
9.80047e+06
9.75828e+06
9.76001e+06
9.76828e+06
9.84816e+06
9.99405e+06
1.02741e+07
1.08e+07
1.09073e+07
1.10554e+07
1.1173e+07
1.12271e+07
1.10166e+07
1.08255e+07
1.07822e+07
1.06751e+07
1.05714e+07
1.04792e+07
1.02654e+07
9.93484e+06
9.7524e+06
9.66825e+06
9.43477e+06
9.21676e+06
9.07504e+06
8.97281e+06
8.91868e+06
8.97879e+06
8.91695e+06
8.8549e+06
8.78408e+06
8.46416e+06
8.15785e+06
8.03859e+06
7.82309e+06
7.52016e+06
7.29504e+06
6.93664e+06
6.66287e+06
6.48388e+06
6.28027e+06
6.05636e+06
5.88375e+06
5.8462e+06
5.86896e+06
5.90515e+06
5.71761e+06
5.58882e+06
5.26486e+06
4.79315e+06
4.32858e+06
3.9817e+06
3.70719e+06
3.43936e+06
3.0983e+06
2.84909e+06
2.66583e+06
2.50133e+06
2.42452e+06
2.36189e+06
2.33316e+06
2.29722e+06
2.1462e+06
1.95285e+06
1.65044e+06
1.42341e+06
1.23289e+06
1.04567e+06
912501
815829
753271
707256
671507
655895
636047
621133
604326
572097
458793
340214
263475
206028
166729
131810
107575
85496
69314
55673
44682
36288
27599
20138
11452
4834
0
0
0
0
0
0
0
0
0
0
0
0
0
0
0
0
0
0
0
0
0
0
0
0
0
0
0
0
0
0
0
0
0
0
0
0
0
0
0
0
0
0
0
0
0
0
0
0
0
0
0
0
0
0
0
0
0
0
0
0
0
0
0
0
0
0
0
0
0
0
0
0
0
0
0
0
0
0
0
0
0
0
0
0
0
0
0
0
0
0
0
0
0
0
0
0
0
0
0
0
0
0
0
0
0
0
0
0
0
0
0
0
0
0
0
0
0
0
0
0
0
0
0
0
0
0
0
0
0
0
0
0
0
0
0
0
0
0
0
0
0
0
0
0
0
0
0
0
0
0
0
0
0
0
0
0
0
0
0
0
0
0
0
0
0
0
0
0
0
0
0
0
0
0
0
0
0
0
0
0
0
0
0
0
0
0
0
0
0
0
0
0
0
0
0
0
0
0
0
0
