499712
0
0
0
0
0
0
0
0
9
39
103
539
1656
5768
18805
59246
186439
438896
556455
514098
382954
289591
232842
200888
191460
199706
227018
275698
319186
372827
455397
563739
683352
807026
922601
900154
876110
855716
832585
832397
804146
788619
818696
886399
1.00913e+06
1.03622e+06
1.08653e+06
1.16518e+06
1.27887e+06
1.38864e+06
1.49309e+06
1.60743e+06
1.76839e+06
1.79919e+06
1.6951e+06
1.64904e+06
1.63566e+06
1.64289e+06
1.69252e+06
1.80557e+06
1.92396e+06
1.92202e+06
2.01216e+06
2.15393e+06
2.19758e+06
2.28976e+06
2.44243e+06
2.50405e+06
2.58016e+06
2.73173e+06
2.80129e+06
2.89931e+06
3.1022e+06
2.97005e+06
2.88346e+06
2.86402e+06
2.91646e+06
3.08225e+06
3.19183e+06
3.21015e+06
3.33499e+06
3.45414e+06
3.66322e+06
3.85626e+06
3.90584e+06
4.07534e+06
4.15746e+06
4.36164e+06
4.40106e+06
4.32891e+06
4.36164e+06
4.36781e+06
4.49721e+06
4.46133e+06
4.5509e+06
4.62992e+06
4.82029e+06
4.91702e+06
5.02589e+06
5.22759e+06
5.54575e+06
5.76035e+06
5.78797e+06
5.93025e+06
6.14126e+06
6.24296e+06
6.14203e+06
6.08838e+06
6.01661e+06
6.009e+06
6.07147e+06
6.28498e+06
6.69956e+06
6.73804e+06
6.8239e+06
6.94866e+06
7.03649e+06
6.86445e+06
6.73845e+06
6.76854e+06
6.72076e+06
6.66719e+06
6.62458e+06
6.46607e+06
6.14985e+06
6.00685e+06
5.97794e+06
5.7875e+06
5.62136e+06
5.54217e+06
5.51034e+06
5.49097e+06
5.6089e+06
5.59456e+06
5.58738e+06
5.59502e+06
5.35356e+06
5.1257e+06
5.075e+06
4.94164e+06
4.72063e+06
4.54053e+06
4.24365e+06
4.03305e+06
3.92296e+06
3.80296e+06
3.64828e+06
3.54927e+06
3.58812e+06
3.68995e+06
3.81054e+06
3.70917e+06
3.67687e+06
3.44528e+06
3.06034e+06
2.67781e+06
2.41807e+06
2.22747e+06
2.04686e+06
1.80403e+06
1.66122e+06
1.56834e+06
1.49513e+06
1.48968e+06
1.50304e+06
1.53958e+06
1.57095e+06
1.476e+06
1.33082e+06
1.07595e+06
891382
738713
593097
498707
442744
413893
399227
396566
404542
414370
420407
421931
411103
318888
218545
159755
119747
91971
71616
56563
46484
40055
33309
29306
25822
21107
16016
9928
4621
0
0
0
0
0
0
0
0
0
0
0
0
0
0
0
0
0
0
0
0
0
0
0
0
0
0
0
0
0
0
0
0
0
0
0
0
0
0
0
0
0
0
0
0
0
0
0
0
0
0
0
0
0
0
0
0
0
0
0
0
0
0
0
0
0
0
0
0
0
0
0
0
0
0
0
0
0
0
0
0
0
0
0
0
0
0
0
0
0
0
0
0
0
0
0
0
0
0
0
0
0
0
0
0
0
0
0
0
0
0
0
0
0
0
0
0
0
0
0
0
0
0
0
0
0
0
0
0
0
0
0
0
0
0
0
0
0
0
0
0
0
0
0
0
0
0
0
0
0
0
0
0
0
0
0
0
0
0
0
0
0
0
0
0
0
0
0
0
0
0
0
0
0
0
0
0
0
0
0
0
0
0
0
0
0
0
0
0
0
0
0
0
0
0
0
0
0
0
0
0
