464896
0
0
0
0
0
0
0
0
9
39
103
539
1656
5768
18795
59055
182089
401705
501557
475044
358296
272859
219348
188722
179441
187041
212514
259087
298645
346647
421703
521563
632987
752556
863182
835267
808093
789939
772068
776738
751777
737792
765512
831224
946942
966264
1.0072e+06
1.0763e+06
1.17987e+06
1.28273e+06
1.38421e+06
1.49493e+06
1.65394e+06
1.68359e+06
1.57947e+06
1.53352e+06
1.52049e+06
1.52632e+06
1.57452e+06
1.6851e+06
1.79816e+06
1.78973e+06
1.87073e+06
2.00158e+06
2.03587e+06
2.12037e+06
2.26544e+06
2.32052e+06
2.39526e+06
2.5459e+06
2.61227e+06
2.71049e+06
2.91036e+06
2.77432e+06
2.6824e+06
2.6593e+06
2.70445e+06
2.86321e+06
2.96649e+06
2.97368e+06
3.09035e+06
3.20224e+06
3.40437e+06
3.59055e+06
3.63279e+06
3.79928e+06
3.87572e+06
4.07609e+06
4.11108e+06
4.0344e+06
4.0651e+06
4.0618e+06
4.18469e+06
4.14041e+06
4.21975e+06
4.28755e+06
4.47229e+06
4.5623e+06
4.66231e+06
4.85818e+06
5.1669e+06
5.3754e+06
5.39761e+06
5.53223e+06
5.73976e+06
5.83317e+06
5.72451e+06
5.66186e+06
5.58184e+06
5.56887e+06
5.6202e+06
5.82688e+06
6.22681e+06
6.25513e+06
6.33797e+06
6.46842e+06
6.55801e+06
6.39397e+06
6.27203e+06
6.30716e+06
6.2652e+06
6.21618e+06
6.18013e+06
6.02847e+06
5.71531e+06
5.57351e+06
5.55273e+06
5.37034e+06
5.20832e+06
5.13744e+06
5.1103e+06
5.09688e+06
5.22126e+06
5.21684e+06
5.215e+06
5.22761e+06
4.99397e+06
4.77885e+06
4.73331e+06
4.61115e+06
4.39729e+06
4.2258e+06
3.93656e+06
3.7304e+06
3.62644e+06
3.51639e+06
3.37046e+06
3.28169e+06
3.32894e+06
3.44184e+06
3.57188e+06
3.47953e+06
3.45742e+06
3.23554e+06
2.8599e+06
2.48838e+06
2.23817e+06
2.05738e+06
1.88888e+06
1.65391e+06
1.52128e+06
1.44246e+06
1.37985e+06
1.38387e+06
1.40426e+06
1.44865e+06
1.48736e+06
1.39958e+06
1.25946e+06
1.01057e+06
830741
682408
540579
450444
399819
374663
363694
364824
375714
388928
397778
401201
392618
302811
204548
148352
109745
83652
64207
50838
41850
36369
30752
27460
24596
20367
15564
9760
4585
0
0
0
0
0
0
0
0
0
0
0
0
0
0
0
0
0
0
0
0
0
0
0
0
0
0
0
0
0
0
0
0
0
0
0
0
0
0
0
0
0
0
0
0
0
0
0
0
0
0
0
0
0
0
0
0
0
0
0
0
0
0
0
0
0
0
0
0
0
0
0
0
0
0
0
0
0
0
0
0
0
0
0
0
0
0
0
0
0
0
0
0
0
0
0
0
0
0
0
0
0
0
0
0
0
0
0
0
0
0
0
0
0
0
0
0
0
0
0
0
0
0
0
0
0
0
0
0
0
0
0
0
0
0
0
0
0
0
0
0
0
0
0
0
0
0
0
0
0
0
0
0
0
0
0
0
0
0
0
0
0
0
0
0
0
0
0
0
0
0
0
0
0
0
0
0
0
0
0
0
0
0
0
0
0
0
0
0
0
0
0
0
0
0
0
0
0
0
0
0
