370688
0
0
0
0
0
0
0
0
6
28
78
411
1303
4511
14650
47114
143918
314092
399031
388871
292139
219886
174301
148090
139863
146527
167001
206625
236552
271813
330522
411125
505827
610520
707871
669376
640208
622991
611546
621783
599455
586121
607629
664107
767681
771210
794493
843612
927655
1.01231e+06
1.09677e+06
1.19824e+06
1.34869e+06
1.37453e+06
1.26728e+06
1.21772e+06
1.20458e+06
1.20452e+06
1.24558e+06
1.3472e+06
1.44634e+06
1.42159e+06
1.48339e+06
1.59363e+06
1.6112e+06
1.673e+06
1.80033e+06
1.83868e+06
1.90133e+06
2.04156e+06
2.099e+06
2.19198e+06
2.38344e+06
2.23374e+06
2.13271e+06
2.10106e+06
2.13254e+06
2.26627e+06
2.35022e+06
2.33709e+06
2.43438e+06
2.53012e+06
2.70922e+06
2.87626e+06
2.90262e+06
3.05264e+06
3.11438e+06
3.29937e+06
3.32155e+06
3.2295e+06
3.25135e+06
3.23063e+06
3.3379e+06
3.26901e+06
3.32566e+06
3.37193e+06
3.5373e+06
3.60608e+06
3.68019e+06
3.85557e+06
4.14416e+06
4.33572e+06
4.34173e+06
4.45518e+06
4.64548e+06
4.72098e+06
4.58891e+06
4.50799e+06
4.4093e+06
4.37255e+06
4.39941e+06
4.58247e+06
4.96154e+06
4.96055e+06
5.02272e+06
5.16529e+06
5.26643e+06
5.11267e+06
5.00554e+06
5.0588e+06
5.02968e+06
4.99922e+06
4.98023e+06
4.83524e+06
4.5353e+06
4.41263e+06
4.40249e+06
4.23699e+06
4.09436e+06
4.04419e+06
4.02901e+06
4.0342e+06
4.17405e+06
4.1878e+06
4.20709e+06
4.23816e+06
4.02422e+06
3.83452e+06
3.81066e+06
3.70982e+06
3.5193e+06
3.37213e+06
3.10371e+06
2.91855e+06
2.82828e+06
2.7439e+06
2.62241e+06
2.55604e+06
2.62702e+06
2.76855e+06
2.92442e+06
2.85489e+06
2.86197e+06
2.66932e+06
2.31688e+06
1.97053e+06
1.75109e+06
1.59868e+06
1.45844e+06
1.25201e+06
1.15056e+06
1.10154e+06
1.06941e+06
1.09779e+06
1.13998e+06
1.20253e+06
1.25823e+06
1.189e+06
1.0662e+06
830212
665331
531095
401933
323549
284200
268255
266820
278000
296488
318657
335023
345476
343419
259709
167401
116282
82751
60534
45580
35648
29401
26568
23551
22356
20924
18267
14439
9363
4534
0
0
0
0
0
0
0
0
0
0
0
0
0
0
0
0
0
0
0
0
0
0
0
0
0
0
0
0
0
0
0
0
0
0
0
0
0
0
0
0
0
0
0
0
0
0
0
0
0
0
0
0
0
0
0
0
0
0
0
0
0
0
0
0
0
0
0
0
0
0
0
0
0
0
0
0
0
0
0
0
0
0
0
0
0
0
0
0
0
0
0
0
0
0
0
0
0
0
0
0
0
0
0
0
0
0
0
0
0
0
0
0
0
0
0
0
0
0
0
0
0
0
0
0
0
0
0
0
0
0
0
0
0
0
0
0
0
0
0
0
0
0
0
0
0
0
0
0
0
0
0
0
0
0
0
0
0
0
0
0
0
0
0
0
0
0
0
0
0
0
0
0
0
0
0
0
0
0
0
0
0
0
0
0
0
0
0
0
0
0
0
0
0
0
0
0
0
0
0
0
