110592
0
0
0
0
0
0
0
0
0
0
0
14
63
262
1241
6110
28223
88444
137861
155171
100001
64062
43345
32513
30327
34005
44567
65643
68456
67381
80659
110224
154075
213426
273234
209812
176685
164991
166623
189537
176533
162354
171596
206165
277328
238788
212203
210937
240748
272311
305317
370469
495666
501986
384768
335217
325048
318949
342192
416931
489142
421424
429545
486372
445330
449903
522179
510335
531727
629845
653707
718575
891630
724823
609079
559903
569463
665338
702553
625100
657596
688270
796182
895911
855012
949512
966400
1.10784e+06
1.10299e+06
983139
978359
936528
1.01911e+06
912402
925247
911772
1.00651e+06
1.00313e+06
996615
1.08614e+06
1.29871e+06
1.41352e+06
1.35235e+06
1.40783e+06
1.55001e+06
1.59471e+06
1.43448e+06
1.32779e+06
1.19625e+06
1.12316e+06
1.10303e+06
1.22626e+06
1.53451e+06
1.44831e+06
1.43112e+06
1.56688e+06
1.66718e+06
1.53814e+06
1.45089e+06
1.52429e+06
1.53416e+06
1.56311e+06
1.61625e+06
1.55124e+06
1.32557e+06
1.26292e+06
1.29862e+06
1.17966e+06
1.08269e+06
1.07284e+06
1.09086e+06
1.13772e+06
1.30158e+06
1.33817e+06
1.3691e+06
1.43505e+06
1.26102e+06
1.12645e+06
1.18148e+06
1.16281e+06
1.06512e+06
1.02427e+06
864080
775300
758312
741796
661175
621286
699284
843520
1.025e+06
1.0021e+06
1.08575e+06
986459
753372
537087
444239
412669
375887
259024
228883
234647
249535
302660
366959
445847
526624
501488
441646
279428
195863
138291
70363
38051
29341
30899
39758
54453
74613
98008
125718
153821
175115
118443
54000
28478
14658
8181
4288
3126
2876
3665
4822
6522
8038
8606
8476
6965
4182
0
0
0
0
0
0
0
0
0
0
0
0
0
0
0
0
0
0
0
0
0
0
0
0
0
0
0
0
0
0
0
0
0
0
0
0
0
0
0
0
0
0
0
0
0
0
0
0
0
0
0
0
0
0
0
0
0
0
0
0
0
0
0
0
0
0
0
0
0
0
0
0
0
0
0
0
0
0
0
0
0
0
0
0
0
0
0
0
0
0
0
0
0
0
0
0
0
0
0
0
0
0
0
0
0
0
0
0
0
0
0
0
0
0
0
0
0
0
0
0
0
0
0
0
0
0
0
0
0
0
0
0
0
0
0
0
0
0
0
0
0
0
0
0
0
0
0
0
0
0
0
0
0
0
0
0
0
0
0
0
0
0
0
0
0
0
0
0
0
0
0
0
0
0
0
0
0
0
0
0
0
0
0
0
0
0
0
0
0
0
0
0
0
0
0
0
0
0
0
0
