395264
0
0
0
0
0
0
0
0
9
33
86
458
1444
5064
16243
51471
155346
335080
422565
410017
309239
234555
186831
159547
150830
157416
179158
220911
253283
291532
354081
439651
538581
647447
747637
711976
682618
665625
653188
662849
640129
626906
649962
707911
814843
822668
850151
904341
992427
1.08217e+06
1.17071e+06
1.27525e+06
1.42826e+06
1.45482e+06
1.34862e+06
1.29933e+06
1.28734e+06
1.28961e+06
1.33217e+06
1.43612e+06
1.53903e+06
1.51851e+06
1.58421e+06
1.69964e+06
1.72149e+06
1.7889e+06
1.9202e+06
1.96459e+06
2.02963e+06
2.17248e+06
2.2323e+06
2.32812e+06
2.52158e+06
2.37543e+06
2.277e+06
2.24739e+06
2.28161e+06
2.42178e+06
2.51093e+06
2.5045e+06
2.60552e+06
2.70384e+06
2.88872e+06
3.06242e+06
3.09295e+06
3.24769e+06
3.31246e+06
3.50308e+06
3.52804e+06
3.43967e+06
3.46445e+06
3.44755e+06
3.5577e+06
3.49594e+06
3.55984e+06
3.6112e+06
3.78186e+06
3.85531e+06
3.93655e+06
4.1155e+06
4.40964e+06
4.60693e+06
4.61669e+06
4.73677e+06
4.93215e+06
5.01205e+06
4.88668e+06
4.80959e+06
4.71311e+06
4.68338e+06
4.71763e+06
4.90755e+06
5.29089e+06
5.29892e+06
5.36594e+06
5.50524e+06
5.60363e+06
5.44747e+06
5.33548e+06
5.38429e+06
5.35204e+06
5.3178e+06
5.29489e+06
5.1462e+06
4.84275e+06
4.71463e+06
4.7029e+06
4.53068e+06
4.38526e+06
4.33e+06
4.30923e+06
4.31048e+06
4.44764e+06
4.45559e+06
4.47009e+06
4.49658e+06
4.27853e+06
4.0817e+06
4.0518e+06
3.94533e+06
3.74878e+06
3.59592e+06
3.32085e+06
3.12999e+06
3.03456e+06
2.94547e+06
2.81723e+06
2.74425e+06
2.80977e+06
2.94379e+06
3.09449e+06
3.01805e+06
3.0179e+06
2.81815e+06
2.45947e+06
2.10515e+06
1.8783e+06
1.71795e+06
1.57002e+06
1.35631e+06
1.24648e+06
1.18968e+06
1.15011e+06
1.17244e+06
1.2087e+06
1.26751e+06
1.31848e+06
1.2445e+06
1.11688e+06
877702
708896
570519
438263
356376
314063
295421
291625
300434
316877
336988
351425
360299
356821
271039
177398
124624
89720
66552
50303
39615
32698
29028
25441
23660
21812
18859
14734
9466
4545
0
0
0
0
0
0
0
0
0
0
0
0
0
0
0
0
0
0
0
0
0
0
0
0
0
0
0
0
0
0
0
0
0
0
0
0
0
0
0
0
0
0
0
0
0
0
0
0
0
0
0
0
0
0
0
0
0
0
0
0
0
0
0
0
0
0
0
0
0
0
0
0
0
0
0
0
0
0
0
0
0
0
0
0
0
0
0
0
0
0
0
0
0
0
0
0
0
0
0
0
0
0
0
0
0
0
0
0
0
0
0
0
0
0
0
0
0
0
0
0
0
0
0
0
0
0
0
0
0
0
0
0
0
0
0
0
0
0
0
0
0
0
0
0
0
0
0
0
0
0
0
0
0
0
0
0
0
0
0
0
0
0
0
0
0
0
0
0
0
0
0
0
0
0
0
0
0
0
0
0
0
0
0
0
0
0
0
0
0
0
0
0
0
0
0
0
0
0
0
0
