26624
0
0
0
0
0
0
0
0
0
0
0
0
0
0
4
44
1449
13753
37082
61939
27606
11358
4583
2066
2188
4426
10506
25771
21159
10271
7817
12898
29387
66341
115587
54436
27683
19940
26542
55223
43914
26261
29691
53638
117049
69822
36430
26875
39748
45870
47341
81603
187730
192043
86962
50450
49878
43326
58741
118417
176866
97212
91461
139320
89052
81063
134241
100177
92256
155836
146874
192405
361950
202514
102125
70540
89171
186205
213779
120839
124736
121053
193357
256294
178689
238589
221665
343759
330436
214836
219709
191776
289337
195356
208548
185308
258379
222328
168801
203637
357764
415682
303689
326044
455268
508725
378659
313447
223988
171923
147596
237144
494306
345235
274359
378565
485574
373456
297216
355654
339753
370518
470661
476793
312208
280844
341688
241695
169158
179180
205102
246793
379954
381424
383097
453171
302736
197359
280535
293203
247331
270799
183466
155234
188931
203304
131352
69539
104672
187616
311742
261270
364062
331468
193587
72701
62837
98558
114536
31843
20341
27533
27470
49475
81940
130148
192373
178486
157004
53941
33185
34490
8697
295
22
66
320
1208
3908
10256
24500
50979
85860
50673
9543
1854
360
72
10
2
3
9
57
199
622
1477
2968
4206
3771
0
0
0
0
0
0
0
0
0
0
0
0
0
0
0
0
0
0
0
0
0
0
0
0
0
0
0
0
0
0
0
0
0
0
0
0
0
0
0
0
0
0
0
0
0
0
0
0
0
0
0
0
0
0
0
0
0
0
0
0
0
0
0
0
0
0
0
0
0
0
0
0
0
0
0
0
0
0
0
0
0
0
0
0
0
0
0
0
0
0
0
0
0
0
0
0
0
0
0
0
0
0
0
0
0
0
0
0
0
0
0
0
0
0
0
0
0
0
0
0
0
0
0
0
0
0
0
0
0
0
0
0
0
0
0
0
0
0
0
0
0
0
0
0
0
0
0
0
0
0
0
0
0
0
0
0
0
0
0
0
0
0
0
0
0
0
0
0
0
0
0
0
0
0
0
0
0
0
0
0
0
0
0
0
0
0
0
0
0
0
0
0
0
0
0
0
0
0
0
0
