286720
0
0
0
0
0
0
0
0
0
16
40
221
784
2773
9540
32420
105080
241008
317313
316979
232340
171196
132476
110150
103669
108548
125085
158913
179031
204137
248475
313921
393318
485425
570190
523820
493447
476185
468964
483272
463183
448079
465288
514453
607320
595533
602489
636070
701924
770468
843580
937052
1.08173e+06
1.09954e+06
987828
935399
921329
917479
950390
1.04276e+06
1.13336e+06
1.09369e+06
1.13927e+06
1.23018e+06
1.23132e+06
1.27597e+06
1.38612e+06
1.41125e+06
1.46424e+06
1.59461e+06
1.64183e+06
1.72386e+06
1.90879e+06
1.75084e+06
1.64177e+06
1.59898e+06
1.62219e+06
1.74098e+06
1.80739e+06
1.77374e+06
1.85304e+06
1.92945e+06
2.09146e+06
2.23988e+06
2.24908e+06
2.38198e+06
2.43018e+06
2.60406e+06
2.61614e+06
2.51173e+06
2.5211e+06
2.48838e+06
2.5839e+06
2.50001e+06
2.53954e+06
2.5635e+06
2.70624e+06
2.75487e+06
2.8062e+06
2.95858e+06
3.23035e+06
3.40674e+06
3.39503e+06
3.48807e+06
3.66371e+06
3.72177e+06
3.57646e+06
3.48059e+06
3.36595e+06
3.31126e+06
3.31804e+06
3.47834e+06
3.84047e+06
3.81523e+06
3.85676e+06
4.00499e+06
4.11092e+06
3.96369e+06
3.86902e+06
3.9321e+06
3.91993e+06
3.90777e+06
3.90358e+06
3.77496e+06
3.49206e+06
3.38489e+06
3.38329e+06
3.23388e+06
3.10867e+06
3.07033e+06
3.07186e+06
3.09203e+06
3.24366e+06
3.2714e+06
3.30313e+06
3.35006e+06
3.15375e+06
2.98382e+06
2.97964e+06
2.89874e+06
2.73298e+06
2.60882e+06
2.3638e+06
2.20009e+06
2.12928e+06
2.06859e+06
1.96501e+06
1.91833e+06
2.0059e+06
2.16166e+06
2.33705e+06
2.29031e+06
2.32158e+06
2.15182e+06
1.82582e+06
1.50972e+06
1.32001e+06
1.195e+06
1.0853e+06
905607
827490
802975
796641
842821
901830
978408
1.04782e+06
992623
884512
663721
515814
397640
281337
215656
186984
178780
185098
202305
226150
253609
276565
293709
296719
218941
133131
87401
58801
41316
29624
22621
19251
18331
17238
17706
17507
16222
13289
8891
4493
0
0
0
0
0
0
0
0
0
0
0
0
0
0
0
0
0
0
0
0
0
0
0
0
0
0
0
0
0
0
0
0
0
0
0
0
0
0
0
0
0
0
0
0
0
0
0
0
0
0
0
0
0
0
0
0
0
0
0
0
0
0
0
0
0
0
0
0
0
0
0
0
0
0
0
0
0
0
0
0
0
0
0
0
0
0
0
0
0
0
0
0
0
0
0
0
0
0
0
0
0
0
0
0
0
0
0
0
0
0
0
0
0
0
0
0
0
0
0
0
0
0
0
0
0
0
0
0
0
0
0
0
0
0
0
0
0
0
0
0
0
0
0
0
0
0
0
0
0
0
0
0
0
0
0
0
0
0
0
0
0
0
0
0
0
0
0
0
0
0
0
0
0
0
0
0
0
0
0
0
0
0
0
0
0
0
0
0
0
0
0
0
0
0
0
0
0
0
0
0
