815104
0
0
0
0
0
0
0
0
9
39
103
539
1656
5768
18805
59256
187550
600951
1.29069e+06
958642
589854
416243
331509
293296
284807
299474
340330
408402
486037
585406
748670
966217
1.18482e+06
1.36051e+06
1.46598e+06
1.44743e+06
1.48873e+06
1.52384e+06
1.43685e+06
1.33719e+06
1.24151e+06
1.21182e+06
1.24334e+06
1.34313e+06
1.52514e+06
1.63726e+06
1.79818e+06
1.99138e+06
2.21146e+06
2.3966e+06
2.55238e+06
2.67681e+06
2.82701e+06
2.83403e+06
2.72197e+06
2.69196e+06
2.68113e+06
2.68159e+06
2.72717e+06
2.84465e+06
3.00947e+06
3.08178e+06
3.27764e+06
3.53586e+06
3.68599e+06
3.87753e+06
4.10766e+06
4.20924e+06
4.29461e+06
4.43916e+06
4.50796e+06
4.61417e+06
4.81987e+06
4.71742e+06
4.65207e+06
4.67798e+06
4.79728e+06
5.02255e+06
5.23e+06
5.34789e+06
5.55742e+06
5.7831e+06
6.06259e+06
6.31174e+06
6.40425e+06
6.60857e+06
6.71848e+06
6.94422e+06
7.00504e+06
6.96931e+06
7.03186e+06
7.105e+06
7.30901e+06
7.34009e+06
7.51591e+06
7.69731e+06
7.98451e+06
8.16419e+06
8.34987e+06
8.62624e+06
9.01689e+06
9.2814e+06
9.32415e+06
9.52148e+06
9.78541e+06
9.94567e+06
9.90314e+06
9.90748e+06
9.91954e+06
1.00033e+07
1.01529e+07
1.04357e+07
1.09668e+07
1.1077e+07
1.12272e+07
1.13451e+07
1.13985e+07
1.11838e+07
1.09905e+07
1.09449e+07
1.08368e+07
1.07298e+07
1.06357e+07
1.04178e+07
1.00876e+07
9.90459e+06
9.81802e+06
9.58256e+06
9.36203e+06
9.21936e+06
9.1135e+06
9.05775e+06
9.11595e+06
9.0522e+06
8.98662e+06
8.91333e+06
8.59046e+06
8.27983e+06
8.15805e+06
7.9394e+06
7.63346e+06
7.40634e+06
7.04721e+06
6.76957e+06
6.58815e+06
6.38102e+06
6.15345e+06
5.97938e+06
5.93703e+06
5.95652e+06
5.99068e+06
5.79882e+06
5.66667e+06
5.33839e+06
4.86372e+06
4.395e+06
4.04446e+06
3.76794e+06
3.49588e+06
3.14999e+06
2.89746e+06
2.71102e+06
2.5429e+06
2.46221e+06
2.39649e+06
2.36512e+06
2.3265e+06
2.17295e+06
1.97801e+06
1.67379e+06
1.44515e+06
1.25326e+06
1.06383e+06
929208
830821
766808
719999
682399
666167
645269
629402
611572
578576
464490
345195
267749
209595
169699
134256
109591
87105
70491
56582
45371
36693
27857
20263
11496
4842
0
0
0
0
0
0
0
0
0
0
0
0
0
0
0
0
0
0
0
0
0
0
0
0
0
0
0
0
0
0
0
0
0
0
0
0
0
0
0
0
0
0
0
0
0
0
0
0
0
0
0
0
0
0
0
0
0
0
0
0
0
0
0
0
0
0
0
0
0
0
0
0
0
0
0
0
0
0
0
0
0
0
0
0
0
0
0
0
0
0
0
0
0
0
0
0
0
0
0
0
0
0
0
0
0
0
0
0
0
0
0
0
0
0
0
0
0
0
0
0
0
0
0
0
0
0
0
0
0
0
0
0
0
0
0
0
0
0
0
0
0
0
0
0
0
0
0
0
0
0
0
0
0
0
0
0
0
0
0
0
0
0
0
0
0
0
0
0
0
0
0
0
0
0
0
0
0
0
0
0
0
0
0
0
0
0
0
0
0
0
0
0
0
0
0
0
0
0
0
0
