155648
0
0
0
0
0
0
0
0
0
6
4
35
160
677
2931
11818
46780
127533
185541
198990
135578
92336
65985
51737
48190
52047
63680
87821
95271
101260
123032
162791
216790
284919
350967
291453
259116
245069
243789
264477
249578
234585
245525
284087
361564
329416
310805
317246
356298
399096
444472
517347
649099
658270
541552
490561
477089
470666
496652
576363
653563
592181
609506
674110
642938
657921
741079
740081
772310
878985
912004
981513
1.15816e+06
992826
875729
824552
834232
933808
978661
911555
957930
1.00111e+06
1.12584e+06
1.24134e+06
1.21634e+06
1.32154e+06
1.34789e+06
1.49951e+06
1.49709e+06
1.37862e+06
1.37604e+06
1.33362e+06
1.41595e+06
1.3119e+06
1.32824e+06
1.32461e+06
1.43241e+06
1.44412e+06
1.45567e+06
1.56358e+06
1.79717e+06
1.93211e+06
1.8865e+06
1.95382e+06
2.10312e+06
2.14888e+06
1.98502e+06
1.87438e+06
1.74251e+06
1.67076e+06
1.65684e+06
1.79171e+06
2.1155e+06
2.04781e+06
2.05077e+06
2.19101e+06
2.29745e+06
2.16058e+06
2.07436e+06
2.14736e+06
2.15592e+06
2.17325e+06
2.20728e+06
2.11809e+06
1.87419e+06
1.79798e+06
1.82307e+06
1.69851e+06
1.59612e+06
1.57812e+06
1.59206e+06
1.63401e+06
1.79705e+06
1.83439e+06
1.86768e+06
1.9337e+06
1.75709e+06
1.61371e+06
1.65425e+06
1.61432e+06
1.49341e+06
1.4266e+06
1.2401e+06
1.1253e+06
1.09325e+06
1.06505e+06
982148
945239
1.03407e+06
1.18808e+06
1.3746e+06
1.35076e+06
1.41977e+06
1.29809e+06
1.03598e+06
787303
662176
601931
544268
410976
370197
371099
385426
440842
508660
592235
672614
640147
565496
384748
279750
201580
117655
75049
61315
61930
72422
90033
114163
140991
168969
194824
210604
147113
75466
43502
24933
15247
9365
6857
6360
6826
7850
9723
10949
10985
10185
7641
4295
0
0
0
0
0
0
0
0
0
0
0
0
0
0
0
0
0
0
0
0
0
0
0
0
0
0
0
0
0
0
0
0
0
0
0
0
0
0
0
0
0
0
0
0
0
0
0
0
0
0
0
0
0
0
0
0
0
0
0
0
0
0
0
0
0
0
0
0
0
0
0
0
0
0
0
0
0
0
0
0
0
0
0
0
0
0
0
0
0
0
0
0
0
0
0
0
0
0
0
0
0
0
0
0
0
0
0
0
0
0
0
0
0
0
0
0
0
0
0
0
0
0
0
0
0
0
0
0
0
0
0
0
0
0
0
0
0
0
0
0
0
0
0
0
0
0
0
0
0
0
0
0
0
0
0
0
0
0
0
0
0
0
0
0
0
0
0
0
0
0
0
0
0
0
0
0
0
0
0
0
0
0
0
0
0
0
0
0
0
0
0
0
0
0
0
0
0
0
0
0
