641024
0
0
0
0
0
0
0
0
9
39
103
539
1656
5768
18805
59256
187550
536356
861962
699895
476147
348075
279435
244295
235959
246705
279230
338975
396376
468525
587855
744356
902543
1.04631e+06
1.16481e+06
1.15158e+06
1.15376e+06
1.14771e+06
1.0919e+06
1.05616e+06
1.00363e+06
981815
1.01584e+06
1.10191e+06
1.24687e+06
1.31149e+06
1.40667e+06
1.53246e+06
1.69079e+06
1.83132e+06
1.95719e+06
2.08184e+06
2.24201e+06
2.26318e+06
2.15833e+06
2.11447e+06
2.10414e+06
2.10746e+06
2.16096e+06
2.28064e+06
2.42004e+06
2.44703e+06
2.58198e+06
2.77308e+06
2.86199e+06
2.99327e+06
3.17783e+06
3.25904e+06
3.3452e+06
3.49407e+06
3.56371e+06
3.66603e+06
3.87572e+06
3.7601e+06
3.68454e+06
3.67964e+06
3.76544e+06
3.9584e+06
4.10702e+06
4.17162e+06
4.32762e+06
4.48663e+06
4.73184e+06
4.9512e+06
5.01996e+06
5.2035e+06
5.30224e+06
5.52103e+06
5.57066e+06
5.51298e+06
5.5673e+06
5.60072e+06
5.75968e+06
5.75602e+06
5.88533e+06
6.0103e+06
6.23035e+06
6.36843e+06
6.51213e+06
6.73741e+06
7.09266e+06
7.33388e+06
7.37692e+06
7.53812e+06
7.77729e+06
7.90394e+06
7.83053e+06
7.80839e+06
7.76969e+06
7.79143e+06
7.90331e+06
8.15e+06
8.61443e+06
8.68503e+06
8.79057e+06
8.91625e+06
8.98257e+06
8.78958e+06
8.64223e+06
8.64608e+06
8.56118e+06
8.49e+06
8.42921e+06
8.2461e+06
7.91657e+06
7.75101e+06
7.68881e+06
7.48626e+06
7.29703e+06
7.18951e+06
7.1288e+06
7.0852e+06
7.18115e+06
7.14473e+06
7.10635e+06
7.08065e+06
6.80609e+06
6.54383e+06
6.4563e+06
6.28327e+06
6.03227e+06
5.82233e+06
5.49916e+06
5.25409e+06
5.11954e+06
4.95866e+06
4.76993e+06
4.63843e+06
4.64139e+06
4.70237e+06
4.78685e+06
4.64561e+06
4.5677e+06
4.29622e+06
3.86812e+06
3.45003e+06
3.15127e+06
2.9127e+06
2.69274e+06
2.4094e+06
2.21602e+06
2.07645e+06
1.96377e+06
1.92623e+06
1.90314e+06
1.9087e+06
1.91029e+06
1.79081e+06
1.62245e+06
1.34349e+06
1.1382e+06
968464
803315
690929
617829
574581
542360
523248
519881
518500
514616
506662
486449
384641
276070
207111
158483
126576
101268
79921
64849
53456
43843
36368
30815
24204
17986
10818
4757
0
0
0
0
0
0
0
0
0
0
0
0
0
0
0
0
0
0
0
0
0
0
0
0
0
0
0
0
0
0
0
0
0
0
0
0
0
0
0
0
0
0
0
0
0
0
0
0
0
0
0
0
0
0
0
0
0
0
0
0
0
0
0
0
0
0
0
0
0
0
0
0
0
0
0
0
0
0
0
0
0
0
0
0
0
0
0
0
0
0
0
0
0
0
0
0
0
0
0
0
0
0
0
0
0
0
0
0
0
0
0
0
0
0
0
0
0
0
0
0
0
0
0
0
0
0
0
0
0
0
0
0
0
0
0
0
0
0
0
0
0
0
0
0
0
0
0
0
0
0
0
0
0
0
0
0
0
0
0
0
0
0
0
0
0
0
0
0
0
0
0
0
0
0
0
0
0
0
0
0
0
0
0
0
0
0
0
0
0
0
0
0
0
0
0
0
0
0
0
0
