212992
0
0
0
0
0
0
0
0
0
9
18
100
327
1394
5529
20330
71758
176914
244567
251711
179117
127560
95462
76847
72038
75753
89499
117800
130899
145047
177617
229291
294922
373585
448401
394247
362214
347442
342502
360448
342540
327159
340996
383895
468287
444303
436839
454395
507385
561904
620364
703118
841665
853854
738536
685759
671236
666090
693996
778400
860848
808671
839455
916512
899620
928476
1.02247e+06
1.03407e+06
1.0768e+06
1.19511e+06
1.23558e+06
1.31047e+06
1.48939e+06
1.3268e+06
1.21009e+06
1.16053e+06
1.17528e+06
1.28284e+06
1.33831e+06
1.28507e+06
1.34519e+06
1.40634e+06
1.54837e+06
1.67948e+06
1.67019e+06
1.79013e+06
1.82595e+06
1.98816e+06
1.99021e+06
1.878e+06
1.87769e+06
1.83729e+06
1.92404e+06
1.82814e+06
1.85351e+06
1.86064e+06
1.98432e+06
2.01383e+06
2.044e+06
2.17205e+06
2.42758e+06
2.58348e+06
2.55338e+06
2.63169e+06
2.79402e+06
2.84311e+06
2.68203e+06
2.57586e+06
2.44598e+06
2.38182e+06
2.3774e+06
2.52591e+06
2.8648e+06
2.81669e+06
2.83889e+06
2.98456e+06
3.09149e+06
2.95272e+06
2.86424e+06
2.93545e+06
2.93494e+06
2.93772e+06
2.95049e+06
2.84141e+06
2.58132e+06
2.48737e+06
2.49838e+06
2.36418e+06
2.25388e+06
2.22872e+06
2.2356e+06
2.26925e+06
2.42808e+06
2.46282e+06
2.50028e+06
2.55906e+06
2.37563e+06
2.22094e+06
2.24279e+06
2.18136e+06
2.03613e+06
1.94179e+06
1.72581e+06
1.5867e+06
1.53449e+06
1.49283e+06
1.40311e+06
1.36684e+06
1.45947e+06
1.61983e+06
1.80462e+06
1.77316e+06
1.82785e+06
1.68147e+06
1.38842e+06
1.10384e+06
946264
854102
770479
616764
560778
553712
563715
618649
685164
767508
844136
802851
712614
510835
383805
285592
185494
131342
110407
108358
118740
138151
164375
192778
219124
241611
250723
180064
101148
62583
39264
25862
17429
13000
11230
11488
12000
13361
14185
13687
11680
8219
4421
0
0
0
0
0
0
0
0
0
0
0
0
0
0
0
0
0
0
0
0
0
0
0
0
0
0
0
0
0
0
0
0
0
0
0
0
0
0
0
0
0
0
0
0
0
0
0
0
0
0
0
0
0
0
0
0
0
0
0
0
0
0
0
0
0
0
0
0
0
0
0
0
0
0
0
0
0
0
0
0
0
0
0
0
0
0
0
0
0
0
0
0
0
0
0
0
0
0
0
0
0
0
0
0
0
0
0
0
0
0
0
0
0
0
0
0
0
0
0
0
0
0
0
0
0
0
0
0
0
0
0
0
0
0
0
0
0
0
0
0
0
0
0
0
0
0
0
0
0
0
0
0
0
0
0
0
0
0
0
0
0
0
0
0
0
0
0
0
0
0
0
0
0
0
0
0
0
0
0
0
0
0
0
0
0
0
0
0
0
0
0
0
0
0
0
0
0
0
0
0
