811008
0
0
0
0
0
0
0
0
9
39
103
539
1656
5768
18805
59256
187550
599695
1.28046e+06
952336
587083
414686
330312
292206
283680
298178
339002
406806
483928
582794
744872
961032
1.17796e+06
1.3531e+06
1.4588e+06
1.44048e+06
1.48098e+06
1.51501e+06
1.42846e+06
1.33053e+06
1.23585e+06
1.20658e+06
1.23822e+06
1.33738e+06
1.51869e+06
1.62974e+06
1.78911e+06
1.98054e+06
2.19929e+06
2.38309e+06
2.53803e+06
2.66258e+06
2.81332e+06
2.82063e+06
2.70881e+06
2.6785e+06
2.66745e+06
2.66796e+06
2.71402e+06
2.83139e+06
2.99586e+06
3.06679e+06
3.26156e+06
3.51787e+06
3.66667e+06
3.85654e+06
4.08566e+06
4.18679e+06
4.27192e+06
4.4167e+06
4.4859e+06
4.59175e+06
4.79794e+06
4.69512e+06
4.62901e+06
4.65485e+06
4.77313e+06
4.99739e+06
5.20382e+06
5.32037e+06
5.52831e+06
5.7523e+06
6.0313e+06
6.27968e+06
6.37153e+06
6.57559e+06
6.68472e+06
6.91054e+06
6.97135e+06
6.93554e+06
6.9976e+06
7.06952e+06
7.27295e+06
7.30278e+06
7.47773e+06
7.65751e+06
7.94304e+06
8.12187e+06
8.30664e+06
8.58164e+06
8.97149e+06
9.23538e+06
9.27828e+06
9.47489e+06
9.73819e+06
9.89717e+06
9.85487e+06
9.85837e+06
9.86908e+06
9.95163e+06
1.01e+07
1.03818e+07
1.09112e+07
1.10204e+07
1.11699e+07
1.12877e+07
1.13413e+07
1.11282e+07
1.09355e+07
1.08905e+07
1.0783e+07
1.0677e+07
1.05836e+07
1.0367e+07
1.00366e+07
9.85396e+06
9.76802e+06
9.53343e+06
9.3135e+06
9.17137e+06
9.06645e+06
9.01149e+06
9.07015e+06
9.00712e+06
8.94275e+06
8.87027e+06
8.5483e+06
8.2392e+06
8.11818e+06
7.90076e+06
7.59558e+06
7.36927e+06
7.01035e+06
6.73401e+06
6.55341e+06
6.3474e+06
6.12118e+06
5.94748e+06
5.90666e+06
5.92738e+06
5.96216e+06
5.77177e+06
5.64065e+06
5.31391e+06
4.84026e+06
4.37285e+06
4.02355e+06
3.74763e+06
3.47712e+06
3.13272e+06
2.88128e+06
2.69604e+06
2.52898e+06
2.44967e+06
2.38492e+06
2.35449e+06
2.31673e+06
2.16409e+06
1.96961e+06
1.66597e+06
1.43796e+06
1.2464e+06
1.05783e+06
923636
825821
762283
715735
678775
662758
642168
626650
609163
576406
462590
343537
266344
208393
168722
133430
108910
86582
70094
56281
45136
36561
27770
20224
11480
4840
0
0
0
0
0
0
0
0
0
0
0
0
0
0
0
0
0
0
0
0
0
0
0
0
0
0
0
0
0
0
0
0
0
0
0
0
0
0
0
0
0
0
0
0
0
0
0
0
0
0
0
0
0
0
0
0
0
0
0
0
0
0
0
0
0
0
0
0
0
0
0
0
0
0
0
0
0
0
0
0
0
0
0
0
0
0
0
0
0
0
0
0
0
0
0
0
0
0
0
0
0
0
0
0
0
0
0
0
0
0
0
0
0
0
0
0
0
0
0
0
0
0
0
0
0
0
0
0
0
0
0
0
0
0
0
0
0
0
0
0
0
0
0
0
0
0
0
0
0
0
0
0
0
0
0
0
0
0
0
0
0
0
0
0
0
0
0
0
0
0
0
0
0
0
0
0
0
0
0
0
0
0
0
0
0
0
0
0
0
0
0
0
0
0
0
0
0
0
0
0
