247808
0
0
0
0
0
0
0
0
0
16
30
155
486
1977
7361
25865
87473
207576
279062
282647
204168
148333
113038
92720
86748
91248
106238
136885
153316
172267
210804
269378
341618
427017
506225
455792
424832
408264
401591
418378
399634
384594
399916
444771
533351
515167
514675
539853
599068
660720
726614
814495
955611
970673
856313
803363
789331
783710
814622
902367
989324
943767
981109
1.06449e+06
1.05618e+06
1.09206e+06
1.19405e+06
1.21282e+06
1.26132e+06
1.38432e+06
1.42751e+06
1.50542e+06
1.6874e+06
1.52688e+06
1.41366e+06
1.36706e+06
1.38706e+06
1.49891e+06
1.55884e+06
1.51535e+06
1.5842e+06
1.6528e+06
1.80483e+06
1.94427e+06
1.94501e+06
2.06983e+06
2.11189e+06
2.27875e+06
2.28675e+06
2.17852e+06
2.18274e+06
2.14437e+06
2.2343e+06
2.14463e+06
2.17726e+06
2.19194e+06
2.32498e+06
2.36136e+06
2.4016e+06
2.54426e+06
2.80772e+06
2.97348e+06
2.95223e+06
3.03647e+06
3.20614e+06
3.25962e+06
3.10463e+06
3.00457e+06
2.88008e+06
2.81924e+06
2.82109e+06
2.97547e+06
3.3238e+06
3.2844e+06
3.31731e+06
3.46724e+06
3.57255e+06
3.43089e+06
3.3404e+06
3.40914e+06
3.40308e+06
3.39786e+06
3.40087e+06
3.28254e+06
3.01026e+06
2.90982e+06
2.91484e+06
2.77377e+06
2.65439e+06
2.62283e+06
2.62752e+06
2.65702e+06
2.81361e+06
2.84652e+06
2.88104e+06
2.93588e+06
2.74611e+06
2.58361e+06
2.59211e+06
2.5219e+06
2.36625e+06
2.25641e+06
2.025e+06
1.87316e+06
1.81147e+06
1.76077e+06
1.66508e+06
1.62469e+06
1.7181e+06
1.8778e+06
2.05985e+06
2.02173e+06
2.06519e+06
1.90613e+06
1.59621e+06
1.29598e+06
1.1215e+06
1.01312e+06
915789
749166
683308
669444
672632
725394
789520
869469
943192
895170
795976
584163
446051
337605
229339
169627
145340
140344
149002
167875
193165
222309
247456
267507
273122
198854
116504
74214
48372
32989
22945
17264
14847
14585
14408
15431
15759
15043
12568
8611
4460
0
0
0
0
0
0
0
0
0
0
0
0
0
0
0
0
0
0
0
0
0
0
0
0
0
0
0
0
0
0
0
0
0
0
0
0
0
0
0
0
0
0
0
0
0
0
0
0
0
0
0
0
0
0
0
0
0
0
0
0
0
0
0
0
0
0
0
0
0
0
0
0
0
0
0
0
0
0
0
0
0
0
0
0
0
0
0
0
0
0
0
0
0
0
0
0
0
0
0
0
0
0
0
0
0
0
0
0
0
0
0
0
0
0
0
0
0
0
0
0
0
0
0
0
0
0
0
0
0
0
0
0
0
0
0
0
0
0
0
0
0
0
0
0
0
0
0
0
0
0
0
0
0
0
0
0
0
0
0
0
0
0
0
0
0
0
0
0
0
0
0
0
0
0
0
0
0
0
0
0
0
0
0
0
0
0
0
0
0
0
0
0
0
0
0
0
0
0
0
0
