317440
0
0
0
0
0
0
0
0
6
26
73
283
959
3418
11401
37624
119125
267554
347277
343828
254418
189380
147816
123901
116433
122204
140467
176360
200252
228973
278188
349053
434428
530850
620619
577417
547709
529866
521526
534412
513249
498503
517230
569138
665184
659340
672475
711441
784085
859250
936667
1.03322e+06
1.17996e+06
1.20038e+06
1.0899e+06
1.03886e+06
1.02574e+06
1.02327e+06
1.05799e+06
1.15416e+06
1.24732e+06
1.21216e+06
1.26378e+06
1.36227e+06
1.37002e+06
1.42198e+06
1.53827e+06
1.56893e+06
1.62507e+06
1.7583e+06
1.80928e+06
1.89516e+06
2.08211e+06
1.92804e+06
1.82135e+06
1.78248e+06
1.80865e+06
1.93355e+06
2.00416e+06
1.9789e+06
2.06475e+06
2.14909e+06
2.3171e+06
2.47271e+06
2.4897e+06
2.62901e+06
2.68184e+06
2.85982e+06
2.87486e+06
2.77292e+06
2.78628e+06
2.75948e+06
2.86057e+06
2.78184e+06
2.82657e+06
2.85809e+06
3.00884e+06
3.06628e+06
3.12524e+06
3.28692e+06
3.56432e+06
3.74761e+06
3.743e+06
3.84458e+06
4.02512e+06
4.08628e+06
3.94647e+06
3.85441e+06
3.74775e+06
3.69885e+06
3.713e+06
3.88178e+06
4.24968e+06
4.23339e+06
4.28419e+06
4.4297e+06
4.53469e+06
4.38358e+06
4.28509e+06
4.34517e+06
4.32603e+06
4.30842e+06
4.29857e+06
4.16404e+06
3.87264e+06
3.75889e+06
3.756e+06
3.5994e+06
3.46739e+06
3.42654e+06
3.42287e+06
3.43658e+06
3.58301e+06
3.60762e+06
3.63612e+06
3.67591e+06
3.47314e+06
3.29592e+06
3.2832e+06
3.19604e+06
3.02065e+06
2.88813e+06
2.63317e+06
2.46216e+06
2.38324e+06
2.31368e+06
2.20342e+06
2.15098e+06
2.23435e+06
2.38634e+06
2.55328e+06
2.49808e+06
2.51944e+06
2.34185e+06
2.00572e+06
1.67823e+06
1.47782e+06
1.34218e+06
1.22099e+06
1.03161e+06
944226
910607
895882
936077
989126
1.06103e+06
1.12682e+06
1.06624e+06
952361
726073
570559
445180
324227
253994
222047
210942
214776
230029
252006
277609
298416
313152
314522
234171
145703
97682
67142
48141
35456
27459
22934
21292
19445
19445
18817
17030
13720
9099
4511
0
0
0
0
0
0
0
0
0
0
0
0
0
0
0
0
0
0
0
0
0
0
0
0
0
0
0
0
0
0
0
0
0
0
0
0
0
0
0
0
0
0
0
0
0
0
0
0
0
0
0
0
0
0
0
0
0
0
0
0
0
0
0
0
0
0
0
0
0
0
0
0
0
0
0
0
0
0
0
0
0
0
0
0
0
0
0
0
0
0
0
0
0
0
0
0
0
0
0
0
0
0
0
0
0
0
0
0
0
0
0
0
0
0
0
0
0
0
0
0
0
0
0
0
0
0
0
0
0
0
0
0
0
0
0
0
0
0
0
0
0
0
0
0
0
0
0
0
0
0
0
0
0
0
0
0
0
0
0
0
0
0
0
0
0
0
0
0
0
0
0
0
0
0
0
0
0
0
0
0
0
0
0
0
0
0
0
0
0
0
0
0
0
0
0
0
0
0
0
0
