731136
0
0
0
0
0
0
0
0
9
39
103
539
1656
5768
18805
59256
187550
573195
1.08183e+06
830977
534891
383217
306638
270626
261669
273468
311557
375548
443751
528521
671521
860353
1.04664e+06
1.20805e+06
1.31969e+06
1.30628e+06
1.32736e+06
1.34204e+06
1.26805e+06
1.19979e+06
1.12742e+06
1.10237e+06
1.13511e+06
1.22758e+06
1.39261e+06
1.48101e+06
1.6111e+06
1.76986e+06
1.95932e+06
2.1217e+06
2.26332e+06
2.3878e+06
2.54554e+06
2.55778e+06
2.45085e+06
2.41326e+06
2.40238e+06
2.40342e+06
2.4565e+06
2.57364e+06
2.7288e+06
2.77698e+06
2.94399e+06
3.16456e+06
3.29053e+06
3.44929e+06
3.65632e+06
3.74758e+06
3.83516e+06
3.98325e+06
4.05439e+06
4.15464e+06
4.36723e+06
4.2544e+06
4.18619e+06
4.19855e+06
4.30193e+06
4.51e+06
4.69147e+06
4.78087e+06
4.96303e+06
5.15445e+06
5.41916e+06
5.65522e+06
5.73565e+06
5.92765e+06
6.03308e+06
6.25703e+06
6.31347e+06
6.2714e+06
6.32837e+06
6.37974e+06
6.5623e+06
6.57658e+06
6.73368e+06
6.8846e+06
7.13428e+06
7.29622e+06
7.46463e+06
7.71162e+06
8.08666e+06
8.33795e+06
8.39012e+06
8.56026e+06
8.81921e+06
8.95904e+06
8.90574e+06
8.89901e+06
8.88507e+06
8.93795e+06
9.06849e+06
9.33144e+06
9.8329e+06
9.921e+06
1.00477e+07
1.01743e+07
1.02303e+07
1.00307e+07
9.86174e+06
9.83492e+06
9.73887e+06
9.64672e+06
9.56941e+06
9.37352e+06
9.04154e+06
8.86508e+06
8.792e+06
8.57318e+06
8.36734e+06
8.23494e+06
8.15847e+06
8.10397e+06
8.18024e+06
8.13428e+06
8.08062e+06
8.02826e+06
7.73097e+06
7.44264e+06
7.33835e+06
7.14331e+06
6.86182e+06
6.64127e+06
6.29929e+06
6.03698e+06
5.87757e+06
5.69568e+06
5.48601e+06
5.33113e+06
5.31548e+06
5.35186e+06
5.4117e+06
5.2413e+06
5.13731e+06
4.83407e+06
4.38173e+06
3.94156e+06
3.61459e+06
3.35313e+06
3.10884e+06
2.79476e+06
2.56672e+06
2.40461e+06
2.26086e+06
2.20447e+06
2.15913e+06
2.14567e+06
2.12686e+06
1.99018e+06
1.80576e+06
1.51449e+06
1.29628e+06
1.11506e+06
939330
812857
729365
674196
633885
606416
595641
582921
573723
561729
534974
425001
312164
238626
184515
149148
118085
95649
76002
62058
50565
41038
33818
26137
19315
11185
4801
0
0
0
0
0
0
0
0
0
0
0
0
0
0
0
0
0
0
0
0
0
0
0
0
0
0
0
0
0
0
0
0
0
0
0
0
0
0
0
0
0
0
0
0
0
0
0
0
0
0
0
0
0
0
0
0
0
0
0
0
0
0
0
0
0
0
0
0
0
0
0
0
0
0
0
0
0
0
0
0
0
0
0
0
0
0
0
0
0
0
0
0
0
0
0
0
0
0
0
0
0
0
0
0
0
0
0
0
0
0
0
0
0
0
0
0
0
0
0
0
0
0
0
0
0
0
0
0
0
0
0
0
0
0
0
0
0
0
0
0
0
0
0
0
0
0
0
0
0
0
0
0
0
0
0
0
0
0
0
0
0
0
0
0
0
0
0
0
0
0
0
0
0
0
0
0
0
0
0
0
0
0
0
0
0
0
0
0
0
0
0
0
0
0
0
0
0
0
0
0
