172032
0
0
0
0
0
0
0
0
0
8
10
45
195
837
3639
14225
53827
141509
202502
214275
148173
102445
74726
58907
55029
58732
70839
96155
105104
113641
138437
181941
239488
310388
378491
320993
288855
274293
271966
292164
276495
261214
272585
312266
392373
361787
346226
355904
398888
445683
495273
570444
704607
714896
598116
547002
532610
526413
552880
634376
712356
653497
674673
742938
715437
734666
821518
823899
859131
969910
1.00625e+06
1.07732e+06
1.25397e+06
1.08787e+06
971693
919924
930517
1.03214e+06
1.08054e+06
1.01767e+06
1.06726e+06
1.11662e+06
1.2461e+06
1.36698e+06
1.34673e+06
1.45729e+06
1.48584e+06
1.64038e+06
1.63891e+06
1.52147e+06
1.51898e+06
1.47762e+06
1.5609e+06
1.45713e+06
1.4762e+06
1.47699e+06
1.58884e+06
1.60702e+06
1.62378e+06
1.7376e+06
1.97843e+06
2.11947e+06
2.07903e+06
2.14917e+06
2.30068e+06
2.34804e+06
2.18411e+06
2.07376e+06
1.94244e+06
1.87334e+06
1.86123e+06
2.00008e+06
2.32918e+06
2.26674e+06
2.27388e+06
2.4185e+06
2.52533e+06
2.38847e+06
2.30111e+06
2.37283e+06
2.37891e+06
2.39307e+06
2.42022e+06
2.32384e+06
2.07583e+06
1.99337e+06
2.01481e+06
1.8878e+06
1.78372e+06
1.76439e+06
1.77627e+06
1.81525e+06
1.97641e+06
2.01355e+06
2.04889e+06
2.1135e+06
1.93493e+06
1.78909e+06
1.82413e+06
1.77669e+06
1.64867e+06
1.57337e+06
1.37799e+06
1.25608e+06
1.2168e+06
1.18492e+06
1.10084e+06
1.06503e+06
1.15612e+06
1.3126e+06
1.4999e+06
1.4737e+06
1.53827e+06
1.40862e+06
1.13715e+06
877104
743262
672542
607654
468141
423367
422702
435686
491412
559947
643757
722781
688650
608817
421707
309262
224998
136324
90176
74275
74224
85254
103775
128700
156312
183752
208826
222464
156875
83062
48859
28918
18052
11440
8501
7624
8039
9048
10847
11961
11843
10678
7802
4326
0
0
0
0
0
0
0
0
0
0
0
0
0
0
0
0
0
0
0
0
0
0
0
0
0
0
0
0
0
0
0
0
0
0
0
0
0
0
0
0
0
0
0
0
0
0
0
0
0
0
0
0
0
0
0
0
0
0
0
0
0
0
0
0
0
0
0
0
0
0
0
0
0
0
0
0
0
0
0
0
0
0
0
0
0
0
0
0
0
0
0
0
0
0
0
0
0
0
0
0
0
0
0
0
0
0
0
0
0
0
0
0
0
0
0
0
0
0
0
0
0
0
0
0
0
0
0
0
0
0
0
0
0
0
0
0
0
0
0
0
0
0
0
0
0
0
0
0
0
0
0
0
0
0
0
0
0
0
0
0
0
0
0
0
0
0
0
0
0
0
0
0
0
0
0
0
0
0
0
0
0
0
0
0
0
0
0
0
0
0
0
0
0
0
0
0
0
0
0
0
