667648
0
0
0
0
0
0
0
0
9
39
103
539
1656
5768
18805
59256
187550
548372
926047
737920
493396
358510
287472
252198
243805
255211
288580
349696
410561
486134
612642
779055
944863
1.09343e+06
1.21034e+06
1.19745e+06
1.20558e+06
1.20492e+06
1.14346e+06
1.09802e+06
1.04014e+06
1.01744e+06
1.05168e+06
1.14032e+06
1.28993e+06
1.3619e+06
1.46702e+06
1.60219e+06
1.76999e+06
1.91672e+06
2.047e+06
2.17189e+06
2.33202e+06
2.34946e+06
2.24614e+06
2.20197e+06
2.19143e+06
2.1958e+06
2.24833e+06
2.36853e+06
2.5112e+06
2.54487e+06
2.68938e+06
2.88809e+06
2.98894e+06
3.12653e+06
3.31874e+06
3.40271e+06
3.4908e+06
3.63815e+06
3.70917e+06
3.81038e+06
4.02039e+06
3.9059e+06
3.8338e+06
3.83372e+06
3.92434e+06
4.12311e+06
4.27839e+06
4.35197e+06
4.51429e+06
4.68202e+06
4.93532e+06
5.16003e+06
5.23056e+06
5.4171e+06
5.518e+06
5.739e+06
5.79049e+06
5.73732e+06
5.79271e+06
5.83074e+06
5.99696e+06
5.99966e+06
6.13602e+06
6.26845e+06
6.4965e+06
6.64264e+06
6.79318e+06
7.02438e+06
7.38662e+06
7.62952e+06
7.67725e+06
7.84159e+06
8.08295e+06
8.21613e+06
8.1491e+06
8.13176e+06
8.09891e+06
8.12943e+06
8.24702e+06
8.49954e+06
8.97488e+06
9.05103e+06
9.15946e+06
9.2885e+06
9.35217e+06
9.1552e+06
9.00186e+06
8.99865e+06
8.90955e+06
8.83025e+06
8.76722e+06
8.58081e+06
8.2483e+06
8.07947e+06
8.0148e+06
7.80551e+06
7.61353e+06
7.49962e+06
7.43327e+06
7.38491e+06
7.47689e+06
7.43856e+06
7.39258e+06
7.36048e+06
7.08059e+06
6.81002e+06
6.71599e+06
6.53786e+06
6.27742e+06
6.06374e+06
5.73643e+06
5.48385e+06
5.34288e+06
5.17694e+06
4.98094e+06
4.84356e+06
4.84134e+06
4.89511e+06
4.9702e+06
4.82182e+06
4.73733e+06
4.45499e+06
4.01957e+06
3.59602e+06
3.28669e+06
3.04331e+06
2.81448e+06
2.52361e+06
2.32004e+06
2.17248e+06
2.05135e+06
2.00889e+06
1.97884e+06
1.97912e+06
1.97461e+06
1.84961e+06
1.67737e+06
1.39432e+06
1.1841e+06
1.01133e+06
843466
726632
650805
604690
569172
547742
542100
537309
532245
523293
500787
396711
286719
216355
165723
133456
106481
84562
68028
55929
45752
37778
31784
24764
18381
10934
4776
0
0
0
0
0
0
0
0
0
0
0
0
0
0
0
0
0
0
0
0
0
0
0
0
0
0
0
0
0
0
0
0
0
0
0
0
0
0
0
0
0
0
0
0
0
0
0
0
0
0
0
0
0
0
0
0
0
0
0
0
0
0
0
0
0
0
0
0
0
0
0
0
0
0
0
0
0
0
0
0
0
0
0
0
0
0
0
0
0
0
0
0
0
0
0
0
0
0
0
0
0
0
0
0
0
0
0
0
0
0
0
0
0
0
0
0
0
0
0
0
0
0
0
0
0
0
0
0
0
0
0
0
0
0
0
0
0
0
0
0
0
0
0
0
0
0
0
0
0
0
0
0
0
0
0
0
0
0
0
0
0
0
0
0
0
0
0
0
0
0
0
0
0
0
0
0
0
0
0
0
0
0
0
0
0
0
0
0
0
0
0
0
0
0
0
0
0
0
0
0
