501760
0
0
0
0
0
0
0
0
9
39
103
539
1656
5768
18805
59248
186550
440967
560005
516563
384325
290516
233621
201591
192156
200432
227792
276657
320368
374356
457323
566304
686401
810239
926135
903869
880177
859669
836268
835620
807152
791572
821771
889537
1.01275e+06
1.04026e+06
1.09122e+06
1.17044e+06
1.28483e+06
1.39492e+06
1.49967e+06
1.61399e+06
1.77508e+06
1.806e+06
1.70193e+06
1.6558e+06
1.64243e+06
1.64976e+06
1.6994e+06
1.8125e+06
1.93132e+06
1.92986e+06
2.02051e+06
2.16277e+06
2.20715e+06
2.29979e+06
2.4529e+06
2.51493e+06
2.59108e+06
2.74266e+06
2.81245e+06
2.91036e+06
3.11348e+06
2.98156e+06
2.89516e+06
2.87595e+06
2.92899e+06
3.09503e+06
3.20517e+06
3.22406e+06
3.34936e+06
3.46912e+06
3.67841e+06
3.87201e+06
3.92195e+06
4.09152e+06
4.17402e+06
4.37839e+06
4.41819e+06
4.34619e+06
4.3791e+06
4.38569e+06
4.51552e+06
4.48018e+06
4.57035e+06
4.64995e+06
4.84088e+06
4.93796e+06
5.04749e+06
5.24934e+06
5.56806e+06
5.78289e+06
5.81088e+06
5.95359e+06
6.16497e+06
6.26696e+06
6.16673e+06
6.11334e+06
6.04219e+06
6.03499e+06
6.09778e+06
6.31199e+06
6.72745e+06
6.76663e+06
6.85228e+06
6.97684e+06
7.06476e+06
6.89209e+06
6.76596e+06
6.79576e+06
6.74745e+06
6.69372e+06
6.65062e+06
6.49181e+06
6.17549e+06
6.03255e+06
6.00286e+06
5.81199e+06
5.6456e+06
5.56594e+06
5.53384e+06
5.51409e+06
5.6317e+06
5.61694e+06
5.6094e+06
5.61662e+06
5.37461e+06
5.14585e+06
5.09525e+06
4.96109e+06
4.73965e+06
4.55915e+06
4.26172e+06
4.05081e+06
3.94043e+06
3.81965e+06
3.66456e+06
3.56505e+06
3.60358e+06
3.7045e+06
3.82458e+06
3.72265e+06
3.68983e+06
3.45754e+06
3.07208e+06
2.68905e+06
2.42872e+06
2.23743e+06
2.05605e+06
1.8129e+06
1.66935e+06
1.57574e+06
1.5019e+06
1.49605e+06
1.50886e+06
1.54485e+06
1.57584e+06
1.48061e+06
1.33501e+06
1.07974e+06
894936
742101
596122
501530
445294
416213
401311
398432
406253
415806
421754
423159
412182
319839
219392
160448
120314
92478
72034
56891
46749
40264
33480
29402
25889
21160
16042
9942
4624
0
0
0
0
0
0
0
0
0
0
0
0
0
0
0
0
0
0
0
0
0
0
0
0
0
0
0
0
0
0
0
0
0
0
0
0
0
0
0
0
0
0
0
0
0
0
0
0
0
0
0
0
0
0
0
0
0
0
0
0
0
0
0
0
0
0
0
0
0
0
0
0
0
0
0
0
0
0
0
0
0
0
0
0
0
0
0
0
0
0
0
0
0
0
0
0
0
0
0
0
0
0
0
0
0
0
0
0
0
0
0
0
0
0
0
0
0
0
0
0
0
0
0
0
0
0
0
0
0
0
0
0
0
0
0
0
0
0
0
0
0
0
0
0
0
0
0
0
0
0
0
0
0
0
0
0
0
0
0
0
0
0
0
0
0
0
0
0
0
0
0
0
0
0
0
0
0
0
0
0
0
0
0
0
0
0
0
0
0
0
0
0
0
0
0
0
0
0
0
0
