813056
0
0
0
0
0
0
0
0
9
39
103
539
1656
5768
18805
59256
187550
600316
1.28558e+06
955495
588460
415467
330913
292750
284244
298831
339659
407609
484981
584103
746765
963631
1.18138e+06
1.35681e+06
1.46239e+06
1.44395e+06
1.48486e+06
1.51942e+06
1.43267e+06
1.33386e+06
1.23867e+06
1.2092e+06
1.24078e+06
1.34026e+06
1.52192e+06
1.6335e+06
1.79364e+06
1.98597e+06
2.20537e+06
2.38984e+06
2.5452e+06
2.66969e+06
2.82017e+06
2.82733e+06
2.7154e+06
2.68522e+06
2.67431e+06
2.67475e+06
2.72061e+06
2.83802e+06
3.00265e+06
3.0743e+06
3.2696e+06
3.52687e+06
3.67632e+06
3.86703e+06
4.09669e+06
4.198e+06
4.28325e+06
4.42793e+06
4.49692e+06
4.60298e+06
4.80889e+06
4.70627e+06
4.64055e+06
4.66641e+06
4.78519e+06
5.00999e+06
5.21692e+06
5.33413e+06
5.54287e+06
5.76769e+06
6.04694e+06
6.2957e+06
6.38793e+06
6.59208e+06
6.7016e+06
6.92738e+06
6.98819e+06
6.95239e+06
7.01476e+06
7.08726e+06
7.29102e+06
7.3214e+06
7.49683e+06
7.67741e+06
7.96377e+06
8.14302e+06
8.32825e+06
8.60393e+06
8.99419e+06
9.25837e+06
9.30125e+06
9.49818e+06
9.76179e+06
9.92139e+06
9.87903e+06
9.88292e+06
9.89431e+06
9.97746e+06
1.01265e+07
1.04088e+07
1.09389e+07
1.10487e+07
1.11986e+07
1.13164e+07
1.13699e+07
1.1156e+07
1.0963e+07
1.09177e+07
1.08099e+07
1.07034e+07
1.06097e+07
1.03924e+07
1.00621e+07
9.87928e+06
9.79304e+06
9.558e+06
9.33774e+06
9.19537e+06
9.08997e+06
9.03464e+06
9.09305e+06
9.02965e+06
8.96468e+06
8.89181e+06
8.56936e+06
8.25953e+06
8.13812e+06
7.92006e+06
7.61453e+06
7.38778e+06
7.02878e+06
6.75178e+06
6.5708e+06
6.3642e+06
6.13733e+06
5.96343e+06
5.92184e+06
5.94194e+06
5.97643e+06
5.78529e+06
5.65365e+06
5.32614e+06
4.852e+06
4.38394e+06
4.03398e+06
3.75779e+06
3.48652e+06
3.14134e+06
2.88936e+06
2.70355e+06
2.53592e+06
2.45595e+06
2.39071e+06
2.35981e+06
2.32161e+06
2.16852e+06
1.9738e+06
1.66988e+06
1.44156e+06
1.24982e+06
1.06084e+06
926424
828319
764536
717877
680583
664471
643708
628030
610371
577482
463541
344368
267050
208992
169210
133841
109251
86844
70292
56431
45255
36626
27814
20244
11488
4841
0
0
0
0
0
0
0
0
0
0
0
0
0
0
0
0
0
0
0
0
0
0
0
0
0
0
0
0
0
0
0
0
0
0
0
0
0
0
0
0
0
0
0
0
0
0
0
0
0
0
0
0
0
0
0
0
0
0
0
0
0
0
0
0
0
0
0
0
0
0
0
0
0
0
0
0
0
0
0
0
0
0
0
0
0
0
0
0
0
0
0
0
0
0
0
0
0
0
0
0
0
0
0
0
0
0
0
0
0
0
0
0
0
0
0
0
0
0
0
0
0
0
0
0
0
0
0
0
0
0
0
0
0
0
0
0
0
0
0
0
0
0
0
0
0
0
0
0
0
0
0
0
0
0
0
0
0
0
0
0
0
0
0
0
0
0
0
0
0
0
0
0
0
0
0
0
0
0
0
0
0
0
0
0
0
0
0
0
0
0
0
0
0
0
0
0
0
0
0
0
