765952
0
0
0
0
0
0
0
0
9
39
103
539
1656
5768
18805
59256
187550
585266
1.16821e+06
883275
557512
396928
317216
280306
271089
283965
323775
389541
461004
552444
703977
904105
1.10332e+06
1.27079e+06
1.3804e+06
1.36477e+06
1.3946e+06
1.41778e+06
1.33734e+06
1.25685e+06
1.17465e+06
1.14793e+06
1.18036e+06
1.27541e+06
1.44726e+06
1.54611e+06
1.68964e+06
1.8617e+06
2.06379e+06
2.23532e+06
2.38173e+06
2.50712e+06
2.66317e+06
2.67254e+06
2.56334e+06
2.52931e+06
2.5179e+06
2.5176e+06
2.5693e+06
2.68634e+06
2.84565e+06
2.90284e+06
3.08301e+06
3.31839e+06
3.45572e+06
3.62581e+06
3.84268e+06
3.93896e+06
4.02604e+06
4.17048e+06
4.24311e+06
4.34489e+06
4.55606e+06
4.44692e+06
4.37781e+06
4.39814e+06
4.50755e+06
4.7224e+06
4.91577e+06
5.0155e+06
5.21001e+06
5.41455e+06
5.68594e+06
5.92716e+06
6.01249e+06
6.21088e+06
6.31539e+06
6.54145e+06
6.60062e+06
6.56236e+06
6.62093e+06
6.67993e+06
6.87287e+06
6.89138e+06
7.05905e+06
7.22185e+06
7.48652e+06
7.65595e+06
7.83109e+06
8.09167e+06
8.4717e+06
8.7279e+06
8.77816e+06
8.95738e+06
9.22205e+06
9.36579e+06
9.32076e+06
9.31819e+06
9.31435e+06
9.37973e+06
9.51847e+06
9.78891e+06
1.03018e+07
1.04001e+07
1.05373e+07
1.06592e+07
1.07139e+07
1.05108e+07
1.03298e+07
1.02959e+07
1.01924e+07
1.0095e+07
1.00105e+07
9.80728e+06
9.47625e+06
9.29658e+06
9.21755e+06
8.99273e+06
8.77977e+06
8.64066e+06
8.55532e+06
8.4993e+06
8.56786e+06
8.51323e+06
8.45796e+06
8.39626e+06
8.08587e+06
7.79045e+06
7.67967e+06
7.47429e+06
7.1792e+06
6.96072e+06
6.60711e+06
6.34239e+06
6.17049e+06
5.98021e+06
5.7635e+06
5.59858e+06
5.57326e+06
5.60364e+06
5.65212e+06
5.47258e+06
5.35556e+06
5.04355e+06
4.58124e+06
4.13026e+06
3.79269e+06
3.52528e+06
3.26928e+06
2.94252e+06
2.70396e+06
2.53076e+06
2.37768e+06
2.31097e+06
2.25816e+06
2.23706e+06
2.20883e+06
2.06625e+06
1.87687e+06
1.58106e+06
1.35802e+06
1.17279e+06
990515
861544
771542
712033
669477
638629
624871
608351
596760
582341
553127
441389
325800
250611
195021
157716
124656
101554
80374
65655
53173
42731
35021
26838
19747
11317
4819
0
0
0
0
0
0
0
0
0
0
0
0
0
0
0
0
0
0
0
0
0
0
0
0
0
0
0
0
0
0
0
0
0
0
0
0
0
0
0
0
0
0
0
0
0
0
0
0
0
0
0
0
0
0
0
0
0
0
0
0
0
0
0
0
0
0
0
0
0
0
0
0
0
0
0
0
0
0
0
0
0
0
0
0
0
0
0
0
0
0
0
0
0
0
0
0
0
0
0
0
0
0
0
0
0
0
0
0
0
0
0
0
0
0
0
0
0
0
0
0
0
0
0
0
0
0
0
0
0
0
0
0
0
0
0
0
0
0
0
0
0
0
0
0
0
0
0
0
0
0
0
0
0
0
0
0
0
0
0
0
0
0
0
0
0
0
0
0
0
0
0
0
0
0
0
0
0
0
0
0
0
0
0
0
0
0
0
0
0
0
0
0
0
0
0
0
0
0
0
0
