559104
0
0
0
0
0
0
0
0
9
39
103
539
1656
5768
18805
59256
187517
489982
672890
588300
423582
314844
253441
220063
210545
220127
249668
302893
352339
414567
510983
639396
772547
906092
1.02416e+06
1.00717e+06
993137
975522
938505
926379
890249
872151
903037
978433
1.11182e+06
1.15239e+06
1.22152e+06
1.31891e+06
1.45139e+06
1.57224e+06
1.68652e+06
1.80271e+06
1.96558e+06
1.99514e+06
1.89065e+06
1.84564e+06
1.83358e+06
1.83798e+06
1.8907e+06
2.00623e+06
2.13435e+06
2.14597e+06
2.25296e+06
2.41271e+06
2.47619e+06
2.58323e+06
2.74967e+06
2.8206e+06
2.89955e+06
3.04921e+06
3.12197e+06
3.22192e+06
3.42809e+06
3.30313e+06
3.22279e+06
3.20895e+06
3.2726e+06
3.45261e+06
3.57762e+06
3.61381e+06
3.75415e+06
3.88834e+06
4.10881e+06
4.31258e+06
4.37116e+06
4.54886e+06
4.63844e+06
4.84936e+06
4.89463e+06
4.82947e+06
4.86613e+06
4.88687e+06
5.02812e+06
5.00819e+06
5.11256e+06
5.20961e+06
5.41535e+06
5.52741e+06
5.64811e+06
5.86132e+06
6.19325e+06
6.42094e+06
6.4537e+06
6.60535e+06
6.82845e+06
6.94222e+06
6.85406e+06
6.81025e+06
6.75665e+06
6.75994e+06
6.83926e+06
7.07044e+06
7.50428e+06
7.55728e+06
7.6522e+06
7.77398e+06
7.85226e+06
7.6709e+06
7.53519e+06
7.55774e+06
7.4948e+06
7.43702e+06
7.38169e+06
7.21532e+06
6.89294e+06
6.74239e+06
6.69792e+06
6.50018e+06
6.32538e+06
6.23148e+06
6.19164e+06
6.16331e+06
6.27024e+06
6.24473e+06
6.2246e+06
6.21985e+06
5.96423e+06
5.72037e+06
5.65448e+06
5.50468e+06
5.27238e+06
5.08161e+06
4.77063e+06
4.54721e+06
4.42699e+06
4.28933e+06
4.11824e+06
4.00776e+06
4.02922e+06
4.11661e+06
4.21969e+06
4.10134e+06
4.04835e+06
3.80441e+06
3.40182e+06
3.00438e+06
2.72491e+06
2.51454e+06
2.31784e+06
2.05953e+06
1.896e+06
1.78344e+06
1.6917e+06
1.67203e+06
1.67012e+06
1.69498e+06
1.7134e+06
1.60871e+06
1.45219e+06
1.18719e+06
995432
836541
682144
579343
516745
480795
459752
449838
453670
457919
459274
457312
443017
345943
242510
179739
136125
106297
84220
66556
54695
45864
37582
32076
27956
22543
16782
10336
4687
0
0
0
0
0
0
0
0
0
0
0
0
0
0
0
0
0
0
0
0
0
0
0
0
0
0
0
0
0
0
0
0
0
0
0
0
0
0
0
0
0
0
0
0
0
0
0
0
0
0
0
0
0
0
0
0
0
0
0
0
0
0
0
0
0
0
0
0
0
0
0
0
0
0
0
0
0
0
0
0
0
0
0
0
0
0
0
0
0
0
0
0
0
0
0
0
0
0
0
0
0
0
0
0
0
0
0
0
0
0
0
0
0
0
0
0
0
0
0
0
0
0
0
0
0
0
0
0
0
0
0
0
0
0
0
0
0
0
0
0
0
0
0
0
0
0
0
0
0
0
0
0
0
0
0
0
0
0
0
0
0
0
0
0
0
0
0
0
0
0
0
0
0
0
0
0
0
0
0
0
0
0
0
0
0
0
0
0
0
0
0
0
0
0
0
0
0
0
0
0
