389120
0
0
0
0
0
0
0
0
9
33
82
445
1404
4890
15814
50372
152644
329952
416594
404683
304883
230908
183682
156630
148176
154669
176160
217304
249004
286565
348193
432547
530562
638258
737742
701361
671935
655080
642673
652504
629743
616707
639312
696886
803255
810010
836334
889216
976133
1.06482e+06
1.15223e+06
1.25577e+06
1.40833e+06
1.43479e+06
1.32833e+06
1.27879e+06
1.26679e+06
1.26814e+06
1.31054e+06
1.41399e+06
1.51569e+06
1.49447e+06
1.55902e+06
1.67319e+06
1.69398e+06
1.75984e+06
1.89059e+06
1.93293e+06
1.99731e+06
2.13975e+06
2.19889e+06
2.29397e+06
2.48725e+06
2.34003e+06
2.24079e+06
2.21104e+06
2.24421e+06
2.38324e+06
2.47042e+06
2.46269e+06
2.56266e+06
2.66049e+06
2.84384e+06
3.01605e+06
3.04527e+06
3.1988e+06
3.26296e+06
3.45199e+06
3.4763e+06
3.38779e+06
3.41109e+06
3.39335e+06
3.50262e+06
3.43866e+06
3.50145e+06
3.55129e+06
3.72071e+06
3.79331e+06
3.87239e+06
4.0506e+06
4.34344e+06
4.5389e+06
4.5481e+06
4.66636e+06
4.86048e+06
4.93907e+06
4.8123e+06
4.73434e+06
4.63717e+06
4.60576e+06
4.63765e+06
4.82658e+06
5.20864e+06
5.21408e+06
5.28029e+06
5.41986e+06
5.51964e+06
5.3638e+06
5.25338e+06
5.30233e+06
5.27169e+06
5.23823e+06
5.21604e+06
5.06854e+06
4.76601e+06
4.63937e+06
4.62763e+06
4.45728e+06
4.31223e+06
4.25861e+06
4.2393e+06
4.24107e+06
4.37944e+06
4.38845e+06
4.4043e+06
4.4319e+06
4.21497e+06
4.02006e+06
3.99213e+06
3.88663e+06
3.69147e+06
3.53985e+06
3.26659e+06
3.07685e+06
2.98258e+06
2.89533e+06
2.76832e+06
2.69704e+06
2.76373e+06
2.89982e+06
3.05235e+06
2.97743e+06
2.97963e+06
2.7807e+06
2.4241e+06
2.07146e+06
1.84641e+06
1.68805e+06
1.54214e+06
1.33007e+06
1.2223e+06
1.16729e+06
1.12983e+06
1.15388e+06
1.19174e+06
1.25132e+06
1.30348e+06
1.23069e+06
1.10423e+06
866030
698115
560443
429140
348113
306623
288624
285404
294743
311803
332343
347365
356626
353535
268184
174937
122595
87921
64993
49154
38615
31877
28419
24955
23317
21583
18718
14668
9447
4542
0
0
0
0
0
0
0
0
0
0
0
0
0
0
0
0
0
0
0
0
0
0
0
0
0
0
0
0
0
0
0
0
0
0
0
0
0
0
0
0
0
0
0
0
0
0
0
0
0
0
0
0
0
0
0
0
0
0
0
0
0
0
0
0
0
0
0
0
0
0
0
0
0
0
0
0
0
0
0
0
0
0
0
0
0
0
0
0
0
0
0
0
0
0
0
0
0
0
0
0
0
0
0
0
0
0
0
0
0
0
0
0
0
0
0
0
0
0
0
0
0
0
0
0
0
0
0
0
0
0
0
0
0
0
0
0
0
0
0
0
0
0
0
0
0
0
0
0
0
0
0
0
0
0
0
0
0
0
0
0
0
0
0
0
0
0
0
0
0
0
0
0
0
0
0
0
0
0
0
0
0
0
0
0
0
0
0
0
0
0
0
0
0
0
0
0
0
0
0
0
