497664
0
0
0
0
0
0
0
0
9
39
103
539
1656
5768
18805
59243
186317
436820
552913
511684
381540
288681
232059
200167
190777
198981
226245
274723
318011
371286
453470
561170
680355
803780
919073
896415
872037
851780
828949
829160
801139
785648
815606
883260
1.0055e+06
1.03218e+06
1.08184e+06
1.15994e+06
1.27294e+06
1.38238e+06
1.48653e+06
1.60082e+06
1.76171e+06
1.79238e+06
1.68828e+06
1.64226e+06
1.62893e+06
1.63599e+06
1.68565e+06
1.79862e+06
1.91654e+06
1.91422e+06
2.0038e+06
2.14509e+06
2.18804e+06
2.2797e+06
2.43196e+06
2.49323e+06
2.56924e+06
2.72075e+06
2.79019e+06
2.88821e+06
3.09091e+06
2.95858e+06
2.87169e+06
2.85213e+06
2.9039e+06
3.06949e+06
3.17845e+06
3.19625e+06
3.32065e+06
3.43923e+06
3.64797e+06
3.84051e+06
3.88975e+06
4.05914e+06
4.14099e+06
4.34482e+06
4.38391e+06
4.31159e+06
4.34422e+06
4.34991e+06
4.47892e+06
4.44239e+06
4.53148e+06
4.60992e+06
4.7997e+06
4.89612e+06
5.00426e+06
5.2059e+06
5.5234e+06
5.73781e+06
5.76506e+06
5.90683e+06
6.11764e+06
6.21896e+06
6.11732e+06
6.06341e+06
5.99099e+06
5.9831e+06
6.04505e+06
6.25804e+06
6.67164e+06
6.70937e+06
6.79562e+06
6.92046e+06
7.0082e+06
6.83686e+06
6.71076e+06
6.74141e+06
6.69398e+06
6.64082e+06
6.59856e+06
6.44028e+06
6.12431e+06
5.981e+06
5.95309e+06
5.76292e+06
5.59715e+06
5.51841e+06
5.48692e+06
5.46785e+06
5.58602e+06
5.57218e+06
5.56532e+06
5.57346e+06
5.33255e+06
5.10546e+06
5.05478e+06
4.92231e+06
4.70151e+06
4.52198e+06
4.22555e+06
4.01525e+06
3.90547e+06
3.78619e+06
3.63207e+06
3.53344e+06
3.57275e+06
3.67549e+06
3.79647e+06
3.69561e+06
3.66393e+06
3.433e+06
3.04865e+06
2.66656e+06
2.40736e+06
2.21758e+06
2.03758e+06
1.79521e+06
1.65301e+06
1.56101e+06
1.48829e+06
1.48333e+06
1.49723e+06
1.53433e+06
1.56603e+06
1.47141e+06
1.32663e+06
1.07213e+06
887884
735322
590042
495854
440213
411578
397170
394692
402790
412941
419063
420716
410048
317916
217699
159070
119174
91458
71209
56230
46211
39848
33138
29211
25753
21057
15989
9918
4616
0
0
0
0
0
0
0
0
0
0
0
0
0
0
0
0
0
0
0
0
0
0
0
0
0
0
0
0
0
0
0
0
0
0
0
0
0
0
0
0
0
0
0
0
0
0
0
0
0
0
0
0
0
0
0
0
0
0
0
0
0
0
0
0
0
0
0
0
0
0
0
0
0
0
0
0
0
0
0
0
0
0
0
0
0
0
0
0
0
0
0
0
0
0
0
0
0
0
0
0
0
0
0
0
0
0
0
0
0
0
0
0
0
0
0
0
0
0
0
0
0
0
0
0
0
0
0
0
0
0
0
0
0
0
0
0
0
0
0
0
0
0
0
0
0
0
0
0
0
0
0
0
0
0
0
0
0
0
0
0
0
0
0
0
0
0
0
0
0
0
0
0
0
0
0
0
0
0
0
0
0
0
0
0
0
0
0
0
0
0
0
0
0
0
0
0
0
0
0
0
