495616
0
0
0
0
0
0
0
0
9
39
103
539
1656
5768
18805
59240
186181
434701
549430
509276
380149
287733
231298
199428
190100
198262
225449
273769
316828
369730
451505
558644
677365
800534
915566
892674
867965
847815
825340
825889
798174
782676
812493
880109
1.00185e+06
1.02813e+06
1.07719e+06
1.15469e+06
1.26705e+06
1.37609e+06
1.48001e+06
1.5942e+06
1.75499e+06
1.78563e+06
1.68144e+06
1.63547e+06
1.62222e+06
1.62901e+06
1.67879e+06
1.79171e+06
1.90906e+06
1.90647e+06
1.99542e+06
2.13619e+06
2.17858e+06
2.26966e+06
2.42149e+06
2.48236e+06
2.5584e+06
2.70978e+06
2.77906e+06
2.87705e+06
3.07975e+06
2.94699e+06
2.85996e+06
2.84023e+06
2.89135e+06
3.05673e+06
3.16512e+06
3.18234e+06
3.30631e+06
3.4243e+06
3.63266e+06
3.82477e+06
3.87373e+06
4.04296e+06
4.12441e+06
4.32804e+06
4.36682e+06
4.29423e+06
4.32682e+06
4.33207e+06
4.46059e+06
4.42346e+06
4.51197e+06
4.58995e+06
4.77903e+06
4.87522e+06
4.98271e+06
5.18423e+06
5.50103e+06
5.71536e+06
5.74212e+06
5.88342e+06
6.09398e+06
6.19496e+06
6.09268e+06
6.03837e+06
5.96535e+06
5.95727e+06
6.01856e+06
6.2312e+06
6.64369e+06
6.68068e+06
6.76731e+06
6.89236e+06
6.97988e+06
6.8092e+06
6.68316e+06
6.71434e+06
6.66716e+06
6.61436e+06
6.57251e+06
6.41457e+06
6.09877e+06
5.95517e+06
5.92817e+06
5.73838e+06
5.5729e+06
5.49475e+06
5.46339e+06
5.44482e+06
5.56304e+06
5.54985e+06
5.54338e+06
5.55176e+06
5.31155e+06
5.08518e+06
5.03462e+06
4.90299e+06
4.68239e+06
4.50345e+06
4.20744e+06
3.99745e+06
3.88794e+06
3.76948e+06
3.61582e+06
3.51756e+06
3.55749e+06
3.66094e+06
3.78241e+06
3.68213e+06
3.6509e+06
3.42076e+06
3.03698e+06
2.65528e+06
2.39672e+06
2.20765e+06
2.02832e+06
1.78638e+06
1.64483e+06
1.55365e+06
1.48143e+06
1.47709e+06
1.49137e+06
1.52911e+06
1.5611e+06
1.46681e+06
1.32243e+06
1.06832e+06
884378
731935
586977
492985
437718
409230
395158
392780
401095
411462
417722
419496
408994
316943
216858
158389
118606
90943
70802
55893
45940
39636
32970
29120
25685
21004
15961
9907
4613
0
0
0
0
0
0
0
0
0
0
0
0
0
0
0
0
0
0
0
0
0
0
0
0
0
0
0
0
0
0
0
0
0
0
0
0
0
0
0
0
0
0
0
0
0
0
0
0
0
0
0
0
0
0
0
0
0
0
0
0
0
0
0
0
0
0
0
0
0
0
0
0
0
0
0
0
0
0
0
0
0
0
0
0
0
0
0
0
0
0
0
0
0
0
0
0
0
0
0
0
0
0
0
0
0
0
0
0
0
0
0
0
0
0
0
0
0
0
0
0
0
0
0
0
0
0
0
0
0
0
0
0
0
0
0
0
0
0
0
0
0
0
0
0
0
0
0
0
0
0
0
0
0
0
0
0
0
0
0
0
0
0
0
0
0
0
0
0
0
0
0
0
0
0
0
0
0
0
0
0
0
0
0
0
0
0
0
0
0
0
0
0
0
0
0
0
0
0
0
0
