112640
0
0
0
0
0
0
0
0
0
0
0
14
65
279
1300
6364
29058
90209
140067
157175
101711
65339
44346
33355
31111
34804
45427
66668
69648
68933
82493
112537
157064
216770
276825
213513
180453
168616
170128
192866
179770
165638
175062
209656
281110
242981
216662
215716
246017
278058
311667
377175
502608
509194
391943
342298
331914
325813
349037
424253
496694
429152
437611
495046
454367
459231
532111
520767
542653
641141
665498
730716
903769
737143
621061
572056
581439
677428
714904
637966
671160
702644
811258
911495
871403
966673
983683
1.12582e+06
1.12098e+06
1.00115e+06
996556
954745
1.03701e+06
930412
943312
930463
1.02556e+06
1.02313e+06
1.01748e+06
1.10783e+06
1.32138e+06
1.43732e+06
1.37688e+06
1.43285e+06
1.57537e+06
1.62019e+06
1.45936e+06
1.35252e+06
1.22097e+06
1.14782e+06
1.12798e+06
1.25166e+06
1.56069e+06
1.47562e+06
1.4596e+06
1.59533e+06
1.69557e+06
1.56644e+06
1.47926e+06
1.553e+06
1.56247e+06
1.59079e+06
1.64319e+06
1.57746e+06
1.35032e+06
1.28712e+06
1.32221e+06
1.20314e+06
1.10592e+06
1.09569e+06
1.11341e+06
1.1603e+06
1.32414e+06
1.36083e+06
1.39181e+06
1.45775e+06
1.28353e+06
1.14903e+06
1.20291e+06
1.18342e+06
1.08469e+06
1.0426e+06
881501
790867
773252
756127
675587
635781
714492
859182
1.04125e+06
1.01824e+06
1.1015e+06
1.00062e+06
766154
548582
454192
421152
383357
265581
235168
240638
255653
308895
373599
452630
533421
508000
447385
284417
199728
141088
72375
39615
30660
32243
41140
56023
76397
100001
127780
155795
176832
119794
54969
29180
15089
8469
4484
3296
2993
3817
4967
6684
8173
8722
8557
6991
4189
0
0
0
0
0
0
0
0
0
0
0
0
0
0
0
0
0
0
0
0
0
0
0
0
0
0
0
0
0
0
0
0
0
0
0
0
0
0
0
0
0
0
0
0
0
0
0
0
0
0
0
0
0
0
0
0
0
0
0
0
0
0
0
0
0
0
0
0
0
0
0
0
0
0
0
0
0
0
0
0
0
0
0
0
0
0
0
0
0
0
0
0
0
0
0
0
0
0
0
0
0
0
0
0
0
0
0
0
0
0
0
0
0
0
0
0
0
0
0
0
0
0
0
0
0
0
0
0
0
0
0
0
0
0
0
0
0
0
0
0
0
0
0
0
0
0
0
0
0
0
0
0
0
0
0
0
0
0
0
0
0
0
0
0
0
0
0
0
0
0
0
0
0
0
0
0
0
0
0
0
0
0
0
0
0
0
0
0
0
0
0
0
0
0
0
0
0
0
0
0
