163840
0
0
0
0
0
0
0
0
0
6
8
41
180
757
3260
13042
50259
134525
194014
206662
142024
97388
70183
55337
51647
55439
67205
91923
100112
107523
130830
172304
228040
297739
364851
306281
274001
259498
257892
278354
262946
247981
259094
298109
377161
345590
328424
336517
377324
422494
469814
544168
676775
686478
570121
518829
504944
498353
524639
605262
682898
622975
642205
708538
678946
696336
781408
781919
815777
924347
959237
1.0293e+06
1.20644e+06
1.04031e+06
923400
872406
882567
982867
1.02943e+06
964426
1.01276e+06
1.05862e+06
1.18594e+06
1.30413e+06
1.28165e+06
1.38946e+06
1.41727e+06
1.56984e+06
1.568e+06
1.45043e+06
1.44707e+06
1.40552e+06
1.48871e+06
1.3846e+06
1.40195e+06
1.40048e+06
1.51018e+06
1.5256e+06
1.53992e+06
1.65065e+06
1.88778e+06
2.02624e+06
1.98287e+06
2.05169e+06
2.2017e+06
2.24874e+06
2.0845e+06
1.97403e+06
1.8423e+06
1.77215e+06
1.75881e+06
1.89599e+06
2.22158e+06
2.1573e+06
2.16249e+06
2.30498e+06
2.41146e+06
2.2747e+06
2.18742e+06
2.26008e+06
2.2675e+06
2.28357e+06
2.31408e+06
2.22084e+06
1.97469e+06
1.89557e+06
1.91864e+06
1.79294e+06
1.69007e+06
1.67131e+06
1.68389e+06
1.72454e+06
1.88721e+06
1.92416e+06
1.95824e+06
2.02374e+06
1.84605e+06
1.70151e+06
1.73912e+06
1.69542e+06
1.57088e+06
1.50034e+06
1.30919e+06
1.19052e+06
1.15473e+06
1.12472e+06
1.04139e+06
1.00538e+06
1.09512e+06
1.24998e+06
1.43746e+06
1.41236e+06
1.47952e+06
1.35366e+06
1.08632e+06
832222
702666
637207
575803
439236
396751
396749
410603
466027
534328
618277
697796
664505
587321
403402
294669
213158
126836
82408
67626
67980
78758
97026
121395
148661
176406
201937
216592
152011
79363
46191
26821
16648
10383
7673
6954
7441
8419
10321
11460
11431
10434
7714
4305
0
0
0
0
0
0
0
0
0
0
0
0
0
0
0
0
0
0
0
0
0
0
0
0
0
0
0
0
0
0
0
0
0
0
0
0
0
0
0
0
0
0
0
0
0
0
0
0
0
0
0
0
0
0
0
0
0
0
0
0
0
0
0
0
0
0
0
0
0
0
0
0
0
0
0
0
0
0
0
0
0
0
0
0
0
0
0
0
0
0
0
0
0
0
0
0
0
0
0
0
0
0
0
0
0
0
0
0
0
0
0
0
0
0
0
0
0
0
0
0
0
0
0
0
0
0
0
0
0
0
0
0
0
0
0
0
0
0
0
0
0
0
0
0
0
0
0
0
0
0
0
0
0
0
0
0
0
0
0
0
0
0
0
0
0
0
0
0
0
0
0
0
0
0
0
0
0
0
0
0
0
0
0
0
0
0
0
0
0
0
0
0
0
0
0
0
0
0
0
0
