151552
0
0
0
0
0
0
0
0
0
6
3
32
152
630
2771
11260
45044
123984
181291
195086
132404
89754
63919
50007
46437
50336
61905
85911
92835
98125
119045
158091
211155
278422
343957
284096
251636
237841
236786
257633
242875
227965
238693
276963
353839
321385
301843
307729
345674
387567
431699
504069
635069
644016
527315
476489
463375
456724
482694
562016
638764
576669
593031
657121
624895
638806
721058
719008
750538
856259
888662
957597
1.134e+06
968910
851840
800509
809981
909408
953110
885201
930554
972625
1.09585e+06
1.21005e+06
1.18342e+06
1.28792e+06
1.31313e+06
1.46408e+06
1.46144e+06
1.34299e+06
1.34019e+06
1.29741e+06
1.37964e+06
1.2754e+06
1.29163e+06
1.28708e+06
1.39328e+06
1.40375e+06
1.41333e+06
1.52024e+06
1.75191e+06
1.88524e+06
1.83836e+06
1.90482e+06
2.05311e+06
2.09881e+06
1.9353e+06
1.82493e+06
1.69217e+06
1.62022e+06
1.60597e+06
1.74009e+06
2.06261e+06
1.99316e+06
1.99452e+06
2.13432e+06
2.24013e+06
2.10369e+06
2.01781e+06
2.09099e+06
2.09988e+06
2.11795e+06
2.15402e+06
2.06641e+06
1.82458e+06
1.74899e+06
1.7751e+06
1.65124e+06
1.54914e+06
1.53163e+06
1.54642e+06
1.58885e+06
1.75212e+06
1.7894e+06
1.82225e+06
1.88854e+06
1.71242e+06
1.57003e+06
1.61148e+06
1.57384e+06
1.45445e+06
1.38989e+06
1.20551e+06
1.09326e+06
1.06218e+06
1.03553e+06
952541
915407
1.00368e+06
1.15654e+06
1.3434e+06
1.31981e+06
1.39001e+06
1.27002e+06
1.01053e+06
764666
642167
584340
528589
397064
357098
358255
372802
428198
495809
579183
659938
627826
554648
375232
272064
195909
113233
71473
58177
58952
69274
86752
110509
137125
165066
191257
207584
144710
73473
42159
23973
14540
8867
6500
6037
6532
7569
9404
10698
10780
10040
7605
4292
0
0
0
0
0
0
0
0
0
0
0
0
0
0
0
0
0
0
0
0
0
0
0
0
0
0
0
0
0
0
0
0
0
0
0
0
0
0
0
0
0
0
0
0
0
0
0
0
0
0
0
0
0
0
0
0
0
0
0
0
0
0
0
0
0
0
0
0
0
0
0
0
0
0
0
0
0
0
0
0
0
0
0
0
0
0
0
0
0
0
0
0
0
0
0
0
0
0
0
0
0
0
0
0
0
0
0
0
0
0
0
0
0
0
0
0
0
0
0
0
0
0
0
0
0
0
0
0
0
0
0
0
0
0
0
0
0
0
0
0
0
0
0
0
0
0
0
0
0
0
0
0
0
0
0
0
0
0
0
0
0
0
0
0
0
0
0
0
0
0
0
0
0
0
0
0
0
0
0
0
0
0
0
0
0
0
0
0
0
0
0
0
0
0
0
0
0
0
0
0
