368640
0
0
0
0
0
0
0
0
6
27
78
407
1292
4461
14519
46756
142979
312271
397092
387144
290664
218699
173300
147152
138931
145569
165997
205485
235128
270193
328548
408688
503114
607438
704483
665886
636609
619475
608103
618439
596078
582741
604129
660524
763641
766882
789674
838643
922197
1.00649e+06
1.09069e+06
1.19186e+06
1.34213e+06
1.3678e+06
1.26038e+06
1.21095e+06
1.19769e+06
1.19754e+06
1.23836e+06
1.33985e+06
1.43863e+06
1.41341e+06
1.47496e+06
1.58478e+06
1.60192e+06
1.66341e+06
1.79037e+06
1.82825e+06
1.89067e+06
2.03063e+06
2.08784e+06
2.18064e+06
2.37178e+06
2.22199e+06
2.12069e+06
2.08894e+06
2.12007e+06
2.25339e+06
2.33687e+06
2.32322e+06
2.42015e+06
2.51563e+06
2.69414e+06
2.86064e+06
2.88687e+06
3.03644e+06
3.09772e+06
3.28235e+06
3.30428e+06
3.21217e+06
3.23354e+06
3.2124e+06
3.31957e+06
3.2504e+06
3.30623e+06
3.35211e+06
3.51681e+06
3.5852e+06
3.65888e+06
3.83391e+06
4.12175e+06
4.31314e+06
4.31876e+06
4.43176e+06
4.62189e+06
4.69664e+06
4.56394e+06
4.48308e+06
4.38393e+06
4.34643e+06
4.37309e+06
4.55534e+06
4.9342e+06
4.93238e+06
4.99404e+06
5.13677e+06
5.23842e+06
5.08488e+06
4.97788e+06
5.03179e+06
5.00257e+06
4.97286e+06
4.9538e+06
4.80936e+06
4.50983e+06
4.38744e+06
4.37761e+06
4.21268e+06
4.07016e+06
4.02022e+06
4.00572e+06
4.0111e+06
4.15124e+06
4.16548e+06
4.18528e+06
4.2167e+06
4.00305e+06
3.81394e+06
3.79017e+06
3.68999e+06
3.50007e+06
3.35347e+06
3.08588e+06
2.90088e+06
2.81135e+06
2.72716e+06
2.60611e+06
2.54042e+06
2.6118e+06
2.75385e+06
2.9103e+06
2.84128e+06
2.84886e+06
2.65683e+06
2.30495e+06
1.95928e+06
1.74057e+06
1.58866e+06
1.44927e+06
1.24342e+06
1.14268e+06
1.09422e+06
1.06277e+06
1.09141e+06
1.1342e+06
1.19713e+06
1.25317e+06
1.18441e+06
1.06189e+06
826183
661735
527826
398950
320812
281747
265933
264812
276258
294794
317040
333576
344254
342351
258721
166601
115566
82130
60072
45185
35296
29173
26346
23392
22244
20853
18217
14417
9352
4533
0
0
0
0
0
0
0
0
0
0
0
0
0
0
0
0
0
0
0
0
0
0
0
0
0
0
0
0
0
0
0
0
0
0
0
0
0
0
0
0
0
0
0
0
0
0
0
0
0
0
0
0
0
0
0
0
0
0
0
0
0
0
0
0
0
0
0
0
0
0
0
0
0
0
0
0
0
0
0
0
0
0
0
0
0
0
0
0
0
0
0
0
0
0
0
0
0
0
0
0
0
0
0
0
0
0
0
0
0
0
0
0
0
0
0
0
0
0
0
0
0
0
0
0
0
0
0
0
0
0
0
0
0
0
0
0
0
0
0
0
0
0
0
0
0
0
0
0
0
0
0
0
0
0
0
0
0
0
0
0
0
0
0
0
0
0
0
0
0
0
0
0
0
0
0
0
0
0
0
0
0
0
0
0
0
0
0
0
0
0
0
0
0
0
0
0
0
0
0
0
