157696
0
0
0
0
0
0
0
0
0
6
5
35
166
700
3013
12092
47654
129293
187686
200935
137184
93577
67038
52593
49083
52916
64531
88843
96445
102849
124997
165190
219553
288168
354486
295141
262841
248643
247285
267946
252950
237908
248915
287631
365473
333423
315266
321965
361580
404978
450809
524025
656096
665300
548735
497565
484098
477533
503596
583618
660874
599948
617703
682722
651769
667561
751269
750462
783308
890228
923793
993416
1.17031e+06
1.00467e+06
887729
836448
846383
946068
991268
924816
971669
1.01541e+06
1.14086e+06
1.257e+06
1.23276e+06
1.33847e+06
1.36527e+06
1.5171e+06
1.51485e+06
1.39653e+06
1.39384e+06
1.35169e+06
1.43415e+06
1.33011e+06
1.34651e+06
1.34355e+06
1.45181e+06
1.46448e+06
1.47675e+06
1.58537e+06
1.81973e+06
1.95578e+06
1.91051e+06
1.97835e+06
2.12777e+06
2.17393e+06
2.00988e+06
1.89932e+06
1.76732e+06
1.69628e+06
1.68229e+06
1.81769e+06
2.14186e+06
2.07519e+06
2.07885e+06
2.21932e+06
2.32605e+06
2.18919e+06
2.10255e+06
2.17563e+06
2.18372e+06
2.20092e+06
2.23397e+06
2.14384e+06
1.89918e+06
1.82248e+06
1.84688e+06
1.72214e+06
1.6198e+06
1.60131e+06
1.6148e+06
1.65673e+06
1.81962e+06
1.85688e+06
1.89027e+06
1.95623e+06
1.77923e+06
1.63593e+06
1.67527e+06
1.63464e+06
1.51288e+06
1.44511e+06
1.2572e+06
1.14168e+06
1.10861e+06
1.07988e+06
996930
960248
1.0493e+06
1.20361e+06
1.39033e+06
1.36622e+06
1.43469e+06
1.31206e+06
1.04857e+06
798566
672303
610700
552143
417922
376846
377512
391773
447089
515059
598802
678911
646280
570995
389414
283519
204455
119866
76916
62858
63448
74015
91705
115970
142945
170828
196630
212102
148359
76450
44157
25419
15586
9622
7060
6500
6976
7987
9871
11090
11093
10249
7661
4297
0
0
0
0
0
0
0
0
0
0
0
0
0
0
0
0
0
0
0
0
0
0
0
0
0
0
0
0
0
0
0
0
0
0
0
0
0
0
0
0
0
0
0
0
0
0
0
0
0
0
0
0
0
0
0
0
0
0
0
0
0
0
0
0
0
0
0
0
0
0
0
0
0
0
0
0
0
0
0
0
0
0
0
0
0
0
0
0
0
0
0
0
0
0
0
0
0
0
0
0
0
0
0
0
0
0
0
0
0
0
0
0
0
0
0
0
0
0
0
0
0
0
0
0
0
0
0
0
0
0
0
0
0
0
0
0
0
0
0
0
0
0
0
0
0
0
0
0
0
0
0
0
0
0
0
0
0
0
0
0
0
0
0
0
0
0
0
0
0
0
0
0
0
0
0
0
0
0
0
0
0
0
0
0
0
0
0
0
0
0
0
0
0
0
0
0
0
0
0
0
