706560
0
0
0
0
0
0
0
0
9
39
103
539
1656
5768
18805
59256
187550
564145
1.02122e+06
794603
518686
373553
299334
263646
254789
266471
302760
365291
431216
512076
648674
829263
1.00703e+06
1.1634e+06
1.27712e+06
1.2643e+06
1.28076e+06
1.28851e+06
1.21935e+06
1.16044e+06
1.09354e+06
1.06954e+06
1.10339e+06
1.19375e+06
1.35313e+06
1.43542e+06
1.55507e+06
1.7051e+06
1.88549e+06
2.04243e+06
2.17962e+06
2.30382e+06
2.46258e+06
2.47696e+06
2.37226e+06
2.33087e+06
2.32069e+06
2.32347e+06
2.37622e+06
2.49395e+06
2.64532e+06
2.68755e+06
2.84544e+06
3.05704e+06
3.17371e+06
3.32416e+06
3.52563e+06
3.61353e+06
3.70106e+06
3.85082e+06
3.9206e+06
4.02154e+06
4.23233e+06
4.11924e+06
4.05004e+06
4.05827e+06
4.1558e+06
4.36079e+06
4.53156e+06
4.61515e+06
4.78867e+06
4.97053e+06
5.23263e+06
5.46293e+06
5.54065e+06
5.72902e+06
5.83384e+06
6.05694e+06
6.11047e+06
6.06491e+06
6.12158e+06
6.16758e+06
6.34339e+06
6.35359e+06
6.50315e+06
6.64541e+06
6.88682e+06
7.04272e+06
7.20516e+06
7.44524e+06
7.81426e+06
8.06497e+06
8.1147e+06
8.28213e+06
8.53279e+06
8.67192e+06
8.61354e+06
8.60203e+06
8.58207e+06
8.62378e+06
8.75057e+06
9.0104e+06
9.50064e+06
9.58343e+06
9.70233e+06
9.83279e+06
9.89014e+06
9.69138e+06
9.5295e+06
9.51159e+06
9.4166e+06
9.33078e+06
9.25916e+06
9.06717e+06
8.73445e+06
8.5618e+06
8.49001e+06
8.27594e+06
8.07497e+06
7.95194e+06
7.87698e+06
7.8253e+06
7.90845e+06
7.86477e+06
7.81381e+06
7.77082e+06
7.47933e+06
7.19725e+06
7.09664e+06
6.90945e+06
6.63664e+06
6.41652e+06
6.08244e+06
5.82187e+06
5.67128e+06
5.49418e+06
5.2897e+06
5.14285e+06
5.13264e+06
5.17531e+06
5.24108e+06
5.07864e+06
4.9828e+06
4.68692e+06
4.24137e+06
3.80799e+06
3.48759e+06
3.23312e+06
2.99467e+06
2.69013e+06
2.47053e+06
2.31548e+06
2.17956e+06
2.12852e+06
2.08924e+06
2.08119e+06
2.06869e+06
1.93561e+06
1.75614e+06
1.46754e+06
1.25286e+06
1.07468e+06
902492
778979
699390
647695
608505
583657
574923
565325
557489
547192
521836
413730
302377
230012
176985
143338
113516
91395
73033
59578
48634
39817
33005
25652
18958
11098
4783
0
0
0
0
0
0
0
0
0
0
0
0
0
0
0
0
0
0
0
0
0
0
0
0
0
0
0
0
0
0
0
0
0
0
0
0
0
0
0
0
0
0
0
0
0
0
0
0
0
0
0
0
0
0
0
0
0
0
0
0
0
0
0
0
0
0
0
0
0
0
0
0
0
0
0
0
0
0
0
0
0
0
0
0
0
0
0
0
0
0
0
0
0
0
0
0
0
0
0
0
0
0
0
0
0
0
0
0
0
0
0
0
0
0
0
0
0
0
0
0
0
0
0
0
0
0
0
0
0
0
0
0
0
0
0
0
0
0
0
0
0
0
0
0
0
0
0
0
0
0
0
0
0
0
0
0
0
0
0
0
0
0
0
0
0
0
0
0
0
0
0
0
0
0
0
0
0
0
0
0
0
0
0
0
0
0
0
0
0
0
0
0
0
0
0
0
0
0
0
0
