94208
0
0
0
0
0
0
0
0
0
0
0
6
20
144
784
4260
21872
74075
120064
138810
86410
53771
35167
25810
24141
27772
37599
57660
58789
55637
65880
91432
130500
186220
244010
179990
147528
136149
138315
162186
150518
136090
144142
177431
247172
206651
176973
172731
198239
226047
255152
316244
439389
444635
327377
278626
269792
264024
286582
359389
429230
359403
364116
417956
374065
374672
442679
427181
444492
539178
559306
620837
793415
626471
511712
463888
474370
568959
603527
522698
549773
574428
675011
769785
724182
814330
825471
964811
958055
837775
833152
791177
874892
769048
781609
764170
853662
844567
830086
911572
1.11579e+06
1.22256e+06
1.15563e+06
1.20659e+06
1.34689e+06
1.3924e+06
1.23439e+06
1.12941e+06
999322
927312
904408
1.02336e+06
1.32454e+06
1.2308e+06
1.20546e+06
1.33841e+06
1.43852e+06
1.31132e+06
1.22368e+06
1.29609e+06
1.30695e+06
1.33922e+06
1.40101e+06
1.34401e+06
1.12666e+06
1.0692e+06
1.10954e+06
992680
898044
889707
911013
957526
1.12105e+06
1.1555e+06
1.18608e+06
1.2521e+06
1.08108e+06
948451
1.00957e+06
996186
907911
876871
728194
648297
640195
628497
547863
505149
577807
716285
894987
871492
960219
870548
649751
445696
366061
345006
317939
206390
180004
187217
201336
252398
313957
391139
470610
448271
394409
239688
164551
115804
54380
26388
19629
21249
28814
41915
60188
82027
108807
137723
161120
107452
46113
22710
11214
5888
2821
2055
1903
2579
3672
5289
6767
7562
7873
6669
4150
0
0
0
0
0
0
0
0
0
0
0
0
0
0
0
0
0
0
0
0
0
0
0
0
0
0
0
0
0
0
0
0
0
0
0
0
0
0
0
0
0
0
0
0
0
0
0
0
0
0
0
0
0
0
0
0
0
0
0
0
0
0
0
0
0
0
0
0
0
0
0
0
0
0
0
0
0
0
0
0
0
0
0
0
0
0
0
0
0
0
0
0
0
0
0
0
0
0
0
0
0
0
0
0
0
0
0
0
0
0
0
0
0
0
0
0
0
0
0
0
0
0
0
0
0
0
0
0
0
0
0
0
0
0
0
0
0
0
0
0
0
0
0
0
0
0
0
0
0
0
0
0
0
0
0
0
0
0
0
0
0
0
0
0
0
0
0
0
0
0
0
0
0
0
0
0
0
0
0
0
0
0
0
0
0
0
0
0
0
0
0
0
0
0
0
0
0
0
0
0
