268288
0
0
0
0
0
0
0
0
0
16
33
198
632
2371
8516
29351
96671
225102
299168
300960
218988
160416
123118
101783
95860
100455
116168
148417
166845
188792
230509
293162
368644
457628
539874
491510
461475
443944
437042
452591
432991
417748
434465
481513
572176
557412
561277
590473
652882
718080
788424
879025
1.02198e+06
1.03873e+06
925529
873100
858675
853985
885987
976183
1.06547e+06
1.02219e+06
1.06466e+06
1.15267e+06
1.14798e+06
1.18823e+06
1.29504e+06
1.31673e+06
1.36825e+06
1.4954e+06
1.54057e+06
1.62037e+06
1.80366e+06
1.64479e+06
1.53406e+06
1.48916e+06
1.51031e+06
1.62618e+06
1.69021e+06
1.65148e+06
1.72643e+06
1.79835e+06
1.95526e+06
2.09949e+06
2.1047e+06
2.23363e+06
2.27893e+06
2.45008e+06
2.46106e+06
2.35366e+06
2.36085e+06
2.32558e+06
2.41857e+06
2.33171e+06
2.36779e+06
2.38735e+06
2.52616e+06
2.56849e+06
2.61425e+06
2.76316e+06
3.02921e+06
3.20037e+06
3.18474e+06
3.27437e+06
3.44733e+06
3.50354e+06
3.35332e+06
3.25591e+06
3.13654e+06
3.07785e+06
3.08217e+06
3.23936e+06
3.59591e+06
3.5633e+06
3.60132e+06
3.74989e+06
3.85614e+06
3.71074e+06
3.61889e+06
3.68443e+06
3.6758e+06
3.667e+06
3.66527e+06
3.54198e+06
3.26416e+06
3.15958e+06
3.16058e+06
3.01517e+06
2.89326e+06
2.85835e+06
2.86177e+06
2.88538e+06
3.04038e+06
3.06993e+06
3.10282e+06
3.15428e+06
2.96147e+06
2.79416e+06
2.797e+06
2.72101e+06
2.56007e+06
2.44204e+06
2.20301e+06
2.04333e+06
1.97694e+06
1.92219e+06
1.82248e+06
1.77944e+06
1.86969e+06
2.02714e+06
2.20647e+06
2.1645e+06
2.20106e+06
2.03619e+06
1.7176e+06
1.40819e+06
1.22547e+06
1.10782e+06
1.00458e+06
830902
758405
739178
737867
787083
849279
927583
999029
947019
843063
626001
482801
369148
256346
193559
166737
160387
167689
185743
210586
239103
262972
281726
285554
209608
125396
81137
53677
37354
26369
19951
17100
16551
15954
16584
16731
15730
12970
8760
4475
0
0
0
0
0
0
0
0
0
0
0
0
0
0
0
0
0
0
0
0
0
0
0
0
0
0
0
0
0
0
0
0
0
0
0
0
0
0
0
0
0
0
0
0
0
0
0
0
0
0
0
0
0
0
0
0
0
0
0
0
0
0
0
0
0
0
0
0
0
0
0
0
0
0
0
0
0
0
0
0
0
0
0
0
0
0
0
0
0
0
0
0
0
0
0
0
0
0
0
0
0
0
0
0
0
0
0
0
0
0
0
0
0
0
0
0
0
0
0
0
0
0
0
0
0
0
0
0
0
0
0
0
0
0
0
0
0
0
0
0
0
0
0
0
0
0
0
0
0
0
0
0
0
0
0
0
0
0
0
0
0
0
0
0
0
0
0
0
0
0
0
0
0
0
0
0
0
0
0
0
0
0
0
0
0
0
0
0
0
0
0
0
0
0
0
0
0
0
0
0
