67584
0
0
0
0
0
0
0
0
0
0
0
4
5
41
281
1845
12268
50196
89480
110871
64532
37050
22289
15301
14542
18011
26830
44814
43475
36761
41913
60573
92319
141284
195700
131788
99409
88661
92701
118717
107573
92889
100414
130236
198013
154486
121245
111822
131066
151228
173185
227004
345081
349285
233975
187681
180320
174394
196207
265524
332286
259010
257900
307743
259096
254730
315694
293558
303098
389344
402227
459742
632216
464774
352818
307529
319117
414254
445053
359847
376395
390900
482006
565865
510869
592264
594611
728621
717589
597390
594265
555690
642860
538198
548755
529174
611804
591532
562023
628032
816776
910655
831482
873869
1.01284e+06
1.05587e+06
904292
806835
684003
612357
588536
700274
991230
881137
840553
965352
1.06611e+06
940868
854828
924209
932346
969195
1.04576e+06
1.00861e+06
804695
756620
802662
689809
601468
597816
622012
668879
827628
859036
883831
952748
782809
654018
725124
723144
652518
637018
509431
446837
453635
449910
370494
319899
382621
509443
678083
652068
747120
674057
475624
297596
241030
240163
228154
126554
106442
114822
126349
170082
225482
297587
375212
356490
311469
171600
113603
80415
31233
10798
6834
8152
12886
22283
36439
55288
79835
109357
136544
88118
32507
13886
5769
2705
1075
691
652
1133
1923
3057
4484
5560
6618
6079
4055
0
0
0
0
0
0
0
0
0
0
0
0
0
0
0
0
0
0
0
0
0
0
0
0
0
0
0
0
0
0
0
0
0
0
0
0
0
0
0
0
0
0
0
0
0
0
0
0
0
0
0
0
0
0
0
0
0
0
0
0
0
0
0
0
0
0
0
0
0
0
0
0
0
0
0
0
0
0
0
0
0
0
0
0
0
0
0
0
0
0
0
0
0
0
0
0
0
0
0
0
0
0
0
0
0
0
0
0
0
0
0
0
0
0
0
0
0
0
0
0
0
0
0
0
0
0
0
0
0
0
0
0
0
0
0
0
0
0
0
0
0
0
0
0
0
0
0
0
0
0
0
0
0
0
0
0
0
0
0
0
0
0
0
0
0
0
0
0
0
0
0
0
0
0
0
0
0
0
0
0
0
0
0
0
0
0
0
0
0
0
0
0
0
0
0
0
0
0
0
0
