81920
0
0
0
0
0
0
0
0
0
0
0
5
12
101
527
3021
17266
63119
106099
126251
76492
46022
29211
20806
19656
23004
32499
51686
51652
46922
54859
77297
113142
165629
221627
157801
125382
114219
117206
142017
130641
116177
123936
155726
224660
182166
151121
144598
167065
191228
217414
275198
396662
401030
284418
236337
228079
222740
244764
316099
384659
312940
315054
366778
320966
318934
383763
365249
379344
470751
487209
546330
719968
552591
438472
391090
402314
497111
530484
447327
469578
488503
585100
675576
626195
712671
719560
856453
847571
727437
723103
682589
768198
662155
672815
654655
741957
726803
705383
780091
978482
1.07879e+06
1.00723e+06
1.05464e+06
1.19429e+06
1.23765e+06
1.08254e+06
980327
853992
780301
757768
873347
1.16906e+06
1.06836e+06
1.03638e+06
1.16664e+06
1.26673e+06
1.14061e+06
1.05371e+06
1.1246e+06
1.13524e+06
1.16971e+06
1.23725e+06
1.19002e+06
977412
925029
967588
852646
760862
753996
776388
823538
985039
1.01836e+06
1.04771e+06
1.11478e+06
944960
813377
879388
871345
789917
766106
626899
553920
552829
544306
464616
418647
487540
621223
796164
771667
864228
781672
569477
377479
308151
296012
275075
168180
144827
153317
166335
214063
273587
348440
427968
407217
357162
208763
141090
99303
43246
18629
13045
14561
21037
32603
49543
69747
95869
125083
150245
98827
39672
18545
8628
4403
1946
1380
1262
1859
2849
4250
5728
6698
7333
6443
4100
0
0
0
0
0
0
0
0
0
0
0
0
0
0
0
0
0
0
0
0
0
0
0
0
0
0
0
0
0
0
0
0
0
0
0
0
0
0
0
0
0
0
0
0
0
0
0
0
0
0
0
0
0
0
0
0
0
0
0
0
0
0
0
0
0
0
0
0
0
0
0
0
0
0
0
0
0
0
0
0
0
0
0
0
0
0
0
0
0
0
0
0
0
0
0
0
0
0
0
0
0
0
0
0
0
0
0
0
0
0
0
0
0
0
0
0
0
0
0
0
0
0
0
0
0
0
0
0
0
0
0
0
0
0
0
0
0
0
0
0
0
0
0
0
0
0
0
0
0
0
0
0
0
0
0
0
0
0
0
0
0
0
0
0
0
0
0
0
0
0
0
0
0
0
0
0
0
0
0
0
0
0
0
0
0
0
0
0
0
0
0
0
0
0
0
0
0
0
0
0
