28672
0
0
0
0
0
0
0
0
0
0
0
0
0
0
8
73
1865
15445
39860
64736
29641
12606
5354
2592
2675
5027
11403
26785
22281
11474
9267
15153
32574
70453
120006
58618
31145
23093
29595
58122
46931
29564
33345
57921
121609
74396
40573
30602
43554
50455
53405
89108
196540
200840
94778
57192
55606
49064
65356
126070
185086
105996
99977
147777
97347
89021
142543
109187
102269
167318
160345
207160
376826
216850
114667
81605
99753
197098
225180
132367
136746
133924
207264
271629
195390
256755
241510
364165
350759
234492
238389
209519
306678
212197
225301
201778
275156
239725
187450
224206
380768
441051
331037
355165
485678
538126
406042
337709
245096
191275
167131
258823
518788
372487
303267
408906
514660
401817
324084
383282
370018
401821
500994
504731
337096
304748
364182
262947
188633
197817
224271
267050
402815
407212
411103
480326
327154
219530
302120
314601
268042
289243
199535
169194
201869
215172
141750
80011
116867
203191
331439
283700
386584
350517
207951
83100
70904
105086
119611
35643
23475
30677
31362
55089
89287
139640
203316
189378
165940
60141
37057
36355
9298
416
56
127
483
1729
5046
12301
27633
54797
89327
52942
10707
2316
498
106
18
4
6
18
86
281
811
1723
3241
4381
3789
0
0
0
0
0
0
0
0
0
0
0
0
0
0
0
0
0
0
0
0
0
0
0
0
0
0
0
0
0
0
0
0
0
0
0
0
0
0
0
0
0
0
0
0
0
0
0
0
0
0
0
0
0
0
0
0
0
0
0
0
0
0
0
0
0
0
0
0
0
0
0
0
0
0
0
0
0
0
0
0
0
0
0
0
0
0
0
0
0
0
0
0
0
0
0
0
0
0
0
0
0
0
0
0
0
0
0
0
0
0
0
0
0
0
0
0
0
0
0
0
0
0
0
0
0
0
0
0
0
0
0
0
0
0
0
0
0
0
0
0
0
0
0
0
0
0
0
0
0
0
0
0
0
0
0
0
0
0
0
0
0
0
0
0
0
0
0
0
0
0
0
0
0
0
0
0
0
0
0
0
0
0
0
0
0
0
0
0
0
0
0
0
0
0
0
0
0
0
0
0
