503808
0
0
0
0
0
0
0
0
9
39
103
539
1656
5768
18805
59250
186643
443018
563598
519048
385673
291450
234385
202307
192852
201147
228560
277628
321532
375887
459222
568909
689453
813453
929646
907609
884232
863679
839942
838846
810138
794499
824833
892712
1.01632e+06
1.0443e+06
1.09594e+06
1.17563e+06
1.29081e+06
1.40117e+06
1.50629e+06
1.62055e+06
1.78176e+06
1.81284e+06
1.70876e+06
1.66254e+06
1.64917e+06
1.65666e+06
1.70626e+06
1.81939e+06
1.93873e+06
1.93773e+06
2.02884e+06
2.17156e+06
2.2167e+06
2.30981e+06
2.46348e+06
2.52587e+06
2.6019e+06
2.7536e+06
2.8236e+06
2.92143e+06
3.12476e+06
2.99301e+06
2.9069e+06
2.88789e+06
2.94145e+06
3.10785e+06
3.21851e+06
3.23797e+06
3.36373e+06
3.48409e+06
3.69363e+06
3.8877e+06
3.93816e+06
4.10761e+06
4.19054e+06
4.39526e+06
4.43533e+06
4.36342e+06
4.39652e+06
4.40357e+06
4.53388e+06
4.49895e+06
4.58985e+06
4.66996e+06
4.86146e+06
4.95901e+06
5.06899e+06
5.27105e+06
5.59047e+06
5.80546e+06
5.83374e+06
5.97703e+06
6.18864e+06
6.29092e+06
6.19141e+06
6.13825e+06
6.0678e+06
6.06097e+06
6.12411e+06
6.33913e+06
6.75526e+06
6.79508e+06
6.88076e+06
7.00502e+06
7.093e+06
6.91983e+06
6.79344e+06
6.82291e+06
6.77409e+06
6.72032e+06
6.67672e+06
6.51761e+06
6.20106e+06
6.05819e+06
6.0278e+06
5.83641e+06
5.66985e+06
5.58983e+06
5.55731e+06
5.53717e+06
5.65455e+06
5.63936e+06
5.63136e+06
5.6382e+06
5.39566e+06
5.1661e+06
5.11543e+06
4.98053e+06
4.75864e+06
4.57777e+06
4.27981e+06
4.0686e+06
3.95792e+06
3.83636e+06
3.68088e+06
3.5808e+06
3.61898e+06
3.71908e+06
3.83864e+06
3.7361e+06
3.70275e+06
3.46985e+06
3.08379e+06
2.70029e+06
2.43941e+06
2.24744e+06
2.06521e+06
1.82174e+06
1.67748e+06
1.58316e+06
1.50873e+06
1.5024e+06
1.51459e+06
1.55018e+06
1.58079e+06
1.48518e+06
1.33916e+06
1.08354e+06
898470
745511
599173
504362
447836
418524
403391
400306
407932
417269
423108
424382
413259
320779
220250
161134
120884
92984
72449
57216
47030
40461
33655
29492
25963
21209
16067
9957
4627
0
0
0
0
0
0
0
0
0
0
0
0
0
0
0
0
0
0
0
0
0
0
0
0
0
0
0
0
0
0
0
0
0
0
0
0
0
0
0
0
0
0
0
0
0
0
0
0
0
0
0
0
0
0
0
0
0
0
0
0
0
0
0
0
0
0
0
0
0
0
0
0
0
0
0
0
0
0
0
0
0
0
0
0
0
0
0
0
0
0
0
0
0
0
0
0
0
0
0
0
0
0
0
0
0
0
0
0
0
0
0
0
0
0
0
0
0
0
0
0
0
0
0
0
0
0
0
0
0
0
0
0
0
0
0
0
0
0
0
0
0
0
0
0
0
0
0
0
0
0
0
0
0
0
0
0
0
0
0
0
0
0
0
0
0
0
0
0
0
0
0
0
0
0
0
0
0
0
0
0
0
0
0
0
0
0
0
0
0
0
0
0
0
0
0
0
0
0
0
0
