491520
0
0
0
0
0
0
0
0
9
39
103
539
1656
5768
18805
59232
185903
430377
542559
504497
377359
285797
229807
197985
188706
196824
223825
271911
314361
366619
447605
553632
671365
794071
908570
885141
859814
839926
818167
819370
792151
776815
806237
873772
994528
1.02001e+06
1.06781e+06
1.14429e+06
1.2552e+06
1.36352e+06
1.46703e+06
1.581e+06
1.74158e+06
1.77201e+06
1.66792e+06
1.62187e+06
1.60868e+06
1.61526e+06
1.66495e+06
1.77775e+06
1.89416e+06
1.89099e+06
1.97872e+06
2.11832e+06
2.15965e+06
2.24955e+06
2.40052e+06
2.46073e+06
2.53675e+06
2.68771e+06
2.75674e+06
2.85481e+06
3.05741e+06
2.92404e+06
2.83638e+06
2.81623e+06
2.86624e+06
3.0312e+06
3.13854e+06
3.15456e+06
3.2777e+06
3.39437e+06
3.60204e+06
3.79338e+06
3.8417e+06
4.01066e+06
4.09103e+06
4.29465e+06
4.33259e+06
4.25945e+06
4.2921e+06
4.29614e+06
4.42403e+06
4.38565e+06
4.47288e+06
4.54994e+06
4.73785e+06
4.83337e+06
4.93968e+06
5.1409e+06
5.45648e+06
5.67025e+06
5.6961e+06
5.83679e+06
6.0467e+06
6.1467e+06
6.04364e+06
5.9881e+06
5.914e+06
5.90575e+06
5.96546e+06
6.17747e+06
6.58776e+06
6.62355e+06
6.71059e+06
6.83605e+06
6.92336e+06
6.75375e+06
6.62813e+06
6.66022e+06
6.61375e+06
6.56117e+06
6.52023e+06
6.36326e+06
6.04761e+06
5.90378e+06
5.87789e+06
5.68963e+06
5.52427e+06
5.44736e+06
5.41676e+06
5.39825e+06
5.5173e+06
5.50529e+06
5.49916e+06
5.50879e+06
5.26917e+06
5.04484e+06
4.99426e+06
4.86422e+06
4.64418e+06
4.4665e+06
4.17115e+06
3.96191e+06
3.85287e+06
3.73601e+06
3.58318e+06
3.48601e+06
3.52701e+06
3.63164e+06
3.75457e+06
3.65496e+06
3.62485e+06
3.3964e+06
3.01334e+06
2.63288e+06
2.37552e+06
2.18775e+06
2.00977e+06
1.76878e+06
1.62833e+06
1.53884e+06
1.46782e+06
1.46457e+06
1.47965e+06
1.51861e+06
1.55126e+06
1.45761e+06
1.31407e+06
1.06068e+06
877356
725258
580854
487137
432805
404518
391124
388960
397694
408490
415099
417012
406858
315028
215184
157032
117436
89953
69963
55228
45396
39194
32651
28945
25526
20912
15903
9888
4607
0
0
0
0
0
0
0
0
0
0
0
0
0
0
0
0
0
0
0
0
0
0
0
0
0
0
0
0
0
0
0
0
0
0
0
0
0
0
0
0
0
0
0
0
0
0
0
0
0
0
0
0
0
0
0
0
0
0
0
0
0
0
0
0
0
0
0
0
0
0
0
0
0
0
0
0
0
0
0
0
0
0
0
0
0
0
0
0
0
0
0
0
0
0
0
0
0
0
0
0
0
0
0
0
0
0
0
0
0
0
0
0
0
0
0
0
0
0
0
0
0
0
0
0
0
0
0
0
0
0
0
0
0
0
0
0
0
0
0
0
0
0
0
0
0
0
0
0
0
0
0
0
0
0
0
0
0
0
0
0
0
0
0
0
0
0
0
0
0
0
0
0
0
0
0
0
0
0
0
0
0
0
0
0
0
0
0
0
0
0
0
0
0
0
0
0
0
0
0
0
