24576
0
0
0
0
0
0
0
0
0
0
0
0
0
0
1
23
1082
12091
34252
59043
25548
10113
3841
1585
1743
3823
9609
24713
20011
9114
6398
10784
26164
62063
111050
50220
24224
16887
23613
52300
40961
23020
25961
49328
112273
65158
32330
23321
36068
41492
41381
73958
178707
182963
78873
43959
44298
37896
52171
110677
168521
88372
82805
130867
80818
73139
126113
91240
82441
144445
133221
177375
346610
188099
89638
59750
78817
175293
202344
109312
112870
108251
179581
240979
161953
220467
201565
323162
309870
195104
201076
174084
272108
178483
191857
168951
241695
205061
150442
183206
334795
390208
276113
296756
424538
478710
350986
289225
203306
153161
128568
215610
469802
317839
245399
348260
456177
345054
270825
328262
309504
338881
439907
448476
287345
256825
319214
220655
150231
161008
186163
226762
356973
355132
354427
425717
278359
175400
259152
271807
226475
252296
167655
141325
175966
191404
121010
59438
92981
172233
291887
238233
340930
311932
179331
62654
54895
92061
109410
28151
17402
24559
23792
43937
74663
120491
181054
167203
147914
47749
29389
32652
8182
197
7
26
194
802
2893
8331
21334
46965
82180
48353
8388
1417
249
44
7
0
1
6
35
136
452
1229
2675
4011
3743
0
0
0
0
0
0
0
0
0
0
0
0
0
0
0
0
0
0
0
0
0
0
0
0
0
0
0
0
0
0
0
0
0
0
0
0
0
0
0
0
0
0
0
0
0
0
0
0
0
0
0
0
0
0
0
0
0
0
0
0
0
0
0
0
0
0
0
0
0
0
0
0
0
0
0
0
0
0
0
0
0
0
0
0
0
0
0
0
0
0
0
0
0
0
0
0
0
0
0
0
0
0
0
0
0
0
0
0
0
0
0
0
0
0
0
0
0
0
0
0
0
0
0
0
0
0
0
0
0
0
0
0
0
0
0
0
0
0
0
0
0
0
0
0
0
0
0
0
0
0
0
0
0
0
0
0
0
0
0
0
0
0
0
0
0
0
0
0
0
0
0
0
0
0
0
0
0
0
0
0
0
0
0
0
0
0
0
0
0
0
0
0
0
0
0
0
0
0
0
0
