585728
0
0
0
0
0
0
0
0
9
39
103
539
1656
5768
18805
59256
187537
507236
732462
623189
440983
325745
262051
228088
218988
228774
259669
314657
366950
432219
536080
673143
814425
951450
1.06961e+06
1.05506e+06
1.04483e+06
1.03095e+06
987546
968305
927559
908113
940155
1.01935e+06
1.15689e+06
1.20384e+06
1.2815e+06
1.38814e+06
1.52875e+06
1.65611e+06
1.77344e+06
1.89316e+06
2.05582e+06
2.08244e+06
1.97734e+06
1.93284e+06
1.92171e+06
1.92554e+06
1.97838e+06
2.09622e+06
2.22783e+06
2.24456e+06
2.35963e+06
2.53027e+06
2.60124e+06
2.71634e+06
2.88755e+06
2.96367e+06
3.0439e+06
3.19315e+06
3.2645e+06
3.36678e+06
3.57297e+06
3.45356e+06
3.37329e+06
3.36192e+06
3.43276e+06
3.61715e+06
3.74934e+06
3.79494e+06
3.94245e+06
4.08319e+06
4.31042e+06
4.51815e+06
4.5813e+06
4.76221e+06
4.85386e+06
5.06782e+06
5.11383e+06
5.05112e+06
5.09519e+06
5.11947e+06
5.2666e+06
5.25014e+06
5.36452e+06
5.47061e+06
5.67965e+06
5.80112e+06
5.92806e+06
6.14799e+06
6.48381e+06
6.71652e+06
6.75278e+06
6.90949e+06
7.13694e+06
7.25541e+06
7.17111e+06
7.13391e+06
7.0862e+06
7.09633e+06
7.1858e+06
7.42014e+06
7.86566e+06
7.92397e+06
8.0226e+06
8.14622e+06
8.217e+06
8.03491e+06
7.89545e+06
7.90951e+06
7.84213e+06
7.77816e+06
7.72318e+06
7.55129e+06
7.22722e+06
7.06883e+06
7.01909e+06
6.82154e+06
6.64153e+06
6.54167e+06
6.49543e+06
6.4656e+06
6.56645e+06
6.53536e+06
6.51054e+06
6.5005e+06
6.23707e+06
5.9878e+06
5.9159e+06
5.75702e+06
5.52062e+06
5.32171e+06
5.00682e+06
4.77813e+06
4.65301e+06
4.50624e+06
4.32847e+06
4.21532e+06
4.2263e+06
4.30578e+06
4.40585e+06
4.27799e+06
4.21605e+06
3.96379e+06
3.55433e+06
3.14947e+06
2.86399e+06
2.64355e+06
2.43946e+06
2.17307e+06
2.00037e+06
1.87928e+06
1.78027e+06
1.75409e+06
1.74612e+06
1.76369e+06
1.77722e+06
1.66826e+06
1.50712e+06
1.23758e+06
1.0425e+06
879327
722027
615294
549785
511325
486593
473591
475104
477909
477086
473108
457180
358713
253193
188295
143748
112828
89684
70944
58093
48413
39611
33455
28836
23097
17174
10511
4711
0
0
0
0
0
0
0
0
0
0
0
0
0
0
0
0
0
0
0
0
0
0
0
0
0
0
0
0
0
0
0
0
0
0
0
0
0
0
0
0
0
0
0
0
0
0
0
0
0
0
0
0
0
0
0
0
0
0
0
0
0
0
0
0
0
0
0
0
0
0
0
0
0
0
0
0
0
0
0
0
0
0
0
0
0
0
0
0
0
0
0
0
0
0
0
0
0
0
0
0
0
0
0
0
0
0
0
0
0
0
0
0
0
0
0
0
0
0
0
0
0
0
0
0
0
0
0
0
0
0
0
0
0
0
0
0
0
0
0
0
0
0
0
0
0
0
0
0
0
0
0
0
0
0
0
0
0
0
0
0
0
0
0
0
0
0
0
0
0
0
0
0
0
0
0
0
0
0
0
0
0
0
0
0
0
0
0
0
0
0
0
0
0
0
0
0
0
0
0
0
