45056
0
0
0
0
0
0
0
0
0
0
0
0
0
1
55
443
5573
30063
61766
85240
44829
22802
12049
7346
7150
10286
18112
34568
31067
21609
22288
33965
58298
101289
153443
90064
59168
50002
55359
83002
71872
56053
62141
89644
155371
109562
74171
62870
77784
90999
102867
148088
261514
266481
154484
111627
106368
99787
119764
185517
248929
172197
167773
215279
164145
156568
212043
183586
185133
260576
265428
317446
489099
325071
216473
175095
189344
286666
315965
226266
235172
240256
320548
394295
328918
400378
393576
522430
508851
389923
388266
354548
446886
347758
359373
337029
413068
383985
341342
392040
564929
641013
546001
580860
716263
763486
618920
533686
424093
359275
335067
438387
715764
587428
532015
646579
748134
627664
544438
609350
610219
645905
735729
720621
534626
494618
547052
437702
355621
358426
385939
433570
582577
603441
619747
686590
521466
402236
479374
487091
431221
435853
328328
284112
305206
310471
232305
173465
222922
331090
482502
449789
551041
494751
322227
171027
139023
159538
162114
69272
53398
61472
67935
101849
148052
210588
282576
266976
232259
109010
68849
53294
16174
2843
1323
1774
3629
8447
16638
30376
51332
81132
112266
69266
20218
6637
2178
767
264
116
106
273
648
1251
2388
3539
5001
5363
3925
0
0
0
0
0
0
0
0
0
0
0
0
0
0
0
0
0
0
0
0
0
0
0
0
0
0
0
0
0
0
0
0
0
0
0
0
0
0
0
0
0
0
0
0
0
0
0
0
0
0
0
0
0
0
0
0
0
0
0
0
0
0
0
0
0
0
0
0
0
0
0
0
0
0
0
0
0
0
0
0
0
0
0
0
0
0
0
0
0
0
0
0
0
0
0
0
0
0
0
0
0
0
0
0
0
0
0
0
0
0
0
0
0
0
0
0
0
0
0
0
0
0
0
0
0
0
0
0
0
0
0
0
0
0
0
0
0
0
0
0
0
0
0
0
0
0
0
0
0
0
0
0
0
0
0
0
0
0
0
0
0
0
0
0
0
0
0
0
0
0
0
0
0
0
0
0
0
0
0
0
0
0
0
0
0
0
0
0
0
0
0
0
0
0
0
0
0
0
0
0
