808960
0
0
0
0
0
0
0
0
9
39
103
539
1656
5768
18805
59256
187550
599071
1.27533e+06
949181
585709
413905
329705
291673
283116
297513
338350
406013
482864
581487
742974
958444
1.17455e+06
1.34936e+06
1.45523e+06
1.437e+06
1.47712e+06
1.51059e+06
1.42426e+06
1.32722e+06
1.23302e+06
1.20396e+06
1.23566e+06
1.3345e+06
1.51545e+06
1.62598e+06
1.78459e+06
1.97511e+06
2.1932e+06
2.37633e+06
2.53088e+06
2.65545e+06
2.8065e+06
2.81394e+06
2.70221e+06
2.67179e+06
2.66056e+06
2.66118e+06
2.70744e+06
2.82476e+06
2.98909e+06
3.05928e+06
3.25349e+06
3.50889e+06
3.657e+06
3.84607e+06
4.0746e+06
4.17559e+06
4.26066e+06
4.40544e+06
4.47489e+06
4.58052e+06
4.78696e+06
4.68399e+06
4.61744e+06
4.64328e+06
4.76108e+06
4.98481e+06
5.19074e+06
5.30657e+06
5.51378e+06
5.73687e+06
6.01568e+06
6.26368e+06
6.35514e+06
6.55907e+06
6.66788e+06
6.89367e+06
6.95451e+06
6.9187e+06
6.98041e+06
7.05179e+06
7.25491e+06
7.28416e+06
7.45863e+06
7.63761e+06
7.92223e+06
8.10074e+06
8.28504e+06
8.55935e+06
8.94883e+06
9.21232e+06
9.25537e+06
9.45154e+06
9.71458e+06
9.87298e+06
9.83073e+06
9.83382e+06
9.84384e+06
9.92584e+06
1.00734e+07
1.03549e+07
1.08834e+07
1.09921e+07
1.11413e+07
1.12591e+07
1.13127e+07
1.11003e+07
1.09079e+07
1.08634e+07
1.07561e+07
1.06506e+07
1.05575e+07
1.03417e+07
1.00111e+07
9.82862e+06
9.74308e+06
9.50879e+06
9.2893e+06
9.1473e+06
9.04296e+06
8.98833e+06
9.04732e+06
8.98454e+06
8.9208e+06
8.84871e+06
8.52727e+06
8.21885e+06
8.09828e+06
7.8814e+06
7.57671e+06
7.35069e+06
6.99194e+06
6.71622e+06
6.53602e+06
6.33063e+06
6.10495e+06
5.93154e+06
5.89154e+06
5.91282e+06
5.94786e+06
5.75825e+06
5.62766e+06
5.3017e+06
4.82848e+06
4.36176e+06
4.01311e+06
3.7375e+06
3.46771e+06
3.12408e+06
2.87323e+06
2.68852e+06
2.52202e+06
2.44341e+06
2.37916e+06
2.34916e+06
2.31187e+06
2.15963e+06
1.96542e+06
1.66206e+06
1.43435e+06
1.24301e+06
1.05481e+06
920837
823326
760044
713597
676964
661038
640636
625272
607958
575324
461633
342715
265631
207798
168220
133032
108569
86319
69896
56129
45019
36493
27727
20204
11473
4838
0
0
0
0
0
0
0
0
0
0
0
0
0
0
0
0
0
0
0
0
0
0
0
0
0
0
0
0
0
0
0
0
0
0
0
0
0
0
0
0
0
0
0
0
0
0
0
0
0
0
0
0
0
0
0
0
0
0
0
0
0
0
0
0
0
0
0
0
0
0
0
0
0
0
0
0
0
0
0
0
0
0
0
0
0
0
0
0
0
0
0
0
0
0
0
0
0
0
0
0
0
0
0
0
0
0
0
0
0
0
0
0
0
0
0
0
0
0
0
0
0
0
0
0
0
0
0
0
0
0
0
0
0
0
0
0
0
0
0
0
0
0
0
0
0
0
0
0
0
0
0
0
0
0
0
0
0
0
0
0
0
0
0
0
0
0
0
0
0
0
0
0
0
0
0
0
0
0
0
0
0
0
0
0
0
0
0
0
0
0
0
0
0
0
0
0
0
0
0
0
