710656
0
0
0
0
0
0
0
0
9
39
103
539
1656
5768
18805
59256
187550
565661
1.03137e+06
800574
521399
375154
300552
264838
255933
267660
304226
366960
433344
514805
652505
834470
1.01362e+06
1.17081e+06
1.28416e+06
1.27134e+06
1.28856e+06
1.29743e+06
1.22736e+06
1.16704e+06
1.09916e+06
1.0751e+06
1.10863e+06
1.19938e+06
1.35978e+06
1.44308e+06
1.56438e+06
1.71594e+06
1.89775e+06
2.05562e+06
2.19349e+06
2.31783e+06
2.47629e+06
2.49052e+06
2.38532e+06
2.34456e+06
2.3344e+06
2.33686e+06
2.38962e+06
2.50709e+06
2.65936e+06
2.70254e+06
2.86187e+06
3.07489e+06
3.19318e+06
3.34496e+06
3.54745e+06
3.63582e+06
3.72325e+06
3.87302e+06
3.94286e+06
4.04375e+06
4.25483e+06
4.14169e+06
4.07293e+06
4.0815e+06
4.18034e+06
4.38543e+06
4.55845e+06
4.64279e+06
4.81758e+06
5.00119e+06
5.26376e+06
5.49482e+06
5.57326e+06
5.76213e+06
5.8669e+06
6.09042e+06
6.14422e+06
6.0992e+06
6.15635e+06
6.20286e+06
6.37998e+06
6.39069e+06
6.54162e+06
6.68532e+06
6.92794e+06
7.08486e+06
7.24862e+06
7.48946e+06
7.85968e+06
8.11036e+06
8.16066e+06
8.32851e+06
8.58044e+06
8.71979e+06
8.6623e+06
8.65164e+06
8.6326e+06
8.67614e+06
8.80347e+06
9.06419e+06
9.55588e+06
9.63955e+06
9.76e+06
9.88968e+06
9.94666e+06
9.74794e+06
9.58496e+06
9.5655e+06
9.47015e+06
9.38351e+06
9.31082e+06
9.11843e+06
8.78548e+06
8.61234e+06
8.54027e+06
8.32581e+06
8.12342e+06
7.99917e+06
7.92392e+06
7.8717e+06
7.95371e+06
7.90974e+06
7.8583e+06
7.81367e+06
7.52132e+06
7.23818e+06
7.13688e+06
6.94843e+06
6.67431e+06
6.45388e+06
6.11866e+06
5.85761e+06
5.70577e+06
5.5276e+06
5.32243e+06
5.17417e+06
5.16329e+06
5.20476e+06
5.26945e+06
5.10573e+06
5.00865e+06
4.71144e+06
4.2646e+06
3.83031e+06
3.50875e+06
3.25312e+06
3.01363e+06
2.70771e+06
2.48652e+06
2.33034e+06
2.1931e+06
2.14125e+06
2.10084e+06
2.09188e+06
2.07845e+06
1.94466e+06
1.76445e+06
1.47537e+06
1.25999e+06
1.08146e+06
908667
784556
704470
652116
612688
587516
578321
568296
560153
549653
524015
415582
304012
231445
178245
144323
114255
92114
73532
59984
48940
40036
33137
25739
19019
11114
4783
0
0
0
0
0
0
0
0
0
0
0
0
0
0
0
0
0
0
0
0
0
0
0
0
0
0
0
0
0
0
0
0
0
0
0
0
0
0
0
0
0
0
0
0
0
0
0
0
0
0
0
0
0
0
0
0
0
0
0
0
0
0
0
0
0
0
0
0
0
0
0
0
0
0
0
0
0
0
0
0
0
0
0
0
0
0
0
0
0
0
0
0
0
0
0
0
0
0
0
0
0
0
0
0
0
0
0
0
0
0
0
0
0
0
0
0
0
0
0
0
0
0
0
0
0
0
0
0
0
0
0
0
0
0
0
0
0
0
0
0
0
0
0
0
0
0
0
0
0
0
0
0
0
0
0
0
0
0
0
0
0
0
0
0
0
0
0
0
0
0
0
0
0
0
0
0
0
0
0
0
0
0
0
0
0
0
0
0
0
0
0
0
0
0
0
0
0
0
0
0
