202752
0
0
0
0
0
0
0
0
0
8
14
79
294
1248
4992
18740
67223
168094
234130
242386
171464
121616
90342
72301
67658
71362
84756
112307
124254
137061
167954
217366
281229
357708
430909
375935
344170
329596
324995
343515
325921
310455
323722
365885
448909
423724
413854
429585
480209
533013
588862
670254
807828
819693
703651
651050
636453
631574
659023
741849
823158
769619
798235
872487
853291
880032
972635
981049
1.02243e+06
1.13925e+06
1.17913e+06
1.25287e+06
1.43112e+06
1.26728e+06
1.1502e+06
1.10013e+06
1.1134e+06
1.2198e+06
1.27334e+06
1.21764e+06
1.27543e+06
1.33346e+06
1.47272e+06
1.60221e+06
1.58958e+06
1.70771e+06
1.74101e+06
1.90202e+06
1.90205e+06
1.78915e+06
1.78853e+06
1.74739e+06
1.83279e+06
1.73493e+06
1.75876e+06
1.76443e+06
1.88459e+06
1.91164e+06
1.93905e+06
2.06331e+06
2.31506e+06
2.46826e+06
2.43595e+06
2.51186e+06
2.67111e+06
2.71914e+06
2.55768e+06
2.45063e+06
2.31911e+06
2.25472e+06
2.24785e+06
2.39418e+06
2.73021e+06
2.6789e+06
2.69695e+06
2.84293e+06
2.95028e+06
2.81255e+06
2.72352e+06
2.79528e+06
2.79584e+06
2.80204e+06
2.8181e+06
2.71183e+06
2.45566e+06
2.36269e+06
2.377e+06
2.24549e+06
2.13634e+06
2.11207e+06
2.12083e+06
2.15595e+06
2.31456e+06
2.35022e+06
2.38667e+06
2.44705e+06
2.26659e+06
2.11456e+06
2.13898e+06
2.08056e+06
1.93956e+06
1.84928e+06
1.63812e+06
1.50336e+06
1.45413e+06
1.41524e+06
1.32695e+06
1.29138e+06
1.38376e+06
1.54357e+06
1.72895e+06
1.69909e+06
1.75577e+06
1.61433e+06
1.32592e+06
1.04743e+06
895094
808408
728911
578958
525861
520571
531281
587219
654266
737087
814519
775087
686971
488523
365021
270133
172997
120816
101032
99635
110180
129422
155434
183903
210522
233650
243981
174569
96538
59132
36622
23784
15854
11808
10274
10604
11268
12780
13642
13249
11430
8124
4401
0
0
0
0
0
0
0
0
0
0
0
0
0
0
0
0
0
0
0
0
0
0
0
0
0
0
0
0
0
0
0
0
0
0
0
0
0
0
0
0
0
0
0
0
0
0
0
0
0
0
0
0
0
0
0
0
0
0
0
0
0
0
0
0
0
0
0
0
0
0
0
0
0
0
0
0
0
0
0
0
0
0
0
0
0
0
0
0
0
0
0
0
0
0
0
0
0
0
0
0
0
0
0
0
0
0
0
0
0
0
0
0
0
0
0
0
0
0
0
0
0
0
0
0
0
0
0
0
0
0
0
0
0
0
0
0
0
0
0
0
0
0
0
0
0
0
0
0
0
0
0
0
0
0
0
0
0
0
0
0
0
0
0
0
0
0
0
0
0
0
0
0
0
0
0
0
0
0
0
0
0
0
0
0
0
0
0
0
0
0
0
0
0
0
0
0
0
0
0
0
