456704
0
0
0
0
0
0
0
0
9
39
103
539
1656
5765
18770
58899
180016
393004
490098
466521
352497
268671
215847
185627
176528
183956
208833
255052
293744
340191
413867
511757
621522
739712
849124
820425
792702
774945
757635
763472
739021
725484
752788
817725
931874
949514
988928
1.05558e+06
1.1571e+06
1.25827e+06
1.35856e+06
1.4687e+06
1.62701e+06
1.65691e+06
1.55226e+06
1.50555e+06
1.49361e+06
1.49903e+06
1.54623e+06
1.65623e+06
1.76829e+06
1.75802e+06
1.8373e+06
1.96616e+06
1.99858e+06
2.08069e+06
2.22481e+06
2.2774e+06
2.35121e+06
2.50222e+06
2.56859e+06
2.6656e+06
2.8649e+06
2.72773e+06
2.63458e+06
2.61112e+06
2.65486e+06
2.81155e+06
2.91298e+06
2.9183e+06
3.03319e+06
3.14385e+06
3.3431e+06
3.52786e+06
3.56864e+06
3.73459e+06
3.81e+06
4.00859e+06
4.04234e+06
3.96505e+06
3.99483e+06
3.98976e+06
4.11047e+06
4.06483e+06
4.14179e+06
4.20809e+06
4.39057e+06
4.47912e+06
4.57731e+06
4.77083e+06
5.07727e+06
5.28527e+06
5.30583e+06
5.43872e+06
5.64489e+06
5.73635e+06
5.62643e+06
5.56124e+06
5.47988e+06
5.4643e+06
5.51394e+06
5.71919e+06
6.11646e+06
6.14209e+06
6.2233e+06
6.35531e+06
6.44589e+06
6.28316e+06
6.16179e+06
6.19914e+06
6.15754e+06
6.11065e+06
6.07616e+06
5.92429e+06
5.61254e+06
5.47197e+06
5.45354e+06
5.27161e+06
5.11091e+06
5.04199e+06
5.0151e+06
5.00488e+06
5.13091e+06
5.12802e+06
5.12724e+06
5.14075e+06
4.90941e+06
4.69805e+06
4.65288e+06
4.53292e+06
4.32059e+06
4.15219e+06
3.86373e+06
3.65962e+06
3.55675e+06
3.44907e+06
3.30523e+06
3.21878e+06
3.26857e+06
3.38347e+06
3.51533e+06
3.42542e+06
3.40557e+06
3.1864e+06
2.81194e+06
2.44341e+06
2.19681e+06
2.0174e+06
1.85111e+06
1.61835e+06
1.48908e+06
1.41248e+06
1.35291e+06
1.35922e+06
1.38145e+06
1.42721e+06
1.46768e+06
1.38134e+06
1.2426e+06
995058
816255
669423
528168
439091
389764
365447
355223
357549
369000
382600
392375
396334
388474
299005
201371
145670
107326
81581
62576
49507
40803
35519
30065
27005
24327
20187
15484
9710
4576
0
0
0
0
0
0
0
0
0
0
0
0
0
0
0
0
0
0
0
0
0
0
0
0
0
0
0
0
0
0
0
0
0
0
0
0
0
0
0
0
0
0
0
0
0
0
0
0
0
0
0
0
0
0
0
0
0
0
0
0
0
0
0
0
0
0
0
0
0
0
0
0
0
0
0
0
0
0
0
0
0
0
0
0
0
0
0
0
0
0
0
0
0
0
0
0
0
0
0
0
0
0
0
0
0
0
0
0
0
0
0
0
0
0
0
0
0
0
0
0
0
0
0
0
0
0
0
0
0
0
0
0
0
0
0
0
0
0
0
0
0
0
0
0
0
0
0
0
0
0
0
0
0
0
0
0
0
0
0
0
0
0
0
0
0
0
0
0
0
0
0
0
0
0
0
0
0
0
0
0
0
0
0
0
0
0
0
0
0
0
0
0
0
0
0
0
0
0
0
0
