602112
0
0
0
0
0
0
0
0
9
39
103
539
1656
5768
18805
59256
187541
516482
770385
645479
451314
332415
267370
232931
224032
234193
265422
322092
375716
443018
551452
693941
840668
979427
1.0975e+06
1.08399e+06
1.07721e+06
1.06516e+06
1.01843e+06
994168
950110
929840
963000
1.04423e+06
1.18392e+06
1.23586e+06
1.31872e+06
1.43061e+06
1.57629e+06
1.70794e+06
1.82775e+06
1.94891e+06
2.11084e+06
2.13585e+06
2.03134e+06
1.98661e+06
1.97576e+06
1.97945e+06
2.03254e+06
2.15043e+06
2.28577e+06
2.30488e+06
2.42503e+06
2.60238e+06
2.67838e+06
2.79808e+06
2.97352e+06
3.0515e+06
3.1326e+06
3.28211e+06
3.35295e+06
3.45517e+06
3.66302e+06
3.54528e+06
3.46531e+06
3.4559e+06
3.53165e+06
3.7184e+06
3.85489e+06
3.90686e+06
4.0567e+06
4.20331e+06
4.43482e+06
4.64584e+06
4.7109e+06
4.89342e+06
4.986e+06
5.20253e+06
5.24894e+06
5.18742e+06
5.23585e+06
5.2619e+06
5.41375e+06
5.39969e+06
5.51908e+06
5.63068e+06
5.84221e+06
5.97022e+06
6.10056e+06
6.32256e+06
6.66406e+06
6.8985e+06
6.93732e+06
7.09578e+06
7.32802e+06
7.44782e+06
7.36634e+06
7.33328e+06
7.28793e+06
7.30304e+06
7.39887e+06
7.63671e+06
8.08716e+06
8.14959e+06
8.25065e+06
8.37411e+06
8.443e+06
8.25816e+06
8.11668e+06
8.12847e+06
8.05414e+06
7.98918e+06
7.93339e+06
7.75655e+06
7.43268e+06
7.2712e+06
7.2156e+06
7.01917e+06
6.83585e+06
6.73367e+06
6.68278e+06
6.65002e+06
6.74835e+06
6.7155e+06
6.6867e+06
6.67268e+06
6.40534e+06
6.1533e+06
6.07619e+06
5.91199e+06
5.6734e+06
5.46928e+06
5.15302e+06
4.91867e+06
4.79216e+06
4.63962e+06
4.45953e+06
4.34109e+06
4.34874e+06
4.42282e+06
4.5192e+06
4.38705e+06
4.31978e+06
4.06252e+06
3.64733e+06
3.23817e+06
2.94994e+06
2.72324e+06
2.5143e+06
2.24295e+06
2.06411e+06
1.93804e+06
1.83444e+06
1.80556e+06
1.79266e+06
1.80589e+06
1.81665e+06
1.70482e+06
1.54115e+06
1.26912e+06
1.07093e+06
905877
745984
637488
570305
530334
502671
488400
488094
490125
488214
482970
465816
366582
259805
193964
148025
117000
93094
73548
60067
49932
40903
34333
29406
23409
17429
10615
4721
0
0
0
0
0
0
0
0
0
0
0
0
0
0
0
0
0
0
0
0
0
0
0
0
0
0
0
0
0
0
0
0
0
0
0
0
0
0
0
0
0
0
0
0
0
0
0
0
0
0
0
0
0
0
0
0
0
0
0
0
0
0
0
0
0
0
0
0
0
0
0
0
0
0
0
0
0
0
0
0
0
0
0
0
0
0
0
0
0
0
0
0
0
0
0
0
0
0
0
0
0
0
0
0
0
0
0
0
0
0
0
0
0
0
0
0
0
0
0
0
0
0
0
0
0
0
0
0
0
0
0
0
0
0
0
0
0
0
0
0
0
0
0
0
0
0
0
0
0
0
0
0
0
0
0
0
0
0
0
0
0
0
0
0
0
0
0
0
0
0
0
0
0
0
0
0
0
0
0
0
0
0
0
0
0
0
0
0
0
0
0
0
0
0
0
0
0
0
0
0
