278528
0
0
0
0
0
0
0
0
0
16
36
210
712
2613
9111
31052
101291
233836
309347
309845
226458
166480
128221
106479
100194
104939
121106
154186
173649
197323
240609
304623
382306
472997
556761
509496
479345
461685
454745
469652
449850
434516
451620
499961
591660
578614
584237
615878
680011
747134
818912
911380
1.05506e+06
1.07275e+06
959997
907461
893592
889401
921749
1.01318e+06
1.10338e+06
1.0619e+06
1.10598e+06
1.19564e+06
1.19446e+06
1.23698e+06
1.34569e+06
1.36876e+06
1.42157e+06
1.55066e+06
1.59673e+06
1.67793e+06
1.86245e+06
1.70368e+06
1.59362e+06
1.55028e+06
1.57252e+06
1.68987e+06
1.7554e+06
1.71949e+06
1.79669e+06
1.87114e+06
2.03097e+06
2.17745e+06
2.18474e+06
2.31599e+06
2.36314e+06
2.53544e+06
2.5473e+06
2.44142e+06
2.45008e+06
2.4164e+06
2.5103e+06
2.42494e+06
2.46302e+06
2.48534e+06
2.62606e+06
2.67224e+06
2.7208e+06
2.87183e+06
3.14085e+06
3.31529e+06
3.30137e+06
3.39261e+06
3.56805e+06
3.62471e+06
3.47733e+06
3.3811e+06
3.26421e+06
3.20731e+06
3.21281e+06
3.37177e+06
3.73234e+06
3.70303e+06
3.74306e+06
3.89178e+06
3.99746e+06
3.85138e+06
3.75798e+06
3.82203e+06
3.8114e+06
3.80049e+06
3.79804e+06
3.67152e+06
3.39062e+06
3.28528e+06
3.28408e+06
3.13646e+06
3.01292e+06
2.97583e+06
2.97849e+06
2.99971e+06
3.15342e+06
3.182e+06
3.21441e+06
3.26325e+06
3.06811e+06
2.89953e+06
2.89859e+06
2.82008e+06
2.65594e+06
2.53484e+06
2.29219e+06
2.1306e+06
2.06138e+06
2.00319e+06
1.90116e+06
1.8566e+06
1.94544e+06
2.1021e+06
2.27942e+06
2.2346e+06
2.26781e+06
2.10081e+06
1.77749e+06
1.46465e+06
1.27811e+06
1.15613e+06
1.0494e+06
871987
796487
774720
770467
818091
878701
955876
1.02626e+06
972386
866017
647270
501176
384785
270299
205864
177723
170634
177276
194839
219158
247282
270632
288440
291880
214698
129705
84619
56493
39577
28175
21408
18273
17511
16679
17237
17148
16011
13136
8854
4484
0
0
0
0
0
0
0
0
0
0
0
0
0
0
0
0
0
0
0
0
0
0
0
0
0
0
0
0
0
0
0
0
0
0
0
0
0
0
0
0
0
0
0
0
0
0
0
0
0
0
0
0
0
0
0
0
0
0
0
0
0
0
0
0
0
0
0
0
0
0
0
0
0
0
0
0
0
0
0
0
0
0
0
0
0
0
0
0
0
0
0
0
0
0
0
0
0
0
0
0
0
0
0
0
0
0
0
0
0
0
0
0
0
0
0
0
0
0
0
0
0
0
0
0
0
0
0
0
0
0
0
0
0
0
0
0
0
0
0
0
0
0
0
0
0
0
0
0
0
0
0
0
0
0
0
0
0
0
0
0
0
0
0
0
0
0
0
0
0
0
0
0
0
0
0
0
0
0
0
0
0
0
0
0
0
0
0
0
0
0
0
0
0
0
0
0
0
0
0
0
