786432
0
0
0
0
0
0
0
0
9
39
103
539
1656
5768
18805
59256
187550
592052
1.21912e+06
914466
570921
405028
323195
285737
276792
290357
330903
397301
471415
566475
722564
930075
1.13688e+06
1.30829e+06
1.41598e+06
1.39893e+06
1.43432e+06
1.46184e+06
1.3786e+06
1.29047e+06
1.20216e+06
1.17482e+06
1.2069e+06
1.30337e+06
1.47968e+06
1.58437e+06
1.73502e+06
1.91571e+06
2.12563e+06
2.30217e+06
2.45205e+06
2.57796e+06
2.73138e+06
2.74013e+06
2.62936e+06
2.59754e+06
2.58549e+06
2.586e+06
2.63532e+06
2.75204e+06
2.9142e+06
2.97696e+06
3.16444e+06
3.40924e+06
3.55163e+06
3.73082e+06
3.95287e+06
4.05171e+06
4.13742e+06
4.2821e+06
4.35353e+06
4.45683e+06
4.66654e+06
4.56026e+06
4.49122e+06
4.51555e+06
4.62798e+06
4.84729e+06
5.04697e+06
5.1541e+06
5.35457e+06
5.5678e+06
5.84336e+06
6.08752e+06
6.17495e+06
6.37738e+06
6.48264e+06
6.70854e+06
6.76938e+06
6.73277e+06
6.79174e+06
6.8569e+06
7.05552e+06
7.07844e+06
7.2493e+06
7.41966e+06
7.69348e+06
7.86812e+06
8.04707e+06
8.31442e+06
8.69958e+06
8.95758e+06
9.00592e+06
9.19244e+06
9.45631e+06
9.60699e+06
9.56447e+06
9.5637e+06
9.56664e+06
9.64003e+06
9.78245e+06
1.0059e+07
1.05777e+07
1.06819e+07
1.08256e+07
1.09445e+07
1.09987e+07
1.07923e+07
1.06057e+07
1.05656e+07
1.04602e+07
1.03597e+07
1.02702e+07
1.00627e+07
9.7312e+06
9.54958e+06
9.46842e+06
9.23766e+06
9.02286e+06
8.88197e+06
8.78682e+06
8.73236e+06
8.79591e+06
8.73733e+06
8.67909e+06
8.61192e+06
8.29579e+06
7.9944e+06
7.87954e+06
7.6677e+06
7.36875e+06
7.14665e+06
6.78996e+06
6.52065e+06
6.34442e+06
6.14664e+06
5.92635e+06
5.75676e+06
5.72514e+06
5.7512e+06
5.79249e+06
5.60872e+06
5.48537e+06
5.16671e+06
4.69843e+06
4.24075e+06
3.89766e+06
3.6264e+06
3.36352e+06
3.02956e+06
2.78448e+06
2.60531e+06
2.44681e+06
2.37355e+06
2.31607e+06
2.29054e+06
2.25781e+06
2.11056e+06
1.91925e+06
1.61946e+06
1.39451e+06
1.20602e+06
1.02118e+06
889972
796271
734752
690495
656942
642104
623807
610210
594599
563559
451128
333747
257723
201194
162707
128665
104865
83226
67722
54562
43787
35736
27272
19957
11398
4820
0
0
0
0
0
0
0
0
0
0
0
0
0
0
0
0
0
0
0
0
0
0
0
0
0
0
0
0
0
0
0
0
0
0
0
0
0
0
0
0
0
0
0
0
0
0
0
0
0
0
0
0
0
0
0
0
0
0
0
0
0
0
0
0
0
0
0
0
0
0
0
0
0
0
0
0
0
0
0
0
0
0
0
0
0
0
0
0
0
0
0
0
0
0
0
0
0
0
0
0
0
0
0
0
0
0
0
0
0
0
0
0
0
0
0
0
0
0
0
0
0
0
0
0
0
0
0
0
0
0
0
0
0
0
0
0
0
0
0
0
0
0
0
0
0
0
0
0
0
0
0
0
0
0
0
0
0
0
0
0
0
0
0
0
0
0
0
0
0
0
0
0
0
0
0
0
0
0
0
0
0
0
0
0
0
0
0
0
0
0
0
0
0
0
0
0
0
0
0
0
