346112
0
0
0
0
0
0
0
0
6
26
76
349
1157
3978
13078
42762
132576
292641
374990
368145
274802
205863
162014
136847
129008
135369
154710
192609
219679
252299
306435
382170
472674
573752
667687
627152
597858
580323
570100
581179
559539
545642
565612
620225
720113
719506
737843
782726
861760
941803
1.02271e+06
1.1226e+06
1.27083e+06
1.29389e+06
1.1855e+06
1.13549e+06
1.12222e+06
1.12086e+06
1.15936e+06
1.25752e+06
1.35408e+06
1.32414e+06
1.3817e+06
1.48758e+06
1.50001e+06
1.55713e+06
1.68008e+06
1.71393e+06
1.77378e+06
1.91057e+06
1.96476e+06
2.05546e+06
2.24486e+06
2.09248e+06
1.99007e+06
1.95429e+06
1.98291e+06
2.11157e+06
2.19039e+06
2.17124e+06
2.26344e+06
2.35423e+06
2.52833e+06
2.68967e+06
2.7123e+06
2.85709e+06
2.91499e+06
3.096e+06
3.11729e+06
3.01966e+06
3.03697e+06
3.01385e+06
3.11731e+06
3.043e+06
3.0945e+06
3.13382e+06
3.29228e+06
3.3565e+06
3.42409e+06
3.59342e+06
3.87737e+06
4.06418e+06
4.06544e+06
4.17349e+06
4.36054e+06
4.42901e+06
4.29318e+06
4.20657e+06
4.105e+06
4.05966e+06
4.08189e+06
4.25794e+06
4.63235e+06
4.62476e+06
4.68086e+06
4.82546e+06
4.92841e+06
4.77737e+06
4.6737e+06
4.73103e+06
4.70604e+06
4.68154e+06
4.66426e+06
4.52503e+06
4.22943e+06
4.11081e+06
4.10339e+06
3.94268e+06
3.80477e+06
3.7583e+06
3.7492e+06
3.75834e+06
3.90079e+06
3.91957e+06
3.94484e+06
3.98019e+06
3.77136e+06
3.58564e+06
3.56654e+06
3.47228e+06
3.28857e+06
3.14878e+06
2.88634e+06
2.70722e+06
2.62363e+06
2.54444e+06
2.42764e+06
2.36876e+06
2.44553e+06
2.59301e+06
2.75384e+06
2.69091e+06
2.7048e+06
2.5192e+06
2.17277e+06
1.83579e+06
1.62455e+06
1.47978e+06
1.34837e+06
1.15061e+06
1.05526e+06
1.01264e+06
989317
1.02298e+06
1.06991e+06
1.13703e+06
1.19814e+06
1.13325e+06
1.01382e+06
782061
622033
491328
366211
291070
255211
241584
242893
255904
275798
299852
318102
330546
330239
248065
157475
107921
75361
54760
40865
31755
26335
24156
21646
21016
19938
17701
14143
9256
4525
0
0
0
0
0
0
0
0
0
0
0
0
0
0
0
0
0
0
0
0
0
0
0
0
0
0
0
0
0
0
0
0
0
0
0
0
0
0
0
0
0
0
0
0
0
0
0
0
0
0
0
0
0
0
0
0
0
0
0
0
0
0
0
0
0
0
0
0
0
0
0
0
0
0
0
0
0
0
0
0
0
0
0
0
0
0
0
0
0
0
0
0
0
0
0
0
0
0
0
0
0
0
0
0
0
0
0
0
0
0
0
0
0
0
0
0
0
0
0
0
0
0
0
0
0
0
0
0
0
0
0
0
0
0
0
0
0
0
0
0
0
0
0
0
0
0
0
0
0
0
0
0
0
0
0
0
0
0
0
0
0
0
0
0
0
0
0
0
0
0
0
0
0
0
0
0
0
0
0
0
0
0
0
0
0
0
0
0
0
0
0
0
0
0
0
0
0
0
0
0
