610304
0
0
0
0
0
0
0
0
9
39
103
539
1656
5768
18805
59256
187543
520931
789398
656790
456536
335791
269903
235403
226505
236828
268387
325674
380148
448332
559193
704353
853872
993418
1.11144e+06
1.09828e+06
1.09353e+06
1.08244e+06
1.03381e+06
1.00715e+06
961413
940804
974169
1.05661e+06
1.1972e+06
1.25189e+06
1.33736e+06
1.45174e+06
1.6002e+06
1.73403e+06
1.85476e+06
1.97696e+06
2.13853e+06
2.16257e+06
2.05801e+06
2.01381e+06
2.00269e+06
2.00628e+06
2.05971e+06
2.17767e+06
2.31439e+06
2.33504e+06
2.45767e+06
2.63867e+06
2.71665e+06
2.83926e+06
3.0166e+06
3.09496e+06
3.17729e+06
3.32666e+06
3.39733e+06
3.49953e+06
3.70796e+06
3.5908e+06
3.5112e+06
3.50305e+06
3.58087e+06
3.76934e+06
3.90775e+06
3.96271e+06
4.11362e+06
4.26336e+06
4.49692e+06
4.70986e+06
4.7763e+06
4.95849e+06
5.05247e+06
5.26924e+06
5.31698e+06
5.25583e+06
5.30582e+06
5.33333e+06
5.48686e+06
5.47463e+06
5.59651e+06
5.71039e+06
5.92394e+06
6.05412e+06
6.18727e+06
6.40896e+06
6.75474e+06
6.98975e+06
7.02997e+06
7.18879e+06
7.42353e+06
7.54309e+06
7.46458e+06
7.43314e+06
7.38896e+06
7.40602e+06
7.50552e+06
7.74465e+06
8.19793e+06
8.26249e+06
8.36459e+06
8.4883e+06
8.55588e+06
8.37002e+06
8.22748e+06
8.23804e+06
8.16003e+06
8.09514e+06
8.03785e+06
7.85922e+06
7.535e+06
7.3724e+06
7.31461e+06
7.11727e+06
6.93335e+06
6.82955e+06
6.77656e+06
6.74206e+06
6.83887e+06
6.80616e+06
6.77489e+06
6.75899e+06
6.4892e+06
6.23576e+06
6.15642e+06
5.98991e+06
5.74923e+06
5.54324e+06
5.22621e+06
4.98894e+06
4.8613e+06
4.70711e+06
4.5249e+06
4.40333e+06
4.41041e+06
4.48152e+06
4.5756e+06
4.4413e+06
4.37221e+06
4.11151e+06
3.69394e+06
3.28267e+06
2.99295e+06
2.76278e+06
2.55201e+06
2.27788e+06
2.09611e+06
1.96706e+06
1.86167e+06
1.83104e+06
1.81599e+06
1.82725e+06
1.8364e+06
1.72298e+06
1.55822e+06
1.28481e+06
1.08523e+06
919135
757831
648758
580423
539774
510901
495648
494726
496158
493811
487901
470134
370498
263152
196796
150209
118994
94833
74896
61027
50671
41565
34759
29688
23582
17546
10666
4723
0
0
0
0
0
0
0
0
0
0
0
0
0
0
0
0
0
0
0
0
0
0
0
0
0
0
0
0
0
0
0
0
0
0
0
0
0
0
0
0
0
0
0
0
0
0
0
0
0
0
0
0
0
0
0
0
0
0
0
0
0
0
0
0
0
0
0
0
0
0
0
0
0
0
0
0
0
0
0
0
0
0
0
0
0
0
0
0
0
0
0
0
0
0
0
0
0
0
0
0
0
0
0
0
0
0
0
0
0
0
0
0
0
0
0
0
0
0
0
0
0
0
0
0
0
0
0
0
0
0
0
0
0
0
0
0
0
0
0
0
0
0
0
0
0
0
0
0
0
0
0
0
0
0
0
0
0
0
0
0
0
0
0
0
0
0
0
0
0
0
0
0
0
0
0
0
0
0
0
0
0
0
0
0
0
0
0
0
0
0
0
0
0
0
0
0
0
0
0
0
