378880
0
0
0
0
0
0
0
0
7
32
81
419
1347
4681
15171
48524
147863
321258
406800
395816
297800
224791
178372
151810
143630
150218
171060
211326
241993
278513
338373
420700
516845
622817
721155
683723
654317
637174
625441
635224
612944
599624
621560
678556
783640
788667
813519
863911
948858
1.03566e+06
1.12132e+06
1.22385e+06
1.37515e+06
1.40123e+06
1.29456e+06
1.24491e+06
1.23232e+06
1.23259e+06
1.27435e+06
1.37677e+06
1.47713e+06
1.4542e+06
1.51726e+06
1.62878e+06
1.64799e+06
1.71176e+06
1.84052e+06
1.88031e+06
1.94381e+06
2.08511e+06
2.14361e+06
2.23717e+06
2.43013e+06
2.28111e+06
2.18043e+06
2.14963e+06
2.1822e+06
2.31848e+06
2.40328e+06
2.39308e+06
2.49103e+06
2.58819e+06
2.76929e+06
2.93825e+06
2.96608e+06
3.11776e+06
3.18056e+06
3.3674e+06
3.39009e+06
3.29982e+06
3.32274e+06
3.30291e+06
3.41084e+06
3.34408e+06
3.40384e+06
3.45128e+06
3.61884e+06
3.68942e+06
3.766e+06
3.94206e+06
4.23303e+06
4.42631e+06
4.43342e+06
4.54891e+06
4.74063e+06
4.81767e+06
4.68884e+06
4.60831e+06
4.51029e+06
4.47662e+06
4.50536e+06
4.69102e+06
5.07116e+06
5.07279e+06
5.13741e+06
5.27897e+06
5.37906e+06
5.22427e+06
5.11471e+06
5.1672e+06
5.13749e+06
5.10617e+06
5.08479e+06
4.93859e+06
4.63806e+06
4.51336e+06
4.50238e+06
4.33469e+06
4.19114e+06
4.13946e+06
4.12254e+06
4.1259e+06
4.26582e+06
4.27702e+06
4.29441e+06
4.32401e+06
4.10893e+06
3.917e+06
3.89198e+06
3.78872e+06
3.59597e+06
3.447e+06
3.17559e+06
2.98864e+06
2.89658e+06
2.81125e+06
2.68706e+06
2.6186e+06
2.68781e+06
2.82708e+06
2.98136e+06
2.90942e+06
2.91456e+06
2.71868e+06
2.3648e+06
2.01547e+06
1.79297e+06
1.63847e+06
1.49585e+06
1.28665e+06
1.18214e+06
1.13054e+06
1.09622e+06
1.12304e+06
1.16277e+06
1.22431e+06
1.27829e+06
1.2077e+06
1.08335e+06
846250
679730
543972
414013
334436
294174
277394
274978
285374
303307
324798
340629
350347
347944
263487
170683
119118
85080
62491
47178
36943
30512
27383
24188
22772
21216
18475
14529
9408
4539
0
0
0
0
0
0
0
0
0
0
0
0
0
0
0
0
0
0
0
0
0
0
0
0
0
0
0
0
0
0
0
0
0
0
0
0
0
0
0
0
0
0
0
0
0
0
0
0
0
0
0
0
0
0
0
0
0
0
0
0
0
0
0
0
0
0
0
0
0
0
0
0
0
0
0
0
0
0
0
0
0
0
0
0
0
0
0
0
0
0
0
0
0
0
0
0
0
0
0
0
0
0
0
0
0
0
0
0
0
0
0
0
0
0
0
0
0
0
0
0
0
0
0
0
0
0
0
0
0
0
0
0
0
0
0
0
0
0
0
0
0
0
0
0
0
0
0
0
0
0
0
0
0
0
0
0
0
0
0
0
0
0
0
0
0
0
0
0
0
0
0
0
0
0
0
0
0
0
0
0
0
0
0
0
0
0
0
0
0
0
0
0
0
0
0
0
0
0
0
0
