626688
0
0
0
0
0
0
0
0
9
39
103
539
1656
5768
18805
59256
187548
529253
827966
679716
467033
342320
274964
240221
231576
242083
274184
332801
388898
459079
574412
725649
879846
1.02144e+06
1.13994e+06
1.12681e+06
1.12586e+06
1.11711e+06
1.06454e+06
1.03339e+06
983881
962781
996464
1.08082e+06
1.22364e+06
1.28398e+06
1.37423e+06
1.4947e+06
1.64838e+06
1.78592e+06
1.90929e+06
2.03294e+06
2.19368e+06
2.21618e+06
2.11148e+06
2.06748e+06
2.05707e+06
2.06011e+06
2.11386e+06
2.23264e+06
2.37089e+06
2.39467e+06
2.52358e+06
2.71078e+06
2.79399e+06
2.92148e+06
3.10262e+06
3.18217e+06
3.26689e+06
3.41594e+06
3.48585e+06
3.58833e+06
3.79759e+06
3.6813e+06
3.60353e+06
3.59738e+06
3.67909e+06
3.87043e+06
4.01428e+06
4.074e+06
4.22764e+06
4.3822e+06
4.6224e+06
4.83798e+06
4.90711e+06
5.08854e+06
5.18614e+06
5.4033e+06
5.45214e+06
5.39312e+06
5.44505e+06
5.47642e+06
5.63211e+06
5.62468e+06
5.75098e+06
5.87041e+06
6.08717e+06
6.22153e+06
6.36072e+06
6.5834e+06
6.93519e+06
7.17348e+06
7.21488e+06
7.37483e+06
7.61301e+06
7.73522e+06
7.65974e+06
7.63348e+06
7.59167e+06
7.6113e+06
7.71824e+06
7.96066e+06
8.41976e+06
8.4884e+06
8.59173e+06
8.7166e+06
8.78265e+06
8.59395e+06
8.449e+06
8.45594e+06
8.37341e+06
8.30614e+06
8.247e+06
8.06516e+06
7.73897e+06
7.57411e+06
7.51369e+06
7.31383e+06
7.12765e+06
7.02183e+06
6.96397e+06
6.9255e+06
7.021e+06
6.98684e+06
6.95165e+06
6.93049e+06
6.6584e+06
6.40008e+06
6.31647e+06
6.1461e+06
5.90065e+06
5.69174e+06
5.37189e+06
5.1301e+06
4.99918e+06
4.84153e+06
4.65562e+06
4.52835e+06
4.53345e+06
4.59928e+06
4.68849e+06
4.55013e+06
4.47695e+06
4.20962e+06
3.78666e+06
3.37189e+06
3.07814e+06
2.84226e+06
2.62743e+06
2.34774e+06
2.16008e+06
2.0255e+06
1.91591e+06
1.88191e+06
1.8623e+06
1.87062e+06
1.87598e+06
1.75913e+06
1.59223e+06
1.31638e+06
1.1135e+06
945536
781869
671423
600320
558434
527588
510356
508018
508096
505078
497785
478773
378125
270072
202247
154659
122949
98358
77571
63034
52141
42826
35610
30268
23928
17785
10736
4742
0
0
0
0
0
0
0
0
0
0
0
0
0
0
0
0
0
0
0
0
0
0
0
0
0
0
0
0
0
0
0
0
0
0
0
0
0
0
0
0
0
0
0
0
0
0
0
0
0
0
0
0
0
0
0
0
0
0
0
0
0
0
0
0
0
0
0
0
0
0
0
0
0
0
0
0
0
0
0
0
0
0
0
0
0
0
0
0
0
0
0
0
0
0
0
0
0
0
0
0
0
0
0
0
0
0
0
0
0
0
0
0
0
0
0
0
0
0
0
0
0
0
0
0
0
0
0
0
0
0
0
0
0
0
0
0
0
0
0
0
0
0
0
0
0
0
0
0
0
0
0
0
0
0
0
0
0
0
0
0
0
0
0
0
0
0
0
0
0
0
0
0
0
0
0
0
0
0
0
0
0
0
0
0
0
0
0
0
0
0
0
0
0
0
0
0
0
0
0
0
