245760
0
0
0
0
0
0
0
0
0
16
29
153
477
1938
7233
25550
86554
205749
277047
280847
202728
147072
112036
91783
85913
90335
105223
135715
151957
170606
208881
267067
338861
423964
502860
452163
421117
404717
398018
414934
396345
381249
396482
441139
529543
510989
509947
534790
593731
654910
720530
807996
948824
963853
849363
796531
782335
776788
807398
894995
981772
935886
972845
1.05558e+06
1.04692e+06
1.08248e+06
1.18419e+06
1.20226e+06
1.25054e+06
1.37307e+06
1.4163e+06
1.49394e+06
1.67592e+06
1.51515e+06
1.40166e+06
1.35486e+06
1.37442e+06
1.48623e+06
1.5459e+06
1.50172e+06
1.57008e+06
1.63816e+06
1.78972e+06
1.92873e+06
1.92907e+06
2.05347e+06
2.095e+06
2.26165e+06
2.26948e+06
2.16092e+06
2.16483e+06
2.12618e+06
2.2161e+06
2.12602e+06
2.15812e+06
2.17236e+06
2.30477e+06
2.34087e+06
2.38037e+06
2.52239e+06
2.78541e+06
2.9508e+06
2.92877e+06
3.01304e+06
3.18172e+06
3.23546e+06
3.07957e+06
2.97949e+06
2.8545e+06
2.79339e+06
2.79493e+06
2.94887e+06
3.29659e+06
3.25667e+06
3.28911e+06
3.43909e+06
3.54439e+06
3.40271e+06
3.3126e+06
3.3814e+06
3.37546e+06
3.3707e+06
3.37466e+06
3.25667e+06
2.985e+06
2.88495e+06
2.89031e+06
2.74954e+06
2.63042e+06
2.59956e+06
2.60434e+06
2.63401e+06
2.79097e+06
2.82421e+06
2.85892e+06
2.91389e+06
2.72424e+06
2.56236e+06
2.57164e+06
2.50198e+06
2.34691e+06
2.23793e+06
2.00711e+06
1.85636e+06
1.79507e+06
1.74492e+06
1.6491e+06
1.60947e+06
1.70285e+06
1.86288e+06
2.04516e+06
2.00722e+06
2.05146e+06
1.89304e+06
1.584e+06
1.28485e+06
1.11114e+06
1.00356e+06
907060
741200
675864
662557
666118
719132
783491
863649
937489
889934
791202
579914
442401
334463
226699
167280
143227
138347
147187
166129
191443
220588
245878
266016
271878
197736
115634
73523
47826
32575
22607
16992
14630
14401
14254
15305
15677
14959
12525
8590
4460
0
0
0
0
0
0
0
0
0
0
0
0
0
0
0
0
0
0
0
0
0
0
0
0
0
0
0
0
0
0
0
0
0
0
0
0
0
0
0
0
0
0
0
0
0
0
0
0
0
0
0
0
0
0
0
0
0
0
0
0
0
0
0
0
0
0
0
0
0
0
0
0
0
0
0
0
0
0
0
0
0
0
0
0
0
0
0
0
0
0
0
0
0
0
0
0
0
0
0
0
0
0
0
0
0
0
0
0
0
0
0
0
0
0
0
0
0
0
0
0
0
0
0
0
0
0
0
0
0
0
0
0
0
0
0
0
0
0
0
0
0
0
0
0
0
0
0
0
0
0
0
0
0
0
0
0
0
0
0
0
0
0
0
0
0
0
0
0
0
0
0
0
0
0
0
0
0
0
0
0
0
0
0
0
0
0
0
0
0
0
0
0
0
0
0
0
0
0
0
0
