190464
0
0
0
0
0
0
0
0
0
8
11
67
247
1058
4421
16920
61824
157465
221460
231279
162246
114057
84089
66988
62545
66197
79112
105717
116669
127684
155807
203258
264727
338729
410084
354157
321945
307553
303826
323226
306317
290831
302920
343986
426081
398875
386858
400092
447787
498113
551446
630345
767067
777516
661255
609804
594773
589789
616873
698631
778862
722946
748502
820465
797528
821657
912646
918504
956699
1.07166e+06
1.11062e+06
1.18308e+06
1.36038e+06
1.19599e+06
1.07909e+06
1.02802e+06
1.03963e+06
1.14461e+06
1.19562e+06
1.13693e+06
1.19171e+06
1.24624e+06
1.38211e+06
1.50917e+06
1.49262e+06
1.60758e+06
1.63921e+06
1.79818e+06
1.79712e+06
1.68202e+06
1.68093e+06
1.6391e+06
1.72394e+06
1.62374e+06
1.64499e+06
1.64874e+06
1.76625e+06
1.78966e+06
1.81373e+06
1.93302e+06
2.18018e+06
2.32834e+06
2.29395e+06
2.36735e+06
2.52285e+06
2.57069e+06
2.40841e+06
2.30025e+06
2.1684e+06
2.10207e+06
2.09296e+06
2.23558e+06
2.5696e+06
2.51349e+06
2.52729e+06
2.67369e+06
2.78066e+06
2.64347e+06
2.55477e+06
2.62644e+06
2.62866e+06
2.63841e+06
2.65924e+06
2.55649e+06
2.30348e+06
2.21506e+06
2.23262e+06
2.10185e+06
1.99441e+06
1.97364e+06
1.98381e+06
2.01931e+06
2.17854e+06
2.21473e+06
2.25076e+06
2.3138e+06
2.13512e+06
1.98559e+06
2.01392e+06
1.95925e+06
1.82295e+06
1.7385e+06
1.53361e+06
1.40367e+06
1.35858e+06
1.3227e+06
1.23605e+06
1.2009e+06
1.29311e+06
1.45221e+06
1.63795e+06
1.60881e+06
1.66848e+06
1.5319e+06
1.25106e+06
980043
834404
753624
679959
533961
484387
481387
492445
549367
617049
699900
777987
741390
655803
461924
342773
252084
157896
108389
90026
89307
100182
119114
144694
173182
199832
223985
235459
167479
91154
55197
33579
21451
13983
10388
9114
9536
10410
12047
13033
12698
11144
7992
4367
0
0
0
0
0
0
0
0
0
0
0
0
0
0
0
0
0
0
0
0
0
0
0
0
0
0
0
0
0
0
0
0
0
0
0
0
0
0
0
0
0
0
0
0
0
0
0
0
0
0
0
0
0
0
0
0
0
0
0
0
0
0
0
0
0
0
0
0
0
0
0
0
0
0
0
0
0
0
0
0
0
0
0
0
0
0
0
0
0
0
0
0
0
0
0
0
0
0
0
0
0
0
0
0
0
0
0
0
0
0
0
0
0
0
0
0
0
0
0
0
0
0
0
0
0
0
0
0
0
0
0
0
0
0
0
0
0
0
0
0
0
0
0
0
0
0
0
0
0
0
0
0
0
0
0
0
0
0
0
0
0
0
0
0
0
0
0
0
0
0
0
0
0
0
0
0
0
0
0
0
0
0
0
0
0
0
0
0
0
0
0
0
0
0
0
0
0
0
0
0
