806912
0
0
0
0
0
0
0
0
9
39
103
539
1656
5768
18805
59256
187550
598448
1.2702e+06
946041
584331
413115
329105
291142
282547
296846
337698
405219
481810
580159
741083
955871
1.17112e+06
1.34563e+06
1.45165e+06
1.43352e+06
1.47323e+06
1.50617e+06
1.42007e+06
1.32389e+06
1.23018e+06
1.20136e+06
1.23306e+06
1.33167e+06
1.51219e+06
1.62222e+06
1.78008e+06
1.96967e+06
2.18713e+06
2.36955e+06
2.52371e+06
2.64835e+06
2.79966e+06
2.80724e+06
2.6956e+06
2.66508e+06
2.65371e+06
2.65436e+06
2.70089e+06
2.81814e+06
2.98231e+06
3.05175e+06
3.24542e+06
3.4999e+06
3.64735e+06
3.83557e+06
4.06358e+06
4.16432e+06
4.24942e+06
4.39418e+06
4.46391e+06
4.56928e+06
4.77598e+06
4.67284e+06
4.60587e+06
4.63174e+06
4.74898e+06
4.97225e+06
5.17767e+06
5.2928e+06
5.49922e+06
5.7215e+06
5.99999e+06
6.24771e+06
6.33873e+06
6.54254e+06
6.6511e+06
6.87678e+06
6.93764e+06
6.90188e+06
6.96321e+06
7.0341e+06
7.23683e+06
7.26554e+06
7.43954e+06
7.61776e+06
7.90141e+06
8.07959e+06
8.26349e+06
8.53698e+06
8.92623e+06
9.18921e+06
9.23253e+06
9.42814e+06
9.69101e+06
9.84879e+06
9.8066e+06
9.80924e+06
9.8186e+06
9.90002e+06
1.00469e+07
1.03279e+07
1.08556e+07
1.09638e+07
1.11127e+07
1.12304e+07
1.12842e+07
1.10724e+07
1.08804e+07
1.08362e+07
1.07292e+07
1.06242e+07
1.05314e+07
1.03162e+07
9.98564e+06
9.80324e+06
9.71815e+06
9.48413e+06
9.26512e+06
9.12321e+06
9.01956e+06
8.96512e+06
9.0245e+06
8.96198e+06
8.89882e+06
8.82719e+06
8.50625e+06
8.1985e+06
8.07836e+06
7.86199e+06
7.55789e+06
7.33213e+06
6.9735e+06
6.69847e+06
6.51862e+06
6.31384e+06
6.08876e+06
5.91556e+06
5.87646e+06
5.89823e+06
5.93357e+06
5.74472e+06
5.6147e+06
5.28945e+06
4.81669e+06
4.35068e+06
4.00266e+06
3.7274e+06
3.45826e+06
3.11546e+06
2.86519e+06
2.68098e+06
2.51509e+06
2.43712e+06
2.37342e+06
2.3438e+06
2.30699e+06
2.15517e+06
1.96124e+06
1.65816e+06
1.43072e+06
1.23962e+06
1.05178e+06
918050
820827
757802
711473
675141
659328
639104
623894
606744
574245
460681
341886
264915
207209
167722
132627
108236
86048
69701
55976
44906
36423
27685
20182
11467
4836
0
0
0
0
0
0
0
0
0
0
0
0
0
0
0
0
0
0
0
0
0
0
0
0
0
0
0
0
0
0
0
0
0
0
0
0
0
0
0
0
0
0
0
0
0
0
0
0
0
0
0
0
0
0
0
0
0
0
0
0
0
0
0
0
0
0
0
0
0
0
0
0
0
0
0
0
0
0
0
0
0
0
0
0
0
0
0
0
0
0
0
0
0
0
0
0
0
0
0
0
0
0
0
0
0
0
0
0
0
0
0
0
0
0
0
0
0
0
0
0
0
0
0
0
0
0
0
0
0
0
0
0
0
0
0
0
0
0
0
0
0
0
0
0
0
0
0
0
0
0
0
0
0
0
0
0
0
0
0
0
0
0
0
0
0
0
0
0
0
0
0
0
0
0
0
0
0
0
0
0
0
0
0
0
0
0
0
0
0
0
0
0
0
0
0
0
0
0
0
0
