704512
0
0
0
0
0
0
0
0
9
39
103
539
1656
5768
18805
59256
187550
563394
1.01611e+06
791642
517324
372764
298714
263050
254216
265874
302032
364460
430143
510712
646771
826663
1.0037e+06
1.1597e+06
1.27364e+06
1.26076e+06
1.27686e+06
1.28406e+06
1.21538e+06
1.15711e+06
1.09075e+06
1.06675e+06
1.10076e+06
1.19095e+06
1.34981e+06
1.43153e+06
1.55045e+06
1.69969e+06
1.87931e+06
2.03585e+06
2.17271e+06
2.2968e+06
2.45572e+06
2.4702e+06
2.3657e+06
2.32403e+06
2.31383e+06
2.31678e+06
2.36954e+06
2.48739e+06
2.63825e+06
2.68006e+06
2.83726e+06
3.04808e+06
3.16398e+06
3.31375e+06
3.51471e+06
3.60242e+06
3.69e+06
3.83971e+06
3.9094e+06
4.01051e+06
4.22105e+06
4.10802e+06
4.03856e+06
4.04667e+06
4.14353e+06
4.34841e+06
4.51818e+06
4.60133e+06
4.7742e+06
4.95524e+06
5.21705e+06
5.44699e+06
5.52434e+06
5.71253e+06
5.81729e+06
6.0402e+06
6.09355e+06
6.04776e+06
6.10419e+06
6.14991e+06
6.32514e+06
6.33504e+06
6.48389e+06
6.62549e+06
6.86624e+06
7.0217e+06
7.18337e+06
7.42312e+06
7.79171e+06
8.04215e+06
8.0917e+06
8.25898e+06
8.50895e+06
8.648e+06
8.5891e+06
8.57729e+06
8.55675e+06
8.59765e+06
8.72406e+06
8.98356e+06
9.47295e+06
9.55542e+06
9.67358e+06
9.80426e+06
9.86188e+06
9.66314e+06
9.50173e+06
9.48463e+06
9.38985e+06
9.30435e+06
9.23336e+06
9.04162e+06
8.70887e+06
8.53647e+06
8.46492e+06
8.25102e+06
8.05071e+06
7.92833e+06
7.85352e+06
7.80218e+06
7.88579e+06
7.84227e+06
7.79159e+06
7.74934e+06
7.45829e+06
7.17689e+06
7.07646e+06
6.88996e+06
6.61779e+06
6.3979e+06
6.06431e+06
5.80401e+06
5.65404e+06
5.47745e+06
5.27332e+06
5.12723e+06
5.11727e+06
5.16061e+06
5.22682e+06
5.0651e+06
4.9699e+06
4.67464e+06
4.22984e+06
3.79681e+06
3.47698e+06
3.22314e+06
2.98518e+06
2.68134e+06
2.46253e+06
2.30803e+06
2.17284e+06
2.12216e+06
2.08339e+06
2.07586e+06
2.0638e+06
1.93108e+06
1.752e+06
1.46363e+06
1.24928e+06
1.0713e+06
899401
776192
696870
645472
606419
581711
573244
563821
556163
545966
520736
412810
301553
229301
176355
142851
113141
91037
72778
59374
48482
39710
32942
25606
18929
11089
4783
0
0
0
0
0
0
0
0
0
0
0
0
0
0
0
0
0
0
0
0
0
0
0
0
0
0
0
0
0
0
0
0
0
0
0
0
0
0
0
0
0
0
0
0
0
0
0
0
0
0
0
0
0
0
0
0
0
0
0
0
0
0
0
0
0
0
0
0
0
0
0
0
0
0
0
0
0
0
0
0
0
0
0
0
0
0
0
0
0
0
0
0
0
0
0
0
0
0
0
0
0
0
0
0
0
0
0
0
0
0
0
0
0
0
0
0
0
0
0
0
0
0
0
0
0
0
0
0
0
0
0
0
0
0
0
0
0
0
0
0
0
0
0
0
0
0
0
0
0
0
0
0
0
0
0
0
0
0
0
0
0
0
0
0
0
0
0
0
0
0
0
0
0
0
0
0
0
0
0
0
0
0
0
0
0
0
0
0
0
0
0
0
0
0
0
0
0
0
0
0
