16384
0
0
0
0
0
0
0
0
0
0
0
0
0
0
0
1
446
5907
21302
46867
17169
5127
1240
280
409
1631
5778
19830
15033
4830
1925
3479
13378
43445
90649
32153
10886
6266
12968
40865
29223
10708
11635
31106
90816
45243
16149
10617
23904
26344
18885
41970
138506
142105
45082
19867
26036
19143
27186
78024
132423
51959
47707
97467
48868
41722
93974
57437
45037
100130
78795
112350
278576
127715
42517
21613
40437
130940
154622
62970
67423
59851
124245
178798
95226
148220
120526
236468
224532
115939
128345
104600
203469
111024
125352
103882
175556
138598
80531
102698
242019
286824
165053
178024
298046
351036
235286
192899
126482
86710
59376
130667
368780
206025
130290
225321
337397
230906
167683
222298
190637
211125
310210
332368
184523
160980
228630
140364
80679
94619
114124
147502
263853
243057
231730
310718
182870
91973
176481
185565
141654
177634
106536
87083
122482
140909
81313
24234
51604
112665
211043
140290
240537
228537
123873
26574
25902
64693
88117
14067
7690
14927
11327
23640
46396
80701
130540
117292
109910
23826
15027
25776
6454
38
0
0
3
50
446
2238
9209
28964
64761
37541
3913
302
28
1
0
0
0
0
0
15
71
335
1333
2911
3527
0
0
0
0
0
0
0
0
0
0
0
0
0
0
0
0
0
0
0
0
0
0
0
0
0
0
0
0
0
0
0
0
0
0
0
0
0
0
0
0
0
0
0
0
0
0
0
0
0
0
0
0
0
0
0
0
0
0
0
0
0
0
0
0
0
0
0
0
0
0
0
0
0
0
0
0
0
0
0
0
0
0
0
0
0
0
0
0
0
0
0
0
0
0
0
0
0
0
0
0
0
0
0
0
0
0
0
0
0
0
0
0
0
0
0
0
0
0
0
0
0
0
0
0
0
0
0
0
0
0
0
0
0
0
0
0
0
0
0
0
0
0
0
0
0
0
0
0
0
0
0
0
0
0
0
0
0
0
0
0
0
0
0
0
0
0
0
0
0
0
0
0
0
0
0
0
0
0
0
0
0
0
0
0
0
0
0
0
0
0
0
0
0
0
0
0
0
0
0
0
