4096
0
0
0
0
0
0
0
0
0
0
0
0
0
0
0
0
0
12
2777
20365
1420
2
0
0
0
0
180
7840
4226
42
0
0
37
7126
39748
2236
5
2
455
16837
7198
84
2
2085
39668
7355
42
144
7907
8208
126
728
47494
49249
832
346
9326
2592
180
17065
54537
1978
3176
41011
4941
1690
38296
9119
1705
38002
9451
7918
121287
18226
82
0
559
41390
55274
2150
19670
4136
29900
66213
5081
50527
8910
76878
68438
10488
37982
8259
82176
10831
37021
12072
60507
36246
8417
9031
72146
97400
21361
29957
81551
113072
48762
50800
29359
19804
279
8202
158237
31134
5491
42053
125907
48534
30959
73165
29513
41690
75578
120246
36164
23463
82622
24218
9043
22880
18529
33149
96962
53576
43230
101702
45613
1597
55223
46816
21429
58560
20746
18539
36108
35940
25033
144
8137
20847
80704
5733
62100
68266
40535
268
48
10142
38716
246
47
3568
2529
869
11674
19328
36255
23638
42513
891
105
8705
3478
0
0
0
0
0
0
0
1
1462
22418
12848
135
0
0
0
0
0
0
0
0
0
0
0
0
115
1933
0
0
0
0
0
0
0
0
0
0
0
0
0
0
0
0
0
0
0
0
0
0
0
0
0
0
0
0
0
0
0
0
0
0
0
0
0
0
0
0
0
0
0
0
0
0
0
0
0
0
0
0
0
0
0
0
0
0
0
0
0
0
0
0
0
0
0
0
0
0
0
0
0
0
0
0
0
0
0
0
0
0
0
0
0
0
0
0
0
0
0
0
0
0
0
0
0
0
0
0
0
0
0
0
0
0
0
0
0
0
0
0
0
0
0
0
0
0
0
0
0
0
0
0
0
0
0
0
0
0
0
0
0
0
0
0
0
0
0
0
0
0
0
0
0
0
0
0
0
0
0
0
0
0
0
0
0
0
0
0
0
0
0
0
0
0
0
0
0
0
0
0
0
0
0
0
0
0
0
0
0
0
0
0
0
0
0
0
0
0
0
0
0
0
0
0
0
0
0
0
