169984
0
0
0
0
0
0
0
0
0
8
9
44
192
817
3539
13932
52976
139721
200349
212381
146679
101147
73615
58002
54191
57887
69956
95103
103843
112105
136561
179505
236637
307218
375062
317387
285104
270526
268538
288696
273069
257910
269213
308771
388574
357776
341762
351011
393419
439901
488985
563812
697658
707825
591123
539983
525733
519377
545775
627146
704914
645887
666538
734360
706306
725097
811485
813388
848150
958611
994626
1.06532e+06
1.24217e+06
1.07583e+06
959578
908155
918498
1.0197e+06
1.06782e+06
1.00434e+06
1.05359e+06
1.10218e+06
1.23107e+06
1.35121e+06
1.33051e+06
1.44042e+06
1.46861e+06
1.62282e+06
1.62118e+06
1.50374e+06
1.50097e+06
1.45959e+06
1.54274e+06
1.439e+06
1.45766e+06
1.45782e+06
1.5691e+06
1.58666e+06
1.60282e+06
1.71589e+06
1.95576e+06
2.0964e+06
2.0549e+06
2.1248e+06
2.27608e+06
2.3233e+06
2.15902e+06
2.04889e+06
1.91716e+06
1.84828e+06
1.83546e+06
1.97412e+06
2.30221e+06
2.23949e+06
2.24592e+06
2.39018e+06
2.4968e+06
2.3601e+06
2.27268e+06
2.34474e+06
2.35094e+06
2.36573e+06
2.39375e+06
2.29818e+06
2.05044e+06
1.96882e+06
1.99078e+06
1.86394e+06
1.76041e+06
1.74122e+06
1.75295e+06
1.79276e+06
1.95406e+06
1.99126e+06
2.02613e+06
2.09121e+06
1.91269e+06
1.7672e+06
1.80283e+06
1.75639e+06
1.62936e+06
1.55501e+06
1.36078e+06
1.23979e+06
1.20115e+06
1.16979e+06
1.08606e+06
1.05009e+06
1.14079e+06
1.29687e+06
1.48438e+06
1.45852e+06
1.52362e+06
1.39495e+06
1.12444e+06
865913
733009
663682
599635
460948
416634
416216
429492
484954
553595
637415
716514
682670
603457
417179
305625
222036
133939
88181
72613
72599
83649
102087
126863
154419
181948
207126
220967
155659
82156
48211
28372
17703
11143
8307
7455
7884
8908
10712
11831
11749
10607
7786
4319
0
0
0
0
0
0
0
0
0
0
0
0
0
0
0
0
0
0
0
0
0
0
0
0
0
0
0
0
0
0
0
0
0
0
0
0
0
0
0
0
0
0
0
0
0
0
0
0
0
0
0
0
0
0
0
0
0
0
0
0
0
0
0
0
0
0
0
0
0
0
0
0
0
0
0
0
0
0
0
0
0
0
0
0
0
0
0
0
0
0
0
0
0
0
0
0
0
0
0
0
0
0
0
0
0
0
0
0
0
0
0
0
0
0
0
0
0
0
0
0
0
0
0
0
0
0
0
0
0
0
0
0
0
0
0
0
0
0
0
0
0
0
0
0
0
0
0
0
0
0
0
0
0
0
0
0
0
0
0
0
0
0
0
0
0
0
0
0
0
0
0
0
0
0
0
0
0
0
0
0
0
0
0
0
0
0
0
0
0
0
0
0
0
0
0
0
0
0
0
0
