114688
0
0
0
0
0
0
0
0
0
0
0
14
66
298
1361
6623
29885
91986
142276
159211
103356
66604
45372
34191
31913
35606
46277
67678
70870
70496
84325
114913
159942
220127
280326
217311
184259
172244
173598
196217
183005
168907
178490
213224
284870
247115
221163
220537
251190
283787
318135
383856
509471
516412
399136
349406
338770
332728
355947
431453
504214
436847
445729
503732
463280
468727
542041
531162
553550
652524
677290
742848
915907
749326
633172
584150
593376
689608
727181
650874
684723
717014
826453
926911
887907
983819
1.00092e+06
1.14364e+06
1.13914e+06
1.01918e+06
1.0147e+06
972942
1.05492e+06
948423
961380
949126
1.04474e+06
1.04316e+06
1.03822e+06
1.12955e+06
1.34402e+06
1.46121e+06
1.40131e+06
1.45791e+06
1.60057e+06
1.64573e+06
1.48415e+06
1.37743e+06
1.2457e+06
1.1723e+06
1.15323e+06
1.27692e+06
1.58703e+06
1.50278e+06
1.48786e+06
1.62394e+06
1.72397e+06
1.59463e+06
1.50771e+06
1.58157e+06
1.59095e+06
1.6186e+06
1.66998e+06
1.60354e+06
1.37522e+06
1.31123e+06
1.3459e+06
1.22668e+06
1.12921e+06
1.11844e+06
1.13601e+06
1.18278e+06
1.34683e+06
1.38345e+06
1.41441e+06
1.48056e+06
1.30621e+06
1.17131e+06
1.22441e+06
1.20403e+06
1.10427e+06
1.06105e+06
898625
806639
788049
770669
689984
650389
729570
874947
1.0574e+06
1.03435e+06
1.11705e+06
1.0149e+06
778953
560013
464167
429594
390812
272306
241383
246711
261801
315163
380152
459437
540142
514485
453156
289379
203520
143946
74402
41152
32021
33622
42531
57589
78209
101986
129798
157781
178489
121157
55963
29891
15495
8774
4674
3462
3124
3962
5106
6849
8309
8836
8632
7022
4198
0
0
0
0
0
0
0
0
0
0
0
0
0
0
0
0
0
0
0
0
0
0
0
0
0
0
0
0
0
0
0
0
0
0
0
0
0
0
0
0
0
0
0
0
0
0
0
0
0
0
0
0
0
0
0
0
0
0
0
0
0
0
0
0
0
0
0
0
0
0
0
0
0
0
0
0
0
0
0
0
0
0
0
0
0
0
0
0
0
0
0
0
0
0
0
0
0
0
0
0
0
0
0
0
0
0
0
0
0
0
0
0
0
0
0
0
0
0
0
0
0
0
0
0
0
0
0
0
0
0
0
0
0
0
0
0
0
0
0
0
0
0
0
0
0
0
0
0
0
0
0
0
0
0
0
0
0
0
0
0
0
0
0
0
0
0
0
0
0
0
0
0
0
0
0
0
0
0
0
0
0
0
0
0
0
0
0
0
0
0
0
0
0
0
0
0
0
0
0
0
