755712
0
0
0
0
0
0
0
0
9
39
103
539
1656
5768
18805
59256
187550
581858
1.14275e+06
867790
550809
392924
314143
277475
268343
280816
320166
385471
455981
545376
694440
891220
1.08672e+06
1.25218e+06
1.36264e+06
1.34761e+06
1.37467e+06
1.39557e+06
1.3169e+06
1.24012e+06
1.16072e+06
1.13467e+06
1.1669e+06
1.26149e+06
1.43106e+06
1.52693e+06
1.66684e+06
1.83459e+06
2.03296e+06
2.20195e+06
2.34671e+06
2.4718e+06
2.62889e+06
2.6388e+06
2.53019e+06
2.49522e+06
2.48392e+06
2.48385e+06
2.5364e+06
2.65326e+06
2.81141e+06
2.86561e+06
3.04211e+06
3.27311e+06
3.40739e+06
3.57391e+06
3.78756e+06
3.88273e+06
3.9699e+06
4.11505e+06
4.18765e+06
4.28921e+06
4.50047e+06
4.39045e+06
4.32138e+06
4.33935e+06
4.44708e+06
4.65995e+06
4.85002e+06
4.94661e+06
5.13715e+06
5.33826e+06
5.60715e+06
5.84709e+06
5.93132e+06
6.12727e+06
6.23244e+06
6.45758e+06
6.51626e+06
6.47672e+06
6.53547e+06
6.59155e+06
6.78138e+06
6.79857e+06
6.96349e+06
7.12303e+06
7.38293e+06
7.54962e+06
7.72365e+06
7.97992e+06
8.35835e+06
8.61275e+06
8.6644e+06
8.83992e+06
9.10476e+06
9.24523e+06
9.19902e+06
9.1949e+06
9.1882e+06
9.24986e+06
9.38654e+06
9.65359e+06
1.01643e+07
1.02591e+07
1.03929e+07
1.05169e+07
1.05721e+07
1.03693e+07
1.0192e+07
1.01605e+07
1.00588e+07
9.96324e+06
9.88074e+06
9.6795e+06
9.34861e+06
9.16984e+06
9.09231e+06
8.86951e+06
8.65848e+06
8.52072e+06
8.43904e+06
8.38287e+06
8.45398e+06
8.40148e+06
8.34716e+06
8.28807e+06
7.98131e+06
7.68823e+06
7.57976e+06
7.37681e+06
7.08553e+06
6.867e+06
6.51602e+06
6.25317e+06
6.08403e+06
5.89688e+06
5.68161e+06
5.51989e+06
5.49749e+06
5.52939e+06
5.58183e+06
5.40448e+06
5.29115e+06
4.98204e+06
4.52256e+06
4.07462e+06
3.74039e+06
3.4747e+06
3.22214e+06
2.89891e+06
2.66368e+06
2.49372e+06
2.34306e+06
2.27984e+06
2.22885e+06
2.21048e+06
2.18433e+06
2.04419e+06
1.85587e+06
1.56153e+06
1.33985e+06
1.15584e+06
975513
847150
759224
700800
658983
629189
616410
600679
589956
576318
547890
436472
321814
247064
191958
155188
122726
99840
79028
64607
52436
42242
34663
26606
19639
11274
4816
0
0
0
0
0
0
0
0
0
0
0
0
0
0
0
0
0
0
0
0
0
0
0
0
0
0
0
0
0
0
0
0
0
0
0
0
0
0
0
0
0
0
0
0
0
0
0
0
0
0
0
0
0
0
0
0
0
0
0
0
0
0
0
0
0
0
0
0
0
0
0
0
0
0
0
0
0
0
0
0
0
0
0
0
0
0
0
0
0
0
0
0
0
0
0
0
0
0
0
0
0
0
0
0
0
0
0
0
0
0
0
0
0
0
0
0
0
0
0
0
0
0
0
0
0
0
0
0
0
0
0
0
0
0
0
0
0
0
0
0
0
0
0
0
0
0
0
0
0
0
0
0
0
0
0
0
0
0
0
0
0
0
0
0
0
0
0
0
0
0
0
0
0
0
0
0
0
0
0
0
0
0
0
0
0
0
0
0
0
0
0
0
0
0
0
0
0
0
0
0
