124928
0
0
0
0
0
0
0
0
0
2
1
18
89
364
1732
7798
33995
101118
153205
169312
111506
72975
50324
38515
36024
39682
50530
72610
77062
78217
93723
126920
174357
236281
298262
235942
203268
190391
191005
212905
199551
185317
195338
230969
303904
267867
243518
244715
277271
312557
349978
417494
544071
551884
435114
384572
373466
367100
391089
467836
541245
475487
486791
546233
508317
516184
591845
582759
608157
709396
735977
803284
976885
810271
694287
644095
653064
750018
789520
715308
753124
788299
901488
1.00558e+06
970132
1.06891e+06
1.08695e+06
1.23338e+06
1.22884e+06
1.10957e+06
1.10595e+06
1.06267e+06
1.14469e+06
1.0386e+06
1.05253e+06
1.04275e+06
1.14159e+06
1.14281e+06
1.14179e+06
1.23836e+06
1.45755e+06
1.5791e+06
1.52371e+06
1.58291e+06
1.72649e+06
1.77219e+06
1.60963e+06
1.50169e+06
1.36905e+06
1.29555e+06
1.27862e+06
1.40524e+06
1.71852e+06
1.63972e+06
1.6284e+06
1.76564e+06
1.8673e+06
1.73601e+06
1.64913e+06
1.72318e+06
1.73303e+06
1.75809e+06
1.80523e+06
1.73198e+06
1.49971e+06
1.43248e+06
1.46558e+06
1.34405e+06
1.24509e+06
1.23213e+06
1.2499e+06
1.29504e+06
1.45963e+06
1.49653e+06
1.52838e+06
1.59434e+06
1.41937e+06
1.28176e+06
1.33268e+06
1.3074e+06
1.20124e+06
1.15288e+06
983553
885835
863368
843900
762499
723706
805023
953009
1.13769e+06
1.11496e+06
1.19355e+06
1.08623e+06
843851
616815
513402
472183
428726
306450
272690
277332
292414
346489
412655
492965
574083
546290
481908
313624
222639
158228
84910
49257
38926
40436
49803
65431
87103
111880
139860
167367
186899
127909
60804
33305
17699
10265
5784
4260
3903
4646
5795
7609
8999
9396
9010
7198
4229
0
0
0
0
0
0
0
0
0
0
0
0
0
0
0
0
0
0
0
0
0
0
0
0
0
0
0
0
0
0
0
0
0
0
0
0
0
0
0
0
0
0
0
0
0
0
0
0
0
0
0
0
0
0
0
0
0
0
0
0
0
0
0
0
0
0
0
0
0
0
0
0
0
0
0
0
0
0
0
0
0
0
0
0
0
0
0
0
0
0
0
0
0
0
0
0
0
0
0
0
0
0
0
0
0
0
0
0
0
0
0
0
0
0
0
0
0
0
0
0
0
0
0
0
0
0
0
0
0
0
0
0
0
0
0
0
0
0
0
0
0
0
0
0
0
0
0
0
0
0
0
0
0
0
0
0
0
0
0
0
0
0
0
0
0
0
0
0
0
0
0
0
0
0
0
0
0
0
0
0
0
0
0
0
0
0
0
0
0
0
0
0
0
0
0
0
0
0
0
0
