772096
0
0
0
0
0
0
0
0
9
39
103
539
1656
5768
18805
59256
187550
587309
1.18342e+06
892630
561565
399361
319015
281937
272789
285872
325948
391888
464094
556663
709677
911844
1.1133e+06
1.28204e+06
1.39107e+06
1.37498e+06
1.40665e+06
1.43098e+06
1.3496e+06
1.26697e+06
1.18295e+06
1.15598e+06
1.18837e+06
1.28372e+06
1.45695e+06
1.5577e+06
1.70326e+06
1.87793e+06
2.08229e+06
2.2553e+06
2.40285e+06
2.52841e+06
2.68364e+06
2.69281e+06
2.5831e+06
2.54983e+06
2.53813e+06
2.53815e+06
2.58902e+06
2.70607e+06
2.86628e+06
2.92511e+06
3.10745e+06
3.34559e+06
3.48464e+06
3.65719e+06
3.87577e+06
3.97273e+06
4.05941e+06
4.20384e+06
4.27639e+06
4.37844e+06
4.58934e+06
4.48086e+06
4.41171e+06
4.4333e+06
4.54376e+06
4.75994e+06
4.9552e+06
5.05694e+06
5.25355e+06
5.46043e+06
5.73326e+06
5.97507e+06
6.06119e+06
6.26103e+06
6.36535e+06
6.59157e+06
6.65124e+06
6.61369e+06
6.67205e+06
6.73314e+06
6.92767e+06
6.9475e+06
7.11603e+06
7.28128e+06
7.54848e+06
7.71978e+06
7.89573e+06
8.15852e+06
8.54022e+06
8.79654e+06
8.84664e+06
9.02782e+06
9.29233e+06
9.43824e+06
9.39374e+06
9.392e+06
9.39023e+06
9.45746e+06
9.59787e+06
9.87017e+06
1.03841e+07
1.04846e+07
1.0624e+07
1.07446e+07
1.07993e+07
1.05954e+07
1.04125e+07
1.0377e+07
1.02725e+07
1.01745e+07
1.00881e+07
9.88424e+06
9.55281e+06
9.37251e+06
9.29263e+06
9.06642e+06
8.8527e+06
8.71292e+06
8.62491e+06
8.56927e+06
8.63604e+06
8.5804e+06
8.52443e+06
8.46096e+06
8.14889e+06
7.85162e+06
7.73963e+06
7.53249e+06
7.2358e+06
7.01661e+06
6.66202e+06
6.39589e+06
6.22251e+06
6.03011e+06
5.81242e+06
5.64578e+06
5.61902e+06
5.64799e+06
5.69427e+06
5.51344e+06
5.39433e+06
5.08052e+06
4.61638e+06
4.1636e+06
3.82402e+06
3.5557e+06
3.29743e+06
2.96875e+06
2.72822e+06
2.55296e+06
2.3985e+06
2.32957e+06
2.27563e+06
2.25317e+06
2.22352e+06
2.07947e+06
1.88952e+06
1.59269e+06
1.36895e+06
1.18284e+06
999604
870149
778964
718812
675772
644160
629992
613013
600804
585990
556241
444332
328177
252750
196873
159209
125856
102559
81225
66276
53591
43039
35239
26975
19807
11343
4819
0
0
0
0
0
0
0
0
0
0
0
0
0
0
0
0
0
0
0
0
0
0
0
0
0
0
0
0
0
0
0
0
0
0
0
0
0
0
0
0
0
0
0
0
0
0
0
0
0
0
0
0
0
0
0
0
0
0
0
0
0
0
0
0
0
0
0
0
0
0
0
0
0
0
0
0
0
0
0
0
0
0
0
0
0
0
0
0
0
0
0
0
0
0
0
0
0
0
0
0
0
0
0
0
0
0
0
0
0
0
0
0
0
0
0
0
0
0
0
0
0
0
0
0
0
0
0
0
0
0
0
0
0
0
0
0
0
0
0
0
0
0
0
0
0
0
0
0
0
0
0
0
0
0
0
0
0
0
0
0
0
0
0
0
0
0
0
0
0
0
0
0
0
0
0
0
0
0
0
0
0
0
0
0
0
0
0
0
0
0
0
0
0
0
0
0
0
0
0
0
