411648
0
0
0
0
0
0
0
0
9
33
100
489
1553
5406
17388
54422
162901
349092
438286
424128
320799
244089
195045
167155
157896
164652
187211
230474
264807
304950
370331
458561
560025
671667
773881
740214
711312
694062
680933
690459
667346
654054
677954
737535
846319
856920
887432
944275
1.03569e+06
1.12816e+06
1.2202e+06
1.32634e+06
1.48135e+06
1.50816e+06
1.40279e+06
1.35438e+06
1.34312e+06
1.34611e+06
1.38932e+06
1.49545e+06
1.60079e+06
1.58317e+06
1.65161e+06
1.77024e+06
1.79507e+06
1.86597e+06
2.00096e+06
2.04692e+06
2.11504e+06
2.26027e+06
2.32234e+06
2.41876e+06
2.61366e+06
2.46978e+06
2.37307e+06
2.34497e+06
2.38116e+06
2.52569e+06
2.61773e+06
2.61383e+06
2.71982e+06
2.82127e+06
3.00949e+06
3.18532e+06
3.21895e+06
3.37874e+06
3.44564e+06
3.63823e+06
3.66572e+06
3.57954e+06
3.60615e+06
3.59242e+06
3.70513e+06
3.64714e+06
3.71572e+06
3.76966e+06
3.94414e+06
4.02215e+06
4.10772e+06
4.28922e+06
4.58646e+06
4.78835e+06
4.80122e+06
4.92372e+06
5.12202e+06
5.20591e+06
5.08445e+06
5.00985e+06
4.91622e+06
4.89228e+06
4.92961e+06
5.12491e+06
5.51027e+06
5.52446e+06
5.59483e+06
5.73234e+06
5.82758e+06
5.67056e+06
5.55614e+06
5.60095e+06
5.5662e+06
5.52984e+06
5.50366e+06
5.35424e+06
5.04732e+06
4.91645e+06
4.90318e+06
4.72746e+06
4.57905e+06
4.51871e+06
4.497e+06
4.4962e+06
4.6307e+06
4.6352e+06
4.64567e+06
4.66788e+06
4.4469e+06
4.24582e+06
4.21247e+06
4.10202e+06
3.90032e+06
3.7445e+06
3.46593e+06
3.27164e+06
3.17293e+06
3.08015e+06
2.94707e+06
2.87154e+06
2.93273e+06
3.0608e+06
3.20652e+06
3.12655e+06
3.12091e+06
2.91717e+06
2.55374e+06
2.19451e+06
1.96307e+06
1.79727e+06
1.64494e+06
1.42608e+06
1.31139e+06
1.24913e+06
1.20399e+06
1.22253e+06
1.25475e+06
1.31032e+06
1.358e+06
1.28127e+06
1.15068e+06
908896
737695
596629
462546
378261
334133
314093
308406
315510
330442
349113
362572
370066
365403
278590
183708
130169
94528
70572
53643
42382
34755
30676
26540
24606
22546
19226
14947
9518
4553
0
0
0
0
0
0
0
0
0
0
0
0
0
0
0
0
0
0
0
0
0
0
0
0
0
0
0
0
0
0
0
0
0
0
0
0
0
0
0
0
0
0
0
0
0
0
0
0
0
0
0
0
0
0
0
0
0
0
0
0
0
0
0
0
0
0
0
0
0
0
0
0
0
0
0
0
0
0
0
0
0
0
0
0
0
0
0
0
0
0
0
0
0
0
0
0
0
0
0
0
0
0
0
0
0
0
0
0
0
0
0
0
0
0
0
0
0
0
0
0
0
0
0
0
0
0
0
0
0
0
0
0
0
0
0
0
0
0
0
0
0
0
0
0
0
0
0
0
0
0
0
0
0
0
0
0
0
0
0
0
0
0
0
0
0
0
0
0
0
0
0
0
0
0
0
0
0
0
0
0
0
0
0
0
0
0
0
0
0
0
0
0
0
0
0
0
0
0
0
0
