2048
0
0
0
0
0
0
0
0
0
0
0
0
0
0
0
0
0
0
564
11638
86
0
0
0
0
0
1
4309
1834
0
0
0
0
1719
22761
96
0
0
6
9352
2930
0
0
90
22696
1790
0
0
4030
4162
0
1
24041
25110
0
7
5277
860
0
6082
30748
34
314
23475
787
49
21800
2727
41
21621
2914
525
69550
3653
0
0
0
19924
29225
49
11282
960
12433
36709
193
28960
1579
39742
33983
2930
21605
666
47011
1547
20929
3619
32812
16338
4070
4124
34500
51510
9060
15516
38536
59766
23412
25746
15256
9320
0
360
90308
7800
2908
14060
71863
22139
14857
41075
9039
23412
30918
67534
18618
7230
47085
8770
4368
12241
5777
18818
53438
21530
23168
52618
21266
3
29267
20894
11279
31219
7623
10326
20186
14079
14868
0
4101
6977
45989
277
28551
34352
23110
3
0
1988
22588
0
0
1232
1840
7
6137
9008
17688
10712
23995
37
0
3717
2427
0
0
0
0
0
0
0
0
47
11959
6409
17
0
0
0
0
0
0
0
0
0
0
0
0
0
1024
0
0
0
0
0
0
0
0
0
0
0
0
0
0
0
0
0
0
0
0
0
0
0
0
0
0
0
0
0
0
0
0
0
0
0
0
0
0
0
0
0
0
0
0
0
0
0
0
0
0
0
0
0
0
0
0
0
0
0
0
0
0
0
0
0
0
0
0
0
0
0
0
0
0
0
0
0
0
0
0
0
0
0
0
0
0
0
0
0
0
0
0
0
0
0
0
0
0
0
0
0
0
0
0
0
0
0
0
0
0
0
0
0
0
0
0
0
0
0
0
0
0
0
0
0
0
0
0
0
0
0
0
0
0
0
0
0
0
0
0
0
0
0
0
0
0
0
0
0
0
0
0
0
0
0
0
0
0
0
0
0
0
0
0
0
0
0
0
0
0
0
0
0
0
0
0
0
0
0
0
0
0
0
0
0
0
0
0
0
0
0
0
0
0
0
0
0
0
0
0
