6144
0
0
0
0
0
0
0
0
0
0
0
0
0
0
0
0
1
232
5795
26853
3857
126
0
0
0
17
777
10701
6568
362
7
8
596
13930
52490
6475
226
46
1835
22691
11626
659
214
6163
52354
14318
701
752
11295
11756
830
4315
68044
70333
4608
1291
12446
4556
1750
29018
72952
7226
8261
53898
11147
5751
50773
16874
5968
50484
17808
22170
159705
37750
1632
96
3586
61019
77463
8482
26032
9973
47772
90064
16133
67008
22634
109511
99866
23250
51136
21908
108459
25844
50326
24707
84012
55677
14819
17838
107182
137292
38725
47305
123007
160658
77983
74690
44061
29662
2591
24438
208973
60667
13024
73215
170039
78561
49773
100045
54316
61854
121282
164183
57068
43880
111111
43027
16086
32401
33303
49931
132390
87342
68101
145064
69225
8867
77552
72622
36216
81407
35235
27695
50425
58268
34222
965
12766
37279
107213
19777
94490
101001
55447
1354
1049
20613
50838
1233
410
5949
2952
3343
16757
29607
53754
39718
56638
2836
1041
13214
4172
0
0
0
0
0
0
0
159
4722
31715
18337
363
0
0
0
0
0
0
0
0
0
0
0
18
525
2529
0
0
0
0
0
0
0
0
0
0
0
0
0
0
0
0
0
0
0
0
0
0
0
0
0
0
0
0
0
0
0
0
0
0
0
0
0
0
0
0
0
0
0
0
0
0
0
0
0
0
0
0
0
0
0
0
0
0
0
0
0
0
0
0
0
0
0
0
0
0
0
0
0
0
0
0
0
0
0
0
0
0
0
0
0
0
0
0
0
0
0
0
0
0
0
0
0
0
0
0
0
0
0
0
0
0
0
0
0
0
0
0
0
0
0
0
0
0
0
0
0
0
0
0
0
0
0
0
0
0
0
0
0
0
0
0
0
0
0
0
0
0
0
0
0
0
0
0
0
0
0
0
0
0
0
0
0
0
0
0
0
0
0
0
0
0
0
0
0
0
0
0
0
0
0
0
0
0
0
0
0
0
0
0
0
0
0
0
0
0
0
0
0
0
0
0
0
0
0
0
