188416
0
0
0
0
0
0
0
0
0
8
11
64
238
1029
4326
16613
60927
155718
219367
229402
160661
112753
83093
66103
61681
65373
78209
104618
115377
126121
153767
200913
262034
335598
406598
350377
318376
303791
300281
319782
303028
287576
299520
340467
422310
394661
382315
395265
442378
492290
545171
623694
760159
770558
654237
602819
587882
582760
609736
691579
771488
715281
740180
811730
788309
812019
902578
908132
945699
1.0604e+06
1.09901e+06
1.17134e+06
1.34875e+06
1.18397e+06
1.06721e+06
1.016e+06
1.02747e+06
1.13213e+06
1.18278e+06
1.12344e+06
1.17781e+06
1.23172e+06
1.36705e+06
1.49342e+06
1.47653e+06
1.59077e+06
1.62226e+06
1.78092e+06
1.77949e+06
1.66424e+06
1.6629e+06
1.62128e+06
1.70565e+06
1.60511e+06
1.62622e+06
1.62949e+06
1.74675e+06
1.76925e+06
1.79267e+06
1.91151e+06
2.15753e+06
2.30509e+06
2.27017e+06
2.34314e+06
2.49813e+06
2.54599e+06
2.38373e+06
2.275e+06
2.14334e+06
2.07657e+06
2.06706e+06
2.2093e+06
2.54297e+06
2.48581e+06
2.49915e+06
2.64542e+06
2.75237e+06
2.61504e+06
2.52699e+06
2.59813e+06
2.60096e+06
2.6111e+06
2.63259e+06
2.53055e+06
2.27824e+06
2.19066e+06
2.20835e+06
2.0779e+06
1.97074e+06
1.95045e+06
1.96107e+06
1.99673e+06
2.1557e+06
2.19248e+06
2.2281e+06
2.2916e+06
2.1129e+06
1.9641e+06
1.99292e+06
1.93904e+06
1.80354e+06
1.72006e+06
1.51618e+06
1.38733e+06
1.34246e+06
1.30756e+06
1.22097e+06
1.18562e+06
1.27811e+06
1.43674e+06
1.62276e+06
1.59391e+06
1.65379e+06
1.51815e+06
1.23846e+06
968802
824250
744528
672013
526490
477563
474805
486140
542908
610734
693773
771894
735603
650631
457482
339062
249007
155507
106327
88227
87632
98478
117423
142915
171366
198026
222337
234016
166297
90274
54472
33098
21071
13689
10168
8930
9367
10250
11926
12932
12608
11089
7965
4364
0
0
0
0
0
0
0
0
0
0
0
0
0
0
0
0
0
0
0
0
0
0
0
0
0
0
0
0
0
0
0
0
0
0
0
0
0
0
0
0
0
0
0
0
0
0
0
0
0
0
0
0
0
0
0
0
0
0
0
0
0
0
0
0
0
0
0
0
0
0
0
0
0
0
0
0
0
0
0
0
0
0
0
0
0
0
0
0
0
0
0
0
0
0
0
0
0
0
0
0
0
0
0
0
0
0
0
0
0
0
0
0
0
0
0
0
0
0
0
0
0
0
0
0
0
0
0
0
0
0
0
0
0
0
0
0
0
0
0
0
0
0
0
0
0
0
0
0
0
0
0
0
0
0
0
0
0
0
0
0
0
0
0
0
0
0
0
0
0
0
0
0
0
0
0
0
0
0
0
0
0
0
0
0
0
0
0
0
0
0
0
0
0
0
0
0
0
0
0
0
