753664
0
0
0
0
0
0
0
0
9
39
103
539
1656
5768
18805
59256
187550
581178
1.13762e+06
864719
549492
392131
313507
276905
267787
280204
319438
384660
454962
543982
692515
888637
1.0834e+06
1.2485e+06
1.35905e+06
1.34416e+06
1.37074e+06
1.3911e+06
1.3128e+06
1.23675e+06
1.15797e+06
1.13201e+06
1.16421e+06
1.2587e+06
1.42784e+06
1.52311e+06
1.66228e+06
1.82914e+06
2.02683e+06
2.19521e+06
2.33978e+06
2.46479e+06
2.622e+06
2.632e+06
2.52355e+06
2.4884e+06
2.47713e+06
2.4771e+06
2.52983e+06
2.64662e+06
2.80452e+06
2.8582e+06
3.03394e+06
3.26403e+06
3.39773e+06
3.56356e+06
3.77656e+06
3.87145e+06
3.95867e+06
4.104e+06
4.17658e+06
4.27804e+06
4.48936e+06
4.3791e+06
4.31016e+06
4.32757e+06
4.43499e+06
4.64746e+06
4.83686e+06
4.9328e+06
5.12265e+06
5.32296e+06
5.5914e+06
5.83109e+06
5.91502e+06
6.11058e+06
6.2159e+06
6.44076e+06
6.49942e+06
6.45959e+06
6.51831e+06
6.5739e+06
6.76311e+06
6.78006e+06
6.94437e+06
7.10319e+06
7.36219e+06
7.52846e+06
7.70215e+06
7.95751e+06
8.33571e+06
8.5897e+06
8.64173e+06
8.81645e+06
9.08123e+06
9.22119e+06
9.17463e+06
9.1702e+06
9.16293e+06
9.22385e+06
9.36023e+06
9.62658e+06
1.01367e+07
1.02309e+07
1.03641e+07
1.04885e+07
1.05435e+07
1.03411e+07
1.01644e+07
1.01334e+07
1.00321e+07
9.93685e+06
9.85475e+06
9.65405e+06
9.323e+06
9.14451e+06
9.06731e+06
8.84475e+06
8.63432e+06
8.49674e+06
8.41576e+06
8.35956e+06
8.43117e+06
8.37924e+06
8.32501e+06
8.26636e+06
7.96042e+06
7.66778e+06
7.55976e+06
7.35728e+06
7.06687e+06
6.84815e+06
6.49792e+06
6.23528e+06
6.06676e+06
5.88014e+06
5.66524e+06
5.50422e+06
5.48229e+06
5.51457e+06
5.5677e+06
5.39086e+06
5.27834e+06
4.96974e+06
4.51082e+06
4.0635e+06
3.72993e+06
3.46456e+06
3.21272e+06
2.89019e+06
2.65563e+06
2.48631e+06
2.33613e+06
2.2736e+06
2.223e+06
2.20515e+06
2.17948e+06
2.03974e+06
1.85172e+06
1.55758e+06
1.33622e+06
1.15246e+06
972511
844285
756737
698558
656896
627307
614692
599164
588599
575117
546812
435519
321016
246349
191344
154675
122352
99490
78767
64396
52286
42140
34594
26561
19618
11265
4815
0
0
0
0
0
0
0
0
0
0
0
0
0
0
0
0
0
0
0
0
0
0
0
0
0
0
0
0
0
0
0
0
0
0
0
0
0
0
0
0
0
0
0
0
0
0
0
0
0
0
0
0
0
0
0
0
0
0
0
0
0
0
0
0
0
0
0
0
0
0
0
0
0
0
0
0
0
0
0
0
0
0
0
0
0
0
0
0
0
0
0
0
0
0
0
0
0
0
0
0
0
0
0
0
0
0
0
0
0
0
0
0
0
0
0
0
0
0
0
0
0
0
0
0
0
0
0
0
0
0
0
0
0
0
0
0
0
0
0
0
0
0
0
0
0
0
0
0
0
0
0
0
0
0
0
0
0
0
0
0
0
0
0
0
0
0
0
0
0
0
0
0
0
0
0
0
0
0
0
0
0
0
0
0
0
0
0
0
0
0
0
0
0
0
0
0
0
0
0
0
