133120
0
0
0
0
0
0
0
0
0
6
1
20
105
426
2024
8811
37470
108177
161827
177282
117970
78225
54498
41957
39208
42941
54000
76718
81952
84411
101296
136392
185773
249238
312508
250756
218300
204964
205022
226548
212977
198422
208642
245105
319297
284282
261475
264082
298301
335670
375252
443967
572004
580236
463522
412821
401332
394616
419334
496641
571580
506690
519275
580296
544046
554032
631319
624721
651846
754678
782866
851034
1.02584e+06
859008
743038
692142
700911
798741
839504
767598
807726
845366
961438
1.06841e+06
1.0355e+06
1.13654e+06
1.15627e+06
1.30456e+06
1.30068e+06
1.18189e+06
1.17814e+06
1.13508e+06
1.21653e+06
1.11117e+06
1.12575e+06
1.11779e+06
1.21889e+06
1.22306e+06
1.22479e+06
1.32552e+06
1.54851e+06
1.67294e+06
1.62095e+06
1.68236e+06
1.82728e+06
1.87302e+06
1.70992e+06
1.60101e+06
1.46832e+06
1.39515e+06
1.37871e+06
1.50775e+06
1.82432e+06
1.74841e+06
1.74158e+06
1.87958e+06
1.98164e+06
1.84873e+06
1.76253e+06
1.83633e+06
1.84652e+06
1.86878e+06
1.91323e+06
1.83458e+06
1.59987e+06
1.52976e+06
1.56097e+06
1.43829e+06
1.33771e+06
1.32406e+06
1.34103e+06
1.38512e+06
1.55013e+06
1.58681e+06
1.61901e+06
1.68558e+06
1.50928e+06
1.37066e+06
1.41845e+06
1.38963e+06
1.27956e+06
1.22547e+06
1.05149e+06
949382
924317
902581
820955
782383
866102
1.01556e+06
1.20124e+06
1.1785e+06
1.25454e+06
1.14312e+06
895418
662576
552439
506577
459255
334057
298509
301842
317024
371601
438133
520009
600848
571479
504289
332873
238065
169624
93643
55946
44648
45915
55679
71940
94174
119636
147789
174913
193432
133227
64780
35886
19552
11567
6721
4976
4498
5252
6285
8209
9525
9815
9362
7312
4252
0
0
0
0
0
0
0
0
0
0
0
0
0
0
0
0
0
0
0
0
0
0
0
0
0
0
0
0
0
0
0
0
0
0
0
0
0
0
0
0
0
0
0
0
0
0
0
0
0
0
0
0
0
0
0
0
0
0
0
0
0
0
0
0
0
0
0
0
0
0
0
0
0
0
0
0
0
0
0
0
0
0
0
0
0
0
0
0
0
0
0
0
0
0
0
0
0
0
0
0
0
0
0
0
0
0
0
0
0
0
0
0
0
0
0
0
0
0
0
0
0
0
0
0
0
0
0
0
0
0
0
0
0
0
0
0
0
0
0
0
0
0
0
0
0
0
0
0
0
0
0
0
0
0
0
0
0
0
0
0
0
0
0
0
0
0
0
0
0
0
0
0
0
0
0
0
0
0
0
0
0
0
0
0
0
0
0
0
0
0
0
0
0
0
0
0
0
0
0
0
