430080
0
0
0
0
0
0
0
0
9
39
103
532
1622
5675
18384
57200
170767
365902
457341
440416
333739
254437
203907
175143
166042
172820
196345
241185
277383
319612
387918
480499
584502
698856
804565
772225
743994
726563
711560
720246
697359
684606
709406
770882
881821
895229
929276
989390
1.08516e+06
1.18054e+06
1.27609e+06
1.3839e+06
1.54018e+06
1.56913e+06
1.46407e+06
1.41577e+06
1.40511e+06
1.40898e+06
1.45396e+06
1.56164e+06
1.67008e+06
1.65541e+06
1.7274e+06
1.8508e+06
1.87793e+06
1.9538e+06
2.09153e+06
2.14033e+06
2.211e+06
2.35929e+06
2.42308e+06
2.52004e+06
2.71703e+06
2.57555e+06
2.47964e+06
2.45421e+06
2.49342e+06
2.64312e+06
2.73895e+06
2.73859e+06
2.8478e+06
2.95274e+06
3.1458e+06
3.32484e+06
3.36131e+06
3.52402e+06
3.59583e+06
3.7893e+06
3.81998e+06
3.7369e+06
3.76579e+06
3.7551e+06
3.87085e+06
3.81819e+06
3.89099e+06
3.94886e+06
4.12588e+06
4.2084e+06
4.29941e+06
4.48689e+06
4.78768e+06
4.99138e+06
5.00784e+06
5.13551e+06
5.33536e+06
5.42336e+06
5.30615e+06
5.23498e+06
5.14608e+06
5.12636e+06
5.16836e+06
5.36793e+06
5.75773e+06
5.77671e+06
5.85261e+06
5.98801e+06
6.08043e+06
5.9209e+06
5.8046e+06
5.84637e+06
5.80818e+06
5.76793e+06
5.73782e+06
5.58698e+06
5.27766e+06
5.14409e+06
5.12772e+06
4.94906e+06
4.7968e+06
4.73347e+06
4.70772e+06
4.70514e+06
4.8356e+06
4.83731e+06
4.8421e+06
4.86129e+06
4.63674e+06
4.43093e+06
4.39276e+06
4.27768e+06
4.07194e+06
3.91212e+06
3.62895e+06
3.43006e+06
3.32875e+06
3.2317e+06
3.09294e+06
3.0136e+06
3.07106e+06
3.19315e+06
3.33336e+06
3.24905e+06
3.23722e+06
3.02626e+06
2.65858e+06
2.29606e+06
2.05844e+06
1.88783e+06
1.7299e+06
1.50501e+06
1.38418e+06
1.31557e+06
1.26488e+06
1.2788e+06
1.30633e+06
1.35831e+06
1.40255e+06
1.32232e+06
1.18836e+06
944420
769824
626139
489298
402893
356823
335086
327929
332731
345910
362942
375023
380934
374719
286766
190767
136680
99917
74972
57386
45229
37220
32658
27988
25635
23221
19663
15169
9583
4564
0
0
0
0
0
0
0
0
0
0
0
0
0
0
0
0
0
0
0
0
0
0
0
0
0
0
0
0
0
0
0
0
0
0
0
0
0
0
0
0
0
0
0
0
0
0
0
0
0
0
0
0
0
0
0
0
0
0
0
0
0
0
0
0
0
0
0
0
0
0
0
0
0
0
0
0
0
0
0
0
0
0
0
0
0
0
0
0
0
0
0
0
0
0
0
0
0
0
0
0
0
0
0
0
0
0
0
0
0
0
0
0
0
0
0
0
0
0
0
0
0
0
0
0
0
0
0
0
0
0
0
0
0
0
0
0
0
0
0
0
0
0
0
0
0
0
0
0
0
0
0
0
0
0
0
0
0
0
0
0
0
0
0
0
0
0
0
0
0
0
0
0
0
0
0
0
0
0
0
0
0
0
0
0
0
0
0
0
0
0
0
0
0
0
0
0
0
0
0
0
