380928
0
0
0
0
0
0
0
0
8
32
81
421
1360
4725
15287
48879
148868
323014
408772
397548
299192
226050
179387
152755
144585
151109
172077
212502
243372
280134
340377
423041
519632
625893
724463
687307
657840
640717
628917
638641
616290
602996
625119
682168
787649
792956
818144
868986
954282
1.04143e+06
1.12747e+06
1.23031e+06
1.3817e+06
1.40802e+06
1.30129e+06
1.25166e+06
1.23928e+06
1.23965e+06
1.28154e+06
1.3842e+06
1.48488e+06
1.46225e+06
1.52571e+06
1.63757e+06
1.65726e+06
1.72139e+06
1.85047e+06
1.89086e+06
1.95438e+06
2.09607e+06
2.15472e+06
2.24848e+06
2.44163e+06
2.29293e+06
2.19246e+06
2.16194e+06
2.1945e+06
2.33144e+06
2.41675e+06
2.40702e+06
2.50526e+06
2.60264e+06
2.78439e+06
2.9537e+06
2.98185e+06
3.13403e+06
3.19712e+06
3.38428e+06
3.40722e+06
3.31744e+06
3.3405e+06
3.32096e+06
3.42931e+06
3.36292e+06
3.42314e+06
3.47129e+06
3.63927e+06
3.71036e+06
3.78722e+06
3.96389e+06
4.255e+06
4.44887e+06
4.4563e+06
4.57238e+06
4.76476e+06
4.84183e+06
4.71362e+06
4.63347e+06
4.53552e+06
4.50259e+06
4.53178e+06
4.7181e+06
5.09866e+06
5.10113e+06
5.16596e+06
5.30704e+06
5.40737e+06
5.25213e+06
5.14226e+06
5.19424e+06
5.16445e+06
5.13268e+06
5.11096e+06
4.96442e+06
4.66372e+06
4.53851e+06
4.52764e+06
4.35918e+06
4.21531e+06
4.16329e+06
4.14572e+06
4.14888e+06
4.28877e+06
4.29932e+06
4.3162e+06
4.34571e+06
4.13008e+06
3.93756e+06
3.91215e+06
3.80843e+06
3.61505e+06
3.46548e+06
3.19383e+06
3.00622e+06
2.91374e+06
2.82805e+06
2.70327e+06
2.6343e+06
2.70296e+06
2.84163e+06
2.99562e+06
2.92307e+06
2.92752e+06
2.73112e+06
2.37672e+06
2.02674e+06
1.80363e+06
1.64827e+06
1.5052e+06
1.29536e+06
1.19011e+06
1.13775e+06
1.10293e+06
1.12922e+06
1.1686e+06
1.22971e+06
1.28335e+06
1.21231e+06
1.08759e+06
850261
683386
547190
417028
337185
296652
279627
277091
287243
304999
326312
342009
351556
349061
264447
171527
119842
85607
63002
47579
37278
30788
27581
24336
22884
21288
18529
14558
9414
4540
0
0
0
0
0
0
0
0
0
0
0
0
0
0
0
0
0
0
0
0
0
0
0
0
0
0
0
0
0
0
0
0
0
0
0
0
0
0
0
0
0
0
0
0
0
0
0
0
0
0
0
0
0
0
0
0
0
0
0
0
0
0
0
0
0
0
0
0
0
0
0
0
0
0
0
0
0
0
0
0
0
0
0
0
0
0
0
0
0
0
0
0
0
0
0
0
0
0
0
0
0
0
0
0
0
0
0
0
0
0
0
0
0
0
0
0
0
0
0
0
0
0
0
0
0
0
0
0
0
0
0
0
0
0
0
0
0
0
0
0
0
0
0
0
0
0
0
0
0
0
0
0
0
0
0
0
0
0
0
0
0
0
0
0
0
0
0
0
0
0
0
0
0
0
0
0
0
0
0
0
0
0
0
0
0
0
0
0
0
0
0
0
0
0
0
0
0
0
0
0
