749568
0
0
0
0
0
0
0
0
9
39
103
539
1656
5768
18805
59256
187550
579777
1.12739e+06
858576
546881
390513
312242
275767
266667
278994
317971
383059
452905
541165
688693
883483
1.07676e+06
1.24115e+06
1.35186e+06
1.33728e+06
1.36288e+06
1.38218e+06
1.3046e+06
1.22999e+06
1.15248e+06
1.12666e+06
1.15887e+06
1.25309e+06
1.42142e+06
1.51544e+06
1.65309e+06
1.8183e+06
2.01457e+06
2.18169e+06
2.32592e+06
2.45083e+06
2.60822e+06
2.61832e+06
2.51032e+06
2.47479e+06
2.46356e+06
2.4636e+06
2.51667e+06
2.63336e+06
2.79071e+06
2.84345e+06
3.01758e+06
3.24586e+06
3.37834e+06
3.54287e+06
3.75466e+06
3.84878e+06
3.93628e+06
4.08191e+06
4.15445e+06
4.25558e+06
4.4672e+06
4.35646e+06
4.28761e+06
4.3041e+06
4.41077e+06
4.62246e+06
4.81056e+06
4.90507e+06
5.09376e+06
5.29234e+06
5.5599e+06
5.79916e+06
5.88245e+06
6.07715e+06
6.18276e+06
6.40719e+06
6.46579e+06
6.42523e+06
6.48388e+06
6.53865e+06
6.72652e+06
6.74306e+06
6.90621e+06
7.06357e+06
7.32054e+06
7.48613e+06
7.65916e+06
7.91276e+06
8.29034e+06
8.54381e+06
8.59619e+06
8.76969e+06
9.03392e+06
9.17317e+06
9.12588e+06
9.12093e+06
9.11233e+06
9.1719e+06
9.30747e+06
9.57264e+06
1.00816e+07
1.01745e+07
1.03064e+07
1.04317e+07
1.04864e+07
1.02847e+07
1.01093e+07
1.00791e+07
9.97893e+06
9.88407e+06
9.80282e+06
9.60297e+06
9.27185e+06
9.09378e+06
9.01733e+06
8.79523e+06
8.58599e+06
8.44892e+06
8.36907e+06
8.31298e+06
8.38565e+06
8.33469e+06
8.28064e+06
8.22299e+06
7.9187e+06
7.6268e+06
7.51969e+06
7.31821e+06
7.02972e+06
6.81039e+06
6.46178e+06
6.19933e+06
6.0323e+06
5.84662e+06
5.63262e+06
5.47282e+06
5.45195e+06
5.48494e+06
5.53936e+06
5.36362e+06
5.25273e+06
4.94516e+06
4.4873e+06
4.04125e+06
3.70909e+06
3.4442e+06
3.19392e+06
2.87274e+06
2.63952e+06
2.47148e+06
2.32234e+06
2.2611e+06
2.21136e+06
2.19438e+06
2.16985e+06
2.03078e+06
1.84338e+06
1.54968e+06
1.32898e+06
1.14566e+06
966504
838556
751756
694097
652776
623488
611225
596182
585882
572691
544657
433631
319393
244941
190122
153640
121592
98799
78250
63972
51976
41939
34458
26474
19574
11247
4813
0
0
0
0
0
0
0
0
0
0
0
0
0
0
0
0
0
0
0
0
0
0
0
0
0
0
0
0
0
0
0
0
0
0
0
0
0
0
0
0
0
0
0
0
0
0
0
0
0
0
0
0
0
0
0
0
0
0
0
0
0
0
0
0
0
0
0
0
0
0
0
0
0
0
0
0
0
0
0
0
0
0
0
0
0
0
0
0
0
0
0
0
0
0
0
0
0
0
0
0
0
0
0
0
0
0
0
0
0
0
0
0
0
0
0
0
0
0
0
0
0
0
0
0
0
0
0
0
0
0
0
0
0
0
0
0
0
0
0
0
0
0
0
0
0
0
0
0
0
0
0
0
0
0
0
0
0
0
0
0
0
0
0
0
0
0
0
0
0
0
0
0
0
0
0
0
0
0
0
0
0
0
0
0
0
0
0
0
0
0
0
0
0
0
0
0
0
0
0
0
