225280
0
0
0
0
0
0
0
0
0
13
20
112
367
1581
6196
22221
77234
187788
256907
262665
188038
134773
101659
82478
77138
81190
95421
124381
138976
154588
189250
243581
311239
392557
469189
416071
384076
368752
363358
380992
362512
347704
361733
405215
491138
469401
464093
484619
539454
596796
658274
742806
882179
894935
779929
727266
713100
707179
736482
821795
906093
856537
889466
968388
954682
986516
1.0835e+06
1.0971e+06
1.14227e+06
1.26195e+06
1.30315e+06
1.37916e+06
1.55968e+06
1.39818e+06
1.28186e+06
1.23292e+06
1.24915e+06
1.3592e+06
1.41586e+06
1.36658e+06
1.42971e+06
1.49273e+06
1.63892e+06
1.77304e+06
1.76702e+06
1.88901e+06
1.92714e+06
2.09113e+06
2.09541e+06
1.98439e+06
1.98586e+06
1.94533e+06
2.03331e+06
1.93914e+06
1.96775e+06
1.97704e+06
2.10377e+06
2.13626e+06
2.17049e+06
2.30351e+06
2.56137e+06
2.72157e+06
2.69508e+06
2.77534e+06
2.93931e+06
2.99108e+06
2.83127e+06
2.72689e+06
2.59874e+06
2.53611e+06
2.53296e+06
2.6842e+06
3.02674e+06
2.98116e+06
3.00752e+06
3.15596e+06
3.26115e+06
3.12172e+06
3.03222e+06
3.10288e+06
3.10045e+06
3.10136e+06
3.1097e+06
2.99726e+06
2.73255e+06
2.63542e+06
2.64506e+06
2.50827e+06
2.39493e+06
2.36664e+06
2.37356e+06
2.40557e+06
2.56491e+06
2.59877e+06
2.63568e+06
2.69289e+06
2.50656e+06
2.34907e+06
2.36591e+06
2.3019e+06
2.15309e+06
2.0533e+06
1.83047e+06
1.68687e+06
1.63164e+06
1.58688e+06
1.49439e+06
1.45727e+06
1.55108e+06
1.71187e+06
1.89498e+06
1.86105e+06
1.91294e+06
1.76163e+06
1.46274e+06
1.17172e+06
1.00796e+06
909419
820960
662640
603098
593900
601960
656533
722303
803882
879618
836173
742474
537238
405978
303665
200872
144490
122235
119297
129112
148804
174333
203365
229424
251110
258848
186619
106582
66627
42495
28353
19284
14444
12514
12610
12803
14104
14736
14174
12008
8367
4441
0
0
0
0
0
0
0
0
0
0
0
0
0
0
0
0
0
0
0
0
0
0
0
0
0
0
0
0
0
0
0
0
0
0
0
0
0
0
0
0
0
0
0
0
0
0
0
0
0
0
0
0
0
0
0
0
0
0
0
0
0
0
0
0
0
0
0
0
0
0
0
0
0
0
0
0
0
0
0
0
0
0
0
0
0
0
0
0
0
0
0
0
0
0
0
0
0
0
0
0
0
0
0
0
0
0
0
0
0
0
0
0
0
0
0
0
0
0
0
0
0
0
0
0
0
0
0
0
0
0
0
0
0
0
0
0
0
0
0
0
0
0
0
0
0
0
0
0
0
0
0
0
0
0
0
0
0
0
0
0
0
0
0
0
0
0
0
0
0
0
0
0
0
0
0
0
0
0
0
0
0
0
0
0
0
0
0
0
0
0
0
0
0
0
0
0
0
0
0
0
