782336
0
0
0
0
0
0
0
0
9
39
103
539
1656
5768
18805
59256
187550
590699
1.20893e+06
908200
568285
403379
322017
284651
275641
289071
329510
395733
469330
563675
718929
924841
1.13011e+06
1.30079e+06
1.40888e+06
1.39206e+06
1.42646e+06
1.45301e+06
1.37027e+06
1.28376e+06
1.19667e+06
1.16946e+06
1.20164e+06
1.29771e+06
1.47315e+06
1.57683e+06
1.72595e+06
1.9049e+06
2.11323e+06
2.28874e+06
2.43796e+06
2.56383e+06
2.71772e+06
2.72667e+06
2.61614e+06
2.58392e+06
2.5719e+06
2.57241e+06
2.62201e+06
2.73898e+06
2.90049e+06
2.96214e+06
3.14815e+06
3.39102e+06
3.53254e+06
3.70972e+06
3.93087e+06
4.02919e+06
4.11508e+06
4.25966e+06
4.33153e+06
4.43446e+06
4.64455e+06
4.5375e+06
4.46854e+06
4.49208e+06
4.60389e+06
4.82233e+06
5.02078e+06
5.12633e+06
5.32573e+06
5.53705e+06
5.81204e+06
6.05533e+06
6.14232e+06
6.34426e+06
6.44901e+06
6.67512e+06
6.73567e+06
6.69884e+06
6.75744e+06
6.82162e+06
7.01891e+06
7.04097e+06
7.21128e+06
7.38019e+06
7.65199e+06
7.82577e+06
8.00377e+06
8.26993e+06
8.65413e+06
8.91134e+06
8.96056e+06
9.14537e+06
9.40951e+06
9.55872e+06
9.51576e+06
9.51472e+06
9.51632e+06
9.58771e+06
9.72964e+06
1.00052e+07
1.05222e+07
1.06255e+07
1.07682e+07
1.08874e+07
1.09416e+07
1.07362e+07
1.05504e+07
1.05117e+07
1.04065e+07
1.03068e+07
1.02181e+07
1.00117e+07
9.68035e+06
9.499e+06
9.4183e+06
9.1887e+06
8.97418e+06
8.83372e+06
8.74049e+06
8.68579e+06
8.75024e+06
8.6924e+06
8.63501e+06
8.56882e+06
8.25375e+06
7.95361e+06
7.83958e+06
7.62912e+06
7.33061e+06
7.10959e+06
6.7534e+06
6.48498e+06
6.30958e+06
6.11327e+06
5.89387e+06
5.725e+06
5.69482e+06
5.72181e+06
5.76442e+06
5.5815e+06
5.45937e+06
5.14212e+06
4.67491e+06
4.21872e+06
3.87665e+06
3.6062e+06
3.34454e+06
3.01228e+06
2.76846e+06
2.59022e+06
2.43314e+06
2.36083e+06
2.30462e+06
2.27987e+06
2.248e+06
2.10162e+06
1.91076e+06
1.61183e+06
1.38725e+06
1.19937e+06
1.015e+06
884327
791380
730152
686281
653300
638622
620742
607487
592160
561455
449184
332172
256287
199970
161701
127877
104201
82650
67309
54288
43577
35591
27189
19913
11383
4819
0
0
0
0
0
0
0
0
0
0
0
0
0
0
0
0
0
0
0
0
0
0
0
0
0
0
0
0
0
0
0
0
0
0
0
0
0
0
0
0
0
0
0
0
0
0
0
0
0
0
0
0
0
0
0
0
0
0
0
0
0
0
0
0
0
0
0
0
0
0
0
0
0
0
0
0
0
0
0
0
0
0
0
0
0
0
0
0
0
0
0
0
0
0
0
0
0
0
0
0
0
0
0
0
0
0
0
0
0
0
0
0
0
0
0
0
0
0
0
0
0
0
0
0
0
0
0
0
0
0
0
0
0
0
0
0
0
0
0
0
0
0
0
0
0
0
0
0
0
0
0
0
0
0
0
0
0
0
0
0
0
0
0
0
0
0
0
0
0
0
0
0
0
0
0
0
0
0
0
0
0
0
0
0
0
0
0
0
0
0
0
0
0
0
0
0
0
0
0
0
