129024
0
0
0
0
0
0
0
0
0
4
1
19
98
394
1870
8287
35774
104636
157480
173368
114751
75556
52388
40233
37650
41297
52230
74708
79506
81285
97499
131662
180148
242705
305343
243324
210854
197680
198050
219757
206121
191898
202037
237988
311670
276007
252477
254432
287881
324003
362675
430730
558016
566015
449422
398635
387393
380879
405280
482191
556417
490992
503033
563225
526274
535195
611619
603561
629952
732136
759408
827170
1.00145e+06
834673
718639
668033
676938
774447
814436
741380
780511
816739
931540
1.03697e+06
1.00291e+06
1.10295e+06
1.12137e+06
1.26901e+06
1.26467e+06
1.14584e+06
1.14204e+06
1.099e+06
1.18054e+06
1.07477e+06
1.08916e+06
1.08029e+06
1.18017e+06
1.18296e+06
1.18327e+06
1.28202e+06
1.50294e+06
1.62598e+06
1.57222e+06
1.63296e+06
1.77686e+06
1.82256e+06
1.65997e+06
1.55111e+06
1.41862e+06
1.3454e+06
1.32875e+06
1.45635e+06
1.77136e+06
1.69417e+06
1.68518e+06
1.82264e+06
1.92416e+06
1.79249e+06
1.70565e+06
1.77996e+06
1.78967e+06
1.81349e+06
1.85932e+06
1.7833e+06
1.54968e+06
1.48113e+06
1.51351e+06
1.39089e+06
1.29158e+06
1.27788e+06
1.2954e+06
1.33994e+06
1.50496e+06
1.54191e+06
1.57348e+06
1.64028e+06
1.46428e+06
1.32595e+06
1.37569e+06
1.34858e+06
1.24048e+06
1.18912e+06
1.01756e+06
917542
893706
873321
791724
753011
835476
984413
1.1694e+06
1.14678e+06
1.22407e+06
1.11466e+06
869833
639570
532978
489294
444047
320244
285513
289558
304642
359231
425279
506596
587456
558790
493111
323450
230244
163939
89277
52563
41789
43165
52720
68663
90640
115807
143799
171150
190171
130603
62768
34597
18602
10942
6238
4611
4213
4931
6045
7921
9252
9620
9180
7255
4238
0
0
0
0
0
0
0
0
0
0
0
0
0
0
0
0
0
0
0
0
0
0
0
0
0
0
0
0
0
0
0
0
0
0
0
0
0
0
0
0
0
0
0
0
0
0
0
0
0
0
0
0
0
0
0
0
0
0
0
0
0
0
0
0
0
0
0
0
0
0
0
0
0
0
0
0
0
0
0
0
0
0
0
0
0
0
0
0
0
0
0
0
0
0
0
0
0
0
0
0
0
0
0
0
0
0
0
0
0
0
0
0
0
0
0
0
0
0
0
0
0
0
0
0
0
0
0
0
0
0
0
0
0
0
0
0
0
0
0
0
0
0
0
0
0
0
0
0
0
0
0
0
0
0
0
0
0
0
0
0
0
0
0
0
0
0
0
0
0
0
0
0
0
0
0
0
0
0
0
0
0
0
0
0
0
0
0
0
0
0
0
0
0
0
0
0
0
0
0
0
