661504
0
0
0
0
0
0
0
0
9
39
103
539
1656
5768
18805
59256
187550
545706
911131
729154
489342
356165
285595
250369
242023
253305
286413
347249
407263
482028
606961
771034
935167
1.08243e+06
1.19977e+06
1.18694e+06
1.19359e+06
1.19181e+06
1.13154e+06
1.08831e+06
1.03164e+06
1.00923e+06
1.04342e+06
1.13168e+06
1.27996e+06
1.35027e+06
1.45316e+06
1.58612e+06
1.75161e+06
1.89698e+06
2.02603e+06
2.15127e+06
2.31129e+06
2.32944e+06
2.22592e+06
2.18177e+06
2.17122e+06
2.17531e+06
2.22842e+06
2.34834e+06
2.49016e+06
2.52225e+06
2.66468e+06
2.86158e+06
2.95944e+06
3.09583e+06
3.28616e+06
3.36958e+06
3.45715e+06
3.60474e+06
3.67577e+06
3.77706e+06
3.98701e+06
3.87226e+06
3.7996e+06
3.79796e+06
3.8879e+06
4.08516e+06
4.23872e+06
4.31034e+06
4.47114e+06
4.63684e+06
4.88835e+06
5.11203e+06
5.18172e+06
5.36786e+06
5.46792e+06
5.68903e+06
5.73983e+06
5.6852e+06
5.74113e+06
5.77753e+06
5.94225e+06
5.9436e+06
6.07791e+06
6.20911e+06
6.43491e+06
6.57938e+06
6.72825e+06
6.95809e+06
7.31881e+06
7.56131e+06
7.60801e+06
7.77171e+06
8.01225e+06
8.14416e+06
8.07534e+06
8.05747e+06
8.02303e+06
8.05129e+06
8.16747e+06
8.41907e+06
8.89142e+06
8.96696e+06
9.074e+06
9.20266e+06
9.26718e+06
9.07061e+06
8.91869e+06
8.91735e+06
8.82928e+06
8.75166e+06
8.68923e+06
8.50382e+06
8.17163e+06
8.00338e+06
7.93988e+06
7.73178e+06
7.54045e+06
7.42784e+06
7.36316e+06
7.31567e+06
7.40888e+06
7.37069e+06
7.32636e+06
7.29598e+06
7.01725e+06
6.74875e+06
6.65592e+06
6.4792e+06
6.22078e+06
6.00825e+06
5.68139e+06
5.43096e+06
5.2912e+06
5.12654e+06
4.93233e+06
4.79626e+06
4.79526e+06
4.85053e+06
4.9277e+06
4.78138e+06
4.69828e+06
4.41836e+06
3.98457e+06
3.56242e+06
3.25531e+06
3.0132e+06
2.78618e+06
2.49735e+06
2.29615e+06
2.15003e+06
2.0314e+06
1.98972e+06
1.96146e+06
1.96292e+06
1.95962e+06
1.83602e+06
1.66491e+06
1.38255e+06
1.17349e+06
1.00138e+06
834213
718340
643151
597746
563080
542098
536900
532987
528232
519388
497497
393977
284252
214175
164073
131835
105334
83478
67294
55369
45284
37456
31583
24625
18281
10909
4772
0
0
0
0
0
0
0
0
0
0
0
0
0
0
0
0
0
0
0
0
0
0
0
0
0
0
0
0
0
0
0
0
0
0
0
0
0
0
0
0
0
0
0
0
0
0
0
0
0
0
0
0
0
0
0
0
0
0
0
0
0
0
0
0
0
0
0
0
0
0
0
0
0
0
0
0
0
0
0
0
0
0
0
0
0
0
0
0
0
0
0
0
0
0
0
0
0
0
0
0
0
0
0
0
0
0
0
0
0
0
0
0
0
0
0
0
0
0
0
0
0
0
0
0
0
0
0
0
0
0
0
0
0
0
0
0
0
0
0
0
0
0
0
0
0
0
0
0
0
0
0
0
0
0
0
0
0
0
0
0
0
0
0
0
0
0
0
0
0
0
0
0
0
0
0
0
0
0
0
0
0
0
0
0
0
0
0
0
0
0
0
0
0
0
0
0
0
0
0
0
