309248
0
0
0
0
0
0
0
0
6
24
62
271
906
3256
10924
36127
115344
260577
339275
336663
248637
184568
143697
120372
112887
118409
136461
171640
194608
222314
270214
339670
423316
518810
607365
563201
533310
515304
507632
521046
499951
485099
503106
554492
649640
642373
653792
691009
762155
835559
912010
1.00771e+06
1.15414e+06
1.17364e+06
1.06254e+06
1.01142e+06
998053
994928
1.02884e+06
1.12414e+06
1.21704e+06
1.18101e+06
1.23047e+06
1.3265e+06
1.33293e+06
1.3833e+06
1.49733e+06
1.52689e+06
1.5828e+06
1.71489e+06
1.7651e+06
1.84953e+06
2.03561e+06
1.88041e+06
1.77364e+06
1.73358e+06
1.75888e+06
1.88203e+06
1.95153e+06
1.92381e+06
2.00807e+06
2.09047e+06
2.25739e+06
2.4108e+06
2.42587e+06
2.56304e+06
2.61431e+06
2.79206e+06
2.80599e+06
2.70344e+06
2.71517e+06
2.68682e+06
2.78681e+06
2.70684e+06
2.75058e+06
2.77959e+06
2.92805e+06
2.98272e+06
3.03974e+06
3.19902e+06
3.47526e+06
3.65711e+06
3.65075e+06
3.74978e+06
3.9291e+06
3.98946e+06
3.84715e+06
3.75441e+06
3.64596e+06
3.5954e+06
3.60755e+06
3.77349e+06
4.14073e+06
4.12282e+06
4.16946e+06
4.31615e+06
4.42202e+06
4.27212e+06
4.17449e+06
4.23513e+06
4.21782e+06
4.20137e+06
4.19319e+06
4.05984e+06
3.77097e+06
3.65905e+06
3.65662e+06
3.50205e+06
3.37174e+06
3.33125e+06
3.32907e+06
3.3447e+06
3.4931e+06
3.51856e+06
3.5472e+06
3.58903e+06
3.3882e+06
3.21232e+06
3.20231e+06
3.11743e+06
2.9433e+06
2.81319e+06
2.56111e+06
2.39209e+06
2.31535e+06
2.24838e+06
2.13966e+06
2.08933e+06
2.17334e+06
2.32686e+06
2.49551e+06
2.44243e+06
2.4673e+06
2.29108e+06
1.95818e+06
1.63326e+06
1.43543e+06
1.30288e+06
1.18464e+06
997871
913467
881665
868918
911062
965973
1.03934e+06
1.1062e+06
1.04673e+06
934073
709580
555968
432431
312632
243705
212578
202428
206906
222534
244897
271153
292811
308079
309883
230285
142391
94829
64818
46314
33874
26176
21941
20516
18840
18968
18459
16829
13626
9036
4505
0
0
0
0
0
0
0
0
0
0
0
0
0
0
0
0
0
0
0
0
0
0
0
0
0
0
0
0
0
0
0
0
0
0
0
0
0
0
0
0
0
0
0
0
0
0
0
0
0
0
0
0
0
0
0
0
0
0
0
0
0
0
0
0
0
0
0
0
0
0
0
0
0
0
0
0
0
0
0
0
0
0
0
0
0
0
0
0
0
0
0
0
0
0
0
0
0
0
0
0
0
0
0
0
0
0
0
0
0
0
0
0
0
0
0
0
0
0
0
0
0
0
0
0
0
0
0
0
0
0
0
0
0
0
0
0
0
0
0
0
0
0
0
0
0
0
0
0
0
0
0
0
0
0
0
0
0
0
0
0
0
0
0
0
0
0
0
0
0
0
0
0
0
0
0
0
0
0
0
0
0
0
0
0
0
0
0
0
0
0
0
0
0
0
0
0
0
0
0
0
