233472
0
0
0
0
0
0
0
0
0
13
23
132
410
1703
6598
23534
80992
194934
265053
269864
193978
139717
105808
86255
80638
84765
99353
128919
144131
160899
197017
253016
322256
405376
482732
430580
398815
382955
377175
394690
376076
361120
375619
419543
506475
486062
482232
504602
561130
620139
683515
769107
908833
922318
807748
754992
740640
734902
764707
851147
936475
888302
922795
1.00295e+06
991389
1.02488e+06
1.12429e+06
1.13902e+06
1.1856e+06
1.30679e+06
1.34849e+06
1.42505e+06
1.60583e+06
1.44542e+06
1.32987e+06
1.2814e+06
1.29906e+06
1.41004e+06
1.46756e+06
1.42045e+06
1.48569e+06
1.55108e+06
1.69917e+06
1.83561e+06
1.83195e+06
1.95475e+06
1.9943e+06
2.15972e+06
2.16502e+06
2.05508e+06
2.05771e+06
2.01743e+06
2.10618e+06
2.01413e+06
2.04369e+06
2.05497e+06
2.18393e+06
2.2183e+06
2.25405e+06
2.39097e+06
2.65068e+06
2.81353e+06
2.7892e+06
2.87061e+06
3.03638e+06
3.0892e+06
2.93071e+06
2.8278e+06
2.70104e+06
2.63915e+06
2.63724e+06
2.79025e+06
3.13396e+06
3.09071e+06
3.12025e+06
3.27004e+06
3.37427e+06
3.23383e+06
3.1446e+06
3.21432e+06
3.21069e+06
3.20912e+06
3.21639e+06
3.10103e+06
2.83327e+06
2.73508e+06
2.74304e+06
2.60441e+06
2.4888e+06
2.4596e+06
2.46526e+06
2.49701e+06
2.6558e+06
2.6892e+06
2.72539e+06
2.78167e+06
2.59362e+06
2.4342e+06
2.44884e+06
2.38152e+06
2.2306e+06
2.12742e+06
1.90119e+06
1.75402e+06
1.69693e+06
1.6501e+06
1.55582e+06
1.51758e+06
1.61156e+06
1.77294e+06
1.95529e+06
1.91967e+06
1.96906e+06
1.81442e+06
1.5113e+06
1.2168e+06
1.04918e+06
946820
855196
693736
632092
621091
627513
681557
746735
828044
903145
857989
762250
554381
420584
315893
210902
153465
130504
126890
136340
155693
181027
210242
236105
257280
264123
191220
110171
69313
44636
30003
20604
15419
13368
13327
13372
14593
15122
14462
12250
8457
4447
0
0
0
0
0
0
0
0
0
0
0
0
0
0
0
0
0
0
0
0
0
0
0
0
0
0
0
0
0
0
0
0
0
0
0
0
0
0
0
0
0
0
0
0
0
0
0
0
0
0
0
0
0
0
0
0
0
0
0
0
0
0
0
0
0
0
0
0
0
0
0
0
0
0
0
0
0
0
0
0
0
0
0
0
0
0
0
0
0
0
0
0
0
0
0
0
0
0
0
0
0
0
0
0
0
0
0
0
0
0
0
0
0
0
0
0
0
0
0
0
0
0
0
0
0
0
0
0
0
0
0
0
0
0
0
0
0
0
0
0
0
0
0
0
0
0
0
0
0
0
0
0
0
0
0
0
0
0
0
0
0
0
0
0
0
0
0
0
0
0
0
0
0
0
0
0
0
0
0
0
0
0
0
0
0
0
0
0
0
0
0
0
0
0
0
0
0
0
0
0
