215040
0
0
0
0
0
0
0
0
0
10
18
102
336
1422
5633
20648
72703
178696
246631
253543
180607
128740
96494
77792
72906
76639
90486
118892
132215
146683
179550
231716
297623
376714
451858
397952
365785
351046
345936
363875
345865
330596
344445
387415
472151
448442
441486
459334
512749
567796
626529
709785
848429
860691
745506
692674
678145
672992
701092
785609
868319
816694
847763
925220
908881
938038
1.03264e+06
1.04454e+06
1.08774e+06
1.20626e+06
1.24678e+06
1.32192e+06
1.50111e+06
1.33884e+06
1.22202e+06
1.17262e+06
1.18757e+06
1.29541e+06
1.35136e+06
1.29875e+06
1.35919e+06
1.42073e+06
1.56334e+06
1.69513e+06
1.68623e+06
1.80673e+06
1.8428e+06
2.00533e+06
2.00778e+06
1.89587e+06
1.89552e+06
1.85531e+06
1.94225e+06
1.84681e+06
1.87237e+06
1.87999e+06
2.00426e+06
2.03416e+06
2.06511e+06
2.19407e+06
2.44992e+06
2.60647e+06
2.57693e+06
2.6555e+06
2.81843e+06
2.86799e+06
2.70677e+06
2.60076e+06
2.47156e+06
2.40733e+06
2.40346e+06
2.55232e+06
2.89167e+06
2.84414e+06
2.86733e+06
3.013e+06
3.1195e+06
2.98103e+06
2.89238e+06
2.96321e+06
2.96245e+06
2.96507e+06
2.97712e+06
2.86731e+06
2.60639e+06
2.51223e+06
2.52285e+06
2.38791e+06
2.27751e+06
2.2519e+06
2.25842e+06
2.29198e+06
2.45075e+06
2.48562e+06
2.52288e+06
2.58141e+06
2.39758e+06
2.242e+06
2.2634e+06
2.20156e+06
2.05569e+06
1.96035e+06
1.74314e+06
1.60331e+06
1.55071e+06
1.50844e+06
1.41828e+06
1.3819e+06
1.47473e+06
1.63516e+06
1.8198e+06
1.78781e+06
1.8421e+06
1.69493e+06
1.40075e+06
1.11528e+06
956494
863273
778950
624228
567781
560399
570107
624958
691382
773591
850028
808382
717723
515236
387577
288570
188019
133524
112342
110144
120469
139939
166041
194566
220859
243177
252081
181143
102081
63260
39776
26304
17742
13226
11435
11677
12138
13488
14286
13763
11728
8247
4424
0
0
0
0
0
0
0
0
0
0
0
0
0
0
0
0
0
0
0
0
0
0
0
0
0
0
0
0
0
0
0
0
0
0
0
0
0
0
0
0
0
0
0
0
0
0
0
0
0
0
0
0
0
0
0
0
0
0
0
0
0
0
0
0
0
0
0
0
0
0
0
0
0
0
0
0
0
0
0
0
0
0
0
0
0
0
0
0
0
0
0
0
0
0
0
0
0
0
0
0
0
0
0
0
0
0
0
0
0
0
0
0
0
0
0
0
0
0
0
0
0
0
0
0
0
0
0
0
0
0
0
0
0
0
0
0
0
0
0
0
0
0
0
0
0
0
0
0
0
0
0
0
0
0
0
0
0
0
0
0
0
0
0
0
0
0
0
0
0
0
0
0
0
0
0
0
0
0
0
0
0
0
0
0
0
0
0
0
0
0
0
0
0
0
0
0
0
0
0
0
