624640
0
0
0
0
0
0
0
0
9
39
103
539
1656
5768
18805
59256
187547
528222
823152
676827
465710
341521
274325
239616
230942
241441
273458
331909
387826
457729
572493
722968
876623
1.01792e+06
1.13633e+06
1.12326e+06
1.12187e+06
1.11277e+06
1.06069e+06
1.03008e+06
981074
960051
993713
1.07778e+06
1.22034e+06
1.27998e+06
1.36962e+06
1.48932e+06
1.64232e+06
1.77946e+06
1.90242e+06
2.02598e+06
2.18679e+06
2.20944e+06
2.10484e+06
2.06075e+06
2.0503e+06
2.05334e+06
2.10713e+06
2.22577e+06
2.36389e+06
2.38722e+06
2.51527e+06
2.70179e+06
2.78431e+06
2.91122e+06
3.0919e+06
3.17122e+06
3.25565e+06
3.40478e+06
3.47475e+06
3.57725e+06
3.78643e+06
3.66997e+06
3.59202e+06
3.58561e+06
3.6668e+06
3.85778e+06
4.001e+06
4.06011e+06
4.21341e+06
4.36726e+06
4.60675e+06
4.82187e+06
4.89082e+06
5.07226e+06
5.16941e+06
5.38657e+06
5.43524e+06
5.37606e+06
5.42756e+06
5.45855e+06
5.61398e+06
5.6059e+06
5.73177e+06
5.85032e+06
6.06675e+06
6.20064e+06
6.3391e+06
6.56144e+06
6.91262e+06
7.15053e+06
7.19176e+06
7.3516e+06
7.5894e+06
7.71112e+06
7.63546e+06
7.60845e+06
7.56623e+06
7.58565e+06
7.69173e+06
7.93354e+06
8.39198e+06
8.46033e+06
8.56325e+06
8.68817e+06
8.75418e+06
8.56594e+06
8.4214e+06
8.42871e+06
8.34666e+06
8.27978e+06
8.22091e+06
8.03937e+06
7.71358e+06
7.54882e+06
7.48877e+06
7.28923e+06
7.10339e+06
6.99781e+06
6.94052e+06
6.90267e+06
6.99812e+06
6.96422e+06
6.92962e+06
6.90903e+06
6.63726e+06
6.37952e+06
6.29648e+06
6.12658e+06
5.88175e+06
5.67308e+06
5.35382e+06
5.11236e+06
4.98201e+06
4.82469e+06
4.63926e+06
4.51275e+06
4.51803e+06
4.58458e+06
4.67438e+06
4.5365e+06
4.46393e+06
4.19729e+06
3.77507e+06
3.36072e+06
3.06762e+06
2.83225e+06
2.61807e+06
2.33893e+06
2.15211e+06
2.01817e+06
1.90912e+06
1.87554e+06
1.85652e+06
1.8652e+06
1.87102e+06
1.75464e+06
1.58794e+06
1.31246e+06
1.10999e+06
942258
778814
668592
597845
556124
525472
508531
506322
506615
503692
496525
477700
377169
269213
201571
154099
122451
97926
77239
62775
51951
42676
35505
30192
23890
17752
10727
4739
0
0
0
0
0
0
0
0
0
0
0
0
0
0
0
0
0
0
0
0
0
0
0
0
0
0
0
0
0
0
0
0
0
0
0
0
0
0
0
0
0
0
0
0
0
0
0
0
0
0
0
0
0
0
0
0
0
0
0
0
0
0
0
0
0
0
0
0
0
0
0
0
0
0
0
0
0
0
0
0
0
0
0
0
0
0
0
0
0
0
0
0
0
0
0
0
0
0
0
0
0
0
0
0
0
0
0
0
0
0
0
0
0
0
0
0
0
0
0
0
0
0
0
0
0
0
0
0
0
0
0
0
0
0
0
0
0
0
0
0
0
0
0
0
0
0
0
0
0
0
0
0
0
0
0
0
0
0
0
0
0
0
0
0
0
0
0
0
0
0
0
0
0
0
0
0
0
0
0
0
0
0
0
0
0
0
0
0
0
0
0
0
0
0
0
0
0
0
0
0
