165888
0
0
0
0
0
0
0
0
0
6
9
43
183
779
3351
13334
51165
136269
196100
208573
143594
98655
71294
56240
52501
56254
68102
93013
101333
109066
132745
174708
230859
300922
368245
310031
277695
263112
261497
281760
266342
251291
262469
301665
380988
349679
332793
341450
382518
428378
476131
550832
683668
693586
577175
525912
511853
505402
531625
612522
690284
630640
650197
717201
688086
705872
791587
792321
826496
935844
971015
1.04137e+06
1.21831e+06
1.05223e+06
935311
884389
894578
995115
1.04217e+06
977804
1.02633e+06
1.07316e+06
1.20091e+06
1.31982e+06
1.29804e+06
1.40644e+06
1.43434e+06
1.58752e+06
1.58581e+06
1.46828e+06
1.46494e+06
1.42348e+06
1.5067e+06
1.40273e+06
1.42062e+06
1.41947e+06
1.52982e+06
1.54583e+06
1.56104e+06
1.67232e+06
1.91038e+06
2.04986e+06
2.00676e+06
2.07611e+06
2.22645e+06
2.27358e+06
2.10937e+06
1.99888e+06
1.86735e+06
1.79753e+06
1.7844e+06
1.92197e+06
2.24838e+06
2.1847e+06
2.19026e+06
2.33339e+06
2.44001e+06
2.30325e+06
2.21571e+06
2.28834e+06
2.29528e+06
2.31108e+06
2.34065e+06
2.24663e+06
1.99992e+06
1.91981e+06
1.94276e+06
1.81654e+06
1.71357e+06
1.69461e+06
1.70687e+06
1.74726e+06
1.90961e+06
1.94647e+06
1.98089e+06
2.04631e+06
1.86822e+06
1.7233e+06
1.76042e+06
1.71574e+06
1.59041e+06
1.51857e+06
1.32642e+06
1.20695e+06
1.1701e+06
1.13971e+06
1.05632e+06
1.02035e+06
1.11033e+06
1.26552e+06
1.45307e+06
1.42784e+06
1.49429e+06
1.36746e+06
1.09902e+06
843372
712785
646034
583736
446463
403370
403199
416916
472313
540730
624734
704025
670594
592732
407999
298305
216147
129171
84317
69252
69516
80357
98754
123211
150561
178282
203667
218064
153222
80308
46870
27320
16998
10630
7886
7118
7591
8584
10454
11582
11535
10492
7740
4308
0
0
0
0
0
0
0
0
0
0
0
0
0
0
0
0
0
0
0
0
0
0
0
0
0
0
0
0
0
0
0
0
0
0
0
0
0
0
0
0
0
0
0
0
0
0
0
0
0
0
0
0
0
0
0
0
0
0
0
0
0
0
0
0
0
0
0
0
0
0
0
0
0
0
0
0
0
0
0
0
0
0
0
0
0
0
0
0
0
0
0
0
0
0
0
0
0
0
0
0
0
0
0
0
0
0
0
0
0
0
0
0
0
0
0
0
0
0
0
0
0
0
0
0
0
0
0
0
0
0
0
0
0
0
0
0
0
0
0
0
0
0
0
0
0
0
0
0
0
0
0
0
0
0
0
0
0
0
0
0
0
0
0
0
0
0
0
0
0
0
0
0
0
0
0
0
0
0
0
0
0
0
0
0
0
0
0
0
0
0
0
0
0
0
0
0
0
0
0
0
