221184
0
0
0
0
0
0
0
0
0
13
18
108
354
1511
5969
21603
75450
184122
252786
259070
185012
132327
99631
80614
75417
79411
93426
122151
136284
151457
185413
238866
305776
386041
462441
408744
376737
361700
356388
374126
355839
340876
354839
398100
483529
461046
455022
474571
528752
585125
645548
729732
868501
881328
766234
713405
699051
693560
722336
807306
890866
840585
872869
951184
936347
967118
1.06311e+06
1.07616e+06
1.12048e+06
1.23953e+06
1.28072e+06
1.35613e+06
1.53626e+06
1.37462e+06
1.25794e+06
1.20879e+06
1.22427e+06
1.33384e+06
1.39015e+06
1.33942e+06
1.40144e+06
1.46393e+06
1.60849e+06
1.74207e+06
1.7346e+06
1.85615e+06
1.89343e+06
2.05687e+06
2.0604e+06
1.94914e+06
1.94966e+06
1.909e+06
1.99698e+06
1.90234e+06
1.92968e+06
1.93789e+06
2.06399e+06
2.09537e+06
2.12858e+06
2.25969e+06
2.51686e+06
2.67542e+06
2.64777e+06
2.72742e+06
2.89111e+06
2.94208e+06
2.78118e+06
2.67635e+06
2.54802e+06
2.48429e+06
2.4811e+06
2.63154e+06
2.9726e+06
2.92653e+06
2.95181e+06
3.09846e+06
3.20441e+06
3.06563e+06
2.97629e+06
3.04717e+06
3.04504e+06
3.04688e+06
3.05668e+06
2.94539e+06
2.68205e+06
2.58615e+06
2.59612e+06
2.46002e+06
2.34784e+06
2.32085e+06
2.32748e+06
2.3602e+06
2.51918e+06
2.55332e+06
2.59092e+06
2.64828e+06
2.46275e+06
2.30636e+06
2.32482e+06
2.26206e+06
2.11419e+06
2.01603e+06
1.79528e+06
1.65351e+06
1.5992e+06
1.55539e+06
1.46385e+06
1.4273e+06
1.52045e+06
1.68124e+06
1.86499e+06
1.83178e+06
1.88458e+06
1.73504e+06
1.43799e+06
1.14925e+06
987310
890856
804146
647220
588891
580511
589152
643892
710052
791848
867693
825022
732653
528510
398638
297632
195764
140066
118195
115589
125650
145300
170980
199931
225921
247973
256168
184440
104770
65284
41404
27535
18677
13945
12075
12236
12544
13853
14556
14024
11878
8320
4438
0
0
0
0
0
0
0
0
0
0
0
0
0
0
0
0
0
0
0
0
0
0
0
0
0
0
0
0
0
0
0
0
0
0
0
0
0
0
0
0
0
0
0
0
0
0
0
0
0
0
0
0
0
0
0
0
0
0
0
0
0
0
0
0
0
0
0
0
0
0
0
0
0
0
0
0
0
0
0
0
0
0
0
0
0
0
0
0
0
0
0
0
0
0
0
0
0
0
0
0
0
0
0
0
0
0
0
0
0
0
0
0
0
0
0
0
0
0
0
0
0
0
0
0
0
0
0
0
0
0
0
0
0
0
0
0
0
0
0
0
0
0
0
0
0
0
0
0
0
0
0
0
0
0
0
0
0
0
0
0
0
0
0
0
0
0
0
0
0
0
0
0
0
0
0
0
0
0
0
0
0
0
0
0
0
0
0
0
0
0
0
0
0
0
0
0
0
0
0
0
