583680
0
0
0
0
0
0
0
0
9
39
103
539
1656
5768
18805
59256
187537
506049
727749
620434
439666
324928
261379
227491
218329
228118
258920
313729
365853
430855
534161
670522
811200
947955
1.06614e+06
1.05138e+06
1.04083e+06
1.02669e+06
983709
965066
924740
905392
937269
1.01627e+06
1.15343e+06
1.19982e+06
1.27689e+06
1.38282e+06
1.52284e+06
1.64963e+06
1.76673e+06
1.88619e+06
2.04894e+06
2.07565e+06
1.97068e+06
1.92612e+06
1.91492e+06
1.91879e+06
1.97168e+06
2.08941e+06
2.22054e+06
2.237e+06
2.35145e+06
2.52127e+06
2.59158e+06
2.7061e+06
2.87691e+06
2.95263e+06
3.03286e+06
3.18196e+06
3.25355e+06
3.35567e+06
3.56179e+06
3.44208e+06
3.36167e+06
3.35017e+06
3.42038e+06
3.60454e+06
3.73617e+06
3.78097e+06
3.92808e+06
4.06817e+06
4.29482e+06
4.50235e+06
4.56505e+06
4.74584e+06
4.83726e+06
5.05105e+06
5.09696e+06
5.03413e+06
5.0776e+06
5.10153e+06
5.24821e+06
5.23163e+06
5.3451e+06
5.4505e+06
5.65939e+06
5.77998e+06
5.90651e+06
6.12606e+06
6.46138e+06
6.69376e+06
6.72975e+06
6.88609e+06
7.11316e+06
7.2313e+06
7.14667e+06
7.10916e+06
7.06084e+06
7.07054e+06
7.15922e+06
7.39303e+06
7.83795e+06
7.89574e+06
7.99411e+06
8.11766e+06
8.1888e+06
8.00695e+06
7.86777e+06
7.8823e+06
7.8156e+06
7.75189e+06
7.69689e+06
7.52556e+06
7.2013e+06
7.04374e+06
6.99454e+06
6.79683e+06
6.61719e+06
6.51768e+06
6.47201e+06
6.44246e+06
6.54376e+06
6.51285e+06
6.48854e+06
6.47903e+06
6.21604e+06
5.96714e+06
5.89582e+06
5.73763e+06
5.50152e+06
5.30322e+06
4.98856e+06
4.76055e+06
4.63567e+06
4.48955e+06
4.31216e+06
4.1995e+06
4.21106e+06
4.29119e+06
4.39156e+06
4.26441e+06
4.20306e+06
3.95157e+06
3.54261e+06
3.13841e+06
2.85326e+06
2.63357e+06
2.43014e+06
2.16429e+06
1.9924e+06
1.87187e+06
1.77352e+06
1.7477e+06
1.74031e+06
1.75844e+06
1.77227e+06
1.66371e+06
1.50286e+06
1.23366e+06
1.03894e+06
875981
719045
612513
547236
508961
484578
471720
473500
476347
475698
471879
456122
357710
252377
187615
143180
112326
89259
70610
57842
48223
39450
33347
28767
23057
17142
10496
4710
0
0
0
0
0
0
0
0
0
0
0
0
0
0
0
0
0
0
0
0
0
0
0
0
0
0
0
0
0
0
0
0
0
0
0
0
0
0
0
0
0
0
0
0
0
0
0
0
0
0
0
0
0
0
0
0
0
0
0
0
0
0
0
0
0
0
0
0
0
0
0
0
0
0
0
0
0
0
0
0
0
0
0
0
0
0
0
0
0
0
0
0
0
0
0
0
0
0
0
0
0
0
0
0
0
0
0
0
0
0
0
0
0
0
0
0
0
0
0
0
0
0
0
0
0
0
0
0
0
0
0
0
0
0
0
0
0
0
0
0
0
0
0
0
0
0
0
0
0
0
0
0
0
0
0
0
0
0
0
0
0
0
0
0
0
0
0
0
0
0
0
0
0
0
0
0
0
0
0
0
0
0
0
0
0
0
0
0
0
0
0
0
0
0
0
0
0
0
0
0
