665600
0
0
0
0
0
0
0
0
9
39
103
539
1656
5768
18805
59256
187550
547486
921060
735012
492041
357727
286845
251590
243213
254586
287855
348876
409460
484765
610735
776395
941630
1.08976e+06
1.20683e+06
1.19394e+06
1.20158e+06
1.20055e+06
1.13949e+06
1.09479e+06
1.03728e+06
1.01473e+06
1.04891e+06
1.13747e+06
1.28661e+06
1.358e+06
1.46241e+06
1.59682e+06
1.76388e+06
1.91014e+06
2.04001e+06
2.16502e+06
2.32511e+06
2.34277e+06
2.23942e+06
2.19523e+06
2.18467e+06
2.18898e+06
2.24172e+06
2.36181e+06
2.50415e+06
2.53735e+06
2.68115e+06
2.87927e+06
2.97909e+06
3.11631e+06
3.30783e+06
3.39168e+06
3.47959e+06
3.627e+06
3.69806e+06
3.79925e+06
4.00931e+06
3.89465e+06
3.82243e+06
3.8218e+06
3.9122e+06
4.11047e+06
4.26513e+06
4.33811e+06
4.49988e+06
4.66701e+06
4.91964e+06
5.14403e+06
5.21428e+06
5.40068e+06
5.50131e+06
5.72229e+06
5.77366e+06
5.71992e+06
5.77555e+06
5.81298e+06
5.97873e+06
5.98095e+06
6.11668e+06
6.2487e+06
6.47594e+06
6.62156e+06
6.77157e+06
7.00226e+06
7.36397e+06
7.60678e+06
7.65419e+06
7.81832e+06
8.05932e+06
8.19216e+06
8.12452e+06
8.10702e+06
8.07365e+06
8.10333e+06
8.22049e+06
8.47275e+06
8.94706e+06
9.02301e+06
9.131e+06
9.25985e+06
9.32383e+06
9.12701e+06
8.97409e+06
8.97159e+06
8.88281e+06
8.80404e+06
8.74124e+06
8.55517e+06
8.22271e+06
8.05409e+06
7.98989e+06
7.78093e+06
7.58918e+06
7.47565e+06
7.40989e+06
7.36183e+06
7.45424e+06
7.41594e+06
7.37053e+06
7.33894e+06
7.0595e+06
6.78962e+06
6.69595e+06
6.51829e+06
6.25856e+06
6.04524e+06
5.71808e+06
5.46617e+06
5.32568e+06
5.16014e+06
4.96476e+06
4.82779e+06
4.82597e+06
4.88023e+06
4.95602e+06
4.80834e+06
4.72434e+06
4.4428e+06
4.00788e+06
3.58484e+06
3.2762e+06
3.0333e+06
2.805e+06
2.51488e+06
2.31211e+06
2.16497e+06
2.04469e+06
2.00251e+06
1.97306e+06
1.97372e+06
1.9696e+06
1.8451e+06
1.67319e+06
1.39042e+06
1.18055e+06
1.008e+06
840381
723859
648257
602376
567152
545857
540368
535852
530919
521987
499690
395813
285888
215627
165177
132915
106099
84205
67777
55742
45595
37673
31714
24720
18348
10925
4775
0
0
0
0
0
0
0
0
0
0
0
0
0
0
0
0
0
0
0
0
0
0
0
0
0
0
0
0
0
0
0
0
0
0
0
0
0
0
0
0
0
0
0
0
0
0
0
0
0
0
0
0
0
0
0
0
0
0
0
0
0
0
0
0
0
0
0
0
0
0
0
0
0
0
0
0
0
0
0
0
0
0
0
0
0
0
0
0
0
0
0
0
0
0
0
0
0
0
0
0
0
0
0
0
0
0
0
0
0
0
0
0
0
0
0
0
0
0
0
0
0
0
0
0
0
0
0
0
0
0
0
0
0
0
0
0
0
0
0
0
0
0
0
0
0
0
0
0
0
0
0
0
0
0
0
0
0
0
0
0
0
0
0
0
0
0
0
0
0
0
0
0
0
0
0
0
0
0
0
0
0
0
0
0
0
0
0
0
0
0
0
0
0
0
0
0
0
0
0
0
