315392
0
0
0
0
0
0
0
0
6
25
72
279
943
3385
11274
37262
118158
265781
345275
342050
253022
188193
146779
123016
115532
121250
139466
175177
198838
227300
276194
346720
431601
527918
617247
573882
544109
526224
518072
531090
509926
495112
513751
565497
661204
655080
667806
706380
778604
853273
930563
1.02683e+06
1.17359e+06
1.19366e+06
1.08301e+06
1.03197e+06
1.01888e+06
1.01614e+06
1.0508e+06
1.14662e+06
1.23973e+06
1.20443e+06
1.25533e+06
1.35338e+06
1.3607e+06
1.41234e+06
1.52804e+06
1.55838e+06
1.61452e+06
1.74755e+06
1.79825e+06
1.88371e+06
2.07051e+06
1.9161e+06
1.80931e+06
1.77033e+06
1.7962e+06
1.92074e+06
1.99096e+06
1.96506e+06
2.05058e+06
2.13451e+06
2.30219e+06
2.45718e+06
2.47379e+06
2.61262e+06
2.66495e+06
2.84275e+06
2.85775e+06
2.75547e+06
2.7685e+06
2.7413e+06
2.84212e+06
2.76301e+06
2.80761e+06
2.83855e+06
2.98856e+06
3.0454e+06
3.10398e+06
3.26493e+06
3.54198e+06
3.725e+06
3.71999e+06
3.82088e+06
4.00101e+06
4.06203e+06
3.9217e+06
3.82938e+06
3.72232e+06
3.67307e+06
3.68664e+06
3.85473e+06
4.22257e+06
4.20555e+06
4.25553e+06
4.40135e+06
4.50637e+06
4.35584e+06
4.25743e+06
4.31772e+06
4.29885e+06
4.28174e+06
4.27214e+06
4.13804e+06
3.84735e+06
3.73384e+06
3.7312e+06
3.57491e+06
3.44352e+06
3.40272e+06
3.39938e+06
3.41365e+06
3.56054e+06
3.5854e+06
3.61391e+06
3.65413e+06
3.45197e+06
3.27499e+06
3.26296e+06
3.17652e+06
3.00119e+06
2.86943e+06
2.61518e+06
2.44453e+06
2.36626e+06
2.29755e+06
2.18736e+06
2.13554e+06
2.21902e+06
2.37152e+06
2.53888e+06
2.48419e+06
2.50635e+06
2.32919e+06
1.99382e+06
1.66698e+06
1.46724e+06
1.3324e+06
1.21191e+06
1.02308e+06
936496
903431
889178
929759
983354
1.05564e+06
1.12162e+06
1.06136e+06
947791
722084
566835
441981
321307
251451
219638
208847
212816
228086
250264
275956
297073
311860
313388
233213
144897
96937
66523
47715
35066
27136
22686
21104
19292
19319
18726
16982
13697
9080
4511
0
0
0
0
0
0
0
0
0
0
0
0
0
0
0
0
0
0
0
0
0
0
0
0
0
0
0
0
0
0
0
0
0
0
0
0
0
0
0
0
0
0
0
0
0
0
0
0
0
0
0
0
0
0
0
0
0
0
0
0
0
0
0
0
0
0
0
0
0
0
0
0
0
0
0
0
0
0
0
0
0
0
0
0
0
0
0
0
0
0
0
0
0
0
0
0
0
0
0
0
0
0
0
0
0
0
0
0
0
0
0
0
0
0
0
0
0
0
0
0
0
0
0
0
0
0
0
0
0
0
0
0
0
0
0
0
0
0
0
0
0
0
0
0
0
0
0
0
0
0
0
0
0
0
0
0
0
0
0
0
0
0
0
0
0
0
0
0
0
0
0
0
0
0
0
0
0
0
0
0
0
0
0
0
0
0
0
0
0
0
0
0
0
0
0
0
0
0
0
0
