350208
0
0
0
0
0
0
0
0
6
26
76
361
1181
4060
13309
43502
134426
296229
379127
371581
277682
208184
164045
138685
130780
137294
156748
194958
222453
255524
310514
386947
478264
579923
674252
634200
604955
587402
577148
588082
566025
552393
572462
627539
728049
728040
747250
792904
873044
953514
1.03504e+06
1.1353e+06
1.28373e+06
1.30724e+06
1.199e+06
1.14931e+06
1.13594e+06
1.1349e+06
1.17367e+06
1.27244e+06
1.36944e+06
1.34042e+06
1.3986e+06
1.5053e+06
1.51829e+06
1.57656e+06
1.70031e+06
1.73454e+06
1.79512e+06
1.9325e+06
1.98704e+06
2.07828e+06
2.26793e+06
2.11594e+06
2.01392e+06
1.9788e+06
2.00796e+06
2.13725e+06
2.21706e+06
2.19869e+06
2.29183e+06
2.38367e+06
2.5586e+06
2.72063e+06
2.74416e+06
2.88988e+06
2.94799e+06
3.12994e+06
3.15101e+06
3.055e+06
3.07284e+06
3.04972e+06
3.15396e+06
3.0811e+06
3.133e+06
3.17334e+06
3.33281e+06
3.39777e+06
3.46707e+06
3.63735e+06
3.92161e+06
4.10954e+06
4.11133e+06
4.22074e+06
4.408e+06
4.47778e+06
4.34229e+06
4.25718e+06
4.15591e+06
4.11154e+06
4.13488e+06
4.31207e+06
4.68714e+06
4.68027e+06
4.73767e+06
4.8819e+06
4.9845e+06
4.8337e+06
4.72912e+06
4.78574e+06
4.76036e+06
4.73454e+06
4.71672e+06
4.57662e+06
4.28044e+06
4.16126e+06
4.15325e+06
3.99185e+06
3.85324e+06
3.80538e+06
3.79569e+06
3.80432e+06
3.94638e+06
3.96456e+06
3.98868e+06
4.02277e+06
3.81337e+06
3.62742e+06
3.60712e+06
3.5121e+06
3.32707e+06
3.18603e+06
2.92252e+06
2.7423e+06
2.65776e+06
2.57749e+06
2.46009e+06
2.40027e+06
2.47552e+06
2.62199e+06
2.7827e+06
2.71827e+06
2.73085e+06
2.54421e+06
2.19669e+06
1.85844e+06
1.6459e+06
1.49945e+06
1.36681e+06
1.16745e+06
1.07119e+06
1.02734e+06
1.0024e+06
1.03549e+06
1.08163e+06
1.14798e+06
1.20822e+06
1.14249e+06
1.0225e+06
790256
629267
497895
372200
296389
259997
246185
246852
259563
279224
302950
320842
332990
332573
250007
159174
109291
76592
55701
41676
32360
26862
24560
21961
21233
20104
17799
14190
9273
4530
0
0
0
0
0
0
0
0
0
0
0
0
0
0
0
0
0
0
0
0
0
0
0
0
0
0
0
0
0
0
0
0
0
0
0
0
0
0
0
0
0
0
0
0
0
0
0
0
0
0
0
0
0
0
0
0
0
0
0
0
0
0
0
0
0
0
0
0
0
0
0
0
0
0
0
0
0
0
0
0
0
0
0
0
0
0
0
0
0
0
0
0
0
0
0
0
0
0
0
0
0
0
0
0
0
0
0
0
0
0
0
0
0
0
0
0
0
0
0
0
0
0
0
0
0
0
0
0
0
0
0
0
0
0
0
0
0
0
0
0
0
0
0
0
0
0
0
0
0
0
0
0
0
0
0
0
0
0
0
0
0
0
0
0
0
0
0
0
0
0
0
0
0
0
0
0
0
0
0
0
0
0
0
0
0
0
0
0
0
0
0
0
0
0
0
0
0
0
0
0
