747520
0
0
0
0
0
0
0
0
9
39
103
539
1656
5768
18805
59256
187550
579066
1.1223e+06
855496
545569
389700
311617
275185
266118
278389
317229
382271
451870
539745
686794
880912
1.07342e+06
1.23748e+06
1.34827e+06
1.33384e+06
1.35895e+06
1.37772e+06
1.3005e+06
1.22661e+06
1.14973e+06
1.12398e+06
1.15623e+06
1.25027e+06
1.41822e+06
1.5116e+06
1.64847e+06
1.81291e+06
2.00843e+06
2.17499e+06
2.31896e+06
2.44383e+06
2.60132e+06
2.6115e+06
2.5037e+06
2.46801e+06
2.45676e+06
2.45684e+06
2.51004e+06
2.62675e+06
2.78381e+06
2.83607e+06
3.00941e+06
3.23679e+06
3.3686e+06
3.5325e+06
3.7437e+06
3.8375e+06
3.92508e+06
4.07087e+06
4.14336e+06
4.24437e+06
4.45613e+06
4.34508e+06
4.27634e+06
4.29238e+06
4.39866e+06
4.60998e+06
4.79738e+06
4.8912e+06
5.07929e+06
5.27704e+06
5.54421e+06
5.78321e+06
5.86611e+06
6.06051e+06
6.16615e+06
6.39041e+06
6.44893e+06
6.40814e+06
6.46661e+06
6.52101e+06
6.70821e+06
6.72457e+06
6.88712e+06
7.04374e+06
7.29972e+06
7.46506e+06
7.63756e+06
7.89042e+06
8.26764e+06
8.52093e+06
8.57339e+06
8.74631e+06
9.01016e+06
9.14925e+06
9.1015e+06
9.09628e+06
9.08706e+06
9.14591e+06
9.28105e+06
9.54569e+06
1.00541e+07
1.01463e+07
1.02775e+07
1.04033e+07
1.04578e+07
1.02566e+07
1.00817e+07
1.00519e+07
9.95234e+06
9.85768e+06
9.77689e+06
9.57742e+06
9.2463e+06
9.06836e+06
8.99237e+06
8.77048e+06
8.56173e+06
8.4251e+06
8.34568e+06
8.28972e+06
8.36287e+06
8.31244e+06
8.25843e+06
8.20133e+06
7.89784e+06
7.60628e+06
7.49965e+06
7.2987e+06
7.01114e+06
6.79156e+06
6.44371e+06
6.1813e+06
6.01507e+06
5.82987e+06
5.61636e+06
5.45708e+06
5.4368e+06
5.47014e+06
5.52516e+06
5.35003e+06
5.23991e+06
4.93287e+06
4.47555e+06
4.03013e+06
3.69862e+06
3.43403e+06
3.18452e+06
2.86402e+06
2.63145e+06
2.46406e+06
2.31549e+06
2.25483e+06
2.20556e+06
2.18898e+06
2.16505e+06
2.02629e+06
1.8392e+06
1.54573e+06
1.32537e+06
1.14226e+06
963504
835708
749252
691869
650714
621576
609501
594697
584515
571473
543593
432675
318587
244236
189513
153124
121205
98452
77992
63769
51818
41839
34386
26434
19550
11239
4812
0
0
0
0
0
0
0
0
0
0
0
0
0
0
0
0
0
0
0
0
0
0
0
0
0
0
0
0
0
0
0
0
0
0
0
0
0
0
0
0
0
0
0
0
0
0
0
0
0
0
0
0
0
0
0
0
0
0
0
0
0
0
0
0
0
0
0
0
0
0
0
0
0
0
0
0
0
0
0
0
0
0
0
0
0
0
0
0
0
0
0
0
0
0
0
0
0
0
0
0
0
0
0
0
0
0
0
0
0
0
0
0
0
0
0
0
0
0
0
0
0
0
0
0
0
0
0
0
0
0
0
0
0
0
0
0
0
0
0
0
0
0
0
0
0
0
0
0
0
0
0
0
0
0
0
0
0
0
0
0
0
0
0
0
0
0
0
0
0
0
0
0
0
0
0
0
0
0
0
0
0
0
0
0
0
0
0
0
0
0
0
0
0
0
0
0
0
0
0
0
