555008
0
0
0
0
0
0
0
0
9
39
103
539
1656
5768
18805
59256
187512
487034
664090
582997
420851
313117
252194
218714
209272
218775
248116
301117
350027
411843
507136
634134
766208
899147
1.01712e+06
999813
985296
966933
931094
919951
884338
866527
897414
972122
1.10482e+06
1.14447e+06
1.2123e+06
1.30818e+06
1.43946e+06
1.55951e+06
1.67306e+06
1.78886e+06
1.9518e+06
1.98184e+06
1.87719e+06
1.8321e+06
1.81998e+06
1.82476e+06
1.87709e+06
1.99229e+06
2.11994e+06
2.13078e+06
2.23648e+06
2.39473e+06
2.457e+06
2.56265e+06
2.72847e+06
2.7986e+06
2.87747e+06
3.02731e+06
3.09972e+06
3.19976e+06
3.40572e+06
3.28017e+06
3.19934e+06
3.18552e+06
3.24801e+06
3.42716e+06
3.551e+06
3.5862e+06
3.72492e+06
3.85847e+06
4.07797e+06
4.28105e+06
4.33889e+06
4.51607e+06
4.60526e+06
4.81575e+06
4.86074e+06
4.79514e+06
4.83113e+06
4.85108e+06
4.9914e+06
4.97079e+06
5.07404e+06
5.16945e+06
5.37453e+06
5.48544e+06
5.60505e+06
5.81713e+06
6.14877e+06
6.37532e+06
6.40748e+06
6.55898e+06
6.78101e+06
6.89389e+06
6.80526e+06
6.76055e+06
6.70573e+06
6.70803e+06
6.78621e+06
7.01654e+06
7.44862e+06
7.5011e+06
7.59492e+06
7.7167e+06
7.79634e+06
7.61487e+06
7.47991e+06
7.50372e+06
7.44152e+06
7.38384e+06
7.32944e+06
7.16348e+06
6.84186e+06
6.69176e+06
6.64871e+06
6.45055e+06
6.27707e+06
6.18377e+06
6.14508e+06
6.11648e+06
6.22467e+06
6.19977e+06
6.18108e+06
6.17629e+06
5.92235e+06
5.67941e+06
5.61446e+06
5.46562e+06
5.23412e+06
5.0448e+06
4.73428e+06
4.51149e+06
4.39228e+06
4.25604e+06
4.08593e+06
3.97581e+06
3.99911e+06
4.08714e+06
4.19134e+06
4.07405e+06
4.02297e+06
3.77962e+06
3.37825e+06
2.98188e+06
2.70352e+06
2.49493e+06
2.29911e+06
2.04186e+06
1.87987e+06
1.76876e+06
1.67813e+06
1.65949e+06
1.65842e+06
1.68437e+06
1.70362e+06
1.59945e+06
1.44383e+06
1.17945e+06
988254
829871
675961
573802
511706
476143
455569
446204
450325
454862
456598
454870
440761
344060
240856
178419
134957
105283
83364
65891
54141
45444
37317
31872
27802
22449
16732
10310
4683
0
0
0
0
0
0
0
0
0
0
0
0
0
0
0
0
0
0
0
0
0
0
0
0
0
0
0
0
0
0
0
0
0
0
0
0
0
0
0
0
0
0
0
0
0
0
0
0
0
0
0
0
0
0
0
0
0
0
0
0
0
0
0
0
0
0
0
0
0
0
0
0
0
0
0
0
0
0
0
0
0
0
0
0
0
0
0
0
0
0
0
0
0
0
0
0
0
0
0
0
0
0
0
0
0
0
0
0
0
0
0
0
0
0
0
0
0
0
0
0
0
0
0
0
0
0
0
0
0
0
0
0
0
0
0
0
0
0
0
0
0
0
0
0
0
0
0
0
0
0
0
0
0
0
0
0
0
0
0
0
0
0
0
0
0
0
0
0
0
0
0
0
0
0
0
0
0
0
0
0
0
0
0
0
0
0
0
0
0
0
0
0
0
0
0
0
0
0
0
0
