280576
0
0
0
0
0
0
0
0
0
16
37
212
735
2651
9233
31384
102235
235619
311344
311621
227948
167655
129313
107359
101073
105808
122131
155357
174975
199030
242615
306919
385087
476091
560138
513044
482871
465297
458300
473043
453237
437895
455032
503644
595521
582789
588910
620872
685506
752961
825011
917783
1.06177e+06
1.07951e+06
966864
914453
900590
896408
928923
1.02059e+06
1.11086e+06
1.06988e+06
1.11423e+06
1.20421e+06
1.20372e+06
1.24685e+06
1.35574e+06
1.37939e+06
1.43212e+06
1.56172e+06
1.60802e+06
1.6894e+06
1.87403e+06
1.71551e+06
1.60567e+06
1.56245e+06
1.58496e+06
1.70257e+06
1.76838e+06
1.73318e+06
1.81062e+06
1.8857e+06
2.0461e+06
2.19305e+06
2.20093e+06
2.33251e+06
2.37991e+06
2.55243e+06
2.56461e+06
2.45905e+06
2.46781e+06
2.43454e+06
2.52847e+06
2.44386e+06
2.48208e+06
2.50484e+06
2.64603e+06
2.69294e+06
2.74215e+06
2.89357e+06
3.16324e+06
3.33815e+06
3.32478e+06
3.41639e+06
3.5921e+06
3.64883e+06
3.50213e+06
3.40596e+06
3.28975e+06
3.23339e+06
3.23896e+06
3.39851e+06
3.75932e+06
3.7309e+06
3.77163e+06
3.92e+06
4.02593e+06
3.87938e+06
3.78582e+06
3.84951e+06
3.83853e+06
3.82728e+06
3.82446e+06
3.6974e+06
3.41614e+06
3.31027e+06
3.3086e+06
3.16093e+06
3.0368e+06
2.99949e+06
3.00166e+06
3.02285e+06
3.17601e+06
3.20435e+06
3.2366e+06
3.28493e+06
3.08958e+06
2.92058e+06
2.91894e+06
2.83965e+06
2.67528e+06
2.55324e+06
2.31019e+06
2.14795e+06
2.07839e+06
2.01949e+06
1.91718e+06
1.87189e+06
1.96052e+06
2.11705e+06
2.2939e+06
2.24851e+06
2.28127e+06
2.11356e+06
1.78957e+06
1.47598e+06
1.2885e+06
1.1659e+06
1.05838e+06
880403
804148
781720
777087
824282
884503
961463
1.03166e+06
977557
870576
651419
504817
388006
273041
208319
180035
172642
179244
196639
220943
248875
272117
289738
293119
215771
130552
85303
57093
40018
28530
21698
18507
17719
16827
17357
17236
16064
13173
8864
4486
0
0
0
0
0
0
0
0
0
0
0
0
0
0
0
0
0
0
0
0
0
0
0
0
0
0
0
0
0
0
0
0
0
0
0
0
0
0
0
0
0
0
0
0
0
0
0
0
0
0
0
0
0
0
0
0
0
0
0
0
0
0
0
0
0
0
0
0
0
0
0
0
0
0
0
0
0
0
0
0
0
0
0
0
0
0
0
0
0
0
0
0
0
0
0
0
0
0
0
0
0
0
0
0
0
0
0
0
0
0
0
0
0
0
0
0
0
0
0
0
0
0
0
0
0
0
0
0
0
0
0
0
0
0
0
0
0
0
0
0
0
0
0
0
0
0
0
0
0
0
0
0
0
0
0
0
0
0
0
0
0
0
0
0
0
0
0
0
0
0
0
0
0
0
0
0
0
0
0
0
0
0
0
0
0
0
0
0
0
0
0
0
0
0
0
0
0
0
0
0
