638976
0
0
0
0
0
0
0
0
9
39
103
539
1656
5768
18805
59256
187550
535377
857076
696995
474859
347228
278800
243721
235344
246038
278510
338118
395301
467172
585946
741684
899266
1.04275e+06
1.16128e+06
1.14806e+06
1.14978e+06
1.14333e+06
1.08793e+06
1.05292e+06
1.00081e+06
979105
1.01306e+06
1.09894e+06
1.24353e+06
1.30761e+06
1.40199e+06
1.52705e+06
1.68476e+06
1.82481e+06
1.95036e+06
2.07482e+06
2.23508e+06
2.25652e+06
2.1516e+06
2.10773e+06
2.0975e+06
2.1007e+06
2.15418e+06
2.27383e+06
2.41303e+06
2.4395e+06
2.57362e+06
2.76422e+06
2.85229e+06
2.98301e+06
3.16706e+06
3.248e+06
3.33404e+06
3.48294e+06
3.55255e+06
3.65491e+06
3.86462e+06
3.74885e+06
3.67296e+06
3.66793e+06
3.75307e+06
3.9458e+06
4.09386e+06
4.15767e+06
4.3133e+06
4.47167e+06
4.7162e+06
4.93506e+06
5.00384e+06
5.18705e+06
5.28567e+06
5.50415e+06
5.55383e+06
5.49578e+06
5.54984e+06
5.58308e+06
5.7414e+06
5.73718e+06
5.86617e+06
5.99043e+06
6.20987e+06
6.34739e+06
6.49049e+06
6.71542e+06
7.07012e+06
7.31101e+06
7.3538e+06
7.5148e+06
7.7538e+06
7.87983e+06
7.80614e+06
7.78335e+06
7.7444e+06
7.7656e+06
7.87691e+06
8.12293e+06
8.58668e+06
8.65692e+06
8.76216e+06
8.88768e+06
8.95395e+06
8.76166e+06
8.61456e+06
8.61897e+06
8.5344e+06
8.46376e+06
8.40317e+06
8.22025e+06
7.89118e+06
7.72575e+06
7.66372e+06
7.46169e+06
7.27283e+06
7.16563e+06
7.10522e+06
7.06229e+06
7.15829e+06
7.12221e+06
7.08425e+06
7.05917e+06
6.78499e+06
6.52329e+06
6.43642e+06
6.26361e+06
6.01348e+06
5.80368e+06
5.48103e+06
5.23634e+06
5.10236e+06
4.94192e+06
4.7536e+06
4.62264e+06
4.626e+06
4.68758e+06
4.77284e+06
4.63206e+06
4.55464e+06
4.28393e+06
3.85646e+06
3.43882e+06
3.14085e+06
2.90262e+06
2.68347e+06
2.40059e+06
2.20798e+06
2.06915e+06
1.95689e+06
1.91994e+06
1.89728e+06
1.90325e+06
1.90543e+06
1.78624e+06
1.61815e+06
1.33964e+06
1.1347e+06
965154
800239
688189
615311
572266
540245
521398
518195
517015
513255
505409
485329
383726
275236
206401
157929
126050
100858
79582
64599
53260
43702
36259
30732
24167
17957
10807
4755
0
0
0
0
0
0
0
0
0
0
0
0
0
0
0
0
0
0
0
0
0
0
0
0
0
0
0
0
0
0
0
0
0
0
0
0
0
0
0
0
0
0
0
0
0
0
0
0
0
0
0
0
0
0
0
0
0
0
0
0
0
0
0
0
0
0
0
0
0
0
0
0
0
0
0
0
0
0
0
0
0
0
0
0
0
0
0
0
0
0
0
0
0
0
0
0
0
0
0
0
0
0
0
0
0
0
0
0
0
0
0
0
0
0
0
0
0
0
0
0
0
0
0
0
0
0
0
0
0
0
0
0
0
0
0
0
0
0
0
0
0
0
0
0
0
0
0
0
0
0
0
0
0
0
0
0
0
0
0
0
0
0
0
0
0
0
0
0
0
0
0
0
0
0
0
0
0
0
0
0
0
0
0
0
0
0
0
0
0
0
0
0
0
0
0
0
0
0
0
0
