270336
0
0
0
0
0
0
0
0
0
16
35
201
646
2414
8636
29695
97578
226849
301222
302759
220441
161660
124120
102716
96747
101341
117176
149569
168200
190504
232514
295448
371357
460694
543286
495108
465058
447482
440613
455984
436295
421105
437908
485275
576039
561724
565833
595525
658326
723849
794531
885559
1.02854e+06
1.04558e+06
932441
879947
865591
861077
893129
983669
1.0731e+06
1.02996e+06
1.0731e+06
1.16122e+06
1.15719e+06
1.19801e+06
1.30514e+06
1.32716e+06
1.37888e+06
1.50648e+06
1.55174e+06
1.63196e+06
1.81545e+06
1.65664e+06
1.54582e+06
1.50131e+06
1.52279e+06
1.63897e+06
1.70331e+06
1.66509e+06
1.74059e+06
1.81291e+06
1.97039e+06
2.11496e+06
2.12059e+06
2.25004e+06
2.29586e+06
2.46712e+06
2.47847e+06
2.37123e+06
2.37852e+06
2.34389e+06
2.43693e+06
2.35034e+06
2.38687e+06
2.4067e+06
2.5463e+06
2.58919e+06
2.63568e+06
2.78492e+06
3.05148e+06
3.2233e+06
3.20798e+06
3.29816e+06
3.47149e+06
3.52765e+06
3.37844e+06
3.28076e+06
3.16211e+06
3.10386e+06
3.10811e+06
3.26564e+06
3.62332e+06
3.59138e+06
3.62959e+06
3.77827e+06
3.88436e+06
3.73888e+06
3.64681e+06
3.71179e+06
3.70299e+06
3.69374e+06
3.69186e+06
3.56782e+06
3.28943e+06
3.18486e+06
3.18522e+06
3.03946e+06
2.9172e+06
2.88182e+06
2.88497e+06
2.90832e+06
3.06308e+06
3.09226e+06
3.12521e+06
3.17601e+06
2.98287e+06
2.81515e+06
2.81742e+06
2.74086e+06
2.57925e+06
2.46082e+06
2.22065e+06
2.06065e+06
1.99377e+06
1.93838e+06
1.83823e+06
1.79483e+06
1.88487e+06
2.04214e+06
2.22105e+06
2.17862e+06
2.21451e+06
2.04908e+06
1.72968e+06
1.41937e+06
1.236e+06
1.11744e+06
1.01345e+06
839188
765944
746266
744355
793272
855278
933178
1.00451e+06
952175
847706
630191
486450
372334
259139
195985
168936
162377
169602
187544
212339
240723
264516
283133
286774
210643
126259
81809
54253
37792
26732
20236
17334
16749
16089
16715
16809
15797
13007
8776
4477
0
0
0
0
0
0
0
0
0
0
0
0
0
0
0
0
0
0
0
0
0
0
0
0
0
0
0
0
0
0
0
0
0
0
0
0
0
0
0
0
0
0
0
0
0
0
0
0
0
0
0
0
0
0
0
0
0
0
0
0
0
0
0
0
0
0
0
0
0
0
0
0
0
0
0
0
0
0
0
0
0
0
0
0
0
0
0
0
0
0
0
0
0
0
0
0
0
0
0
0
0
0
0
0
0
0
0
0
0
0
0
0
0
0
0
0
0
0
0
0
0
0
0
0
0
0
0
0
0
0
0
0
0
0
0
0
0
0
0
0
0
0
0
0
0
0
0
0
0
0
0
0
0
0
0
0
0
0
0
0
0
0
0
0
0
0
0
0
0
0
0
0
0
0
0
0
0
0
0
0
0
0
0
0
0
0
0
0
0
0
0
0
0
0
0
0
0
0
0
0
