229376
0
0
0
0
0
0
0
0
0
13
20
121
389
1642
6400
22866
79076
191399
261019
266224
191024
137273
103720
84364
78867
82936
97434
126656
141589
157707
193131
248260
316767
399007
475909
423366
391462
375880
370200
387814
369336
354427
368682
412332
498780
477744
473183
494590
550216
608502
670950
755954
895607
908624
793699
741224
726852
721026
750570
836397
921336
872511
906079
985509
973100
1.00576e+06
1.1039e+06
1.11806e+06
1.16398e+06
1.28432e+06
1.32589e+06
1.402e+06
1.58296e+06
1.42176e+06
1.30583e+06
1.25719e+06
1.27399e+06
1.38472e+06
1.44149e+06
1.39363e+06
1.45775e+06
1.52186e+06
1.66908e+06
1.80431e+06
1.79944e+06
1.92184e+06
1.96075e+06
2.12559e+06
2.13017e+06
2.01958e+06
2.02202e+06
1.98145e+06
2.06956e+06
1.97654e+06
2.00563e+06
2.01615e+06
2.14379e+06
2.17728e+06
2.21224e+06
2.34735e+06
2.60579e+06
2.76773e+06
2.74222e+06
2.82306e+06
2.9877e+06
3.04017e+06
2.88115e+06
2.7773e+06
2.64973e+06
2.58798e+06
2.58496e+06
2.73699e+06
3.0806e+06
3.03563e+06
3.06357e+06
3.2134e+06
3.3178e+06
3.17763e+06
3.08839e+06
3.15849e+06
3.15578e+06
3.15546e+06
3.16316e+06
3.04899e+06
2.78291e+06
2.68511e+06
2.69402e+06
2.55637e+06
2.44189e+06
2.41308e+06
2.41912e+06
2.45133e+06
2.6104e+06
2.6441e+06
2.68059e+06
2.73719e+06
2.55026e+06
2.39166e+06
2.40738e+06
2.34157e+06
2.19193e+06
2.09052e+06
1.86562e+06
1.72039e+06
1.66425e+06
1.61859e+06
1.52486e+06
1.48748e+06
1.58137e+06
1.74244e+06
1.92508e+06
1.89028e+06
1.94122e+06
1.7881e+06
1.48717e+06
1.19429e+06
1.02848e+06
928070
837937
678147
617577
607417
614752
669131
734433
815954
891504
847138
752429
545831
413239
309764
205872
148956
126376
123062
132666
152264
177629
206829
232835
254240
261458
188905
108393
67956
43562
29207
19912
14929
12933
12979
13090
14357
14914
14324
12122
8420
4443
0
0
0
0
0
0
0
0
0
0
0
0
0
0
0
0
0
0
0
0
0
0
0
0
0
0
0
0
0
0
0
0
0
0
0
0
0
0
0
0
0
0
0
0
0
0
0
0
0
0
0
0
0
0
0
0
0
0
0
0
0
0
0
0
0
0
0
0
0
0
0
0
0
0
0
0
0
0
0
0
0
0
0
0
0
0
0
0
0
0
0
0
0
0
0
0
0
0
0
0
0
0
0
0
0
0
0
0
0
0
0
0
0
0
0
0
0
0
0
0
0
0
0
0
0
0
0
0
0
0
0
0
0
0
0
0
0
0
0
0
0
0
0
0
0
0
0
0
0
0
0
0
0
0
0
0
0
0
0
0
0
0
0
0
0
0
0
0
0
0
0
0
0
0
0
0
0
0
0
0
0
0
0
0
0
0
0
0
0
0
0
0
0
0
0
0
0
0
0
0
