415744
0
0
0
0
0
0
0
0
9
35
100
497
1578
5484
17705
55115
164764
352646
442276
427653
323675
246475
197012
169032
159675
166465
189214
232966
267723
308159
374299
463451
565382
677614
780673
747284
718633
701062
687778
697140
674063
661051
684957
744842
854254
865562
896635
954329
1.04661e+06
1.13984e+06
1.23242e+06
1.33911e+06
1.49439e+06
1.52166e+06
1.4165e+06
1.36802e+06
1.35689e+06
1.36011e+06
1.40374e+06
1.51036e+06
1.61617e+06
1.59932e+06
1.66839e+06
1.78817e+06
1.81341e+06
1.88533e+06
2.02094e+06
2.0678e+06
2.13629e+06
2.28252e+06
2.34444e+06
2.44136e+06
2.63649e+06
2.49346e+06
2.39677e+06
2.36958e+06
2.40598e+06
2.55186e+06
2.64464e+06
2.64121e+06
2.74844e+06
2.8505e+06
3.0397e+06
3.21618e+06
3.25036e+06
3.41125e+06
3.47914e+06
3.67197e+06
3.7e+06
3.61432e+06
3.64159e+06
3.62854e+06
3.74219e+06
3.68538e+06
3.75447e+06
3.80922e+06
3.9844e+06
4.06364e+06
4.15065e+06
4.33315e+06
4.63085e+06
4.83322e+06
4.84742e+06
4.97078e+06
5.16945e+06
5.25446e+06
5.13341e+06
5.06011e+06
4.96742e+06
4.94411e+06
4.98267e+06
5.1786e+06
5.56499e+06
5.58098e+06
5.65225e+06
5.78951e+06
5.88377e+06
5.72644e+06
5.61099e+06
5.65539e+06
5.61959e+06
5.58266e+06
5.55601e+06
5.40611e+06
5.09845e+06
4.96697e+06
4.95345e+06
4.77628e+06
4.62721e+06
4.56638e+06
4.54418e+06
4.54271e+06
4.67608e+06
4.68009e+06
4.68968e+06
4.71052e+06
4.48932e+06
4.28692e+06
4.25234e+06
4.14105e+06
3.93824e+06
3.7817e+06
3.50249e+06
3.30691e+06
3.20762e+06
3.11355e+06
2.97937e+06
2.90322e+06
2.96365e+06
3.09042e+06
3.23484e+06
3.15354e+06
3.14672e+06
2.94128e+06
2.57717e+06
2.21699e+06
1.98413e+06
1.8173e+06
1.66396e+06
1.44368e+06
1.32774e+06
1.26363e+06
1.21762e+06
1.23497e+06
1.26614e+06
1.32097e+06
1.36805e+06
1.2905e+06
1.15908e+06
916678
744716
603214
468625
383725
339056
318811
312711
319311
333865
352187
365354
372494
367511
280406
185256
131622
95728
71555
54510
42988
35295
31127
26837
24827
22708
19327
15004
9524
4560
0
0
0
0
0
0
0
0
0
0
0
0
0
0
0
0
0
0
0
0
0
0
0
0
0
0
0
0
0
0
0
0
0
0
0
0
0
0
0
0
0
0
0
0
0
0
0
0
0
0
0
0
0
0
0
0
0
0
0
0
0
0
0
0
0
0
0
0
0
0
0
0
0
0
0
0
0
0
0
0
0
0
0
0
0
0
0
0
0
0
0
0
0
0
0
0
0
0
0
0
0
0
0
0
0
0
0
0
0
0
0
0
0
0
0
0
0
0
0
0
0
0
0
0
0
0
0
0
0
0
0
0
0
0
0
0
0
0
0
0
0
0
0
0
0
0
0
0
0
0
0
0
0
0
0
0
0
0
0
0
0
0
0
0
0
0
0
0
0
0
0
0
0
0
0
0
0
0
0
0
0
0
0
0
0
0
0
0
0
0
0
0
0
0
0
0
0
0
0
0
