18432
0
0
0
0
0
0
0
0
0
0
0
0
0
0
0
1
515
7467
24613
49960
19369
6413
1799
518
645
2140
6788
21156
16382
5846
2828
5086
16535
48377
96165
36900
14047
8655
15441
43747
32218
13570
15094
35827
96608
50444
20148
13524
26590
29724
24192
50175
149321
153208
53676
25522
29881
23347
33232
86481
141964
61312
56451
105662
56760
49490
102042
65659
53976
110928
92350
129342
296860
143406
53650
30098
49545
142338
167112
74521
78212
71495
138314
194494
111859
166101
140960
258734
246586
135684
146134
121649
220802
127878
141784
120217
192040
154832
97442
122329
265647
313137
192705
207566
330434
384311
265044
216935
144667
101710
75665
151697
394904
234131
158911
256155
367367
259818
193023
248006
219822
243281
343775
362139
210550
185053
251208
160037
96987
110129
131528
167251
287440
272128
263684
340279
206373
112099
196665
207182
163150
196428
121317
100425
136159
154284
90979
32040
61190
127301
231283
165552
267031
250233
137579
34676
32741
71811
93790
17451
9762
17012
14086
28376
53266
90823
143939
130648
119651
29537
18466
27520
6857
55
0
0
16
129
823
3465
12052
33731
69667
40466
5002
480
52
5
0
0
0
0
4
31
129
512
1697
3245
3598
0
0
0
0
0
0
0
0
0
0
0
0
0
0
0
0
0
0
0
0
0
0
0
0
0
0
0
0
0
0
0
0
0
0
0
0
0
0
0
0
0
0
0
0
0
0
0
0
0
0
0
0
0
0
0
0
0
0
0
0
0
0
0
0
0
0
0
0
0
0
0
0
0
0
0
0
0
0
0
0
0
0
0
0
0
0
0
0
0
0
0
0
0
0
0
0
0
0
0
0
0
0
0
0
0
0
0
0
0
0
0
0
0
0
0
0
0
0
0
0
0
0
0
0
0
0
0
0
0
0
0
0
0
0
0
0
0
0
0
0
0
0
0
0
0
0
0
0
0
0
0
0
0
0
0
0
0
0
0
0
0
0
0
0
0
0
0
0
0
0
0
0
0
0
0
0
0
0
0
0
0
0
0
0
0
0
0
0
0
0
0
0
0
0
0
0
0
0
0
0
