20480
0
0
0
0
0
0
0
0
0
0
0
0
0
0
0
2
630
8969
27990
52983
21469
7686
2421
804
968
2674
7768
22391
17663
6891
3877
6856
19741
53124
101352
41493
17334
11245
18044
46609
35130
16605
18627
40454
102098
55521
24162
16611
29499
33398
29779
58180
159666
163625
62166
31495
34206
27874
39416
94733
151108
70487
65273
114004
64660
57315
110079
74035
63217
121921
105926
145915
314140
158673
65299
39369
59019
153381
179162
86133
89511
83443
152142
210058
128495
184177
161342
280518
268086
155535
164200
138966
237920
144758
158382
136514
208476
171355
114736
142393
288813
339116
220506
237385
362212
416598
294248
240980
163631
117836
92613
172886
420206
262359
187579
287056
396959
288412
218748
274355
249316
275378
376485
391289
236461
209022
273938
179861
114073
126389
149346
187013
310738
300524
294881
369201
230164
132776
217122
228747
184515
215095
136449
113918
149618
167077
100806
40539
71313
142034
251578
190333
292577
271249
151442
43483
39870
78691
99168
20960
12062
19294
17095
33343
60271
100910
156750
143393
129258
35506
22004
29176
7290
79
0
1
42
275
1346
4908
15043
38390
74116
43267
6096
722
99
14
1
0
0
1
12
51
201
740
2044
3530
3661
0
0
0
0
0
0
0
0
0
0
0
0
0
0
0
0
0
0
0
0
0
0
0
0
0
0
0
0
0
0
0
0
0
0
0
0
0
0
0
0
0
0
0
0
0
0
0
0
0
0
0
0
0
0
0
0
0
0
0
0
0
0
0
0
0
0
0
0
0
0
0
0
0
0
0
0
0
0
0
0
0
0
0
0
0
0
0
0
0
0
0
0
0
0
0
0
0
0
0
0
0
0
0
0
0
0
0
0
0
0
0
0
0
0
0
0
0
0
0
0
0
0
0
0
0
0
0
0
0
0
0
0
0
0
0
0
0
0
0
0
0
0
0
0
0
0
0
0
0
0
0
0
0
0
0
0
0
0
0
0
0
0
0
0
0
0
0
0
0
0
0
0
0
0
0
0
0
0
0
0
0
0
0
0
0
0
0
0
0
0
0
0
0
0
0
0
0
0
0
0
