577536
0
0
0
0
0
0
0
0
9
39
103
539
1656
5768
18805
59256
187537
502361
713707
612259
435720
322450
259365
225664
216361
226163
256644
310936
362572
426782
528389
662707
801509
937399
1.05573e+06
1.04039e+06
1.02877e+06
1.01393e+06
972242
955402
916210
897136
928717
1.00692e+06
1.14304e+06
1.18782e+06
1.26308e+06
1.36688e+06
1.50506e+06
1.63022e+06
1.74652e+06
1.86528e+06
2.02833e+06
2.05532e+06
1.95073e+06
1.90602e+06
1.89448e+06
1.89848e+06
1.95164e+06
2.06885e+06
2.19876e+06
2.21428e+06
2.32698e+06
2.49422e+06
2.56251e+06
2.67553e+06
2.8449e+06
2.91956e+06
2.99966e+06
3.14853e+06
3.22076e+06
3.32224e+06
3.52834e+06
3.40748e+06
3.32688e+06
3.31485e+06
3.38341e+06
3.56665e+06
3.69664e+06
3.73908e+06
3.88487e+06
4.02312e+06
4.24819e+06
4.45467e+06
4.51664e+06
4.69656e+06
4.7875e+06
5.00068e+06
5.04658e+06
4.98304e+06
5.02452e+06
5.048e+06
5.19306e+06
5.17613e+06
5.28646e+06
5.39058e+06
5.59843e+06
5.71656e+06
5.84204e+06
6.06003e+06
6.39416e+06
6.62566e+06
6.6607e+06
6.81572e+06
7.04196e+06
7.15896e+06
7.07363e+06
7.03448e+06
6.98477e+06
6.99308e+06
7.07932e+06
7.31211e+06
7.75485e+06
7.81103e+06
7.90862e+06
8.03177e+06
8.10436e+06
7.9231e+06
7.78467e+06
7.80076e+06
7.73576e+06
7.67326e+06
7.618e+06
7.44817e+06
7.12388e+06
6.96855e+06
6.92066e+06
6.72285e+06
6.54397e+06
6.446e+06
6.40156e+06
6.3731e+06
6.47558e+06
6.44546e+06
6.42254e+06
6.41444e+06
6.15284e+06
5.90546e+06
5.83557e+06
5.67934e+06
5.44421e+06
5.24777e+06
4.93392e+06
4.70771e+06
4.58344e+06
4.43954e+06
4.26337e+06
4.15178e+06
4.16555e+06
4.24749e+06
4.34851e+06
4.22379e+06
4.16406e+06
3.91497e+06
3.50734e+06
3.10514e+06
2.82108e+06
2.60377e+06
2.40198e+06
2.13819e+06
1.96845e+06
1.84968e+06
1.75318e+06
1.72858e+06
1.7228e+06
1.74268e+06
1.75747e+06
1.65007e+06
1.49007e+06
1.22195e+06
1.02813e+06
866060
709987
604173
539580
501898
478459
466159
468614
471715
471585
468230
452871
354748
249912
185596
141433
110820
88017
69617
57074
47639
38955
33030
28560
22950
17036
10456
4706
0
0
0
0
0
0
0
0
0
0
0
0
0
0
0
0
0
0
0
0
0
0
0
0
0
0
0
0
0
0
0
0
0
0
0
0
0
0
0
0
0
0
0
0
0
0
0
0
0
0
0
0
0
0
0
0
0
0
0
0
0
0
0
0
0
0
0
0
0
0
0
0
0
0
0
0
0
0
0
0
0
0
0
0
0
0
0
0
0
0
0
0
0
0
0
0
0
0
0
0
0
0
0
0
0
0
0
0
0
0
0
0
0
0
0
0
0
0
0
0
0
0
0
0
0
0
0
0
0
0
0
0
0
0
0
0
0
0
0
0
0
0
0
0
0
0
0
0
0
0
0
0
0
0
0
0
0
0
0
0
0
0
0
0
0
0
0
0
0
0
0
0
0
0
0
0
0
0
0
0
0
0
0
0
0
0
0
0
0
0
0
0
0
0
0
0
0
0
0
0
