616448
0
0
0
0
0
0
0
0
9
39
103
539
1656
5768
18805
59256
187546
524123
803821
665303
460479
338287
271761
237234
228410
238800
270582
328338
383482
452367
564875
712303
863677
1.00385e+06
1.12203e+06
1.10899e+06
1.10576e+06
1.09545e+06
1.04529e+06
1.01688e+06
969903
949033
982630
1.06572e+06
1.20714e+06
1.26394e+06
1.35119e+06
1.4678e+06
1.61822e+06
1.75351e+06
1.87507e+06
1.99805e+06
2.15927e+06
2.18265e+06
2.07801e+06
2.03396e+06
2.02316e+06
2.02636e+06
2.08006e+06
2.19827e+06
2.33569e+06
2.35747e+06
2.48227e+06
2.66579e+06
2.74554e+06
2.87022e+06
3.0488e+06
3.12754e+06
3.21087e+06
3.3601e+06
3.43048e+06
3.53288e+06
3.74166e+06
3.62474e+06
3.54573e+06
3.53858e+06
3.61766e+06
3.80727e+06
3.94768e+06
4.00454e+06
4.15627e+06
4.30805e+06
4.54389e+06
4.75782e+06
4.82541e+06
5.00726e+06
5.1025e+06
5.31943e+06
5.36778e+06
5.30741e+06
5.35793e+06
5.38707e+06
5.54124e+06
5.53101e+06
5.65459e+06
5.77027e+06
5.98508e+06
6.11702e+06
6.25235e+06
6.47397e+06
6.82261e+06
7.0585e+06
7.09936e+06
7.2586e+06
7.49485e+06
7.61486e+06
7.53785e+06
7.50836e+06
7.46466e+06
7.48313e+06
7.5855e+06
7.82554e+06
8.28095e+06
8.34756e+06
8.44956e+06
8.5742e+06
8.64056e+06
8.45398e+06
8.31072e+06
8.31987e+06
8.23983e+06
8.17433e+06
8.11627e+06
7.93634e+06
7.61176e+06
7.44793e+06
7.38918e+06
7.19102e+06
7.00624e+06
6.90162e+06
6.84688e+06
6.81092e+06
6.90699e+06
6.87398e+06
6.84107e+06
6.82342e+06
6.55256e+06
6.29736e+06
6.21658e+06
6.04834e+06
5.80605e+06
5.59883e+06
5.28108e+06
5.04171e+06
4.91316e+06
4.7575e+06
4.57382e+06
4.45021e+06
4.45664e+06
4.52563e+06
4.61796e+06
4.48201e+06
4.41158e+06
4.14818e+06
3.72869e+06
3.31609e+06
3.02519e+06
2.79242e+06
2.58038e+06
2.304e+06
2.12017e+06
1.98887e+06
1.88206e+06
1.85007e+06
1.83343e+06
1.84342e+06
1.85121e+06
1.73661e+06
1.57098e+06
1.29663e+06
1.09592e+06
929026
766789
657211
587933
546833
517093
501153
499677
500667
498028
491593
473390
373353
265760
198861
151869
120472
96145
75928
61755
51211
42061
35079
29894
23720
17632
10694
4727
0
0
0
0
0
0
0
0
0
0
0
0
0
0
0
0
0
0
0
0
0
0
0
0
0
0
0
0
0
0
0
0
0
0
0
0
0
0
0
0
0
0
0
0
0
0
0
0
0
0
0
0
0
0
0
0
0
0
0
0
0
0
0
0
0
0
0
0
0
0
0
0
0
0
0
0
0
0
0
0
0
0
0
0
0
0
0
0
0
0
0
0
0
0
0
0
0
0
0
0
0
0
0
0
0
0
0
0
0
0
0
0
0
0
0
0
0
0
0
0
0
0
0
0
0
0
0
0
0
0
0
0
0
0
0
0
0
0
0
0
0
0
0
0
0
0
0
0
0
0
0
0
0
0
0
0
0
0
0
0
0
0
0
0
0
0
0
0
0
0
0
0
0
0
0
0
0
0
0
0
0
0
0
0
0
0
0
0
0
0
0
0
0
0
0
0
0
0
0
0
