208896
0
0
0
0
0
0
0
0
0
8
15
94
312
1339
5314
19681
69923
173344
240458
247997
176055
125246
93400
75020
70252
73978
87597
115607
128191
141914
173648
224531
289500
367326
441360
386904
355001
340369
335495
353622
335866
320447
334108
376776
460573
435967
427565
444586
496364
550388
607826
690000
828093
840261
724549
671911
657339
652316
679992
763705
845801
793031
822965
898782
881142
909140
1.00242e+06
1.01302e+06
1.0549e+06
1.17273e+06
1.21331e+06
1.28732e+06
1.46616e+06
1.30284e+06
1.18616e+06
1.13641e+06
1.15059e+06
1.25763e+06
1.31225e+06
1.2579e+06
1.3173e+06
1.37723e+06
1.51827e+06
1.6485e+06
1.63796e+06
1.75714e+06
1.79182e+06
1.95392e+06
1.95496e+06
1.84252e+06
1.84195e+06
1.80137e+06
1.88757e+06
1.79067e+06
1.81577e+06
1.82208e+06
1.94425e+06
1.97318e+06
2.00201e+06
2.12825e+06
2.38237e+06
2.53751e+06
2.50667e+06
2.58392e+06
2.74482e+06
2.79361e+06
2.63227e+06
2.52609e+06
2.39483e+06
2.33086e+06
2.32545e+06
2.47335e+06
2.81099e+06
2.7615e+06
2.78206e+06
2.92788e+06
3.03518e+06
2.89646e+06
2.808e+06
2.87948e+06
2.87958e+06
2.88325e+06
2.89748e+06
2.78952e+06
2.53114e+06
2.43764e+06
2.4497e+06
2.31672e+06
2.20674e+06
2.18207e+06
2.18972e+06
2.22395e+06
2.38262e+06
2.41772e+06
2.45488e+06
2.51424e+06
2.33194e+06
2.17861e+06
2.20142e+06
2.14099e+06
1.99725e+06
1.90471e+06
1.69106e+06
1.55323e+06
1.50243e+06
1.46155e+06
1.37267e+06
1.3365e+06
1.42929e+06
1.58923e+06
1.77436e+06
1.74361e+06
1.79929e+06
1.65476e+06
1.3634e+06
1.08132e+06
925552
835817
753849
601600
546822
540374
550796
606054
672816
755356
832357
791759
702314
501958
376341
279451
180457
127133
106575
104820
115314
134639
160839
189281
215629
238453
248040
177920
99278
61181
38241
24996
16803
12544
10818
11139
11700
13125
13972
13534
11575
8175
4412
0
0
0
0
0
0
0
0
0
0
0
0
0
0
0
0
0
0
0
0
0
0
0
0
0
0
0
0
0
0
0
0
0
0
0
0
0
0
0
0
0
0
0
0
0
0
0
0
0
0
0
0
0
0
0
0
0
0
0
0
0
0
0
0
0
0
0
0
0
0
0
0
0
0
0
0
0
0
0
0
0
0
0
0
0
0
0
0
0
0
0
0
0
0
0
0
0
0
0
0
0
0
0
0
0
0
0
0
0
0
0
0
0
0
0
0
0
0
0
0
0
0
0
0
0
0
0
0
0
0
0
0
0
0
0
0
0
0
0
0
0
0
0
0
0
0
0
0
0
0
0
0
0
0
0
0
0
0
0
0
0
0
0
0
0
0
0
0
0
0
0
0
0
0
0
0
0
0
0
0
0
0
0
0
0
0
0
0
0
0
0
0
0
0
0
0
0
0
0
0
