372736
0
0
0
0
0
0
0
0
6
29
79
413
1315
4555
14790
47469
144874
315881
400998
390619
293536
221121
175297
149016
140804
147493
167992
207807
237917
273493
332470
413520
508565
613611
711208
672918
643759
626561
614986
625119
602859
589465
611108
667723
771694
775540
799313
848651
933032
1.01814e+06
1.10289e+06
1.20461e+06
1.35524e+06
1.38127e+06
1.27408e+06
1.22457e+06
1.21145e+06
1.21156e+06
1.2528e+06
1.35456e+06
1.454e+06
1.42976e+06
1.49188e+06
1.60247e+06
1.62036e+06
1.68267e+06
1.81033e+06
1.84916e+06
1.912e+06
2.05235e+06
2.11028e+06
2.20319e+06
2.39511e+06
2.24554e+06
2.14474e+06
2.1132e+06
2.14489e+06
2.27932e+06
2.3635e+06
2.35102e+06
2.44859e+06
2.5446e+06
2.72422e+06
2.89186e+06
2.91842e+06
3.06894e+06
3.13097e+06
3.31645e+06
3.33861e+06
3.24703e+06
3.26925e+06
3.24873e+06
3.3561e+06
3.28763e+06
3.34527e+06
3.3918e+06
3.55776e+06
3.62683e+06
3.70162e+06
3.87714e+06
4.16659e+06
4.35834e+06
4.36464e+06
4.4788e+06
4.66896e+06
4.74526e+06
4.61398e+06
4.53281e+06
4.43465e+06
4.39859e+06
4.42589e+06
4.60963e+06
4.98891e+06
4.98874e+06
5.0513e+06
5.19375e+06
5.29462e+06
5.14034e+06
5.03301e+06
5.08596e+06
5.05652e+06
5.02602e+06
5.00648e+06
4.86103e+06
4.5609e+06
4.43779e+06
4.42747e+06
4.26126e+06
4.11859e+06
4.06802e+06
4.05246e+06
4.05712e+06
4.19704e+06
4.21006e+06
4.22884e+06
4.25965e+06
4.04544e+06
3.85514e+06
3.83099e+06
3.72962e+06
3.53848e+06
3.39099e+06
3.12146e+06
2.93618e+06
2.8453e+06
2.7607e+06
2.63863e+06
2.57168e+06
2.64218e+06
2.78315e+06
2.9386e+06
2.86861e+06
2.87517e+06
2.68155e+06
2.32897e+06
1.98173e+06
1.7616e+06
1.60857e+06
1.46777e+06
1.26063e+06
1.15842e+06
1.10887e+06
1.07606e+06
1.10421e+06
1.14561e+06
1.20796e+06
1.26326e+06
1.19367e+06
1.07055e+06
834146
669002
534282
404988
326231
286694
270567
268840
279753
298205
320249
336445
346728
344497
260666
168207
116984
83377
61005
45966
35987
29655
26783
23721
22461
20992
18318
14461
9374
4535
0
0
0
0
0
0
0
0
0
0
0
0
0
0
0
0
0
0
0
0
0
0
0
0
0
0
0
0
0
0
0
0
0
0
0
0
0
0
0
0
0
0
0
0
0
0
0
0
0
0
0
0
0
0
0
0
0
0
0
0
0
0
0
0
0
0
0
0
0
0
0
0
0
0
0
0
0
0
0
0
0
0
0
0
0
0
0
0
0
0
0
0
0
0
0
0
0
0
0
0
0
0
0
0
0
0
0
0
0
0
0
0
0
0
0
0
0
0
0
0
0
0
0
0
0
0
0
0
0
0
0
0
0
0
0
0
0
0
0
0
0
0
0
0
0
0
0
0
0
0
0
0
0
0
0
0
0
0
0
0
0
0
0
0
0
0
0
0
0
0
0
0
0
0
0
0
0
0
0
0
0
0
0
0
0
0
0
0
0
0
0
0
0
0
0
0
0
0
0
0
