778240
0
0
0
0
0
0
0
0
9
39
103
539
1656
5768
18805
59256
187550
589356
1.19869e+06
901981
565621
401753
320831
283561
274485
287802
328098
394178
467237
560863
715288
919626
1.12336e+06
1.29329e+06
1.40176e+06
1.38522e+06
1.41855e+06
1.44421e+06
1.36194e+06
1.27705e+06
1.19119e+06
1.16409e+06
1.19636e+06
1.29205e+06
1.46667e+06
1.56922e+06
1.71689e+06
1.89408e+06
2.10086e+06
2.27534e+06
2.4239e+06
2.54967e+06
2.70412e+06
2.71311e+06
2.60293e+06
2.57026e+06
2.55837e+06
2.55878e+06
2.60875e+06
2.72582e+06
2.88684e+06
2.94733e+06
3.13185e+06
3.37286e+06
3.51336e+06
3.68868e+06
3.90885e+06
4.00664e+06
4.0928e+06
4.23727e+06
4.30952e+06
4.41207e+06
4.62248e+06
4.51485e+06
4.44575e+06
4.46858e+06
4.57983e+06
4.79739e+06
4.99456e+06
5.09858e+06
5.29687e+06
5.50638e+06
5.7806e+06
6.02319e+06
6.10976e+06
6.31105e+06
6.41553e+06
6.64163e+06
6.70196e+06
6.66478e+06
6.72326e+06
6.78629e+06
6.98241e+06
7.00358e+06
7.17311e+06
7.34068e+06
7.6106e+06
7.78338e+06
7.96046e+06
8.22536e+06
8.60865e+06
8.86532e+06
8.91511e+06
9.0983e+06
9.36272e+06
9.51046e+06
9.46694e+06
9.46572e+06
9.46588e+06
9.5355e+06
9.67691e+06
9.95142e+06
1.04668e+07
1.05693e+07
1.07105e+07
1.08302e+07
1.08846e+07
1.068e+07
1.04952e+07
1.04578e+07
1.03528e+07
1.02539e+07
1.0166e+07
9.96086e+06
9.62939e+06
9.44836e+06
9.36799e+06
9.13986e+06
8.92557e+06
8.78538e+06
8.69424e+06
8.63924e+06
8.70449e+06
8.64757e+06
8.59091e+06
8.52565e+06
8.21177e+06
7.91279e+06
7.79963e+06
7.59051e+06
7.2926e+06
7.07247e+06
6.7168e+06
6.44941e+06
6.27472e+06
6.07997e+06
5.86137e+06
5.6932e+06
5.66457e+06
5.69229e+06
5.7364e+06
5.55427e+06
5.43334e+06
5.11748e+06
4.65144e+06
4.19676e+06
3.8555e+06
3.58606e+06
3.32567e+06
2.99492e+06
2.75241e+06
2.5752e+06
2.41934e+06
2.34825e+06
2.29305e+06
2.26923e+06
2.23822e+06
2.09271e+06
1.90224e+06
1.6042e+06
1.37992e+06
1.19278e+06
1.00881e+06
878690
786437
725601
682058
649647
635149
617674
604818
589673
559369
447250
330580
254873
198725
160702
127082
103544
82069
66901
54012
43362
35447
27104
19871
11367
4819
0
0
0
0
0
0
0
0
0
0
0
0
0
0
0
0
0
0
0
0
0
0
0
0
0
0
0
0
0
0
0
0
0
0
0
0
0
0
0
0
0
0
0
0
0
0
0
0
0
0
0
0
0
0
0
0
0
0
0
0
0
0
0
0
0
0
0
0
0
0
0
0
0
0
0
0
0
0
0
0
0
0
0
0
0
0
0
0
0
0
0
0
0
0
0
0
0
0
0
0
0
0
0
0
0
0
0
0
0
0
0
0
0
0
0
0
0
0
0
0
0
0
0
0
0
0
0
0
0
0
0
0
0
0
0
0
0
0
0
0
0
0
0
0
0
0
0
0
0
0
0
0
0
0
0
0
0
0
0
0
0
0
0
0
0
0
0
0
0
0
0
0
0
0
0
0
0
0
0
0
0
0
0
0
0
0
0
0
0
0
0
0
0
0
0
0
0
0
0
0
