288768
0
0
0
0
0
0
0
0
0
16
41
224
798
2810
9663
32780
105965
242854
319318
318727
233811
172376
133512
111109
104537
109439
126068
160082
180456
205832
250395
316234
396061
488480
573652
527341
497052
479791
472473
486714
466491
451460
468652
518104
611311
599742
607070
641064
707392
776375
849823
943396
1.08833e+06
1.1063e+06
994729
942401
928203
924583
957479
1.0501e+06
1.14086e+06
1.10164e+06
1.14768e+06
1.23897e+06
1.24042e+06
1.28562e+06
1.39625e+06
1.42188e+06
1.47503e+06
1.60556e+06
1.65314e+06
1.73531e+06
1.92036e+06
1.76258e+06
1.65381e+06
1.61104e+06
1.63472e+06
1.75381e+06
1.8203e+06
1.78723e+06
1.86734e+06
1.94409e+06
2.10648e+06
2.25561e+06
2.2651e+06
2.39818e+06
2.44703e+06
2.62125e+06
2.63354e+06
2.52922e+06
2.53867e+06
2.50629e+06
2.60254e+06
2.51874e+06
2.55877e+06
2.58297e+06
2.72631e+06
2.77568e+06
2.82735e+06
2.9803e+06
3.25272e+06
3.42957e+06
3.41827e+06
3.51213e+06
3.68784e+06
3.74616e+06
3.6008e+06
3.50561e+06
3.39124e+06
3.33724e+06
3.34438e+06
3.50527e+06
3.8673e+06
3.84335e+06
3.885e+06
4.03345e+06
4.13931e+06
3.99182e+06
3.89668e+06
3.95963e+06
3.94709e+06
3.9345e+06
3.93013e+06
3.80067e+06
3.51725e+06
3.40991e+06
3.40812e+06
3.2581e+06
3.13278e+06
3.09398e+06
3.09523e+06
3.11507e+06
3.2664e+06
3.29373e+06
3.32524e+06
3.37188e+06
3.17508e+06
3.00457e+06
3e+06
2.91864e+06
2.75208e+06
2.62731e+06
2.3816e+06
2.21766e+06
2.14611e+06
2.08494e+06
1.98098e+06
1.93403e+06
2.02096e+06
2.17646e+06
2.35147e+06
2.30422e+06
2.33497e+06
2.16459e+06
1.83797e+06
1.52086e+06
1.33046e+06
1.20481e+06
1.0943e+06
913979
835186
810156
803167
849005
907622
983952
1.05329e+06
997596
889107
667822
519463
400857
284158
218109
189289
180888
187106
204114
227880
255180
278054
295056
297902
219988
133958
88134
59354
41713
30014
22964
19492
18516
17372
17831
17595
16278
13319
8906
4494
0
0
0
0
0
0
0
0
0
0
0
0
0
0
0
0
0
0
0
0
0
0
0
0
0
0
0
0
0
0
0
0
0
0
0
0
0
0
0
0
0
0
0
0
0
0
0
0
0
0
0
0
0
0
0
0
0
0
0
0
0
0
0
0
0
0
0
0
0
0
0
0
0
0
0
0
0
0
0
0
0
0
0
0
0
0
0
0
0
0
0
0
0
0
0
0
0
0
0
0
0
0
0
0
0
0
0
0
0
0
0
0
0
0
0
0
0
0
0
0
0
0
0
0
0
0
0
0
0
0
0
0
0
0
0
0
0
0
0
0
0
0
0
0
0
0
0
0
0
0
0
0
0
0
0
0
0
0
0
0
0
0
0
0
0
0
0
0
0
0
0
0
0
0
0
0
0
0
0
0
0
0
0
0
0
0
0
0
0
0
0
0
0
0
0
0
0
0
0
0
