735232
0
0
0
0
0
0
0
0
9
39
103
539
1656
5768
18805
59256
187550
574689
1.09188e+06
837106
537593
384856
307854
271774
262784
274685
312974
377262
445784
531303
675337
865522
1.05329e+06
1.21546e+06
1.32685e+06
1.31315e+06
1.33526e+06
1.3509e+06
1.27623e+06
1.20636e+06
1.13309e+06
1.10778e+06
1.1404e+06
1.23325e+06
1.39904e+06
1.48861e+06
1.62045e+06
1.78066e+06
1.9716e+06
2.13496e+06
2.27726e+06
2.4018e+06
2.5596e+06
2.57102e+06
2.46409e+06
2.42701e+06
2.41594e+06
2.41668e+06
2.46996e+06
2.587e+06
2.74253e+06
2.79177e+06
2.96042e+06
3.18251e+06
3.3101e+06
3.47009e+06
3.67816e+06
3.76996e+06
3.8577e+06
4.00512e+06
4.07665e+06
4.17698e+06
4.38951e+06
4.27705e+06
4.20877e+06
4.22207e+06
4.32605e+06
4.53505e+06
4.71799e+06
4.80836e+06
4.9922e+06
5.1851e+06
5.45032e+06
5.68724e+06
5.76829e+06
5.96077e+06
6.0664e+06
6.29023e+06
6.34737e+06
6.30573e+06
6.36288e+06
6.41506e+06
6.59875e+06
6.6136e+06
6.7721e+06
6.92445e+06
7.17548e+06
7.33857e+06
7.50784e+06
7.75627e+06
8.13178e+06
8.38371e+06
8.43606e+06
8.60661e+06
8.86701e+06
9.00666e+06
8.95464e+06
8.94839e+06
8.93561e+06
8.98991e+06
9.12176e+06
9.38487e+06
9.88818e+06
9.97743e+06
1.0105e+07
1.02317e+07
1.02871e+07
1.00872e+07
9.91682e+06
9.88905e+06
9.7924e+06
9.69931e+06
9.62137e+06
9.42441e+06
9.09264e+06
8.91596e+06
8.84219e+06
8.62244e+06
8.41612e+06
8.28228e+06
8.20538e+06
8.15039e+06
8.22586e+06
8.17884e+06
8.12515e+06
8.07137e+06
7.77276e+06
7.48355e+06
7.3788e+06
7.18194e+06
6.89927e+06
6.67892e+06
6.33533e+06
6.07305e+06
5.91185e+06
5.72937e+06
5.51859e+06
5.36262e+06
5.34583e+06
5.38139e+06
5.44008e+06
5.26844e+06
5.16297e+06
4.85878e+06
4.40512e+06
3.9638e+06
3.63565e+06
3.37321e+06
3.12785e+06
2.81204e+06
2.58288e+06
2.41949e+06
2.27445e+06
2.2171e+06
2.17076e+06
2.15649e+06
2.1364e+06
1.99925e+06
1.81408e+06
1.52222e+06
1.30365e+06
1.12178e+06
945437
818572
734314
678571
638172
610145
599137
585874
576404
564126
537166
426911
313782
240013
185791
150133
118851
96359
76486
62500
50878
41237
33955
26213
19377
11199
4803
0
0
0
0
0
0
0
0
0
0
0
0
0
0
0
0
0
0
0
0
0
0
0
0
0
0
0
0
0
0
0
0
0
0
0
0
0
0
0
0
0
0
0
0
0
0
0
0
0
0
0
0
0
0
0
0
0
0
0
0
0
0
0
0
0
0
0
0
0
0
0
0
0
0
0
0
0
0
0
0
0
0
0
0
0
0
0
0
0
0
0
0
0
0
0
0
0
0
0
0
0
0
0
0
0
0
0
0
0
0
0
0
0
0
0
0
0
0
0
0
0
0
0
0
0
0
0
0
0
0
0
0
0
0
0
0
0
0
0
0
0
0
0
0
0
0
0
0
0
0
0
0
0
0
0
0
0
0
0
0
0
0
0
0
0
0
0
0
0
0
0
0
0
0
0
0
0
0
0
0
0
0
0
0
0
0
0
0
0
0
0
0
0
0
0
0
0
0
0
0
