792576
0
0
0
0
0
0
0
0
9
39
103
539
1656
5768
18805
59256
187550
594013
1.23444e+06
923899
574914
407475
324957
287377
278523
292281
333005
399646
474538
570644
728047
937859
1.14713e+06
1.31946e+06
1.42668e+06
1.40925e+06
1.44603e+06
1.47516e+06
1.39103e+06
1.30056e+06
1.21043e+06
1.18282e+06
1.2148e+06
1.31189e+06
1.48942e+06
1.59574e+06
1.7486e+06
1.93186e+06
2.14417e+06
2.3223e+06
2.47339e+06
2.59907e+06
2.75193e+06
2.76024e+06
2.6493e+06
2.61777e+06
2.60601e+06
2.60648e+06
2.65505e+06
2.77174e+06
2.93471e+06
2.99932e+06
3.18884e+06
3.4365e+06
3.58028e+06
3.76224e+06
3.986e+06
4.08556e+06
4.17091e+06
4.31573e+06
4.38666e+06
4.49041e+06
4.69946e+06
4.59431e+06
4.52541e+06
4.55058e+06
4.6642e+06
4.88472e+06
5.08624e+06
5.19581e+06
5.39778e+06
5.61399e+06
5.89032e+06
6.13566e+06
6.22402e+06
6.42686e+06
6.53327e+06
6.75876e+06
6.81997e+06
6.78361e+06
6.84306e+06
6.9099e+06
7.11028e+06
7.13471e+06
7.30632e+06
7.47884e+06
7.75596e+06
7.93139e+06
8.11215e+06
8.38112e+06
8.76772e+06
9.02703e+06
9.07388e+06
9.26323e+06
9.52662e+06
9.67939e+06
9.63731e+06
9.63723e+06
9.64238e+06
9.71809e+06
9.86175e+06
1.01397e+07
1.0661e+07
1.07664e+07
1.09118e+07
1.10301e+07
1.10843e+07
1.08765e+07
1.06884e+07
1.06468e+07
1.05407e+07
1.04391e+07
1.03486e+07
1.01388e+07
9.80763e+06
9.6254e+06
9.54353e+06
9.3114e+06
9.09568e+06
8.95446e+06
8.85628e+06
8.80247e+06
8.86439e+06
8.80475e+06
8.74506e+06
8.67642e+06
8.35892e+06
8.05571e+06
7.93928e+06
7.72578e+06
7.42567e+06
7.20235e+06
6.8449e+06
6.57398e+06
6.39683e+06
6.19659e+06
5.97506e+06
5.80446e+06
5.77052e+06
5.79544e+06
5.83461e+06
5.6496e+06
5.5242e+06
5.20351e+06
4.73393e+06
4.27364e+06
3.92918e+06
3.65677e+06
3.39202e+06
3.05531e+06
2.8087e+06
2.62791e+06
2.46731e+06
2.3927e+06
2.33321e+06
2.30653e+06
2.27257e+06
2.12392e+06
1.93192e+06
1.63103e+06
1.40535e+06
1.21605e+06
1.03038e+06
898473
803548
741737
696773
662447
647249
628420
614300
598242
566753
454041
336117
259881
203026
164213
129822
105891
84079
68329
54983
44107
35950
27387
20028
11417
4826
0
0
0
0
0
0
0
0
0
0
0
0
0
0
0
0
0
0
0
0
0
0
0
0
0
0
0
0
0
0
0
0
0
0
0
0
0
0
0
0
0
0
0
0
0
0
0
0
0
0
0
0
0
0
0
0
0
0
0
0
0
0
0
0
0
0
0
0
0
0
0
0
0
0
0
0
0
0
0
0
0
0
0
0
0
0
0
0
0
0
0
0
0
0
0
0
0
0
0
0
0
0
0
0
0
0
0
0
0
0
0
0
0
0
0
0
0
0
0
0
0
0
0
0
0
0
0
0
0
0
0
0
0
0
0
0
0
0
0
0
0
0
0
0
0
0
0
0
0
0
0
0
0
0
0
0
0
0
0
0
0
0
0
0
0
0
0
0
0
0
0
0
0
0
0
0
0
0
0
0
0
0
0
0
0
0
0
0
0
0
0
0
0
0
0
0
0
0
0
0
