675840
0
0
0
0
0
0
0
0
9
39
103
539
1656
5768
18805
59256
187550
551902
945919
749750
498714
361641
290015
254596
246163
257666
291516
352961
414944
491666
620143
789802
957792
1.10811e+06
1.22432e+06
1.21146e+06
1.22164e+06
1.22244e+06
1.15942e+06
1.111e+06
1.05146e+06
1.02835e+06
1.0626e+06
1.15181e+06
1.30327e+06
1.37739e+06
1.48547e+06
1.62385e+06
1.79423e+06
1.94312e+06
2.07502e+06
2.19941e+06
2.35957e+06
2.37626e+06
2.27295e+06
2.22889e+06
2.2186e+06
2.22289e+06
2.27506e+06
2.39526e+06
2.53934e+06
2.57492e+06
2.72245e+06
2.92338e+06
3.0281e+06
3.16769e+06
3.3624e+06
3.44695e+06
3.53536e+06
3.68291e+06
3.75349e+06
3.85496e+06
4.06486e+06
3.95089e+06
3.87917e+06
3.88138e+06
3.97287e+06
4.17358e+06
4.33151e+06
4.40736e+06
4.5722e+06
4.74201e+06
4.99828e+06
5.22384e+06
5.29572e+06
5.48256e+06
5.58494e+06
5.80584e+06
5.8577e+06
5.80669e+06
5.86154e+06
5.90185e+06
6.07e+06
6.07419e+06
6.21348e+06
6.34735e+06
6.57871e+06
6.72705e+06
6.8796e+06
7.11309e+06
7.47686e+06
7.72088e+06
7.76962e+06
7.93425e+06
8.17748e+06
8.31219e+06
8.247e+06
8.23101e+06
8.20038e+06
8.23358e+06
8.35289e+06
8.60709e+06
9.08582e+06
9.16304e+06
9.27308e+06
9.40338e+06
9.46578e+06
9.26767e+06
9.11323e+06
9.10673e+06
9.01656e+06
8.93518e+06
8.87106e+06
8.6831e+06
8.35078e+06
8.18102e+06
8.11462e+06
7.90425e+06
7.71063e+06
7.59559e+06
7.52654e+06
7.47745e+06
7.56747e+06
7.52869e+06
7.4811e+06
7.4465e+06
7.16501e+06
6.89158e+06
6.79601e+06
6.61614e+06
6.35301e+06
6.13782e+06
5.80972e+06
5.5546e+06
5.41181e+06
5.24396e+06
5.04594e+06
4.90648e+06
4.90271e+06
4.95446e+06
5.02706e+06
4.87575e+06
4.78927e+06
4.50356e+06
4.06637e+06
3.64086e+06
3.32864e+06
3.08328e+06
2.8526e+06
2.5585e+06
2.35158e+06
2.20266e+06
2.0783e+06
2.03412e+06
2.00202e+06
2.00072e+06
1.99465e+06
1.86756e+06
1.69404e+06
1.40982e+06
1.19838e+06
1.02468e+06
855788
737673
661073
613867
577336
555238
549094
543155
537513
528501
505159
400331
289993
219263
167939
135641
107950
85999
69077
56660
46380
38209
32052
24947
18513
10963
4780
0
0
0
0
0
0
0
0
0
0
0
0
0
0
0
0
0
0
0
0
0
0
0
0
0
0
0
0
0
0
0
0
0
0
0
0
0
0
0
0
0
0
0
0
0
0
0
0
0
0
0
0
0
0
0
0
0
0
0
0
0
0
0
0
0
0
0
0
0
0
0
0
0
0
0
0
0
0
0
0
0
0
0
0
0
0
0
0
0
0
0
0
0
0
0
0
0
0
0
0
0
0
0
0
0
0
0
0
0
0
0
0
0
0
0
0
0
0
0
0
0
0
0
0
0
0
0
0
0
0
0
0
0
0
0
0
0
0
0
0
0
0
0
0
0
0
0
0
0
0
0
0
0
0
0
0
0
0
0
0
0
0
0
0
0
0
0
0
0
0
0
0
0
0
0
0
0
0
0
0
0
0
0
0
0
0
0
0
0
0
0
0
0
0
0
0
0
0
0
0
