219136
0
0
0
0
0
0
0
0
0
12
18
106
348
1481
5850
21279
74578
182285
250736
257231
183561
131098
98593
79683
74567
78484
92455
121039
134935
149880
183462
236499
303044
382944
458872
405186
373077
358151
352895
370716
352528
337458
351347
394505
479804
456811
450489
469545
523357
579366
639209
723062
861766
874511
759366
706532
691976
686752
715266
800063
883292
832680
864485
942481
927235
957465
1.05293e+06
1.06568e+06
1.10946e+06
1.2285e+06
1.26938e+06
1.34466e+06
1.5246e+06
1.36274e+06
1.24595e+06
1.19672e+06
1.21203e+06
1.32096e+06
1.37734e+06
1.32591e+06
1.38728e+06
1.44949e+06
1.59346e+06
1.72646e+06
1.71835e+06
1.83976e+06
1.87652e+06
2.0397e+06
2.04289e+06
1.93153e+06
1.93131e+06
1.89118e+06
1.9788e+06
1.8839e+06
1.91046e+06
1.91864e+06
2.04401e+06
2.07501e+06
2.10745e+06
2.23781e+06
2.49456e+06
2.6525e+06
2.62413e+06
2.70338e+06
2.86691e+06
2.91753e+06
2.7563e+06
2.6511e+06
2.52256e+06
2.45852e+06
2.45528e+06
2.6051e+06
2.94558e+06
2.89916e+06
2.92371e+06
3.06997e+06
3.17602e+06
3.03733e+06
2.94857e+06
3.01913e+06
3.01733e+06
3.01973e+06
3.03019e+06
2.91936e+06
2.65679e+06
2.56154e+06
2.57172e+06
2.43587e+06
2.32444e+06
2.29794e+06
2.3044e+06
2.33744e+06
2.49632e+06
2.53074e+06
2.56838e+06
2.62595e+06
2.44104e+06
2.28481e+06
2.30432e+06
2.24208e+06
2.09474e+06
1.99734e+06
1.77792e+06
1.6368e+06
1.58295e+06
1.53977e+06
1.44863e+06
1.4121e+06
1.50529e+06
1.66581e+06
1.85001e+06
1.81706e+06
1.87053e+06
1.72166e+06
1.4256e+06
1.13787e+06
977076
881640
795757
639508
581823
573824
582782
637581
703834
785773
861805
819533
727605
524141
394998
294603
193158
137900
116179
113780
123939
143504
169349
198173
224208
246381
254776
183371
103877
64609
40857
27119
18378
13684
11873
12048
12406
13733
14467
13941
11824
8294
4434
0
0
0
0
0
0
0
0
0
0
0
0
0
0
0
0
0
0
0
0
0
0
0
0
0
0
0
0
0
0
0
0
0
0
0
0
0
0
0
0
0
0
0
0
0
0
0
0
0
0
0
0
0
0
0
0
0
0
0
0
0
0
0
0
0
0
0
0
0
0
0
0
0
0
0
0
0
0
0
0
0
0
0
0
0
0
0
0
0
0
0
0
0
0
0
0
0
0
0
0
0
0
0
0
0
0
0
0
0
0
0
0
0
0
0
0
0
0
0
0
0
0
0
0
0
0
0
0
0
0
0
0
0
0
0
0
0
0
0
0
0
0
0
0
0
0
0
0
0
0
0
0
0
0
0
0
0
0
0
0
0
0
0
0
0
0
0
0
0
0
0
0
0
0
0
0
0
0
0
0
0
0
0
0
0
0
0
0
0
0
0
0
0
0
0
0
0
0
0
0
