294912
0
0
0
0
0
0
0
0
0
16
47
232
831
2926
10066
33802
108754
248218
325308
324056
238219
176035
136576
114014
106949
112127
129167
163584
184737
210804
256194
323323
404140
497610
583882
537982
508109
490443
482976
497053
476439
461548
478990
528941
623073
612563
620731
656098
723827
794052
868373
962829
1.10822e+06
1.12654e+06
1.01517e+06
963174
949265
945656
978759
1.07208e+06
1.16368e+06
1.12551e+06
1.17242e+06
1.26516e+06
1.26826e+06
1.31469e+06
1.42671e+06
1.45329e+06
1.50743e+06
1.63854e+06
1.68698e+06
1.7696e+06
1.95503e+06
1.79795e+06
1.68984e+06
1.64762e+06
1.67182e+06
1.79217e+06
1.85954e+06
1.82788e+06
1.90964e+06
1.98842e+06
2.152e+06
2.30182e+06
2.31327e+06
2.44734e+06
2.49734e+06
2.67281e+06
2.68575e+06
2.58136e+06
2.59128e+06
2.56038e+06
2.65808e+06
2.57538e+06
2.6159e+06
2.6419e+06
2.78698e+06
2.83765e+06
2.89073e+06
3.04524e+06
3.32015e+06
3.49797e+06
3.48816e+06
3.58396e+06
3.76056e+06
3.81891e+06
3.6743e+06
3.58018e+06
3.46764e+06
3.41459e+06
3.42361e+06
3.58546e+06
3.94904e+06
3.92702e+06
3.97e+06
4.11875e+06
4.22461e+06
4.07569e+06
3.98023e+06
4.04218e+06
4.02829e+06
4.01489e+06
4.00923e+06
3.87809e+06
3.59347e+06
3.48402e+06
3.48282e+06
3.33124e+06
3.20449e+06
3.16537e+06
3.16532e+06
3.18383e+06
3.33474e+06
3.36107e+06
3.39157e+06
3.43739e+06
3.23893e+06
3.06668e+06
3.06121e+06
2.97812e+06
2.80945e+06
2.68266e+06
2.43539e+06
2.26991e+06
2.197e+06
2.13383e+06
2.0287e+06
1.98079e+06
2.06657e+06
2.22147e+06
2.39459e+06
2.34581e+06
2.37497e+06
2.20269e+06
1.87437e+06
1.55432e+06
1.36172e+06
1.2344e+06
1.12139e+06
938898
858554
831434
822877
867749
925023
1.00074e+06
1.06933e+06
1.01257e+06
902517
680323
530399
410352
292779
225669
196234
187202
193080
209600
232970
260014
282435
299011
301550
223106
136489
90198
60992
43044
31162
23917
20241
19113
17770
18212
17848
16442
13415
8945
4496
0
0
0
0
0
0
0
0
0
0
0
0
0
0
0
0
0
0
0
0
0
0
0
0
0
0
0
0
0
0
0
0
0
0
0
0
0
0
0
0
0
0
0
0
0
0
0
0
0
0
0
0
0
0
0
0
0
0
0
0
0
0
0
0
0
0
0
0
0
0
0
0
0
0
0
0
0
0
0
0
0
0
0
0
0
0
0
0
0
0
0
0
0
0
0
0
0
0
0
0
0
0
0
0
0
0
0
0
0
0
0
0
0
0
0
0
0
0
0
0
0
0
0
0
0
0
0
0
0
0
0
0
0
0
0
0
0
0
0
0
0
0
0
0
0
0
0
0
0
0
0
0
0
0
0
0
0
0
0
0
0
0
0
0
0
0
0
0
0
0
0
0
0
0
0
0
0
0
0
0
0
0
0
0
0
0
0
0
0
0
0
0
0
0
0
0
0
0
0
0
