145408
0
0
0
0
0
0
0
0
0
6
3
28
141
553
2521
10420
42529
118686
174812
189211
127610
85912
60828
47235
44019
47882
59267
82851
89163
93610
112986
150971
202712
268645
333677
272906
240472
226796
226237
247344
232880
218191
228555
266231
342369
309155
288429
293184
330000
369998
412763
484138
614006
622837
505961
455194
442942
435942
461533
540299
616500
553441
568471
631593
597609
610418
691256
687553
717667
822152
853636
921805
1.09805e+06
932294
816037
764705
773593
872240
914837
845795
889772
930222
1.05088e+06
1.16285e+06
1.13423e+06
1.23768e+06
1.26081e+06
1.41102e+06
1.40769e+06
1.28966e+06
1.2861e+06
1.24311e+06
1.3254e+06
1.2204e+06
1.23662e+06
1.23078e+06
1.33473e+06
1.34336e+06
1.35029e+06
1.45524e+06
1.68434e+06
1.81449e+06
1.76617e+06
1.8306e+06
1.97798e+06
2.02364e+06
1.8606e+06
1.75061e+06
1.61715e+06
1.54446e+06
1.53018e+06
1.66271e+06
1.983e+06
1.91148e+06
1.91029e+06
2.04914e+06
2.1539e+06
2.01866e+06
1.93318e+06
2.00613e+06
2.01579e+06
2.03468e+06
2.07374e+06
1.98953e+06
1.74981e+06
1.67567e+06
1.70331e+06
1.57997e+06
1.47897e+06
1.46232e+06
1.47748e+06
1.52132e+06
1.68469e+06
1.72187e+06
1.75442e+06
1.82104e+06
1.64488e+06
1.50434e+06
1.54708e+06
1.5122e+06
1.39653e+06
1.33468e+06
1.15416e+06
1.04526e+06
1.01602e+06
990944
908266
871193
957890
1.10957e+06
1.2961e+06
1.27298e+06
1.34515e+06
1.22792e+06
972149
730746
612246
558249
505232
375983
337655
339145
354158
409117
476465
559745
640398
609519
538002
360966
260682
187166
106640
66290
53470
54538
64788
81800
104928
131259
159360
185848
203007
141035
70545
40057
22480
13536
8129
5987
5537
6108
7096
8993
10321
10469
9820
7525
4285
0
0
0
0
0
0
0
0
0
0
0
0
0
0
0
0
0
0
0
0
0
0
0
0
0
0
0
0
0
0
0
0
0
0
0
0
0
0
0
0
0
0
0
0
0
0
0
0
0
0
0
0
0
0
0
0
0
0
0
0
0
0
0
0
0
0
0
0
0
0
0
0
0
0
0
0
0
0
0
0
0
0
0
0
0
0
0
0
0
0
0
0
0
0
0
0
0
0
0
0
0
0
0
0
0
0
0
0
0
0
0
0
0
0
0
0
0
0
0
0
0
0
0
0
0
0
0
0
0
0
0
0
0
0
0
0
0
0
0
0
0
0
0
0
0
0
0
0
0
0
0
0
0
0
0
0
0
0
0
0
0
0
0
0
0
0
0
0
0
0
0
0
0
0
0
0
0
0
0
0
0
0
0
0
0
0
0
0
0
0
0
0
0
0
0
0
0
0
0
0
