374784
0
0
0
0
0
0
0
0
6
31
79
416
1326
4591
14927
47817
145879
317643
402942
392366
294946
222358
176299
149948
141747
148423
169027
208958
239272
275179
334429
415920
511315
616682
714514
676575
647195
630139
618489
628432
606253
592829
614600
671358
775649
779902
804127
853715
938345
1.02393e+06
1.10903e+06
1.21104e+06
1.36183e+06
1.38796e+06
1.28091e+06
1.23138e+06
1.21836e+06
1.21857e+06
1.25994e+06
1.36201e+06
1.46172e+06
1.43789e+06
1.50037e+06
1.61122e+06
1.62956e+06
1.69238e+06
1.82038e+06
1.85954e+06
1.9226e+06
2.06325e+06
2.12148e+06
2.21454e+06
2.40673e+06
2.25735e+06
2.15671e+06
2.12529e+06
2.15735e+06
2.2924e+06
2.37665e+06
2.36507e+06
2.46272e+06
2.55914e+06
2.73922e+06
2.9073e+06
2.93441e+06
3.08522e+06
3.14749e+06
3.3334e+06
3.35575e+06
3.26463e+06
3.28715e+06
3.26681e+06
3.37426e+06
3.30637e+06
3.3649e+06
3.41165e+06
3.57803e+06
3.64773e+06
3.72301e+06
3.89881e+06
4.18883e+06
4.38102e+06
4.38757e+06
4.50225e+06
4.69261e+06
4.76949e+06
4.63898e+06
4.55781e+06
4.45993e+06
4.42474e+06
4.45232e+06
4.6367e+06
5.01632e+06
5.01684e+06
5.07989e+06
5.22229e+06
5.32277e+06
5.1683e+06
5.06017e+06
5.11315e+06
5.08342e+06
5.0528e+06
5.03258e+06
4.88694e+06
4.58651e+06
4.46296e+06
4.45245e+06
4.28564e+06
4.14287e+06
4.0918e+06
4.0759e+06
4.07999e+06
4.21997e+06
4.23241e+06
4.25064e+06
4.28112e+06
4.06661e+06
3.87582e+06
3.85137e+06
3.74934e+06
3.55763e+06
3.40971e+06
3.13942e+06
2.9537e+06
2.86234e+06
2.77751e+06
2.65479e+06
2.58735e+06
2.65724e+06
2.79793e+06
2.95278e+06
2.88226e+06
2.88829e+06
2.69389e+06
2.34102e+06
1.99296e+06
1.77204e+06
1.61852e+06
1.47714e+06
1.26928e+06
1.1663e+06
1.11609e+06
1.08279e+06
1.11055e+06
1.15131e+06
1.21341e+06
1.26825e+06
1.19837e+06
1.07484e+06
838117
672580
537548
407972
328967
289220
272847
270844
281597
299938
321772
337839
347939
345671
261569
169029
117702
83958
61505
46366
36309
29920
26997
23872
22571
21062
18373
14483
9386
4536
0
0
0
0
0
0
0
0
0
0
0
0
0
0
0
0
0
0
0
0
0
0
0
0
0
0
0
0
0
0
0
0
0
0
0
0
0
0
0
0
0
0
0
0
0
0
0
0
0
0
0
0
0
0
0
0
0
0
0
0
0
0
0
0
0
0
0
0
0
0
0
0
0
0
0
0
0
0
0
0
0
0
0
0
0
0
0
0
0
0
0
0
0
0
0
0
0
0
0
0
0
0
0
0
0
0
0
0
0
0
0
0
0
0
0
0
0
0
0
0
0
0
0
0
0
0
0
0
0
0
0
0
0
0
0
0
0
0
0
0
0
0
0
0
0
0
0
0
0
0
0
0
0
0
0
0
0
0
0
0
0
0
0
0
0
0
0
0
0
0
0
0
0
0
0
0
0
0
0
0
0
0
0
0
0
0
0
0
0
0
0
0
0
0
0
0
0
0
0
0
