575488
0
0
0
0
0
0
0
0
9
39
103
539
1656
5768
18805
59256
187536
501074
709090
609545
434400
321615
258698
225047
215713
225502
255879
310015
361457
425427
526475
660112
798274
933902
1.05223e+06
1.03673e+06
1.02477e+06
1.00967e+06
968433
952206
913354
894360
925884
1.00377e+06
1.13959e+06
1.18383e+06
1.25849e+06
1.36155e+06
1.49913e+06
1.62377e+06
1.73977e+06
1.85837e+06
2.02139e+06
2.04856e+06
1.94408e+06
1.89933e+06
1.88769e+06
1.8917e+06
1.94494e+06
2.0619e+06
2.19157e+06
2.20674e+06
2.31879e+06
2.48519e+06
2.5529e+06
2.66527e+06
2.83425e+06
2.90856e+06
2.98856e+06
3.13742e+06
3.20985e+06
3.3111e+06
3.51717e+06
3.39594e+06
3.31531e+06
3.30303e+06
3.37116e+06
3.55397e+06
3.68345e+06
3.7251e+06
3.87048e+06
4.00807e+06
4.23265e+06
4.43881e+06
4.50054e+06
4.6801e+06
4.77092e+06
4.9839e+06
5.02982e+06
4.96591e+06
5.00689e+06
5.03009e+06
5.17466e+06
5.15762e+06
5.26695e+06
5.37062e+06
5.57813e+06
5.69544e+06
5.8205e+06
6.03797e+06
6.37177e+06
6.60299e+06
6.63774e+06
6.79223e+06
7.01829e+06
7.13488e+06
7.04921e+06
7.0096e+06
6.95942e+06
6.96715e+06
7.05269e+06
7.28514e+06
7.7272e+06
7.7828e+06
7.8801e+06
8.00309e+06
8.07636e+06
7.89505e+06
7.75694e+06
7.77367e+06
7.70911e+06
7.64705e+06
7.59178e+06
7.42233e+06
7.09806e+06
6.9435e+06
6.89591e+06
6.69822e+06
6.51958e+06
6.42209e+06
6.37815e+06
6.34995e+06
6.4528e+06
6.42305e+06
6.40057e+06
6.3929e+06
6.13175e+06
5.88494e+06
5.81543e+06
5.65998e+06
5.42514e+06
5.22934e+06
4.91565e+06
4.69003e+06
4.56605e+06
4.42279e+06
4.24718e+06
4.13586e+06
4.15043e+06
4.23286e+06
4.3342e+06
4.2102e+06
4.1511e+06
3.90277e+06
3.49559e+06
3.09398e+06
2.81042e+06
2.59381e+06
2.39258e+06
2.12955e+06
1.96043e+06
1.84229e+06
1.74635e+06
1.72225e+06
1.71696e+06
1.73742e+06
1.75254e+06
1.64552e+06
1.4858e+06
1.21809e+06
1.02451e+06
862777
706924
601404
537033
499553
476383
464324
466970
470191
470211
467009
451787
353760
249096
184936
140833
110327
87592
69292
56813
47440
38795
32924
28491
22915
17000
10443
4704
0
0
0
0
0
0
0
0
0
0
0
0
0
0
0
0
0
0
0
0
0
0
0
0
0
0
0
0
0
0
0
0
0
0
0
0
0
0
0
0
0
0
0
0
0
0
0
0
0
0
0
0
0
0
0
0
0
0
0
0
0
0
0
0
0
0
0
0
0
0
0
0
0
0
0
0
0
0
0
0
0
0
0
0
0
0
0
0
0
0
0
0
0
0
0
0
0
0
0
0
0
0
0
0
0
0
0
0
0
0
0
0
0
0
0
0
0
0
0
0
0
0
0
0
0
0
0
0
0
0
0
0
0
0
0
0
0
0
0
0
0
0
0
0
0
0
0
0
0
0
0
0
0
0
0
0
0
0
0
0
0
0
0
0
0
0
0
0
0
0
0
0
0
0
0
0
0
0
0
0
0
0
0
0
0
0
0
0
0
0
0
0
0
0
0
0
0
0
0
0
