673792
0
0
0
0
0
0
0
0
9
39
103
539
1656
5768
18805
59256
187550
551026
940951
746770
497407
360846
289377
254000
245579
257054
290783
352139
413850
490284
618272
787123
954568
1.10444e+06
1.2208e+06
1.20797e+06
1.21762e+06
1.21808e+06
1.15538e+06
1.10777e+06
1.04863e+06
1.02563e+06
1.05988e+06
1.14894e+06
1.29992e+06
1.37355e+06
1.48082e+06
1.61845e+06
1.78819e+06
1.93646e+06
2.06805e+06
2.1925e+06
2.3527e+06
2.36957e+06
2.26625e+06
2.22216e+06
2.21178e+06
2.21614e+06
2.26835e+06
2.38858e+06
2.53231e+06
2.56745e+06
2.71415e+06
2.91457e+06
3.01834e+06
3.15734e+06
3.35152e+06
3.43586e+06
3.52423e+06
3.67173e+06
3.74242e+06
3.84381e+06
4.05372e+06
3.93962e+06
3.86785e+06
3.86947e+06
3.96074e+06
4.161e+06
4.3182e+06
4.3935e+06
4.55775e+06
4.72697e+06
4.98256e+06
5.20787e+06
5.27944e+06
5.4662e+06
5.56818e+06
5.78915e+06
5.84086e+06
5.78941e+06
5.8443e+06
5.88409e+06
6.05176e+06
6.05557e+06
6.19405e+06
6.32765e+06
6.55815e+06
6.70595e+06
6.85801e+06
7.09089e+06
7.45438e+06
7.69794e+06
7.7465e+06
7.91115e+06
8.15387e+06
8.28811e+06
8.22255e+06
8.20619e+06
8.17503e+06
8.20753e+06
8.32646e+06
8.58017e+06
9.0581e+06
9.13504e+06
9.24463e+06
9.3747e+06
9.43734e+06
9.23955e+06
9.08542e+06
9.0797e+06
8.98982e+06
8.90898e+06
8.84511e+06
8.65746e+06
8.3252e+06
8.15563e+06
8.08962e+06
7.87956e+06
7.68637e+06
7.57166e+06
7.50327e+06
7.45423e+06
7.54479e+06
7.50624e+06
7.45894e+06
7.425e+06
7.14392e+06
6.87114e+06
6.77602e+06
6.5966e+06
6.33413e+06
6.11926e+06
5.79143e+06
5.53687e+06
5.3946e+06
5.22719e+06
5.02971e+06
4.89072e+06
4.88739e+06
4.93964e+06
5.0128e+06
4.86228e+06
4.77631e+06
4.49141e+06
4.05468e+06
3.6296e+06
3.3182e+06
3.07331e+06
2.843e+06
2.54981e+06
2.34369e+06
2.19512e+06
2.07154e+06
2.02785e+06
1.99619e+06
1.99536e+06
1.98961e+06
1.86309e+06
1.68988e+06
1.40594e+06
1.19478e+06
1.02138e+06
852681
734917
658503
611576
575300
553371
547322
541703
536207
527195
504073
399411
289190
218536
167376
135092
107589
85635
68816
56472
46229
38099
31987
24900
18481
10956
4779
0
0
0
0
0
0
0
0
0
0
0
0
0
0
0
0
0
0
0
0
0
0
0
0
0
0
0
0
0
0
0
0
0
0
0
0
0
0
0
0
0
0
0
0
0
0
0
0
0
0
0
0
0
0
0
0
0
0
0
0
0
0
0
0
0
0
0
0
0
0
0
0
0
0
0
0
0
0
0
0
0
0
0
0
0
0
0
0
0
0
0
0
0
0
0
0
0
0
0
0
0
0
0
0
0
0
0
0
0
0
0
0
0
0
0
0
0
0
0
0
0
0
0
0
0
0
0
0
0
0
0
0
0
0
0
0
0
0
0
0
0
0
0
0
0
0
0
0
0
0
0
0
0
0
0
0
0
0
0
0
0
0
0
0
0
0
0
0
0
0
0
0
0
0
0
0
0
0
0
0
0
0
0
0
0
0
0
0
0
0
0
0
0
0
0
0
0
0
0
0
