565248
0
0
0
0
0
0
0
0
9
39
103
539
1656
5768
18805
59256
187529
494287
686351
596142
427673
317409
255385
221986
212466
222139
252003
305562
355800
418649
516767
647260
782106
916421
1.03478e+06
1.01826e+06
1.00495e+06
988305
949701
936035
898982
880566
911539
988022
1.12218e+06
1.16418e+06
1.23545e+06
1.33494e+06
1.4692e+06
1.59152e+06
1.7065e+06
1.82361e+06
1.9864e+06
2.01504e+06
1.91084e+06
1.86579e+06
1.85385e+06
1.85801e+06
1.91112e+06
2.02715e+06
2.1559e+06
2.16871e+06
2.2778e+06
2.43973e+06
2.50501e+06
2.61396e+06
2.7814e+06
2.85361e+06
2.93297e+06
3.08199e+06
3.15521e+06
3.2552e+06
3.46158e+06
3.33789e+06
3.25761e+06
3.24414e+06
3.30962e+06
3.4905e+06
3.61759e+06
3.6553e+06
3.79792e+06
3.93317e+06
4.15516e+06
4.35996e+06
4.4196e+06
4.59816e+06
4.68809e+06
4.89976e+06
4.94543e+06
4.88077e+06
4.91871e+06
4.94047e+06
5.08319e+06
5.0644e+06
5.17033e+06
5.27016e+06
5.47626e+06
5.59051e+06
5.71266e+06
5.9276e+06
6.26007e+06
6.4892e+06
6.52293e+06
6.67507e+06
6.89985e+06
7.01443e+06
6.9271e+06
6.88519e+06
6.83268e+06
6.8377e+06
6.91916e+06
7.15097e+06
7.58801e+06
7.64166e+06
7.73784e+06
7.86007e+06
7.9361e+06
7.7548e+06
7.61836e+06
7.63869e+06
7.57517e+06
7.51602e+06
7.4605e+06
7.29293e+06
6.96952e+06
6.81806e+06
6.77228e+06
6.57451e+06
6.39792e+06
6.30299e+06
6.26152e+06
6.23351e+06
6.33854e+06
6.3116e+06
6.29052e+06
6.28498e+06
6.02693e+06
5.78205e+06
5.71473e+06
5.56309e+06
5.3297e+06
5.13706e+06
4.82481e+06
4.60101e+06
4.47914e+06
4.33917e+06
4.16652e+06
4.05597e+06
4.07454e+06
4.16033e+06
4.26249e+06
4.14222e+06
4.08668e+06
3.8415e+06
3.43698e+06
3.03802e+06
2.75703e+06
2.54414e+06
2.3458e+06
2.08597e+06
1.92022e+06
1.80547e+06
1.7121e+06
1.69087e+06
1.68764e+06
1.71097e+06
1.72808e+06
1.62258e+06
1.46465e+06
1.19884e+06
1.00629e+06
846430
691442
587603
524320
487814
465989
455311
458663
462518
463371
460938
446317
348828
245012
181670
137882
107844
85479
67595
55505
46459
38001
32397
28161
22691
16862
10371
4693
0
0
0
0
0
0
0
0
0
0
0
0
0
0
0
0
0
0
0
0
0
0
0
0
0
0
0
0
0
0
0
0
0
0
0
0
0
0
0
0
0
0
0
0
0
0
0
0
0
0
0
0
0
0
0
0
0
0
0
0
0
0
0
0
0
0
0
0
0
0
0
0
0
0
0
0
0
0
0
0
0
0
0
0
0
0
0
0
0
0
0
0
0
0
0
0
0
0
0
0
0
0
0
0
0
0
0
0
0
0
0
0
0
0
0
0
0
0
0
0
0
0
0
0
0
0
0
0
0
0
0
0
0
0
0
0
0
0
0
0
0
0
0
0
0
0
0
0
0
0
0
0
0
0
0
0
0
0
0
0
0
0
0
0
0
0
0
0
0
0
0
0
0
0
0
0
0
0
0
0
0
0
0
0
0
0
0
0
0
0
0
0
0
0
0
0
0
0
0
0
