485376
0
0
0
0
0
0
0
0
9
39
103
539
1656
5768
18805
59218
185368
423823
532443
497592
373004
282906
227448
195878
186632
194637
221294
269057
310631
362015
441753
546121
662393
784510
898030
873681
847736
828141
807571
809472
783005
768044
796857
864213
983439
1.00777e+06
1.05378e+06
1.12867e+06
1.23762e+06
1.34458e+06
1.44774e+06
1.56126e+06
1.72141e+06
1.75156e+06
1.64761e+06
1.60151e+06
1.58829e+06
1.59467e+06
1.64407e+06
1.75666e+06
1.87202e+06
1.86767e+06
1.95378e+06
2.0914e+06
2.13124e+06
2.21943e+06
2.36915e+06
2.42853e+06
2.50406e+06
2.65486e+06
2.72306e+06
2.82162e+06
3.02376e+06
2.8898e+06
2.80059e+06
2.78029e+06
2.82854e+06
2.99284e+06
3.09867e+06
3.11308e+06
3.23474e+06
3.34932e+06
3.55628e+06
3.74651e+06
3.79372e+06
3.96193e+06
4.04102e+06
4.24466e+06
4.28104e+06
4.20741e+06
4.24049e+06
4.2416e+06
4.36919e+06
4.32901e+06
4.41429e+06
4.4895e+06
4.67618e+06
4.77098e+06
4.87535e+06
5.07569e+06
5.38998e+06
5.6022e+06
5.62688e+06
5.76695e+06
5.97594e+06
6.07414e+06
5.97027e+06
5.91244e+06
5.83752e+06
5.8281e+06
5.88592e+06
6.09642e+06
6.50426e+06
6.53838e+06
6.6249e+06
6.7513e+06
6.83894e+06
6.67079e+06
6.54547e+06
6.57907e+06
6.53323e+06
6.48197e+06
6.44161e+06
6.28616e+06
5.97099e+06
5.82707e+06
5.80229e+06
5.61614e+06
5.4518e+06
5.3758e+06
5.34689e+06
5.3282e+06
5.44906e+06
5.4383e+06
5.43319e+06
5.44438e+06
5.20552e+06
4.98367e+06
4.93402e+06
4.80586e+06
4.58738e+06
4.41073e+06
4.11693e+06
3.9085e+06
3.80038e+06
3.68577e+06
3.53398e+06
3.43889e+06
3.48119e+06
3.58777e+06
3.71281e+06
3.61429e+06
3.58592e+06
3.35964e+06
2.97778e+06
2.59956e+06
2.34371e+06
2.15762e+06
1.98221e+06
1.74235e+06
1.60348e+06
1.51664e+06
1.44742e+06
1.44583e+06
1.46224e+06
1.50259e+06
1.53629e+06
1.4442e+06
1.30153e+06
1.04926e+06
866642
715268
571675
478494
425271
397621
384856
383407
392534
403995
411077
413481
403523
312252
212671
154964
115639
88559
68652
54198
44579
38532
32207
28652
25287
20781
15825
9853
4603
0
0
0
0
0
0
0
0
0
0
0
0
0
0
0
0
0
0
0
0
0
0
0
0
0
0
0
0
0
0
0
0
0
0
0
0
0
0
0
0
0
0
0
0
0
0
0
0
0
0
0
0
0
0
0
0
0
0
0
0
0
0
0
0
0
0
0
0
0
0
0
0
0
0
0
0
0
0
0
0
0
0
0
0
0
0
0
0
0
0
0
0
0
0
0
0
0
0
0
0
0
0
0
0
0
0
0
0
0
0
0
0
0
0
0
0
0
0
0
0
0
0
0
0
0
0
0
0
0
0
0
0
0
0
0
0
0
0
0
0
0
0
0
0
0
0
0
0
0
0
0
0
0
0
0
0
0
0
0
0
0
0
0
0
0
0
0
0
0
0
0
0
0
0
0
0
0
0
0
0
0
0
0
0
0
0
0
0
0
0
0
0
0
0
0
0
0
0
0
0
