167936
0
0
0
0
0
0
0
0
0
7
9
43
189
798
3438
13646
52064
137991
198214
210484
145143
99901
72447
57131
53352
57064
69038
94054
102586
110582
134674
177072
233752
304067
371663
313725
281389
266777
265072
285212
269710
254586
265844
305244
384798
353705
337284
346206
387954
434140
482531
557341
690658
700715
584146
533024
518768
512403
538670
619835
697579
638250
658414
725696
697292
715430
801577
802821
837266
947284
982847
1.05336e+06
1.23027e+06
1.064e+06
947360
896333
906549
1.00742e+06
1.05492e+06
991095
1.03997e+06
1.08768e+06
1.21601e+06
1.33551e+06
1.31429e+06
1.4235e+06
1.45131e+06
1.60528e+06
1.60358e+06
1.48595e+06
1.4829e+06
1.44151e+06
1.52472e+06
1.42087e+06
1.43921e+06
1.43857e+06
1.54942e+06
1.56624e+06
1.582e+06
1.69406e+06
1.93301e+06
2.07334e+06
2.0308e+06
2.10044e+06
2.25124e+06
2.29843e+06
2.1342e+06
2.02382e+06
1.89237e+06
1.82279e+06
1.80995e+06
1.94811e+06
2.27515e+06
2.21217e+06
2.21808e+06
2.36176e+06
2.4684e+06
2.33172e+06
2.24417e+06
2.31658e+06
2.32312e+06
2.33836e+06
2.36726e+06
2.2724e+06
2.02522e+06
1.94413e+06
1.96686e+06
1.84018e+06
1.73702e+06
1.71796e+06
1.72976e+06
1.77009e+06
1.93192e+06
1.96878e+06
2.00357e+06
2.0688e+06
1.89052e+06
1.74511e+06
1.78165e+06
1.73617e+06
1.60985e+06
1.5367e+06
1.34365e+06
1.22335e+06
1.18561e+06
1.15466e+06
1.07133e+06
1.03512e+06
1.12561e+06
1.28115e+06
1.46876e+06
1.44323e+06
1.50893e+06
1.38124e+06
1.11175e+06
854602
722888
654832
591699
453696
409994
409666
423247
478596
547186
631104
710260
676621
598099
412653
301907
219123
131566
86217
70928
71056
81989
100437
125037
152491
180115
205397
219512
154445
81237
47548
27846
17339
10881
8101
7284
7740
8744
10588
11702
11647
10546
7765
4312
0
0
0
0
0
0
0
0
0
0
0
0
0
0
0
0
0
0
0
0
0
0
0
0
0
0
0
0
0
0
0
0
0
0
0
0
0
0
0
0
0
0
0
0
0
0
0
0
0
0
0
0
0
0
0
0
0
0
0
0
0
0
0
0
0
0
0
0
0
0
0
0
0
0
0
0
0
0
0
0
0
0
0
0
0
0
0
0
0
0
0
0
0
0
0
0
0
0
0
0
0
0
0
0
0
0
0
0
0
0
0
0
0
0
0
0
0
0
0
0
0
0
0
0
0
0
0
0
0
0
0
0
0
0
0
0
0
0
0
0
0
0
0
0
0
0
0
0
0
0
0
0
0
0
0
0
0
0
0
0
0
0
0
0
0
0
0
0
0
0
0
0
0
0
0
0
0
0
0
0
0
0
0
0
0
0
0
0
0
0
0
0
0
0
0
0
0
0
0
0
