690176
0
0
0
0
0
0
0
0
9
39
103
539
1656
5768
18805
59256
187550
557856
980741
770740
507907
367237
294485
258774
250194
261807
296765
358702
422554
501212
633517
808327
980484
1.13391e+06
1.24909e+06
1.23601e+06
1.24939e+06
1.25305e+06
1.18762e+06
1.13393e+06
1.07103e+06
1.04744e+06
1.08189e+06
1.1715e+06
1.32659e+06
1.40434e+06
1.51801e+06
1.66175e+06
1.83658e+06
1.98951e+06
2.12403e+06
2.24795e+06
2.40766e+06
2.42325e+06
2.31943e+06
2.27628e+06
2.26619e+06
2.26991e+06
2.32222e+06
2.44159e+06
2.58879e+06
2.62747e+06
2.78016e+06
2.98547e+06
3.09606e+06
3.24052e+06
3.43855e+06
3.52472e+06
3.61263e+06
3.76156e+06
3.83105e+06
3.93303e+06
4.14276e+06
4.02958e+06
3.95844e+06
3.9647e+06
4.05775e+06
4.2614e+06
4.42487e+06
4.50424e+06
4.67328e+06
4.84826e+06
5.1079e+06
5.33547e+06
5.40987e+06
5.59714e+06
5.70172e+06
5.92263e+06
5.97555e+06
5.92757e+06
5.98256e+06
6.02608e+06
6.1975e+06
6.20484e+06
6.34895e+06
6.4861e+06
6.72227e+06
6.87452e+06
7.03123e+06
7.2683e+06
7.63421e+06
7.88142e+06
7.931e+06
8.09643e+06
8.34311e+06
8.4801e+06
8.41822e+06
8.4045e+06
8.3783e+06
8.41567e+06
8.5382e+06
8.79532e+06
9.27957e+06
9.35942e+06
9.47286e+06
9.60375e+06
9.6645e+06
9.46466e+06
9.3079e+06
9.29555e+06
9.20324e+06
9.1195e+06
9.05255e+06
8.86205e+06
8.53027e+06
8.35874e+06
8.28977e+06
8.07741e+06
7.8803e+06
7.7626e+06
7.68973e+06
7.63983e+06
7.72702e+06
7.68492e+06
7.63652e+06
7.59791e+06
7.31176e+06
7.03448e+06
6.93577e+06
6.75324e+06
6.48538e+06
6.2677e+06
5.93743e+06
5.67904e+06
5.53299e+06
5.36079e+06
5.15926e+06
5.01717e+06
5.00994e+06
5.05765e+06
5.12686e+06
4.97043e+06
4.87955e+06
4.58891e+06
4.14838e+06
3.71899e+06
3.4026e+06
3.15318e+06
2.91887e+06
2.61998e+06
2.4068e+06
2.25548e+06
2.12569e+06
2.07792e+06
2.04275e+06
2.03827e+06
2.02954e+06
1.89924e+06
1.7231e+06
1.43659e+06
1.22391e+06
1.04781e+06
877542
756940
679083
629747
591778
568332
561391
553388
546808
537342
512919
406551
295794
224292
172044
139349
110520
88530
70932
57993
47425
38975
32488
25292
18717
11025
4782
0
0
0
0
0
0
0
0
0
0
0
0
0
0
0
0
0
0
0
0
0
0
0
0
0
0
0
0
0
0
0
0
0
0
0
0
0
0
0
0
0
0
0
0
0
0
0
0
0
0
0
0
0
0
0
0
0
0
0
0
0
0
0
0
0
0
0
0
0
0
0
0
0
0
0
0
0
0
0
0
0
0
0
0
0
0
0
0
0
0
0
0
0
0
0
0
0
0
0
0
0
0
0
0
0
0
0
0
0
0
0
0
0
0
0
0
0
0
0
0
0
0
0
0
0
0
0
0
0
0
0
0
0
0
0
0
0
0
0
0
0
0
0
0
0
0
0
0
0
0
0
0
0
0
0
0
0
0
0
0
0
0
0
0
0
0
0
0
0
0
0
0
0
0
0
0
0
0
0
0
0
0
0
0
0
0
0
0
0
0
0
0
0
0
0
0
0
0
0
0
