473088
0
0
0
0
0
0
0
0
9
39
103
539
1656
5768
18799
59154
183708
410555
513318
484043
364200
276910
222628
191707
182359
190053
216134
263129
303398
352911
429733
531317
644680
765340
877102
850618
823637
805243
786109
790023
764315
750113
778087
844445
961690
982986
1.02564e+06
1.09724e+06
1.20296e+06
1.30732e+06
1.4095e+06
1.52144e+06
1.68088e+06
1.71076e+06
1.60662e+06
1.561e+06
1.54736e+06
1.55382e+06
1.60224e+06
1.71415e+06
1.82753e+06
1.82112e+06
1.90409e+06
2.0373e+06
2.07416e+06
2.15955e+06
2.30688e+06
2.36365e+06
2.43882e+06
2.58961e+06
2.65612e+06
2.75522e+06
2.9557e+06
2.82089e+06
2.72964e+06
2.70764e+06
2.75402e+06
2.9154e+06
3.0191e+06
3.02978e+06
3.1478e+06
3.26066e+06
3.46517e+06
3.65355e+06
3.69685e+06
3.86393e+06
3.94182e+06
4.14369e+06
4.17906e+06
4.10379e+06
4.13586e+06
4.13307e+06
4.2587e+06
4.21594e+06
4.29762e+06
4.36801e+06
4.55364e+06
4.64601e+06
4.74744e+06
4.94485e+06
5.25687e+06
5.46578e+06
5.48904e+06
5.6262e+06
5.83481e+06
5.92934e+06
5.82276e+06
5.76194e+06
5.68426e+06
5.67266e+06
5.72664e+06
5.93464e+06
6.33738e+06
6.36858e+06
6.45253e+06
6.58155e+06
6.6702e+06
6.50493e+06
6.38152e+06
6.41586e+06
6.37283e+06
6.32209e+06
6.28442e+06
6.13184e+06
5.81828e+06
5.67419e+06
5.65241e+06
5.46892e+06
5.3057e+06
5.23285e+06
5.20505e+06
5.18986e+06
5.31189e+06
5.30535e+06
5.30182e+06
5.31465e+06
5.07886e+06
4.86049e+06
4.81348e+06
4.68937e+06
4.47351e+06
4.29941e+06
4.0094e+06
3.8011e+06
3.69583e+06
3.58455e+06
3.43555e+06
3.34475e+06
3.38958e+06
3.50013e+06
3.62861e+06
3.53338e+06
3.5085e+06
3.28551e+06
2.90728e+06
2.5328e+06
2.28034e+06
2.09716e+06
1.92655e+06
1.6893e+06
1.55405e+06
1.47202e+06
1.40679e+06
1.40864e+06
1.42743e+06
1.47018e+06
1.50681e+06
1.41755e+06
1.27636e+06
1.02612e+06
845111
695577
552888
461863
409972
383751
372221
372240
382341
395008
403205
406148
396883
306616
207689
151010
112094
85678
65975
52187
42891
37240
31373
27921
24891
20536
15658
9803
4589
0
0
0
0
0
0
0
0
0
0
0
0
0
0
0
0
0
0
0
0
0
0
0
0
0
0
0
0
0
0
0
0
0
0
0
0
0
0
0
0
0
0
0
0
0
0
0
0
0
0
0
0
0
0
0
0
0
0
0
0
0
0
0
0
0
0
0
0
0
0
0
0
0
0
0
0
0
0
0
0
0
0
0
0
0
0
0
0
0
0
0
0
0
0
0
0
0
0
0
0
0
0
0
0
0
0
0
0
0
0
0
0
0
0
0
0
0
0
0
0
0
0
0
0
0
0
0
0
0
0
0
0
0
0
0
0
0
0
0
0
0
0
0
0
0
0
0
0
0
0
0
0
0
0
0
0
0
0
0
0
0
0
0
0
0
0
0
0
0
0
0
0
0
0
0
0
0
0
0
0
0
0
0
0
0
0
0
0
0
0
0
0
0
0
0
0
0
0
0
0
