692224
0
0
0
0
0
0
0
0
9
39
103
539
1656
5768
18805
59256
187550
558671
985769
773726
509248
368022
295096
259389
250765
262383
297525
359523
423640
502572
635406
810964
983786
1.13759e+06
1.25263e+06
1.23952e+06
1.25332e+06
1.25746e+06
1.19161e+06
1.13723e+06
1.07381e+06
1.05019e+06
1.08462e+06
1.17428e+06
1.32993e+06
1.4082e+06
1.52268e+06
1.66715e+06
1.84263e+06
1.99614e+06
2.13105e+06
2.25487e+06
2.41454e+06
2.42994e+06
2.32606e+06
2.28308e+06
2.27298e+06
2.27659e+06
2.32901e+06
2.44813e+06
2.59589e+06
2.63494e+06
2.78832e+06
2.9944e+06
3.1058e+06
3.251e+06
3.44938e+06
3.53582e+06
3.62368e+06
3.77272e+06
3.84224e+06
3.94416e+06
4.15392e+06
4.04078e+06
3.96982e+06
3.9765e+06
4.06992e+06
4.27389e+06
4.43822e+06
4.51812e+06
4.68769e+06
4.86346e+06
5.12351e+06
5.35143e+06
5.42624e+06
5.61357e+06
5.71829e+06
5.93938e+06
5.99235e+06
5.94485e+06
5.99985e+06
6.04379e+06
6.21571e+06
6.22354e+06
6.36823e+06
6.50595e+06
6.74282e+06
6.8956e+06
7.05292e+06
7.2904e+06
7.65672e+06
7.90447e+06
7.95393e+06
8.11968e+06
8.36674e+06
8.50408e+06
8.44266e+06
8.42921e+06
8.40384e+06
8.44158e+06
8.56475e+06
8.82221e+06
9.30722e+06
9.38752e+06
9.50139e+06
9.63243e+06
9.69272e+06
9.49299e+06
9.33568e+06
9.32244e+06
9.22993e+06
9.14587e+06
9.07838e+06
8.88775e+06
8.55582e+06
8.38412e+06
8.3148e+06
8.10215e+06
7.90462e+06
7.78638e+06
7.71307e+06
7.66299e+06
7.74978e+06
7.70735e+06
7.65865e+06
7.61965e+06
7.33258e+06
7.05486e+06
6.95583e+06
6.77281e+06
6.50424e+06
6.28633e+06
5.95561e+06
5.69685e+06
5.55032e+06
5.37743e+06
5.1755e+06
5.03299e+06
5.02523e+06
5.07235e+06
5.14114e+06
4.98395e+06
4.89245e+06
4.60114e+06
4.16012e+06
3.73007e+06
3.4132e+06
3.16317e+06
2.92831e+06
2.62879e+06
2.4147e+06
2.26303e+06
2.13244e+06
2.0842e+06
2.04858e+06
2.0436e+06
2.03446e+06
1.9038e+06
1.72725e+06
1.44038e+06
1.22758e+06
1.05115e+06
880671
759668
681640
632010
593850
570219
563119
554868
548141
538584
514043
407430
296619
225016
172649
139862
110892
88884
71197
58187
47578
39077
32553
25339
18745
11036
4782
0
0
0
0
0
0
0
0
0
0
0
0
0
0
0
0
0
0
0
0
0
0
0
0
0
0
0
0
0
0
0
0
0
0
0
0
0
0
0
0
0
0
0
0
0
0
0
0
0
0
0
0
0
0
0
0
0
0
0
0
0
0
0
0
0
0
0
0
0
0
0
0
0
0
0
0
0
0
0
0
0
0
0
0
0
0
0
0
0
0
0
0
0
0
0
0
0
0
0
0
0
0
0
0
0
0
0
0
0
0
0
0
0
0
0
0
0
0
0
0
0
0
0
0
0
0
0
0
0
0
0
0
0
0
0
0
0
0
0
0
0
0
0
0
0
0
0
0
0
0
0
0
0
0
0
0
0
0
0
0
0
0
0
0
0
0
0
0
0
0
0
0
0
0
0
0
0
0
0
0
0
0
0
0
0
0
0
0
0
0
0
0
0
0
0
0
0
0
0
0
