dt: 0.01 CellNx: 4 b: 5.26 noParticles: 2048
Kinetic energy     Potential energy   Total energy   Temperature         Pressure   Average displacement    Radial distribution
2608.58            -17376.3               -14767.7         0.835143         0.91363         0.000255337
2560.23            -17106.1               -14545.9         0.849146         1.69283         0.000952049
2424.8            -16677               -14252.2         0.833409         2.87221         0.00200541
2236.19            -16132.6               -13896.4         0.789323         4.32007         0.00329971
2006.64            -15561.8               -13555.2         0.727926         5.81044         0.00471436
1830.75            -15058.5               -13227.8         0.653204         7.09997         0.00610017
1697.23            -14655.5               -12958.3         0.595949         8.13293         0.00738499
1661.87            -14394.8               -12733         0.552483         8.79481         0.00848463
1673.43            -14268.8               -12595.4         0.540974         9.12928         0.00938148
1779.11            -14238.9               -12459.8         0.544735         9.22066         0.0101364
1866.39            -14252.9               -12386.5         0.579137         9.22431         0.0107566
1953.43            -14257               -12303.6         0.607548         9.24228         0.0113236
2007.34            -14222.2               -12214.9         0.635882         9.36159         0.0118712
2025.67            -14162.6               -12136.9         0.65343         9.53625         0.0123711
2053.19            -14102.5               -12049.3         0.659399         9.70223         0.012833
2066.51            -14052.3               -11985.8         0.668357         9.84885         0.0132351
2093.16            -14015.3               -11922.1         0.672691         9.95396         0.0135738
2128.87            -13964.6               -11835.7         0.681368         10.0985         0.0139218
2122.49            -13922.1               -11799.6         0.692991         10.2206         0.0142338
2168.64            -13902.6               -11734         0.690915         10.2681         0.0145202
2208.86            -13895.4               -11686.5         0.705937         10.3039         0.0147669
2243.27            -13882.4               -11639.1         0.719031         10.3557         0.0149805
2255.26            -13868.7               -11613.5         0.73023         10.4083         0.0151747
2288.69            -13855.4               -11566.7         0.734134         10.4514         0.015326
2308.44            -13826.9               -11518.4         0.745016         10.5418         0.015489
2339.58            -13812.3               -11472.7         0.751446         10.5927         0.0156621
2363.76            -13796.7               -11432.9         0.761582         10.6501         0.0158455
2377.04            -13781.2               -11404.2         0.769453         10.7033         0.0160346
2353.97            -13755               -11401         0.773776         10.7783         0.0162137
2373.89            -13740.1               -11366.2         0.766266         10.81         0.0163664
2396.5            -13730               -11333.5         0.772751         10.845         0.0164961
2369.05            -13707.4               -11338.3         0.78011         10.913         0.0166598
2369.81            -13690.1               -11320.3         0.771176         10.949         0.0168058
2389.08            -13686.1               -11297         0.771422         10.9612         0.0169475
2415.56            -13670.8               -11255.2         0.777696         11.007         0.0170855
2422.3            -13661.4               -11239.1         0.786314         11.0411         0.017206
2448.82            -13646.9               -11198.1         0.788509         11.0799         0.0173526
2440.98            -13630.8               -11189.8         0.797142         11.1323         0.01754
2437.13            -13602.6               -11165.5         0.794591         11.2007         0.017734
2439.04            -13575.5               -11136.5         0.793336         11.271         0.0179567
2427.62            -13541.7               -11114.1         0.793959         11.3616         0.018181
2449.96            -13511               -11061         0.790241         11.4383         0.0183968
2436.06            -13488.3               -11052.3         0.797515         11.5047         0.0186137
2432.63            -13482.6               -11050         0.792988         11.5194         0.0188335
2446.53            -13485.5               -11039         0.791871         11.5166         0.0190129
2437.28            -13472.1               -11034.8         0.796397         11.5597         0.019196
2405.48            -13453.7               -11048.2         0.793385         11.6058         0.0194017
2406.64            -13448.8               -11042.1         0.783034         11.6084         0.0195799
2421.45            -13455.4               -11034         0.783411         11.5892         0.0197065
2422.58            -13467.5               -11044.9         0.788234         11.5592         0.019798
2450.34            -13499.7               -11049.3         0.788599         11.4721         0.0198378
2475.7            -13529.8               -11054.1         0.797638         11.3995         0.0198521
2488.6            -13533.1               -11044.5         0.805893         11.3958         0.0199274
2489.39            -13526.3               -11036.9         0.810093         11.415         0.0199552
2506.36            -13533.4               -11027.1         0.810349         11.4003         0.0199851
2535.78            -13515.9               -10980.1         0.815873         11.459         0.0200367
2525.58            -13482               -10956.4         0.825449         11.5643         0.0201182
2514.8            -13443.8               -10929         0.822128         11.6654         0.0202073
2495.22            -13409.5               -10914.3         0.818621         11.7537         0.0202793
2509.29            -13388.8               -10879.5         0.812245         11.8038         0.0203771
2461.95            -13370.6               -10908.7         0.816826         11.8614         0.0204843
2466.1            -13361.9               -10895.8         0.801414         11.8726         0.0205536
2491.49            -13354.7               -10863.2         0.802766         11.8988         0.0206367
2484.87            -13338.9               -10854         0.811031         11.953         0.0206992
2489.9            -13316.1               -10826.2         0.808875         12.0129         0.0207325
2464.9            -13297.8               -10832.9         0.810515         12.0638         0.0207807
2475.64            -13300.2               -10824.5         0.802375         12.0514         0.0207943
2477.06            -13302.3               -10825.3         0.805871         12.0543         0.0207745
2500.21            -13314.8               -10814.6         0.806335         12.0273         0.0207514
2517.95            -13332.4               -10814.5         0.81387         11.9923         0.0207391
2531.38            -13336.2               -10804.8         0.819646         11.9836         0.0207009
2557.66            -13340.6               -10783         0.824018         11.9683         0.0206293
2585.98            -13339               -10753         0.832573         11.976         0.0205984
2568.42            -13332.8               -10764.4         0.84179         11.9981         0.0206341
2532.75            -13327.6               -10794.9         0.836074         12.001         0.0206296
2537.57            -13335.6               -10798         0.824463         11.9665         0.020657
2519.88            -13334.5               -10814.7         0.826033         11.9711         0.0207385
2506.82            -13323.7               -10816.8         0.820274         11.9923         0.0208264
2518.12            -13321               -10802.8         0.816023         11.995         0.0209182
2518.95            -13313.2               -10794.2         0.8197         12.0214         0.021009
2531.27            -13300.1               -10768.9         0.819972         12.0559         0.0210813
2562.51            -13311.3               -10748.8         0.82398         12.0328         0.0210947
2585.7            -13334.4               -10748.7         0.83415         11.9918         0.0211238
2596.92            -13339.9               -10743         0.8417         11.9868         0.0211909
2600.17            -13342.7               -10742.5         0.845353         11.9874         0.0212875
2602.77            -13350.2               -10747.4         0.846409         11.9694         0.0213713
2623.81            -13354.3               -10730.5         0.847256         11.9605         0.0214492
2613.51            -13343.3               -10729.7         0.854106         11.9977         0.021549
2601.86            -13311.3               -10709.4         0.850753         12.0772         0.0216843
2600.56            -13290.7               -10690.1         0.84696         12.1276         0.0218096
2543.83            -13276.7               -10732.9         0.846537         12.1611         0.0219157
2564.06            -13253.7               -10689.7         0.828068         12.1973         0.0220073
2542.17            -13234.6               -10692.4         0.834656         12.2489         0.0220687
2478.05            -13236.9               -10758.8         0.827529         12.2335         0.0221675
2471.9            -13236               -10764.1         0.806658         12.2102         0.0222389
2464.51            -13246.3               -10781.8         0.804655         12.1724         0.0222265
2489.01            -13274.6               -10785.6         0.802249         12.0925         0.0221657
2474.9            -13301.5               -10826.6         0.810224         12.0284         0.0221009
2528.59            -13330.7               -10802.1         0.80563         11.9502         0.0220139
2574.13            -13351.6               -10777.5         0.823108         11.9179         0.0219367
2601.21            -13355.2               -10753.9         0.837932         11.9276         0.0219011
2608.69            -13342.6               -10733.9         0.846748         11.9702         0.021862
2618.84            -13319.2               -10700.3         0.849184         12.0355         0.0218873
2629.36            -13299.3               -10669.9         0.852488         12.0972         0.0218992
2584.14            -13291.2               -10707.1         0.855912         12.1314         0.0219377
2590.67            -13276.7               -10686         0.841192         12.1598         0.0220057
2555.14            -13253.2               -10698.1         0.843316         12.2296         0.022106
2546.48            -13226.8               -10680.3         0.831751         12.289         0.0222126
2503.98            -13232               -10728.1         0.828932         12.2786         0.0223576
2518.96            -13217.7               -10698.8         0.815098         12.3012         0.0224928
2509.5            -13216               -10706.5         0.819974         12.3088         0.0225908
2526            -13222.6               -10696.6         0.816894         12.2847         0.0226583
2536.13            -13226.8               -10690.7         0.822265         12.2747         0.0227226
2502.93            -13216.8               -10713.9         0.825562         12.298         0.0228016
2551.96            -13198.8               -10646.8         0.814756         12.3257         0.0228644
2539.62            -13190.1               -10650.5         0.830715         12.3606         0.0229011
2575.56            -13188               -10612.4         0.8267         12.362         0.0229097
2600.69            -13194.9               -10594.2         0.8384         12.3541         0.0229101
2585.97            -13202.7               -10616.7         0.846578         12.3421         0.0229431
2581.3            -13214.1               -10632.8         0.841786         12.3088         0.0229584
2602.42            -13209.9               -10607.5         0.840266         12.3223         0.0229785
2603.34            -13192.6               -10589.3         0.847143         12.3757         0.0230072
2584.55            -13179.6               -10595         0.84744         12.4114         0.0230261
2562.42            -13162               -10599.6         0.841325         12.4516         0.0230823
2588.02            -13145.6               -10557.6         0.83412         12.4858         0.0231355
2583.65            -13135.1               -10551.4         0.842454         12.5207         0.023178
2596.26            -13130.1               -10533.9         0.841033         12.5287         0.0232311
2619.65            -13137.5               -10517.8         0.845137         12.5128         0.0232796
2603.19            -13138.4               -10535.3         0.852751         12.519         0.0233342
2584.35            -13146.1               -10561.7         0.847394         12.4941         0.0233759
2573.91            -13165.1               -10591.2         0.841259         12.4423         0.0233905
2598.23            -13173.2               -10574.9         0.837861         12.4183         0.0233722
2596.43            -13188.7               -10592.3         0.845779         12.3878         0.0233546
2597.34            -13191.3               -10594         0.845191         12.3794         0.0233762
2596.5            -13180.3               -10583.8         0.845488         12.4037         0.0233839
2583.17            -13165.2               -10582         0.845215         12.4323         0.0234076
2567.81            -13157.1               -10589.3         0.840875         12.4401         0.0234621
2551.55            -13156.1               -10604.5         0.835877         12.4304         0.0235017
2547.97            -13171.9               -10623.9         0.830582         12.3835         0.0235524
2531.9            -13190.6               -10658.6         0.829417         12.3346         0.0236122
2539.98            -13178.4               -10638.5         0.824187         12.3548         0.0236779
2549.4            -13166.8               -10617.5         0.826815         12.3859         0.0237463
2526            -13158.2               -10632.2         0.829882         12.4111         0.0238238
2538.65            -13162.3               -10623.7         0.822267         12.3923         0.0239071
2595.84            -13181.4               -10585.5         0.826383         12.3503         0.0239611
2610.51            -13211.4               -10600.9         0.845001         12.2978         0.0239737
2597.96            -13230.8               -10632.8         0.849775         12.2595         0.0239764
2592.42            -13236.4               -10644         0.845692         12.2479         0.0239818
2605.63            -13239               -10633.3         0.843886         12.2476         0.0239467
2604.37            -13226.4               -10622         0.848186         12.2925         0.0239044
2592.33            -13207.9               -10615.5         0.847777         12.3483         0.0238856
2578.45            -13185.9               -10607.4         0.843856         12.407         0.0238789
2602.86            -13183.4               -10580.6         0.839341         12.412         0.0238746
2574.94            -13181.6               -10606.7         0.847286         12.4247         0.0238784
2604.88            -13183.2               -10578.3         0.838196         12.4087         0.0238789
2616.06            -13188.3               -10572.2         0.847942         12.4029         0.0238562
2600.07            -13174.8               -10574.7         0.851581         12.435         0.0238366
2594.62            -13172.1               -10577.5         0.846376         12.435         0.0238102
2586.27            -13159.9               -10573.6         0.844602         12.4648         0.0238171
2569.8            -13140.3               -10570.5         0.841883         12.5142         0.0238457
2579.52            -13137               -10557.5         0.836523         12.5212         0.0238654
2585.57            -13126.2               -10540.6         0.839686         12.5509         0.023903
2583.41            -13119.4               -10536         0.841657         12.5647         0.023941
2585.79            -13130.8               -10545         0.840952         12.5349         0.0239684
2598.87            -13155               -10556.1         0.841729         12.4767         0.0240172
2604.02            -13156.7               -10552.7         0.845985         12.4789         0.0240892
2619.98            -13143.8               -10523.8         0.847663         12.5155         0.0241514
2625.88            -13145.6               -10519.7         0.852858         12.5188         0.0242013
2593.34            -13155.2               -10561.9         0.85478         12.4979         0.0242213
2555.16            -13157.2               -10602         0.844187         12.4793         0.0241926
2571.24            -13151.6               -10580.4         0.831757         12.4802         0.0241655
2545.33            -13131.4               -10586         0.836992         12.5366         0.0241064
2547.72            -13125.5               -10577.7         0.828557         12.5391         0.0240447
2546.45            -13130.1               -10583.7         0.829337         12.5242         0.0240296
2547.82            -13140.1               -10592.2         0.828923         12.4992         0.0240392
2550.66            -13135.2               -10584.5         0.829368         12.516         0.0241038
2531.79            -13126.6               -10594.8         0.830293         12.5429         0.0241993
2509.01            -13137.8               -10628.8         0.824151         12.5131         0.0243253
2498.9            -13143.2               -10644.3         0.816734         12.4942         0.0243935
2503.26            -13137.9               -10634.6         0.813445         12.5054         0.0244148
2537.7            -13148.1               -10610.4         0.814864         12.4838         0.024429
2563.46            -13172.9               -10609.5         0.826074         12.4335         0.0243775
2580.02            -13189.9               -10609.9         0.834459         12.4008         0.0243469
2617.98            -13184.6               -10566.6         0.839849         12.4204         0.0243364
2611.74            -13169.3               -10557.6         0.852208         12.4739         0.0243383
2606.51            -13133.6               -10527.1         0.850175         12.5642         0.0243869
2629.05            -13103.3               -10474.2         0.848475         12.643         0.0244464
2599.32            -13092.1               -10492.7         0.855811         12.6864         0.0245046
2584.36            -13096.4               -10512.1         0.846133         12.6711         0.0245421
2617.01            -13097.5               -10480.5         0.841263         12.6716         0.0245848
2609.01            -13107.7               -10498.7         0.851892         12.6593         0.0245723
2616.74            -13101.1               -10484.3         0.849288         12.6658         0.0245471
2621.56            -13088.6               -10467         0.851804         12.6895         0.0245141
2629.68            -13071               -10441.3         0.853373         12.7266         0.0244619
2610.42            -13070.8               -10460.4         0.856014         12.7214         0.0243868
2603.32            -13067.8               -10464.5         0.849746         12.7171         0.0242879
2610.5            -13063.8               -10453.3         0.847433         12.7232         0.0242437
2621.18            -13066.7               -10445.5         0.849771         12.7196         0.0241836
2620.22            -13071.2               -10450.9         0.853247         12.7167         0.0241205
2648.19            -13078.9               -10430.7         0.852937         12.7008         0.0240636
2653.98            -13091.1               -10437.1         0.862042         12.6835         0.0240052
2636.92            -13093.9               -10457         0.863926         12.6802         0.0240053
2626.5            -13101.9               -10475.3         0.858372         12.6541         0.0239703
2598.62            -13109.5               -10510.8         0.854982         12.6276         0.0239005
2591.59            -13135.5               -10543.9         0.845906         12.5475         0.0238367
2577.72            -13145               -10567.3         0.843617         12.5167         0.0237883
2606.15            -13142.6               -10536.4         0.839103         12.5141         0.023772
2600.45            -13149.3               -10548.8         0.848358         12.5048         0.0237744
2603.47            -13158.8               -10555.3         0.846502         12.4773         0.0237865
2594.65            -13171.3               -10576.7         0.847484         12.4466         0.0238064
2622.78            -13171.6               -10548.8         0.844613         12.4423         0.0238233
2635.22            -13151.6               -10516.4         0.85377         12.5037         0.0238465
2630.04            -13147.3               -10517.2         0.857818         12.5214         0.0238506
2611.93            -13145.7               -10533.8         0.856134         12.5328         0.0239012
2522.9            -13112.6               -10589.7         0.850237         12.6173         0.0239739
2525.74            -13083.7               -10557.9         0.821258         12.6627         0.0240645
2558.79            -13074.2               -10515.4         0.822181         12.6898         0.0241291
2590.88            -13086.3               -10495.4         0.832938         12.6746         0.0241866
2609.86            -13097.8               -10487.9         0.843384         12.6587         0.0242008
2568.05            -13086.1               -10518.1         0.849565         12.6978         0.0242209
2553.04            -13046.8               -10493.8         0.835952         12.7833         0.0242159
2501.45            -12998.5               -10497.1         0.831068         12.9029         0.024187
2460.89            -12993               -10532.1         0.814274         12.9008         0.024127
2467.91            -13016.8               -10548.9         0.80107         12.8243         0.0239847
2512.33            -13062.8               -10550.5         0.803355         12.705         0.0238394
2570.13            -13100.4               -10530.3         0.817814         12.6161         0.0236894
2582.72            -13127.4               -10544.7         0.836629         12.5616         0.0235473
2557.12            -13139.7               -10582.6         0.840728         12.529         0.0234023
2546.44            -13179               -10632.5         0.832396         12.4161         0.0231948
2546            -13201.2               -10655.2         0.828918         12.3498         0.0229967
2580.81            -13217.4               -10636.6         0.828775         12.3021         0.0228599
2567.72            -13213.2               -10645.5         0.840108         12.322         0.0227874
2539.11            -13219.6               -10680.5         0.835848         12.2996         0.0227243
2534.74            -13236.2               -10701.5         0.826532         12.243         0.0226615
2549.65            -13259.8               -10710.2         0.825111         12.179         0.0226103
2548.43            -13281.1               -10732.7         0.829963         12.1293         0.0225662
2574.9            -13291.6               -10716.7         0.829566         12.1037         0.0225459
2573.64            -13286               -10712.3         0.838183         12.1297         0.0225589
2601.48            -13286               -10684.5         0.837775         12.1313         0.0225674
2589.76            -13278.3               -10688.5         0.846836         12.1618         0.0225835
2615.46            -13279.6               -10664.2         0.843019         12.1565         0.0225992
2583.16            -13281.2               -10698.1         0.851387         12.1659         0.0226429
2555.86            -13285.5               -10729.6         0.840874         12.15         0.0226748
2531.61            -13276.4               -10744.8         0.831987         12.1668         0.0227214
2540.11            -13253.1               -10713         0.824092         12.2152         0.0227667
2533.2            -13231               -10697.8         0.826858         12.2722         0.0228309
2517.36            -13209.6               -10692.2         0.824608         12.3206         0.0228735
2513.14            -13195.7               -10682.5         0.819453         12.3517         0.0229299
2530.05            -13201.7               -10671.7         0.818081         12.3344         0.0229952
2543.59            -13230.4               -10686.8         0.823583         12.2646         0.0230157
2537.69            -13239.6               -10701.9         0.827992         12.246         0.0230473
2527.42            -13224.9               -10697.5         0.826071         12.2821         0.0231496
2495.95            -13202.7               -10706.8         0.822728         12.3319         0.0232018
2524.86            -13186.1               -10661.2         0.812482         12.3637         0.023276
2526.3            -13188.3               -10662         0.821893         12.3698         0.0233296
2554.36            -13187.5               -10633.2         0.822362         12.3732         0.0233417
2538.77            -13184.8               -10646         0.831499         12.3906         0.0233728
2563.04            -13201               -10638         0.826421         12.3452         0.0233737
2561.75            -13203.5               -10641.8         0.834325         12.3455         0.0233855
2576.62            -13210.9               -10634.2         0.833902         12.3254         0.0234095
2577.6            -13211.5               -10633.9         0.838743         12.331         0.0234459
2562.38            -13206.5               -10644.2         0.839063         12.3455         0.0235016
2558.9            -13190.9               -10632         0.83411         12.3809         0.0235019
2590.61            -13166.7               -10576.1         0.832974         12.445         0.0235334
2593.97            -13150.3               -10556.3         0.843298         12.5015         0.0235418
2562.2            -13130.4               -10568.2         0.84439         12.5609         0.0235847
2555.15            -13129.2               -10574         0.83405         12.5635         0.0236638
2520.01            -13125.5               -10605.5         0.831754         12.5791         0.02371
2514.19            -13124.9               -10610.7         0.820317         12.5712         0.0237079
2485.11            -13132.3               -10647.2         0.81842         12.5517         0.0236704
2518.29            -13163.3               -10645.1         0.808954         12.4585         0.0235725
2541.15            -13193.3               -10652.1         0.819755         12.3871         0.0234787
2541.38            -13228.6               -10687.2         0.827197         12.3017         0.023365
2571.83            -13238.7               -10666.9         0.827271         12.2691         0.0232707
2612.73            -13250.5               -10637.7         0.837185         12.2427         0.02315
2602.31            -13251.5               -10649.2         0.850497         12.2508         0.023044
2571.07            -13252.6               -10681.5         0.847105         12.2423         0.0229783
2561.22            -13248               -10686.7         0.836935         12.2374         0.0229178
2580.38            -13244.2               -10663.8         0.833731         12.2427         0.022898
2567.03            -13232.2               -10665.1         0.839969         12.279         0.0228886
2614.35            -13227.1               -10612.7         0.835622         12.2855         0.0228772
2606.69            -13224.7               -10618         0.851024         12.3088         0.0228912
2602.53            -13237.4               -10634.8         0.848533         12.2734         0.0228895
2603.92            -13253.7               -10649.8         0.847178         12.228         0.0229023
2638.86            -13257.7               -10618.9         0.84763         12.2149         0.0229252
2669.11            -13235.7               -10566.6         0.859005         12.2817         0.0229959
2653.03            -13232.3               -10579.3         0.86885         12.3025         0.0230624
2641.69            -13231.3               -10589.6         0.863615         12.2982         0.0231155
2633.32            -13218.9               -10585.6         0.859925         12.3297         0.0231965
2627.74            -13209.8               -10582         0.857201         12.3553         0.02326
2638.18            -13195.1               -10556.9         0.855383         12.3994         0.0233367
2633.29            -13180.2               -10546.9         0.858784         12.4496         0.0234334
2611.2            -13169.3               -10558.1         0.857191         12.4841         0.0235128
2602.76            -13158.1               -10555.3         0.85         12.5122         0.0236249
2605.86            -13144.4               -10538.5         0.847253         12.5467         0.023731
2613.89            -13129.1               -10515.2         0.848263         12.5901         0.0238525
2619.15            -13123.5               -10504.3         0.850875         12.608         0.0239464
2631.25            -13124.9               -10493.6         0.852587         12.6055         0.0240348
2638.67            -13123.6               -10484.9         0.856525         12.6107         0.0240922
2659.69            -13144.4               -10484.7         0.858941         12.5576         0.0241385
