dt: 0.01 CellNx: 4 b: 5.26 noParticles: 2048
Kinetic energy     Potential energy   Total energy   Temperature         Pressure   Average displacement    Radial distribution
2518.66            -17376.3               -14857.6         0.835143         0.91363         0.000255337
2243.06            -17095.1               -14852         0.819875         1.6924         0.00098385
1841.23            -16662.7               -14821.4         0.730163         2.80075         0.00207528
1400.23            -16162               -14761.8         0.599358         4.03513         0.00336431
1046.81            -15725.5               -14678.6         0.455803         5.06937         0.00466626
902.745            -15462.4               -14559.6         0.340759         5.65993         0.00583451
1012.31            -15414.5               -14402.2         0.293862         5.74394         0.00680598
1278.92            -15517.6               -14238.7         0.329529         5.50528         0.007601
1539.95            -15642               -14102         0.416314         5.25198         0.0082849
1695.29            -15692.5               -13997.2         0.501287         5.18849         0.00892669
1728.61            -15640.5               -13911.9         0.551851         5.36662         0.00956198
1681.14            -15516.7               -13835.6         0.5627         5.70561         0.0101802
1617.1            -15372.8               -13755.7         0.547245         6.08169         0.0107392
1595.34            -15260.2               -13664.9         0.526399         6.37482         0.0111895
1650.09            -15216.2               -13566.1         0.519316         6.50104         0.0114977
1778.39            -15251               -13472.6         0.537139         6.44148         0.011661
1943.4            -15335.2               -13391.8         0.578904         6.2687         0.011711
2099.09            -15425.9               -13326.8         0.632616         6.08255         0.0116993
2212.14            -15488.3               -13276.2         0.683296         5.96312         0.0116784
2268            -15506.5               -13238.5         0.720096         5.94556         0.0116855
2269.92            -15478.6               -13208.7         0.738281         6.03334         0.011735
2237.83            -15420               -13182.1         0.738906         6.18833         0.0118192
2199.55            -15350.8               -13151.3         0.728462         6.36229         0.0119158
2182.53            -15299.9               -13117.4         0.715999         6.48906         0.0119992
2201.16            -15283.1               -13082         0.71046         6.53494         0.012053
2248.1            -15295.8               -13047.7         0.716524         6.51407         0.0120773
2304.01            -15314.6               -13010.6         0.731805         6.48153         0.0120856
2353.06            -15335.3               -12982.2         0.750003         6.44395         0.0120944
2386.19            -15349               -12962.8         0.765969         6.42166         0.0121186
2402.29            -15346.2               -12943.9         0.776755         6.4377         0.0121677
2402.39            -15326.9               -12924.5         0.781995         6.49324         0.0122443
2385.14            -15295.3               -12910.2         0.782029         6.57884         0.012345
2354.52            -15249               -12894.5         0.776413         6.69726         0.0124595
2325.46            -15200.6               -12875.1         0.766445         6.8166         0.0125708
2313.25            -15165               -12851.8         0.756985         6.90177         0.0126608
2322.12            -15148.6               -12826.5         0.753011         6.941         0.0127183
2347.65            -15149.7               -12802         0.755899         6.94012         0.0127411
2379.57            -15164.6               -12785.1         0.76421         6.90861         0.0127349
2406.9            -15176.5               -12769.6         0.7746         6.88706         0.0127097
2424.53            -15173               -12748.4         0.783496         6.90372         0.0126739
2431.86            -15164.3               -12732.5         0.789236         6.93341         0.0126306
2432.99            -15152.5               -12719.5         0.79162         6.97013         0.0125791
2438.67            -15145.8               -12707.1         0.791988         6.99267         0.0125165
2457.29            -15148.8               -12691.5         0.793837         6.99224         0.0124417
2486.17            -15165.2               -12679.1         0.799899         6.96167         0.0123599
2512.92            -15182.3               -12669.4         0.809299         6.93091         0.0122823
2528.98            -15196.4               -12667.5         0.818008         6.90477         0.0122189
2533.58            -15199.9               -12666.3         0.823235         6.90025         0.0121762
2529.06            -15193.9               -12664.8         0.824735         6.91412         0.0121548
2518.36            -15180.7               -12662.3         0.823262         6.94185         0.012151
2509.57            -15167.5               -12658         0.819779         6.9674         0.0121576
2511.31            -15159.8               -12648.5         0.816916         6.98117         0.0121677
2521.65            -15163.3               -12641.7         0.817482         6.97191         0.0121798
2531.44            -15175.1               -12643.6         0.820851         6.94672         0.0121978
2535.78            -15183.3               -12647.5         0.824036         6.93048         0.0122275
2534.11            -15178.7               -12644.6         0.825449         6.94424         0.0122719
2527.13            -15165               -12637.9         0.824905         6.97856         0.01233
2516.4            -15149.6               -12633.2         0.822635         7.01578         0.0123976
2505.55            -15131.8               -12626.2         0.819141         7.05697         0.0124689
2501.83            -15123.1               -12621.3         0.81561         7.07476         0.0125371
2509.43            -15124.2               -12614.8         0.814397         7.07089         0.012599
2522.29            -15130.4               -12608.1         0.816873         7.05929         0.012657
2525.61            -15126.2               -12600.6         0.821059         7.0762         0.0127164
2513.13            -15108.6               -12595.5         0.822138         7.12502         0.012778
2494.3            -15089.7               -12595.4         0.818075         7.17284         0.0128348
2481.83            -15076.3               -12594.5         0.811946         7.20406         0.0128778
2485.24            -15072.6               -12587.4         0.807889         7.21119         0.0129004
2507.87            -15082.7               -12574.8         0.808999         7.18714         0.012902
2539.54            -15097.1               -12557.6         0.816364         7.15731         0.012891
2561.34            -15115.2               -12553.9         0.826672         7.12239         0.0128798
2560.37            -15114.9               -12554.5         0.833771         7.13003         0.0128788
2541.92            -15099.2               -12557.3         0.833452         7.16864         0.012888
2523.85            -15081.6               -12557.8         0.827447         7.20619         0.0128983
2519.02            -15071.6               -12552.6         0.821566         7.22483         0.0128999
2525.07            -15074.2               -12549.1         0.819994         7.21629         0.0128889
2534.29            -15085.2               -12550.9         0.821962         7.19017         0.0128668
2542.95            -15095.4               -12552.5         0.824966         7.16731         0.0128374
2550.46            -15099.3               -12548.8         0.827782         7.16056         0.0128038
2557.91            -15101.9               -12543.9         0.830227         7.15793         0.0127684
2564.77            -15107.7               -12542.9         0.832652         7.14859         0.0127338
2570.82            -15110.8               -12540         0.834885         7.14497         0.0127036
2578.34            -15120               -12541.7         0.836857         7.12601         0.0126808
2585.19            -15129.8               -12544.6         0.839302         7.10591         0.0126699
2584.29            -15126.9               -12542.6         0.841532         7.11592         0.0126755
2572.25            -15111.3               -12539         0.841241         7.15481         0.0126982
2554.27            -15095.3               -12541.1         0.837319         7.19171         0.0127325
2538.21            -15080.5               -12542.3         0.83147         7.22455         0.0127708
2527.31            -15068.8               -12541.5         0.826239         7.25011         0.0128066
2521.17            -15062.9               -12541.7         0.822692         7.26203         0.012835
2522.47            -15061.9               -12539.5         0.820693         7.2617         0.0128528
2533.9            -15068.7               -12534.8         0.821118         7.2429         0.0128594
2551.15            -15075.3               -12524.1         0.824838         7.22714         0.0128587
2566.76            -15083.7               -12517         0.830454         7.20928         0.0128564
2574.17            -15091.9               -12517.7         0.835535         7.19364         0.0128587
2568.26            -15091.3               -12523         0.837945         7.19985         0.0128694
2550.24            -15072.1               -12521.9         0.836023         7.24848         0.0128867
2532.79            -15052.9               -12520.1         0.830157         7.29414         0.0129012
2526.68            -15044.7               -12518.1         0.824477         7.3118         0.0129037
2532.93            -15052.2               -12519.3         0.822486         7.29241         0.0128905
2546.22            -15063.1               -12516.9         0.824523         7.26529         0.0128643
2561.95            -15076               -12514         0.828849         7.23268         0.0128301
2580.36            -15095.5               -12515.1         0.833968         7.18341         0.0127934
2600.18            -15119.4               -12519.2         0.839962         7.12404         0.0127617
2617.01            -15131.9               -12514.9         0.846412         7.0934         0.0127442
2626.8            -15141.9               -12515.1         0.85189         7.07063         0.0127479
2625.18            -15147.6               -12522.4         0.855078         7.05955         0.0127779
2612.1            -15143.5               -12531.4         0.85455         7.07212         0.0128356
2591.08            -15131.4               -12540.4         0.850293         7.10322         0.0129176
2564.5            -15111.1               -12546.6         0.843451         7.15481         0.0130173
2534.69            -15078.6               -12543.9         0.834798         7.23434         0.013125
2509.41            -15045.7               -12536.3         0.825096         7.31145         0.0132277
2497.84            -15031.1               -12533.2         0.816864         7.34131         0.0133121
2506.47            -15035.6               -12529.1         0.813098         7.32417         0.0133719
2534.06            -15058.1               -12524         0.815909         7.26649         0.0134091
2565.36            -15088.7               -12523.3         0.824889         7.1942         0.0134352
2583.79            -15105.2               -12521.4         0.835077         7.15842         0.0134641
2586.48            -15107.1               -12520.6         0.841079         7.15789         0.0135041
2573.91            -15096.8               -12522.9         0.841954         7.1858         0.0135564
2549.19            -15070.9               -12521.7         0.837863         7.24872         0.0136164
2527.21            -15044.9               -12517.7         0.829814         7.30752         0.0136726
2523.41            -15041.2               -12517.8         0.822661         7.31068         0.0137138
2539.29            -15052.7               -12513.4         0.821422         7.27985         0.0137379
2565.58            -15074.3               -12508.7         0.826593         7.22937         0.0137519
2586.54            -15095.8               -12509.3         0.835149         7.18303         0.0137678
2588.71            -15100.4               -12511.7         0.841972         7.17911         0.0137964
2572.33            -15081.7               -12509.4         0.842679         7.22845         0.0138401
2547.92            -15057.1               -12509.2         0.837347         7.28848         0.0138911
2525.55            -15030.4               -12504.8         0.829402         7.35157         0.0139388
2509.9            -15014.1               -12504.2         0.822121         7.38887         0.0139727
2502.3            -15009.1               -12506.8         0.817026         7.39893         0.0139853
2502.24            -15007.6               -12505.4         0.814552         7.4009         0.013973
2507.69            -15012.3               -12504.6         0.814533         7.38914         0.0139343
2517.92            -15017.2               -12499.2         0.816304         7.37675         0.0138698
2535.53            -15025.1               -12489.6         0.819636         7.35574         0.0137808
2566.44            -15048.1               -12481.7         0.825369         7.29734         0.0136707
2609.35            -15091.5               -12482.2         0.835429         7.19201         0.0135496
2652.87            -15135.1               -12482.2         0.849397         7.08978         0.0134357
2684.64            -15175.6               -12490.9         0.863565         6.99808         0.0133483
2693.48            -15194.8               -12501.3         0.873907         6.95853         0.0133039
2676.17            -15187.7               -12511.5         0.876785         6.97957         0.0133092
2642.11            -15164.5               -12522.4         0.871148         7.0328         0.0133589
2608.45            -15145.7               -12537.3         0.86006         7.07009         0.0134397
2586.95            -15132.4               -12545.5         0.849104         7.09223         0.0135395
2580.89            -15128               -12547.2         0.842105         7.09519         0.0136507
2582.32            -15126.3               -12544         0.840132         7.09665         0.0137722
2577.15            -15119.9               -12542.8         0.840599         7.11449         0.0139061
2559.58            -15104.6               -12545         0.838917         7.15431         0.0140512
2536.22            -15084.8               -12548.6         0.833196         7.20244         0.0142004
2516.99            -15064.5               -12547.5         0.825593         7.2502         0.0143439
2508.89            -15050.4               -12541.5         0.819334         7.28226         0.0144726
2512.56            -15045.2               -12532.7         0.816695         7.29418         0.0145813
2521.4            -15049.5               -12528.1         0.81789         7.28546         0.0146703
2529.68            -15052.4               -12522.7         0.82077         7.28079         0.0147426
2538.93            -15055.7               -12516.8         0.823463         7.27383         0.0148003
2552.8            -15069.4               -12516.6         0.826474         7.2416         0.0148456
2570.64            -15084               -12513.4         0.830989         7.20921         0.0148846
2587.36            -15094.4               -12507         0.836796         7.18855         0.014925
2596.69            -15105.8               -12509.1         0.84224         7.16598         0.0149741
2596.29            -15108.5               -12512.2         0.845276         7.16253         0.0150373
2591.42            -15108.2               -12516.8         0.845148         7.16338         0.0151149
2586.9            -15108.9               -12522         0.84356         7.16094         0.0152054
2581.41            -15103.3               -12521.9         0.84209         7.17365         0.0153078
2572.99            -15100.8               -12527.9         0.840303         7.17925         0.0154196
2559.86            -15097.5               -12537.7         0.837562         7.18711         0.0155383
2541.29            -15077.3               -12536.1         0.833289         7.23517         0.0156599
2522.42            -15054.7               -12532.3         0.827242         7.28892         0.0157755
2509.24            -15029.5               -12520.2         0.821101         7.34777         0.0158756
2505.79            -15018.7               -12512.9         0.81681         7.37116         0.0159516
2513.66            -15020.8               -12507.2         0.815686         7.36257         0.0159999
2533.31            -15032.5               -12499.1         0.81825         7.33161         0.016022
2560.01            -15054.5               -12494.5         0.824644         7.27634         0.0160245
2582.1            -15079.9               -12497.8         0.833336         7.21542         0.0160187
2592.79            -15094.6               -12501.8         0.840528         7.18004         0.0160151
2595.29            -15103               -12507.7         0.844009         7.15889         0.0160192
2593.44            -15105.8               -12512.4         0.844822         7.15081         0.0160333
2589.4            -15102.4               -12513         0.844219         7.15836         0.0160578
2586.91            -15099.8               -12512.9         0.842903         7.16461         0.0160914
2586.43            -15097.8               -12511.4         0.842093         7.17125         0.0161331
2584.55            -15095.7               -12511.2         0.841937         7.18056         0.0161831
2579.03            -15087.9               -12508.9         0.841325         7.20516         0.0162411
2572.17            -15084.6               -12512.5         0.839527         7.21892         0.0163048
2564.86            -15082.3               -12517.5         0.837296         7.22967         0.0163726
2556.59            -15075.8               -12519.2         0.834914         7.2486         0.0164429
2549.28            -15067.6               -12518.3         0.832223         7.26809         0.0165128
2545.6            -15063.3               -12517.7         0.829845         7.2745         0.0165786
2547.2            -15060               -12512.8         0.828647         7.2772         0.0166383
2554.14            -15064.3               -12510.1         0.829166         7.26192         0.016691
2559.66            -15073               -12513.3         0.831427         7.23899         0.0167392
2555.57            -15068.1               -12512.5         0.833224         7.25065         0.0167864
2542.83            -15057.2               -12514.4         0.831892         7.27624         0.0168308
2528.35            -15050.4               -12522.1         0.827743         7.29104         0.0168662
2520.03            -15042.1               -12522         0.823031         7.30895         0.0168864
2524.42            -15036               -12511.6         0.820323         7.32173         0.0168861
2539.47            -15041.8               -12502.4         0.821752         7.30938         0.0168649
2556.03            -15049               -12492.9         0.826652         7.29647         0.0168277
2571.07            -15063.8               -12492.8         0.832042         7.26513         0.0167801
2584.99            -15081.9               -12496.9         0.836938         7.2261         0.0167283
2595.29            -15093.4               -12498.1         0.841467         7.20399         0.0166789
2598.42            -15094               -12495.6         0.844822         7.20764         0.0166372
2594.58            -15088.7               -12494.1         0.845841         7.22325         0.0166046
2588.35            -15083.7               -12495.4         0.844589         7.23429         0.0165792
2586.12            -15083.4               -12497.3         0.842563         7.23134         0.0165587
2593.05            -15097.5               -12504.5         0.841834         7.19227         0.0165421
2608.73            -15119.4               -12510.7         0.844093         7.13493         0.0165338
2625.45            -15137.1               -12511.7         0.849195         7.09088         0.0165423
2633.17            -15151.8               -12518.7         0.85464         7.05636         0.0165759
2622.69            -15148.6               -12525.9         0.857151         7.06563         0.0166403
2593.94            -15129.9               -12535.9         0.853741         7.10981         0.0167328
2558.39            -15099.5               -12541.2         0.844381         7.1784         0.016842
2531.46            -15072               -12540.5         0.832808         7.23899         0.0169522
2520.28            -15054.3               -12534         0.824042         7.27826         0.0170513
2521.88            -15051.3               -12529.5         0.820403         7.28593         0.017134
2531.44            -15056.7               -12525.2         0.820924         7.27548         0.0172005
2546.83            -15067               -12520.1         0.824035         7.25385         0.0172546
2563.21            -15086.4               -12523.2         0.829045         7.21101         0.017302
2575.96            -15098.7               -12522.7         0.834378         7.18436         0.0173502
2586.51            -15109.2               -12522.7         0.838529         7.15987         0.0174039
2594.01            -15121.1               -12527.1         0.841963         7.13134         0.0174674
2595.86            -15125.8               -12529.9         0.844406         7.12022         0.017545
2592.09            -15120.9               -12528.8         0.845005         7.13234         0.0176389
2582.31            -15110               -12527.7         0.843779         7.16034         0.0177484
2566.84            -15095.9               -12529.1         0.840596         7.1967         0.0178701
2548.63            -15080.1               -12531.4         0.835559         7.23744         0.0179985
2531.97            -15061.5               -12529.5         0.829633         7.28347         0.0181268
2522.43            -15048.3               -12525.8         0.824209         7.3157         0.0182478
2521.12            -15044.2               -12523.1         0.821104         7.32538         0.0183567
2524.72            -15042.6               -12517.9         0.820677         7.32907         0.0184521
2533.96            -15050.6               -12516.6         0.821848         7.3088         0.0185337
2550.61            -15065.3               -12514.7         0.824857         7.27267         0.0186037
2571.44            -15082.4               -12511         0.830278         7.23333         0.018668
2587.97            -15095.5               -12507.6         0.837058         7.20568         0.0187345
2593.1            -15105.4               -12512.3         0.842439         7.18658         0.01881
2586            -15103.6               -12517.6         0.844107         7.19263         0.0188976
2575.03            -15095.4               -12520.3         0.841797         7.20986         0.0189945
2567.86            -15088.6               -12520.7         0.838225         7.22088         0.0190959
2564.39            -15083.6               -12519.2         0.835892         7.2267         0.0191986
2564.3            -15082               -12517.7         0.834762         7.22391         0.0193008
2567.33            -15086.2               -12518.9         0.834732         7.20909         0.0194018
2569.97            -15089.9               -12519.9         0.835719         7.1986         0.0195031
2569.25            -15085.5               -12516.2         0.836578         7.20984         0.0196066
2566.87            -15079.4               -12512.5         0.836345         7.22689         0.0197116
2565.37            -15077.6               -12512.2         0.835569         7.23377         0.0198169
2563.67            -15078.2               -12514.5         0.835081         7.23531         0.0199225
2560.33            -15072.7               -12512.4         0.834527         7.24948         0.0200286
2558.2            -15069.5               -12511.3         0.833439         7.25665         0.0201334
2558.97            -15071               -12512         0.832746         7.25274         0.020236
2559.33            -15072               -12512.6         0.832997         7.25076         0.0203374
2556            -15071.8               -12515.8         0.833114         7.25228         0.0204385
2548.37            -15068.2               -12519.8         0.832031         7.26174         0.0205385
2537.78            -15059.3               -12521.5         0.829546         7.28331         0.0206344
2526.63            -15045.7               -12519.1         0.826101         7.31533         0.0207213
2518.56            -15033.6               -12515.1         0.82247         7.34258         0.0207932
2517.93            -15025               -12507.1         0.819845         7.36077         0.0208451
2528.12            -15025.6               -12497.4         0.819639         7.35687         0.0208743
2547.23            -15039.1               -12491.9         0.822957         7.32407         0.0208833
2564.57            -15057.3               -12492.7         0.829178         7.28374         0.0208801
2570.8            -15066.3               -12495.5         0.83482         7.26614         0.0208734
2567.18            -15065               -12497.8         0.836849         7.27158         0.0208664
2559.14            -15055.2               -12496         0.835671         7.29551         0.0208576
2554.14            -15048.6               -12494.5         0.833053         7.30991         0.0208426
2557.67            -15047.2               -12489.5         0.831425         7.31136         0.0208184
2569.71            -15057.3               -12487.6         0.832576         7.286         0.020785
2583.95            -15074.5               -12490.6         0.836493         7.24616         0.0207471
2592.55            -15084.7               -12492.2         0.841131         7.22421         0.0207115
2596.35            -15093.8               -12497.5         0.843927         7.20339         0.0206817
2602.03            -15104.7               -12502.7         0.845167         7.17757         0.0206594
2610.44            -15118               -12507.6         0.847015         7.14711         0.0206478
2618.49            -15130.1               -12511.6         0.849752         7.12044         0.0206515
2623.73            -15137.6               -12513.9         0.852374         7.10526         0.0206755
2622.9            -15144.5               -12521.6         0.854078         7.09201         0.0207229
2612.47            -15138.7               -12526.2         0.853808         7.10929         0.0207958
2593.06            -15124.1               -12531         0.850414         7.14607         0.0208913
2568.9            -15106.5               -12537.6         0.844094         7.18738         0.0210022
2545.6            -15083.3               -12537.7         0.836232         7.2395         0.0211193
2529.83            -15062.7               -12532.8         0.828646         7.28365         0.0212318
2525.84            -15052.7               -12526.8         0.823512         7.3011         0.0213315
2533.73            -15056               -12522.3         0.822215         7.28693         0.0214153
2550.92            -15067.7               -12516.8         0.824783         7.25364         0.0214856
2573.48            -15091.5               -12518         0.830377         7.19405         0.0215485
2594.69            -15114.5               -12519.8         0.837723         7.14         0.0216142
2606.16            -15126.4               -12520.2         0.844625         7.11603         0.021693
2601.67            -15123.1               -12521.4         0.84836         7.12933         0.0217912
2580.72            -15105.4               -12524.6         0.846898         7.17589         0.0219082
2550.59            -15084.8               -12534.2         0.840078         7.2249         0.0220356
2524.3            -15061.5               -12537.2         0.830269         7.27616         0.0221609
2513.94            -15051.8               -12537.8         0.821712         7.29307         0.0222715
2522            -15054.2               -12532.2         0.81834         7.28231         0.0223615
2543.68            -15070.5               -12526.8         0.820963         7.24125         0.0224323
2568.82            -15087.5               -12518.7         0.82802         7.20164         0.0224924
2586.9            -15102.2               -12515.3         0.836205         7.17003         0.0225514
2591.72            -15108.4               -12516.7         0.842089         7.15932         0.0226168
2585.67            -15105.2               -12519.5         0.84366         7.16919         0.0226908
2577.85            -15094.4               -12516.5         0.841691         7.19495         0.0227707
2577.46            -15102.6               -12525.2         0.839145         7.17556         0.022852
2578.9            -15108.4               -12529.5         0.839018         7.16559         0.0229368
2573.98            -15101.9               -12527.9         0.839485         7.18624         0.0230279
2563.37            -15092.2               -12528.8         0.837886         7.21263         0.0231232
2551.31            -15080.3               -12529         0.834429         7.24133         0.0232183
2543.08            -15070.6               -12527.5         0.830504         7.26121         0.0233077
2546.01            -15069.5               -12523.5         0.827826         7.25772         0.0233866
