dt: 0.01 CellNx: 4 b: 5.26 noParticles: 2048
Kinetic energy     Potential energy   Total energy   Temperature         Pressure   Average displacement    Radial distribution
2518.64            17376.3               19894.9         0.835143         0.909904         0.000255335
2238.88            17095.1               19334         0.819869         1.29099         0.000983843
1811.48            16663.2               18474.7         0.728801         1.79429         0.00207401
1322.83            16167.9               17490.7         0.589673         2.32357         0.00335015
906.532            15748.6               16655.1         0.43061         2.72068         0.00460574
680.763            15518.7               16199.5         0.295095         2.88725         0.00566456
673.083            15512               16185.1         0.221603         2.82047         0.00643553
811.081            15656.5               16467.6         0.219103         2.62237         0.00692645
988.674            15838.5               16827.2         0.264024         2.41929         0.00720779
1129.62            15981               17110.6         0.321834         2.28029         0.00736122
1203.3            16054               17257.3         0.367714         2.22281         0.00744699
1215.49            16064.7               17280.2         0.391699         2.22937         0.00749326
1192.55            16039.9               17232.5         0.395667         2.26714         0.00750111
1166.5            16011.7               17178.2         0.388198         2.30099         0.00745708
1163.16            16007.8               17171         0.379721         2.30249         0.00734733
1194.75            16039.9               17234.6         0.378632         2.26287         0.00716899
1258.67            16105.3               17364         0.388916         2.1884         0.00693469
1340.33            16187.5               17527.8         0.409725         2.10022         0.0066711
1419.6            16267.5               17687.1         0.436306         2.01894         0.00641192
1477.61            16326.2               17803.8         0.462109         1.96423         0.00618955
1502.74            16351.5               17854.2         0.480993         1.94707         0.00602705
1493.19            16341.5               17834.7         0.489174         1.96693         0.00593339
1456.56            16304               17760.6         0.486066         2.01317         0.00590298
1407.26            16254.1               17661.4         0.47414         2.06822         0.0059191
1361.25            16207.9               17569.1         0.458094         2.11513         0.00596038
1329.98            16176.3               17506.2         0.443115         2.14436         0.00600775
1317.41            16163.4               17480.8         0.432937         2.15316         0.00604894
1320.14            16166.5               17486.7         0.428844         2.14546         0.00607987
1331.15            16178               17509.1         0.429734         2.13041         0.00610284
1343.75            16190.7               17534.5         0.433317         2.11514         0.00612307
1352.5            16199.7               17552.2         0.437418         2.1052         0.00614596
1353.12            16200.6               17553.7         0.440266         2.10523         0.00617514
1343.68            16190.9               17534.6         0.44047         2.11704         0.00621071
1326.38            16173.4               17499.7         0.437396         2.13694         0.00624842
1307.22            16153.9               17461.1         0.431765         2.15754         0.0062806
1293.04            16139.4               17432.4         0.425529         2.17143         0.006299
1288.18            16134.5               17422.7         0.42091         2.1743         0.0062978
1292.75            16139.2               17432         0.41933         2.16772         0.00627557
1303.47            16150.2               17453.7         0.420815         2.15527         0.0062349
1316.14            16163.1               17479.3         0.424307         2.14163         0.00618081
1327.68            16174.7               17502.4         0.428432         2.12981         0.00611868
1337.02            16184               17521.1         0.432187         2.12055         0.00605287
1345.14            16192.4               17537.5         0.435228         2.11206         0.00598648
1353.42            16200.3               17553.7         0.43787         2.10462         0.0059222
1362.15            16209.1               17571.3         0.440566         2.09684         0.00586298
1369.77            16217               17586.8         0.443407         2.0909         0.00581244
1374.23            16221.7               17595.9         0.445888         2.08873         0.005774
1374.92            16222.5               17597.4         0.447341         2.08984         0.00574962
1373.01            16220.8               17593.8         0.447564         2.09268         0.00573947
1370.29            16217.5               17587.8         0.446943         2.09603         0.00574246
1367.66            16214.9               17582.5         0.446058         2.098         0.00575712
1364.65            16212               17576.6         0.445203         2.10039         0.00578231
1359.98            16207.4               17567.3         0.444222         2.10493         0.00581701
1352.19            16199.5               17551.7         0.442702         2.11314         0.00585967
1341.09            16188.3               17529.4         0.440165         2.12462         0.00590737
1329.42            16177.2               17506.6         0.436552         2.13447         0.00595538
1321.21            16168.5               17489.7         0.432753         2.14096         0.00599862
1318.92            16165.6               17484.5         0.430081         2.14159         0.00603336
1321.36            16168.5               17489.9         0.429337         2.13654         0.00605864
1324.93            16171.9               17496.9         0.430129         2.13249         0.00607595
1328.14            16175.2               17503.3         0.431292         2.12916         0.00608687
1331.87            16178.8               17510.7         0.432337         2.12558         0.00609258
1336.16            16183.3               17519.5         0.433551         2.12173         0.00609456
1338.62            16185.8               17524.5         0.434947         2.12093         0.00609492
1337.14            16184.2               17521.4         0.435749         2.1249         0.00609499
1332.43            16179.7               17512.1         0.435265         2.13116         0.00609408
1327.61            16174.4               17502         0.433733         2.13717         0.00608993
1326.58            16173.1               17499.7         0.432165         2.13745         0.00607997
1331.45            16178.3               17509.8         0.431829         2.13088         0.00606356
1340.8            16187.8               17528.6         0.433415         2.12036         0.00604296
1350.21            16197.3               17547.5         0.436457         2.111         0.00602272
1355.71            16202.9               17558.7         0.439522         2.10649         0.00600736
1356.39            16203.4               17559.8         0.441311         2.10679         0.00599933
1353.96            16200.6               17554.6         0.441534         2.10934         0.00599861
1350.61            16197.2               17547.8         0.440742         2.11191         0.00600367
1347.67            16194.9               17542.5         0.439652         2.11323         0.00601264
1344.98            16192.3               17537.3         0.438695         2.11556         0.00602407
1341.9            16189.1               17531         0.437818         2.11937         0.00603669
1338.39            16185.9               17524.3         0.436817         2.12348         0.00604919
1334.61            16182               17516.6         0.435673         2.12861         0.00606036
1330.73            16178               17508.8         0.434444         2.13361         0.00606902
1327.33            16174.5               17501.8         0.433181         2.13773         0.00607406
1325.94            16172.9               17498.9         0.432074         2.13872         0.00607434
1328.16            16175.3               17503.5         0.431622         2.13465         0.00606933
1334.06            16181.4               17515.4         0.432345         2.12689         0.00605998
1341.39            16188.8               17530.2         0.434263         2.11861         0.00604883
1346.46            16194.1               17540.6         0.436649         2.11373         0.00603913
1346.37            16194.2               17540.6         0.4383         2.11504         0.00603318
1341.18            16189.1               17530.3         0.438272         2.12157         0.00603089
1334.16            16181.7               17515.8         0.436582         2.12956         0.00602973
1330.14            16178.1               17508.3         0.434298         2.13195         0.00602619
1332.01            16179.6               17511.6         0.432989         2.12927         0.00601844
1339.26            16187.1               17526.4         0.433598         2.12079         0.00600726
1347.72            16195.6               17543.3         0.435958         2.11307         0.00599624
1352.42            16200.9               17553.3         0.438712         2.10959         0.00598941
1350.54            16198.7               17549.2         0.440241         2.11456         0.0059892
1343.62            16191.2               17534.8         0.43963         2.12385         0.00599455
1336.23            16183.5               17519.8         0.437376         2.13143         0.00600193
1332.75            16179.9               17512.7         0.434971         2.1334         0.00600762
1334.81            16182.1               17516.9         0.433838         2.12898         0.00600987
1340.7            16188.2               17528.9         0.434509         2.12119         0.00600964
1347.01            16194.9               17541.9         0.436424         2.11373         0.00600972
1351.18            16198.8               17550         0.438481         2.10999         0.00601309
1352.47            16200               17552.5         0.439836         2.10916         0.00602152
1351.65            16199.2               17550.8         0.440256         2.11021         0.00603555
1350.63            16198.3               17548.9         0.43999         2.11074         0.00605471
1351.23            16198.6               17549.8         0.439657         2.11023         0.00607854
1354.03            16201.3               17555.4         0.439852         2.10693         0.00610726
1357.67            16205.3               17562.9         0.440764         2.10322         0.00614232
1359.19            16207.4               17566.6         0.441951         2.10212         0.00618575
1354.83            16202.7               17557.5         0.442445         2.10959         0.00623891
1343.01            16190.4               17533.4         0.441024         2.12472         0.00630024
1325.96            16173.1               17499.1         0.437178         2.14357         0.00636468
1308.71            16155.4               17464.1         0.431629         2.1608         0.00642464
1296.34            16143               17439.4         0.426012         2.17105         0.00647248
1291.8            16138.5               17430.3         0.421986         2.17234         0.00650278
1295.57            16142.4               17438         0.420508         2.1652         0.0065136
1305.66            16153.3               17458.9         0.421735         2.15189         0.00650669
1317.53            16165.1               17482.6         0.425019         2.13976         0.00648677
1326.5            16174.3               17500.8         0.428884         2.13194         0.00645918
1330.41            16178.8               17509.2         0.431805         2.12928         0.0064279
1330.07            16178               17508         0.433076         2.13197         0.00639453
1328.42            16175.9               17504.3         0.432967         2.13496         0.00635849
1328.85            16176.1               17505         0.432427         2.13417         0.00631849
1333.87            16181.1               17515         0.432568         2.12768         0.00627424
1343.75            16191.2               17535         0.434202         2.11589         0.00622754
1355.99            16203.7               17559.7         0.437419         2.1024         0.00618257
1367.09            16214.9               17582         0.441404         2.09109         0.00614457
1374.77            16222.7               17597.5         0.445015         2.08385         0.00611817
1378.3            16226.3               17604.6         0.447517         2.08104         0.00610639
1377.66            16225.9               17603.6         0.448666         2.08218         0.00611047
1373.55            16224               17597.5         0.448458         2.08417         0.00612998
1365.95            16216.8               17582.8         0.44712         2.09248         0.00616358
1354.79            16205               17559.8         0.444644         2.10644         0.00620831
1341.98            16189.9               17531.9         0.441012         2.12373         0.00625941
1330.6            16178.6               17509.2         0.436842         2.13481         0.00631106
1322.47            16170.6               17493.1         0.433139         2.14183         0.00635874
1318.74            16166.5               17485.3         0.430492         2.14432         0.00639934
1320.2            16168.1               17488.3         0.429279         2.14069         0.00643147
1326.53            16174.5               17501.1         0.429753         2.13207         0.00645594
1335.26            16183.2               17518.4         0.431814         2.12211         0.00647568
1342.53            16190.7               17533.2         0.434654         2.11448         0.00649455
1345.43            16193.4               17538.8         0.43702         2.11254         0.00651558
1344.17            16192.1               17536.3         0.437967         2.11464         0.00653963
1341.32            16190.1               17531.4         0.437555         2.11706         0.00656577
1339.24            16187.7               17527         0.436628         2.11989         0.00659282
1338.64            16186.4               17525.1         0.43595         2.12196         0.00662021
1338.54            16186.3               17524.8         0.435756         2.12273         0.00664819
1338.24            16186               17524.3         0.435722         2.12353         0.00667727
1338.91            16186.9               17525.8         0.435626         2.12234         0.00670754
1341.47            16189.4               17530.9         0.435844         2.11925         0.0067394
1344.85            16192.9               17537.7         0.436676         2.11531         0.00677404
1346.55            16194.6               17541.2         0.437778         2.11388         0.00681308
1344.5            16192.7               17537.2         0.438332         2.11688         0.00685725
1337.76            16186.1               17523.9         0.437662         2.12508         0.00690559
1326.89            16175               17501.9         0.435468         2.13775         0.00695501
1314.38            16162.4               17476.7         0.43193         2.15126         0.00700065
1303.69            16151.3               17455         0.427858         2.16265         0.00703703
1297.61            16145.2               17442.8         0.424379         2.16814         0.00705959
1297.37            16144.9               17442.3         0.422399         2.16717         0.00706593
1303.29            16150.8               17454.1         0.422319         2.15939         0.00705611
1314.91            16162.7               17477.6         0.424247         2.14536         0.00703262
1330.37            16178.2               17508.6         0.428032         2.12776         0.0070002
1346.13            16194.2               17540.3         0.433064         2.11058         0.00696509
1357.89            16206               17563.9         0.438195         2.0989         0.00693364
1362.08            16210.2               17572.3         0.442021         2.09629         0.00691044
1357.55            16205.6               17563.1         0.443386         2.10326         0.00689685
1346.28            16194.2               17540.5         0.44191         2.11683         0.00689058
1332.58            16180.4               17513         0.438242         2.13183         0.00688654
1321.28            16169               17490.3         0.433784         2.14286         0.00687873
1315.58            16163.7               17479.3         0.430106         2.14681         0.00686236
1316.2            16163.9               17480.1         0.428247         2.14499         0.00683513
1322.68            16170.9               17493.6         0.428452         2.13583         0.00679721
1333.81            16182.2               17516         0.430559         2.12272         0.00675125
1348            16196               17544         0.434182         2.10766         0.00670169
1362.55            16210.9               17573.5         0.438802         2.09249         0.0066543
1373.75            16222.3               17596.1         0.443539         2.08212         0.00661528
1379.01            16228.4               17607.4         0.447186         2.07795         0.00658938
1377.94            16227.1               17605         0.448897         2.08156         0.00657886
1372.2            16220.8               17593         0.448547         2.08994         0.00658312
1363.78            16212.1               17575.9         0.44668         2.1001         0.00659979
1353.46            16201.9               17555.4         0.443938         2.11172         0.00662578
1341.89            16190.4               17532.3         0.440579         2.12429         0.0066573
1331.41            16180               17511.4         0.436814         2.13447         0.00668979
1325.4            16174               17499.4         0.433402         2.13911         0.00671895
1325.31            16174.1               17499.4         0.431444         2.13712         0.00674234
1329.11            16179.4               17508.5         0.431417         2.13012         0.00676022
1332.22            16183               17515.2         0.432653         2.12661         0.00677489
1331.5            16181.3               17512.8         0.433665         2.1295         0.00678792
1327.71            16176.9               17504.6         0.43343         2.13537         0.00679863
1323.96            16173               17496.9         0.432198         2.13946         0.00680481
1322.7            16171.7               17494.4         0.430975         2.14035         0.00680453
1324.6            16174.2               17498.8         0.430565         2.13709         0.00679719
1328.91            16178.5               17507.4         0.431184         2.1321         0.00678381
1335.27            16184.4               17519.7         0.432589         2.12591         0.0067663
1343.82            16192.7               17536.6         0.434658         2.11695         0.00674714
1353.55            16202.4               17555.9         0.437442         2.1062         0.00672974
1362.67            16211.8               17574.5         0.440608         2.09613         0.00671796
1370.16            16219.5               17589.6         0.443577         2.08772         0.00671517
1375.18            16225.1               17600.3         0.446017         2.08214         0.00672405
1376.31            16226.3               17602.6         0.447651         2.08244         0.00674649
1372.33            16221.9               17594.3         0.448019         2.08899         0.00678287
1363.3            16212.3               17575.6         0.446722         2.10131         0.00683159
1351.89            16200.5               17552.4         0.443783         2.11453         0.00688871
1342.56            16191.2               17533.7         0.440067         2.12381         0.00694928
1339.07            16187.6               17526.7         0.437031         2.12586         0.00700935
1341.46            16190.3               17531.8         0.435896         2.12169         0.00706788
1345.79            16195.1               17540.9         0.436672         2.11657         0.00712678
1347.34            16196.7               17544         0.438084         2.11566         0.00718876
1343.87            16193.1               17537         0.438588         2.12031         0.0072549
1336.59            16185.8               17522.4         0.437456         2.12819         0.00732369
1328.75            16177.8               17506.5         0.435089         2.13569         0.00739177
1323.46            16172.8               17496.3         0.432535         2.1393         0.00745563
1321.89            16171.2               17493.1         0.430812         2.13962         0.00751314
1322.34            16171.5               17493.9         0.430302         2.13884         0.00756402
1321.25            16170.5               17491.8         0.430448         2.1406         0.00760903
1316.35            16165.5               17481.8         0.430095         2.14701         0.00764808
1309.31            16158.4               17467.8         0.428499         2.15456         0.007679
1305.25            16153.9               17459.1         0.426206         2.15784         0.00769828
1309.02            16158.1               17467.1         0.424887         2.15096         0.00770358
1320.23            16169.6               17489.8         0.426113         2.13743         0.00769654
1332.82            16182.3               17515.1         0.429761         2.12505         0.0076824
1340.09            16189.9               17530         0.43386         2.11987         0.00766695
1340.37            16189.8               17530.2         0.436228         2.12261         0.00765315
1337.58            16186.7               17524.3         0.436317         2.12716         0.00764045
1336.71            16185.9               17522.6         0.435411         2.12804         0.00762706
1339.75            16189               17528.7         0.435127         2.12415         0.00761249
1345.81            16195.2               17541         0.436116         2.117         0.00759826
1353.35            16203               17556.3         0.438089         2.10829         0.00758711
1360.9            16210.7               17571.6         0.440542         2.09951         0.00758225
1365.83            16215.7               17581.5         0.443         2.09467         0.00758697
1364.7            16214.6               17579.3         0.444606         2.09699         0.00760351
1355.89            16205.8               17561.7         0.444239         2.10772         0.00763151
1341.51            16191               17532.5         0.44137         2.124         0.00766718
1326.88            16176.5               17503.4         0.436688         2.13801         0.00770414
1317.14            16167.2               17484.3         0.431926         2.14552         0.00773615
1314.27            16163.9               17478.1         0.428755         2.1474         0.00775932
1317.09            16166               17483.1         0.427823         2.14437         0.00777268
1322.41            16171.9               17494.3         0.428742         2.13825         0.00777764
1327.18            16176.5               17503.7         0.430472         2.13366         0.00777668
1330.37            16179.8               17510.2         0.432025         2.13062         0.00777166
1332.97            16183               17515.9         0.433065         2.12689         0.00776344
1336.2            16186.4               17522.6         0.433908         2.12283         0.00775271
1340.59            16190.2               17530.8         0.434962         2.11908         0.00774045
1345.65            16195.4               17541.1         0.436389         2.11395         0.00772815
1349.65            16199.2               17548.9         0.438036         2.11074         0.00771798
1350.98            16200.7               17551.7         0.439338         2.11075         0.00771177
1349.28            16199               17548.2         0.439773         2.11412         0.00771014
1345.68            16195.4               17541.1         0.439217         2.11897         0.00771234
1342.03            16191.8               17533.9         0.438047         2.12316         0.00771677
1340.2            16189.7               17529.9         0.436859         2.12478         0.00772184
1342.05            16191.7               17533.7         0.436262         2.12144         0.00772672
1348.34            16198.2               17546.6         0.436864         2.11303         0.00773215
1357.31            16207.3               17564.6         0.438913         2.10246         0.0077409
1365.16            16215.6               17580.8         0.441832         2.09412         0.00775696
1368.24            16220               17588.2         0.444388         2.09044         0.00778379
1364.06            16215.9               17579.9         0.44539         2.09653         0.00782296
1353.19            16204.3               17557.5         0.444032         2.11018         0.00787261
1339.18            16190.7               17529.9         0.440491         2.12475         0.00792781
1325.87            16177.6               17503.5         0.435931         2.1378         0.0079826
1316.04            16167.1               17483.2         0.431597         2.1478         0.00803144
1311.24            16161.2               17472.4         0.428398         2.15263         0.00807017
1312.05            16162.8               17474.9         0.426837         2.14803         0.00809661
1317.87            16169.4               17487.2         0.427098         2.13904         0.00811145
1327.66            16178.9               17506.5         0.428994         2.12816         0.00811732
1338.99            16189.2               17528.2         0.432181         2.11832         0.00811855
1346.94            16197.2               17544.2         0.435868         2.11203         0.00812024
1347.2            16197.3               17544.5         0.438457         2.11494         0.00812633
1340.79            16190.5               17531.3         0.438543         2.12416         0.00813703
1332.93            16182.4               17515.4         0.436456         2.13283         0.00814921
1329.07            16178.6               17507.6         0.433898         2.13535         0.00815909
1331.79            16181.9               17513.7         0.43264         2.12933         0.00816477
1340.02            16191.4               17531.4         0.433526         2.11763         0.00816751
1349.89            16201.5               17551.3         0.436205         2.10666         0.00817101
1356.69            16207.7               17564.4         0.439417         2.10131         0.00817947
1357.05            16208.1               17565.1         0.44163         2.10239         0.00819549
1351.29            16202.9               17554.2         0.441748         2.10846         0.00821883
1342.73            16194.2               17536.9         0.439873         2.11759         0.00824667
1334.73            16185.3               17520         0.437087         2.12702         0.00827513
1329.3            16179.9               17509.2         0.434483         2.13201         0.00830067
1327.22            16178.2               17505.4         0.432716         2.13302         0.00832127
1328.72            16179.2               17507.9         0.432039         2.13187         0.00833641
1333.64            16183.7               17517.4         0.432526         2.12723         0.0083468
1341.1            16191.4               17532.5         0.434128         2.11964         0.00835464
1348.82            16199.3               17548.2         0.436555         2.1126         0.00836341
1353.53            16204.3               17557.8         0.43907         2.1094         0.00837683
1353.16            16203.8               17557         0.440602         2.11184         0.00839724
1349.08            16199.5               17548.5         0.440483         2.11736         0.00842446
1344.3            16194.5               17538.8         0.439153         2.12239         0.00845657
1340.35            16190.5               17530.9         0.437599         2.12596         0.00849158
1336.62            16186.8               17523.4         0.436313         2.12936         0.00852811
1332.15            16182.3               17514.5         0.435097         2.1335         0.00856483
1327.37            16177.5               17504.9         0.433642         2.13744         0.00859982
1324.2            16174.3               17498.5         0.432087         2.13885         0.00863072
1324.34            16174.5               17498.8         0.431053         2.13624         0.00865575
1327.54            16177.8               17505.4         0.431099         2.13064         0.00867472
1331.6            16181.9               17513.5         0.432143         2.12523         0.00868892
1334.11            16184.5               17518.6         0.433464         2.12242         0.00870009
1334.68            16185.3               17519.9         0.43428         2.12206         0.00870908
1335.42            16185.9               17521.4         0.434466         2.1213         0.00871573
1338.62            16190.1               17528.7         0.434708         2.11669         0.00872013
1343.59            16195.7               17539.3         0.435749         2.112         0.00872405
1347.41            16199.2               17546.7         0.437365         2.11077         0.00873027
1348.14            16198.8               17546.9         0.438611         2.11434         0.00874087
1346.14            16196.5               17542.7         0.438848         2.11878         0.00875612
1343.19            16194.1               17537.3         0.438197         2.12223         0.00877508
1341.25            16192               17533.2         0.437236         2.12439         0.00879643
1341.53            16192.3               17533.8         0.436604         2.12322         0.00881922
1343.98            16194.8               17538.8         0.436695         2.11953         0.0088436
1346.95            16197.7               17544.7         0.437493         2.11572         0.00887078
1347.69            16198.5               17546.2         0.438459         2.11487         0.00890228
1343.98            16195.3               17539.3         0.438701         2.11878         0.00893863
1334.94            16185.9               17520.9         0.437495         2.12955         0.00897841
1321.91            16173               17494.9         0.434551         2.14371         0.00901765
1308.57            16159.5               17468.1         0.43031         2.15741         0.00905069
1299.38            16150.2               17449.5         0.425967         2.16572         0.00907169
1297.34            16148               17445.3         0.422975         2.16584         0.00907677
1303.47            16154.2               17457.7         0.422311         2.15693         0.00906506
1317.22            16168.6               17485.8         0.424305         2.1394         0.00903903
1335.95            16187.7               17523.6         0.428783         2.11809         0.00900437
1355.58            16206.7               17562.3         0.434881         2.0982         0.00896861
1372.09            16223.6               17595.7         0.441269         2.08173         0.00893946
1382.32            16234               17616.3         0.446644         2.07303         0.00892347
1384.63            16236.2               17620.8         0.449975         2.07319         0.00892463
1379.29            16230.6               17609.9         0.450725         2.08116         0.00894369
1369.44            16220.1               17589.6         0.448987         2.09287         0.00897805
1360.39            16211.6               17572         0.445781         2.10106         0.00902312
1355.56            16206.7               17562.3         0.442834         2.1051         0.00907504
1353.64            16205.1               17558.8         0.441264         2.10657         0.00913217
1349.75            16201.5               17551.3         0.440636         2.11118         0.00919456
1340.4            16192.6               17533         0.43937         2.1213         0.00926131
1326.51            16179.8               17506.3         0.436328         2.13449         0.00932877
1311.98            16165               17477         0.431807         2.14868         0.00939109
1301.38            16153.8               17455.1         0.427078         2.15852         0.00944176
1297.82            16148.7               17446.5         0.423627         2.16178         0.00947589
1302.18            16152.9               17455         0.422469         2.15548         0.00949149
1313.46            16163.9               17477.4         0.423887         2.14247         0.00949024
1329.39            16180.2               17509.6         0.42756         2.12544         0.00947692
1346.17            16197.2               17543.4         0.432744         2.10908         0.00945847
1359.91            16211.2               17571.2         0.438207         2.09725         0.00944234
1368.04            16219.3               17587.4         0.442678         2.09219         0.00943472
1369.35            16220.7               17590         0.445327         2.09441         0.00943952
1363.82            16215.4               17579.3         0.445753         2.10308         0.00945781
1352.88            16204.2               17557.1         0.443951         2.11679         0.00948773
1339.46            16190.5               17530         0.440392         2.13125         0.00952484
1327.62            16178.4               17506         0.436023         2.14197         0.00956329
1321.75            16172.4               17494.2         0.432168         2.14475         0.00959761
1324.36            16175.5               17499.9         0.430258         2.13764         0.00962476
1334            16185.9               17519.9         0.431106         2.1237         0.00964556
1345.96            16197.8               17543.7         0.434246         2.11021         0.00966423
1355.13            16207.1               17562.2         0.438137         2.10093         0.00968591
1358.02            16210.3               17568.3         0.441121         2.09913         0.00971461
1353.47            16205.7               17559.2         0.442064         2.10613         0.00975165
1343.45            16195.2               17538.6         0.440584         2.11837         0.00979483
1332.76            16184.4               17517.1         0.43732         2.12919         0.00983944
1326.43            16177.9               17504.3         0.433842         2.13399         0.00988048
1326.92            16178.5               17505.4         0.43178         2.131         0.00991511
1333.94            16185.8               17519.8         0.43194         2.1213         0.00994358
1344.96            16197               17541.9         0.434224         2.10905         0.00996911
1355.46            16207.5               17563         0.437813         2.09937         0.00999676
1360.23            16212.5               17572.8         0.441229         2.09719         0.0100315
1356.51            16208.6               17565.1         0.442783         2.10501         0.0100756
1345.93            16197.6               17543.5         0.441572         2.11948         0.0101278
1332.89            16184.2               17517.1         0.438127         2.13499         0.0101837
1321.23            16172.7               17493.9         0.433883         2.14738         0.010238
1312.56            16164.3               17476.9         0.430087         2.1556         0.0102862
1307.61            16159.1               17466.7         0.427267         2.16014         0.0103252
1307.89            16159.2               17467.1         0.425653         2.15778         0.0103528
1314.61            16166.1               17480.7         0.425745         2.14787         0.0103688
1326.46            16178.2               17504.7         0.427933         2.13313         0.0103759
1339.11            16191.5               17530.6         0.431791         2.11906         0.0103791
1347.36            16200.1               17547.5         0.435909         2.11159         0.010384
1347.96            16200.9               17548.9         0.438594         2.11313         0.0103942
1341.53            16194               17535.6         0.438788         2.1217         0.0104096
1332.81            16185.4               17518.3         0.436697         2.12998         0.0104271
1328.01            16180.1               17508.2         0.433859         2.13339         0.0104425
1331.2            16183               17514.2         0.432296         2.12745         0.010453
1341.24            16193.6               17534.9         0.433333         2.11427         0.0104601
1353.43            16206.3               17559.7         0.436602         2.10044         0.0104683
1362.93            16216.4               17579.3         0.44057         2.09115         0.0104832
1366.21            16219.2               17585.4         0.443663         2.09077         0.0105091
1361.86            16214.6               17576.4         0.444728         2.0982         0.0105472
1351.28            16203.8               17555.1         0.443314         2.11128         0.0105954
1338.44            16191.1               17529.5         0.439871         2.125         0.0106488
1326.64            16179.2               17505.8         0.435689         2.13755         0.010702
1316.44            16168.8               17485.3         0.43185         2.14852         0.0107505
1306.94            16159               17466         0.42853         2.15904         0.0107905
1299.05            16150.6               17449.7         0.425435         2.16669         0.0108183
1296.29            16147.6               17443.9         0.422867         2.16719         0.0108305
1302.61            16153.8               17456.4         0.421971         2.15669         0.0108255
1319.15            16170.4               17489.6         0.424027         2.13529         0.0108055
1342.73            16194.6               17537.4         0.42941         2.10786         0.0107773
1366.2            16218.7               17584.9         0.437087         2.08362         0.0107509
1381.01            16234               17615         0.444727         2.07163         0.0107367
1381.79            16235.1               17616.8         0.449548         2.0761         0.0107412
1369.49            16222.3               17591.7         0.449802         2.09402         0.0107646
1350.11            16202               17552.1         0.445798         2.11734         0.0108014
1331.17            16183.2               17514.3         0.439489         2.13647         0.010843
1318.48            16170.6               17489.1         0.433325         2.14715         0.0108815
1315.09            16166.7               17481.8         0.429194         2.14757         0.0109114
1321.08            16173.3               17494.3         0.428089         2.13701         0.0109309
1333.46            16186               17519.4         0.430039         2.12091         0.0109426
1347.47            16200.7               17548.1         0.43407         2.10448         0.0109514
1358.29            16212.5               17570.7         0.438628         2.09282         0.0109633
1362.57            16217               17579.6         0.442151         2.09072         0.010983
1359.78            16214               17573.8         0.443543         2.09668         0.0110121
1351.79            16205.6               17557.3         0.442638         2.10785         0.0110494
1342.31            16196               17538.3         0.440036         2.11899         0.0110914
1335.61            16189.1               17524.7         0.436949         2.12565         0.0111339
1333.87            16187.3               17521.2         0.434768         2.12679         0.0111746
1335.55            16189.1               17524.6         0.434203         2.12438         0.011213
1336.54            16190.2               17526.8         0.434749         2.12346         0.0112505
1334.01            16187.5               17521.5         0.435071         2.12671         0.0112878
1328.65            16181.9               17510.5         0.434248         2.13264         0.0113237
1323.51            16176.6               17500.1         0.432503         2.13732         0.0113555
1322.05            16175               17497         0.430829         2.1373         0.0113806
1326.68            16179.2               17505.9         0.430354         2.13122         0.0113985
1336.7            16189.6               17526.3         0.431861         2.11955         0.0114112
1347.83            16201               17548.8         0.435125         2.10815         0.0114235
1355.51            16208.9               17564.4         0.438747         2.10158         0.0114404
1358.29            16211.8               17570.1         0.441246         2.10029         0.011465
1357.27            16210.8               17568         0.442151         2.10248         0.0114982
1353.44            16206.9               17560.3         0.44182         2.10733         0.0115394
1346.91            16200.2               17547.1         0.440573         2.11503         0.011587
1338.43            16191.5               17529.9         0.438447         2.12449         0.0116384
1330.49            16183.5               17514         0.435685         2.13221         0.0116899
1326.02            16178.7               17504.7         0.433103         2.13608         0.0117381
1326.25            16179               17505.2         0.431648         2.13478         0.011781
1329.93            16182.9               17512.8         0.431722         2.13033         0.0118189
1334.42            16187.4               17521.8         0.432919         2.12592         0.0118536
1338.04            16190.8               17528.8         0.43438         2.12284         0.0118871
1341.35            16194.3               17535.6         0.43556         2.11888         0.0119206
1345.18            16197.9               17543.1         0.436638         2.11485         0.0119554
1349            16202.1               17551.1         0.437885         2.11013         0.0119928
1350.98            16204.3               17555.3         0.439128         2.10792         0.0120346
1349            16202.5               17551.5         0.439773         2.11057         0.0120816
1341.55            16195.3               17536.8         0.439126         2.11949         0.0121334
1329.29            16183.7               17512.9         0.436704         2.13245         0.012187
1314.59            16168.6               17483.2         0.43271         2.14859         0.0122376
1300.98            16154.8               17455.8         0.427925         2.16285         0.012279
1291.98            16145.2               17437.1         0.423497         2.17156         0.0123059
1289.74            16142.5               17432.2         0.420566         2.17243         0.0123144
1295.27            16148.1               17443.4         0.419839         2.16358         0.0123037
1308.39            16161.3               17469.7         0.421638         2.14626         0.0122759
1327.12            16180.3               17507.4         0.425909         2.12387         0.0122364
1347.26            16200.7               17548         0.432005         2.10156         0.0121928
1363.84            16217.6               17581.4         0.438562         2.08486         0.0121533
1373.47            16227               17600.5         0.443959         2.07723         0.0121246
1375.56            16228.8               17604.3         0.447092         2.07831         0.0121101
1371.75            16224.9               17596.7         0.447773         2.08538         0.0121104
1364.37            16217.4               17581.8         0.446534         2.09577         0.0121237
1355.71            16209.5               17565.2         0.444132         2.10566         0.0121469
1347.77            16201.6               17549.4         0.44131         2.11445         0.0121764
1342.4            16196               17538.4         0.438726         2.11987         0.0122087
1341.01            16194.7               17535.7         0.43698         2.11911         0.0122411
1344.03            16198               17542         0.436528         2.113         0.0122725
1350.51            16204.8               17555.3         0.437508         2.10347         0.0123036
1357.7            16212.2               17569.9         0.439618         2.09441         0.0123371
1362.45            16217               17579.5         0.44196         2.08953         0.0123763
1362.96            16217.5               17580.5         0.443505         2.09022         0.0124235
1358.98            16213.5               17572.5         0.443673         2.09638         0.0124794
1350.87            16205.2               17556.1         0.442375         2.10729         0.0125432
1339.21            16193.3               17532.6         0.439735         2.12194         0.0126121
1325.38            16179.2               17504.6         0.435941         2.13834         0.012682
1312.27            16165.7               17478         0.431437         2.15275         0.0127473
1303.17            16156.5               17459.7         0.427172         2.1614         0.0128024
1299.36            16152.7               17452         0.42421         2.16378         0.0128434
1300            16153.3               17453.3         0.422969         2.1614         0.0128687
1304.6            16158.1               17462.7         0.423177         2.15449         0.0128783
1314.36            16168.5               17482.8         0.424675         2.14107         0.0128736
1329.6            16184.4               17514         0.427853         2.12255         0.0128583
1347.65            16202               17549.6         0.432813         2.10403         0.0128386
1364.03            16218.6               17582.6         0.438688         2.08796         0.0128222
1374.59            16229.3               17603.9         0.444019         2.07897         0.0128161
1377.73            16232.3               17610         0.447459         2.07827         0.0128246
1374.39            16229.5               17603.9         0.44848         2.08307         0.012849
1366.61            16221.5               17588.1         0.447393         2.09298         0.0128876
1356.4            16210.9               17567.3         0.44486         2.10505         0.0129369
1345.5            16199.8               17545.3         0.441538         2.11691         0.0129926
1335.79            16190               17525.8         0.437987         2.12678         0.0130502
1328.99            16182.8               17511.8         0.434827         2.13321         0.0131055
1325.41            16179.3               17504.7         0.432614         2.13584         0.013156
1324.14            16178.5               17502.7         0.431447         2.13595         0.0132004
1324.48            16178.8               17503.3         0.431035         2.13453         0.0132385
1326.87            16180.9               17507.8         0.431144         2.13062         0.0132702
1332.6            16187.1               17519.7         0.431925         2.12197         0.0132961
1341.72            16196.1               17537.8         0.433789         2.11135         0.0133184
1351.42            16206.1               17557.5         0.436758         2.10099         0.0133412
1356.34            16211.7               17568         0.439916         2.09738         0.0133689
1352.91            16208.3               17561.2         0.441517         2.10389         0.0134042
1342.97            16197.9               17540.9         0.4404         2.11676         0.0134455
1332.18            16187               17519.2         0.437163         2.12842         0.0134885
1325.21            16180               17505.2         0.433651         2.13461         0.0135284
1323.04            16178.1               17501.1         0.431383         2.13518         0.0135628
1324.59            16179.9               17504.5         0.430677         2.13179         0.0135909
1329.5            16185.9               17515.4         0.431182         2.12337         0.0136135
1337.36            16193.5               17530.9         0.432781         2.11401         0.0136325
1346.44            16201.7               17548.2         0.435338         2.1052         0.0136508
1353.43            16208.8               17562.3         0.438294         2.09874         0.0136721
1355.26            16210.5               17565.8         0.44057         2.09907         0.0136993
1351.61            16206.7               17558.3         0.441164         2.10538         0.0137332
1344.98            16199.7               17544.7         0.439978         2.11419         0.013772
1338.84            16193.5               17532.3         0.437819         2.12126         0.0138126
1335.41            16190.4               17525.8         0.435821         2.12449         0.0138523
1334.7            16189.6               17524.3         0.434703         2.12494         0.0138902
1335.22            16190.2               17525.5         0.434473         2.12397         0.0139261
1335.24            16190.2               17525.4         0.434643         2.1237         0.0139607
1334.1            16188.6               17522.7         0.434647         2.12468         0.0139941
1332.58            16186.8               17519.4         0.434276         2.12558         0.0140254
1331.88            16186.2               17518.1         0.433784         2.12542         0.0140538
1332.55            16186.6               17519.2         0.433555         2.12442         0.0140789
1334.12            16188.4               17522.5         0.433772         2.12299         0.0141012
1335.2            16189.8               17525         0.434283         2.12289         0.0141214
1334.71            16189.5               17524.2         0.434636         2.12507         0.0141404
1332.83            16187.6               17520.5         0.434476         2.12874         0.014158
1330.4            16185.3               17515.7         0.433865         2.13239         0.0141736
1327.94            16183.1               17511.1         0.433074         2.13531         0.0141862
1325.95            16181.1               17507.1         0.432274         2.13701         0.0141949
1325.8            16180.6               17506.4         0.431626         2.13585         0.0141987
1329.87            16184.8               17514.7         0.431574         2.12847         0.0141971
1339.85            16195.3               17535.1         0.432901         2.11424         0.014191
1354.46            16209.7               17564.2         0.436148         2.09734         0.0141843
1369.42            16225.3               17594.7         0.440906         2.08104         0.0141828
1379.07            16235.4               17614.5         0.445776         2.07243         0.0141929
1379.69            16235.9               17615.5         0.448917         2.07476         0.0142188
1371.42            16228.1               17599.5         0.449117         2.08574         0.0142608
1358.09            16214.8               17572.9         0.446424         2.10157         0.0143156
1344.92            16201               17545.9         0.442087         2.11671         0.0143775
1335.75            16191.6               17527.4         0.437798         2.12607         0.0144414
1331.95            16188.8               17520.7         0.434815         2.1278         0.0145038
1332.39            16189.6               17522         0.433577         2.12614         0.0145637
1335.19            16191.8               17527         0.433721         2.12341         0.0146219
1338.67            16194.4               17533.1         0.434632         2.12085         0.0146795
1341.45            16196.8               17538.3         0.435766         2.11756         0.0147378
1342.72            16198.2               17540.9         0.436671         2.1155         0.0147976
1342.7            16198.2               17540.9         0.437084         2.11495         0.0148591
1341.27            16196.6               17537.9         0.437078         2.11649         0.0149218
1337.64            16193               17530.6         0.436611         2.1211         0.0149851
1331.68            16187.1               17518.8         0.43543         2.12833         0.0150475
1324.82            16180               17504.9         0.43349         2.13683         0.0151067
1319.73            16174.8               17494.6         0.431256         2.14242         0.0151598
1318.54            16173.4               17492         0.4296         2.1432         0.0152047
1320.95            16176.2               17497.2         0.429213         2.14002         0.015241
1324.75            16180.3               17505         0.429998         2.13581         0.0152701
1328.57            16184               17512.6         0.431234         2.13183         0.0152934
1332.97            16188.6               17521.5         0.432477         2.12664         0.0153123
1338.67            16194.1               17532.8         0.433911         2.12028         0.0153285
1345.06            16200.3               17545.4         0.435764         2.11332         0.0153444
1350.15            16205.3               17555.4         0.437844         2.10832         0.0153628
1351.84            16207.1               17558.9         0.439501         2.10718         0.0153863
1349.95            16205.1               17555         0.440051         2.1097         0.0154153
1346.73            16202               17548.7         0.439438         2.11266         0.0154488
1345.08            16200.7               17545.8         0.438389         2.11299         0.0154847
1346.69            16203.5               17550.2         0.437852         2.10864         0.0155217
1350.57            16206.8               17557.4         0.438375         2.10516         0.0155607
1353.7            16209.9               17563.6         0.439637         2.10272         0.0156033
1352.66            16208.7               17561.4         0.440659         2.10559         0.0156512
1346.22            16201.9               17548.2         0.440318         2.11437         0.0157041
1335.64            16191.2               17526.8         0.438221         2.12676         0.0157595
1323.39            16178.8               17502.2         0.434777         2.13985         0.0158128
1312.59            16168.3               17480.9         0.430792         2.14975         0.0158589
1306.4            16162               17468.4         0.427276         2.15456         0.0158934
1307.21            16162.3               17469.5         0.42526         2.15196         0.0159136
1315.35            16170.7               17486.1         0.425523         2.14059         0.0159201
1328.56            16184.2               17512.7         0.428174         2.12494         0.0159164
1343.06            16198.8               17541.9         0.432474         2.10918         0.0159085
1355.14            16211.4               17566.6         0.437193         2.097         0.0159025
1362.79            16219.1               17581.9         0.441126         2.09046         0.0159033
1365.67            16222               17587.6         0.443618         2.0891         0.0159137
1364.62            16220.9               17585.5         0.444554         2.09167         0.0159344
1361.93            16217.9               17579.9         0.444213         2.09551         0.0159643
1360.23            16216.6               17576.8         0.443337         2.09708         0.0160019
1359.19            16215.5               17574.7         0.442784         2.09906         0.0160464
1355.5            16211.7               17567.3         0.442446         2.10493         0.0160979
1347.08            16203.2               17550.3         0.441245         2.11586         0.0161552
1335.89            16191.5               17527.4         0.438502         2.12879         0.0162147
1326.65            16182.5               17509.2         0.434861         2.13692         0.0162716
1322.9            16179.8               17502.7         0.431853         2.13776         0.0163219
1324.52            16182               17506.5         0.430631         2.13427         0.0163646
1328.9            16186               17514.9         0.43116         2.13019         0.0164008
1333.57            16189.7               17523.3         0.432585         2.12725         0.0164325
1337.25            16193.5               17530.8         0.434105         2.12391         0.0164617
1339.78            16196.1               17535.9         0.435303         2.1217         0.01649
1341.99            16198.5               17540.5         0.436127         2.11873         0.0165182
1344.36            16200.9               17545.3         0.436847         2.11616         0.0165472
1346.68            16203.7               17550.4         0.437618         2.11307         0.016578
1347.42            16205.4               17552.9         0.438372         2.1111         0.0166118
1344.85            16203.2               17548.1         0.438614         2.11362         0.0166491
1339.56            16197.8               17537.4         0.437776         2.11969         0.0166891
1335.14            16192.5               17527.7         0.436055         2.12502         0.0167291
1334.44            16190.8               17525.2         0.434616         2.12639         0.0167669
1336.33            16193               17529.4         0.434387         2.12405         0.0168023
1337.49            16194.1               17531.6         0.435004         2.12381         0.016837
1336.09            16192.7               17528.8         0.435382         2.12658         0.0168718
1332.69            16189.2               17521.9         0.434927         2.13103         0.0169064
1329.54            16186.3               17515.8         0.433819         2.13365         0.0169392
1328.76            16185               17513.8         0.432792         2.13416         0.0169687
1331.57            16187.6               17519.2         0.432538         2.13035         0.0169944
1337.66            16193.9               17531.6         0.433455         2.12249         0.0170172
1345.33            16202.2               17547.5         0.435438         2.1129         0.0170393
1352.48            16209.6               17562.1         0.437934         2.10459         0.0170639
1357.61            16214.6               17572.2         0.44026         2.0996         0.0170935
1360.2            16217               17577.2         0.441929         2.09744         0.0171299
1359.82            16216.4               17576.2         0.442775         2.09919         0.017174
1355.67            16212.3               17568         0.442649         2.10472         0.0172256
1347.49            16203.8               17551.3         0.441298         2.11472         0.0172829
1337.8            16195.6               17533.4         0.438635         2.12306         0.0173424
1330.28            16188.5               17518.8         0.435481         2.12949         0.0173998
1326.96            16185.8               17512.7         0.433032         2.13127         0.0174523
1327.38            16185               17512.4         0.431952         2.13177         0.0174988
1330.72            16186.9               17517.6         0.43209         2.12989         0.0175398
1336.43            16192.5               17528.9         0.433177         2.12336         0.0175765
1343.47            16199.5               17543         0.435037         2.1155         0.0176114
1349.98            16206.5               17556.5         0.437327         2.10836         0.0176477
1353.64            16210.3               17563.9         0.439448         2.10505         0.017688
1353.26            16209.8               17563         0.440639         2.10646         0.0177338
1349.54            16205.9               17555.5         0.440516         2.11114         0.0177849
1344.34            16200.5               17544.8         0.439305         2.11733         0.0178394
1339.92            16196.8               17536.7         0.437612         2.12095         0.0178951
1337.42            16193.7               17531.1         0.436171         2.1243         0.0179505
1336.79            16192.9               17529.7         0.435357         2.12475         0.0180048
1337.48            16193.8               17531.3         0.435154         2.12356         0.018058
1339.29            16195.9               17535.2         0.435378         2.12108         0.0181105
1341.59            16198.5               17540.1         0.435966         2.11821         0.018163
1342.94            16200.1               17543         0.436715         2.11697         0.0182168
1341.73            16198.9               17540.6         0.437155         2.11912         0.0182724
1336.73            16194               17530.7         0.43676         2.12545         0.0183297
1327.18            16184.6               17511.7         0.435132         2.13625         0.018387
1314.07            16172.1               17486.1         0.432024         2.14907         0.0184402
1301.39            16159.1               17460.5         0.427758         2.16048         0.0184836
1295.09            16152.6               17447.6         0.42363         2.16366         0.0185111
1299.1            16155.5               17454.6         0.421577         2.15666         0.0185194
1311.92            16168.7               17480.6         0.422885         2.13953         0.0185098
1328.12            16184.9               17513.1         0.427056         2.12118         0.0184878
1343.17            16200.2               17543.4         0.432331         2.10564         0.0184604
1355.14            16212.1               17567.3         0.43723         2.09428         0.0184336
1364.04            16221               17585.1         0.441126         2.08658         0.0184118
1370.58            16228               17598.6         0.444025         2.08074         0.0183984
1374.95            16232.8               17607.8         0.446153         2.07783         0.018396
1377.25            16234.3               17611.5         0.447575         2.07884         0.0184066
1377.95            16234.8               17612.8         0.448322         2.08038         0.0184314
1376.91            16233.6               17610.5         0.448552         2.08318         0.018471
1373.15            16229.9               17603.1         0.448212         2.08865         0.0185253
1365.65            16222.5               17588.1         0.446989         2.09799         0.0185933
1354.57            16211.3               17565.9         0.444549         2.11073         0.0186723
1341.46            16198               17539.4         0.44094         2.12488         0.0187577
1328.78            16185.4               17514.2         0.436675         2.13738         0.0188441
1319.14            16175.7               17494.8         0.432547         2.1458         0.0189261
1314.26            16171               17485.2         0.429407         2.14845         0.0189996
1314.13            16170.8               17484.9         0.427819         2.14623         0.0190626
1317.33            16174.1               17491.4         0.427776         2.14087         0.0191149
1322.18            16179.7               17501.9         0.428819         2.13376         0.019158
1326.92            16184.4               17511.3         0.430397         2.12835         0.0191936
1330.11            16188.1               17518.2         0.431939         2.12412         0.0192236
1331.19            16189.7               17520.9         0.43298         2.12251         0.019249
1331.74            16190.5               17522.3         0.43333         2.12147         0.01927
1334.11            16193.2               17527.3         0.433509         2.11826         0.0192866
1339.28            16198               17537.3         0.434282         2.11347         0.0192997
1347.06            16204.9               17551.9         0.435963         2.10732         0.0193115
1355.87            16213.7               17569.5         0.438496         2.10013         0.0193253
1362.71            16220.3               17583         0.441365         2.09575         0.0193455
1364.69            16222.4               17587.1         0.443591         2.09637         0.0193752
1360.83            16218.2               17579.1         0.444236         2.10282         0.0194158
1353.1            16210.4               17563.5         0.442979         2.11171         0.0194654
1345.73            16202.8               17548.6         0.440462         2.11838         0.0195205
1342.72            16199.6               17542.3         0.438063         2.11908         0.0195775
1344.77            16201.8               17546.6         0.437084         2.11464         0.019635
1348.68            16206.2               17554.9         0.43775         2.10954         0.0196944
1349.89            16207.5               17557.4         0.439024         2.10911         0.0197578
1345.19            16202.9               17548.1         0.439417         2.11607         0.0198263
1334.46            16192.2               17526.6         0.437886         2.12907         0.0198981
1320.88            16178.2               17499.1         0.434394         2.14392         0.0199685
1309.33            16166.4               17475.7         0.429973         2.15471         0.0200312
1304.09            16161.3               17465.4         0.426213         2.1571         0.0200808
1307.31            16164.9               17472.2         0.424507         2.14983         0.0201146
1318.22            16176.1               17494.3         0.425557         2.13569         0.0201337
1333.47            16192.5               17526         0.42911         2.11729         0.0201428
1347.74            16207               17554.8         0.434074         2.10307         0.0201488
1356.43            16215.4               17571.8         0.438717         2.09735         0.0201582
1357.81            16216.2               17574         0.441545         2.09925         0.020175
1353.54            16211.5               17565.1         0.441996         2.10582         0.0201995
1348.29            16206.1               17554.4         0.440606         2.11159         0.0202297
1346.27            16203.8               17550         0.438896         2.11346         0.0202629
1348.33            16205.8               17554.2         0.43824         2.11049         0.0202985
1352.31            16209.9               17562.3         0.43891         2.10611         0.0203373
1355.46            16213.2               17568.6         0.440206         2.10321         0.0203813
1355.96            16213.9               17569.9         0.441229         2.1032         0.0204319
1353.71            16211.8               17565.5         0.441394         2.10547         0.0204888
1349.65            16207.1               17556.8         0.44066         2.11047         0.0205511
1344.95            16202.5               17547.4         0.43934         2.11515         0.0206167
1340.31            16198.1               17538.5         0.437808         2.11954         0.0206836
1336.75            16194.6               17531.3         0.436298         2.1228         0.0207501
1335.68            16193.6               17529.2         0.435139         2.12318         0.0208147
1337.79            16195.7               17533.5         0.43479         2.12016         0.0208771
1342.23            16200.1               17542.3         0.43548         2.11512         0.0209385
1347.1            16205.1               17552.2         0.436925         2.10999         0.0210012
1350.85            16208.8               17559.7         0.438509         2.10637         0.0210671
1352.94            16210.6               17563.6         0.439728         2.10446         0.0211379
1353.55            16211.2               17564.8         0.440411         2.10371         0.0212142
1353.04            16210.4               17563.4         0.440608         2.10421         0.021296
1351.58            16209               17560.6         0.440441         2.10561         0.0213833
1348.99            16206.4               17555.3         0.439968         2.10864         0.0214753
1344.76            16202.2               17547         0.439124         2.11375         0.0215714
1338.37            16195.9               17534.3         0.437746         2.12145         0.02167
1329.91            16187.5               17517.4         0.435668         2.13138         0.0217688
1320.39            16178               17498.4         0.432913         2.14205         0.0218645
1311.16            16168.9               17480         0.429816         2.15185         0.0219535
1303.12            16160.8               17463.9         0.42681         2.16001         0.0220322
1297.07            16154.5               17451.6         0.424192         2.16554         0.0220975
1294.42            16151.8               17446.2         0.422224         2.16665         0.022147
1297.36            16154.7               17452         0.421362         2.16063         0.0221793
1307.61            16164.5               17472.2         0.422317         2.14724         0.0221949
1324.59            16181.9               17506.5         0.425654         2.12667         0.0221976
1344.44            16202.4               17546.8         0.431183         2.10457         0.0221943
1361.84            16220.2               17582         0.437644         2.08685         0.0221935
1372.15            16231.1               17603.2         0.443307         2.07781         0.0222027
1373            16231.4               17604.4         0.446664         2.08019         0.0222264
1365.99            16225.1               17591.1         0.44694         2.08809         0.0222646
1355.75            16216.1               17571.8         0.444659         2.0974         0.022314
1346.3            16207               17553.3         0.441326         2.10619         0.0223702
1339.04            16199.8               17538.8         0.438248         2.11365         0.0224291
1333.6            16193.4               17527         0.435885         2.12083         0.0224881
1329.87            16187.8               17517.7         0.434116         2.12751         0.0225448
1328.46            16186.3               17514.8         0.4329         2.12863         0.0225973
1329.91            16187.5               17517.4         0.432442         2.12679         0.0226452
1333.91            16191.5               17525.4         0.432912         2.12195         0.0226891
1338.18            16196               17534.2         0.434217         2.11715         0.022731
1340.27            16198.1               17538.4         0.435607         2.11543         0.0227729
1339.53            16197               17536.5         0.436287         2.11698         0.0228159
1337.2            16194.6               17531.8         0.436046         2.11977         0.0228596
1335.07            16192.6               17527.6         0.435287         2.12197         0.0229028
1334.39            16191.9               17526.3         0.434594         2.12248         0.0229449
1335.45            16193.1               17528.5         0.43437         2.12172         0.0229854
1337.52            16195.3               17532.9         0.434717         2.12002         0.023025
1338.98            16196.8               17535.8         0.435392         2.1194         0.0230647
1338.73            16196.5               17535.2         0.435866         2.12061         0.0231053
1337.16            16195               17532.1         0.435784         2.12259         0.0231465
1335.42            16193               17528.4         0.435273         2.12414         0.0231874
1334.2            16191.9               17526.1         0.434706         2.12448         0.0232271
1334.24            16192.5               17526.7         0.434309         2.12253         0.0232649
1336.37            16195.1               17531.4         0.434322         2.11847         0.0233006
1339.91            16198.5               17538.4         0.435015         2.11457         0.0233354
1342.73            16200.7               17543.4         0.43617         2.1129         0.0233711
1343.1            16201.2               17544.3         0.437086         2.11283         0.0234089
1341.48            16199               17540.5         0.437206         2.11549         0.0234491
1340.08            16197.7               17537.8         0.436681         2.1164         0.0234908
1340.12            16197.7               17537.8         0.436223         2.11536         0.023533
1341.51            16199.2               17540.7         0.436237         2.11296         0.0235755
1343.87            16201.8               17545.6         0.436689         2.10971         0.0236185
1347.5            16206.5               17554         0.437459         2.10379         0.0236627
1352.26            16211.8               17564         0.43864         2.09793         0.0237095
1357.46            16216.6               17574         0.440189         2.09312         0.0237609
1361.84            16220.7               17582.6         0.44188         2.08963         0.0238192
1362.92            16221.9               17584.9         0.443308         2.08988         0.0238864
1358.29            16217.2               17575.5         0.443658         2.09711         0.0239635
1347.6            16205.6               17553.2         0.442153         2.11128         0.0240487
1333.4            16191.3               17524.7         0.438673         2.12705         0.0241373
1320.21            16178.3               17498.5         0.434049         2.13963         0.0242234
1312.19            16169.6               17481.8         0.429757         2.14718         0.0243014
1311.17            16168.3               17479.5         0.427145         2.14639         0.0243678
1315.92            16173.3               17489.3         0.426814         2.14         0.0244227
1323.19            16180.8               17504         0.428358         2.13225         0.0244684
1329.56            16187.4               17517         0.430726         2.12662         0.0245084
1332.93            16190.9               17523.9         0.432799         2.12475         0.0245456
1332.85            16190.9               17523.8         0.433896         2.12641         0.0245815
1330.17            16188.2               17518.3         0.433869         2.13019         0.0246162
1327.2            16184.9               17512.1         0.432998         2.13318         0.0246482
1327.26            16184.8               17512         0.432033         2.13144         0.0246759
1332.98            16190.4               17523.4         0.43205         2.12284         0.0246988
1344.55            16202.1               17546.7         0.433914         2.10824         0.0247189
1358.95            16217.1               17576         0.437679         2.09191         0.024741
1371.14            16229.6               17600.8         0.442366         2.08003         0.0247714
1376.32            16234.9               17611.3         0.446334         2.07717         0.0248158
1371.86            16231               17602.8         0.44802         2.08458         0.0248768
1358.36            16216.9               17575.3         0.44657         2.10209         0.0249525
1340.23            16198.3               17538.6         0.442175         2.12273         0.0250368
1324.05            16182.3               17506.4         0.436274         2.13807         0.0251216
1314.75            16173               17487.7         0.431006         2.14533         0.0251996
1313.14            16171.2               17484.3         0.427979         2.14524         0.0252669
1316.1            16174.3               17490.4         0.427454         2.14087         0.0253235
1319.42            16177.8               17497.2         0.428418         2.13734         0.025371
1320.91            16179.5               17500.4         0.429498         2.13615         0.025411
1320.93            16179.4               17500.4         0.429985         2.13626         0.025444
1321.53            16179.6               17501.2         0.429991         2.1354         0.0254695
1325.28            16183.2               17508.5         0.430187         2.13051         0.0254869
1333.29            16191.5               17524.7         0.431407         2.12097         0.0254977
1344.37            16202.9               17547.2         0.434014         2.10881         0.025505
1356.34            16215.2               17571.5         0.437619         2.0963         0.0255137
1367.16            16227.7               17594.9         0.441518         2.08377         0.0255289
1373.77            16234.4               17608.1         0.44504         2.07914         0.025556
1373.68            16232.5               17606.2         0.44719         2.08459         0.0255982
1366.45            16225.1               17591.6         0.447162         2.09457         0.0256554
1354.32            16213.4               17567.7         0.444809         2.10721         0.0257245
1342.05            16201               17543         0.440859         2.11875         0.0258002
1334.25            16192.7               17527         0.436866         2.12455         0.0258771
1333.16            16191.7               17524.9         0.434328         2.12261         0.0259516
1336.8            16195               17531.8         0.433972         2.11731         0.0260231
1340.45            16198.8               17539.3         0.435155         2.11327         0.0260935
1340.16            16198.6               17538.7         0.436343         2.11464         0.0261646
1335.41            16193.8               17529.2         0.436251         2.12079         0.0262362
1328.49            16186.2               17514.7         0.434703         2.12978         0.0263062
1322.72            16180.4               17503.1         0.43245         2.13601         0.0263712
1320.89            16179               17499.9         0.430572         2.13722         0.0264288
1324.42            16182.5               17506.9         0.429978         2.13259         0.0264781
1332.13            16190.5               17522.6         0.431125         2.12406         0.0265209
1341.03            16199.8               17540.8         0.433635         2.11476         0.0265606
1348.17            16207.1               17555.2         0.436534         2.10826         0.0266012
1352.12            16210.8               17563         0.438856         2.10596         0.0266455
1353.18            16211.7               17564.9         0.440143         2.10632         0.026695
1351.74            16210.3               17562.1         0.440488         2.10904         0.0267501
1347.23            16205.8               17553.1         0.440021         2.11501         0.0268104
1339.22            16197.8               17537         0.438552         2.12436         0.0268744
1329.43            16187.8               17517.3         0.435945         2.13453         0.0269385
1321.17            16179.7               17500.9         0.432756         2.14149         0.0269983
1317.34            16175.7               17493.1         0.43007         2.14316         0.0270502
1319.61            16178.1               17497.7         0.428823         2.13766         0.0270922
1328.1            16186.7               17514.8         0.429562         2.12592         0.0271252
1340.37            16199.2               17539.6         0.432324         2.11142         0.0271528
1351.86            16211               17562.8         0.436318         2.09972         0.0271803
1357.93            16217.2               17575.2         0.440058         2.09564         0.0272128
1355.54            16214.9               17570.5         0.442033         2.10162         0.0272531
1344.58            16203.8               17548.4         0.441255         2.1166         0.0273002
1328.82            16187.9               17516.8         0.437689         2.13457         0.0273493
1314.84            16172.9               17487.8         0.432557         2.14961         0.0273933
1309.18            16167.2               17476.4         0.428009         2.15296         0.0274258
1314.06            16172.1               17486.2         0.426165         2.14444         0.0274441
1326.62            16185.3               17512         0.427753         2.12846         0.0274506
1341.72            16200.8               17542.5         0.431844         2.11138         0.0274509
1355.24            16214.4               17569.7         0.436758         2.09716         0.0274514
1365.81            16225.8               17591.6         0.441159         2.08522         0.0274574
1373.74            16234               17607.8         0.444598         2.07721         0.0274729
1379.86            16239.7               17619.5         0.44718         2.07269         0.0275007
1383.92            16243.5               17627.4         0.449174         2.07057         0.0275432
1383.76            16243.4               17627.1         0.450494         2.07341         0.0276025
1377.55            16237.3               17614.8         0.450443         2.08301         0.027679
1365.55            16225.1               17590.6         0.448422         2.09832         0.0277707
1349.86            16209.1               17559         0.444516         2.11629         0.0278727
1333.28            16192.6               17525.9         0.439407         2.13339         0.0279789
1318.44            16177.5               17495.9         0.434009         2.1477         0.0280824
1307.66            16166.6               17474.2         0.429181         2.1561         0.0281773
1302.61            16161.8               17464.4         0.425671         2.15778         0.028259
1304.08            16162.9               17467         0.424026         2.15325         0.0283254
1311.28            16170.3               17481.6         0.424505         2.14299         0.0283769
1321.49            16180.9               17502.4         0.42685         2.13088         0.0284167
1330.9            16190.2               17521.1         0.430173         2.12232         0.0284494
1336.47            16195.9               17532.4         0.433236         2.11846         0.0284792
1338.05            16197.2               17535.3         0.43505         2.11889         0.0285084
1339.18            16199.1               17538.2         0.435563         2.11671         0.0285371
1343.62            16203.7               17547.3         0.43593         2.1105         0.0285654
1352.59            16212.3               17564.9         0.437375         2.10031         0.0285952
1364.62            16223.5               17588.1         0.440296         2.08854         0.0286299
1375.6            16234.7               17610.3         0.444211         2.07783         0.0286749
1380.02            16239.3               17619.3         0.447785         2.07553         0.0287352
1374.35            16233.4               17607.8         0.449225         2.08478         0.0288131
1359.19            16218               17577.2         0.44738         2.10337         0.0289065
1339.22            16197.7               17536.9         0.442445         2.12518         0.0290087
1320.55            16178.8               17499.3         0.435944         2.14353         0.029111
1307.56            16166               17473.5         0.429866         2.15451         0.0292052
1301.65            16160.2               17461.9         0.425639         2.15789         0.0292859
1302            16160.8               17462.8         0.423714         2.15528         0.0293506
1306.8            16165.7               17472.5         0.423829         2.14894         0.0293998
1313.71            16172.8               17486.5         0.42539         2.14136         0.0294357
1320.47            16179.9               17500.3         0.427639         2.13455         0.0294615
1326.6            16185.8               17512.4         0.42984         2.12857         0.02948
1334.71            16194               17528.7         0.431834         2.11913         0.0294935
1348.29            16207.3               17555.6         0.434475         2.10343         0.0295047
1367.18            16226.7               17593.9         0.438897         2.08204         0.029519
1385.79            16245.9               17631.7         0.445044         2.06303         0.0295442
1396.62            16257.1               17653.7         0.451105         2.05477         0.0295886
1394.71            16255.5               17650.2         0.454628         2.06095         0.0296567
1380.08            16240.4               17620.4         0.454008         2.08067         0.0297478
1358.06            16217.5               17575.5         0.449244         2.10654         0.0298553
1337.11            16195.9               17533         0.442078         2.12808         0.0299693
1323.7            16182.5               17506.1         0.435256         2.13934         0.0300809
1319.57            16178.6               17498.1         0.43089         2.13992         0.0301846
1322.67            16182.2               17504.8         0.429547         2.13328         0.0302793
1329.37            16188.8               17518.1         0.430557         2.12519         0.0303668
1335.98            16195.4               17531.4         0.432738         2.11785         0.03045
1338.78            16198.2               17537         0.43489         2.11605         0.0305323
1335.18            16194.7               17529.9         0.435802         2.12153         0.0306152
1325.41            16184.3               17509.7         0.434629         2.13372         0.0306973
1313.38            16172.2               17485.6         0.43145         2.14652         0.0307744
1304.48            16163.3               17467.8         0.427532         2.15467         0.0308412
1302.72            16161.1               17463.9         0.424637         2.15542         0.0308937
1309.25            16167.8               17477.1         0.424062         2.14672         0.0309311
1322.41            16181.1               17503.6         0.42619         2.13179         0.0309562
1338.59            16197.8               17536.3         0.430473         2.1147         0.030975
1353.01            16212.5               17565.5         0.435738         2.10078         0.0309947
1361.34            16220.9               17582.3         0.440434         2.0942         0.0310215
1361.82            16221.3               17583.1         0.443144         2.09581         0.0310591
1356.58            16215.8               17572.3         0.4433         2.10223         0.0311071
1350.26            16209.3               17559.5         0.441596         2.10799         0.0311627
1346.64            16205.8               17552.5         0.439537         2.10976         0.0312226
1346.76            16206               17552.7         0.43836         2.10776         0.0312849
1349.67            16208.9               17558.6         0.438399         2.10355         0.0313497
1353.66            16213.1               17566.8         0.439347         2.09903         0.0314185
1356.13            16215.6               17571.7         0.440644         2.09714         0.031493
1354.3            16213.7               17568         0.441449         2.10047         0.0315748
1347.33            16206.8               17554.1         0.440853         2.10904         0.0316632
1337.37            16196.6               17533.9         0.438583         2.11989         0.0317553
1328            16187               17515         0.435342         2.12896         0.0318464
1321.37            16180.5               17501.8         0.43229         2.13469         0.0319326
1317.01            16176               17493.1         0.430132         2.13861         0.0320112
1313.76            16172.6               17486.4         0.428713         2.14205         0.0320809
1312            16170.9               17482.9         0.427656         2.14374         0.0321404
1312.48            16171.7               17484.2         0.427083         2.1431         0.0321891
1314.91            16174.2               17489.1         0.427241         2.14048         0.0322273
1318.95            16178.3               17497.3         0.428031         2.13596         0.032256
1325.51            16184.3               17509.8         0.429346         2.12944         0.032277
1335.31            16194.1               17529.4         0.431483         2.11873         0.0322925
1346.51            16205.4               17551.9         0.434671         2.10711         0.0323068
1355.91            16214.9               17570.8         0.438318         2.0983         0.0323244
1361.42            16220.5               17581.9         0.441378         2.09401         0.0323493
1362.64            16221.9               17584.6         0.443172         2.09409         0.0323835
1359.8            16218.9               17578.7         0.443566         2.09838         0.0324273
1353.86            16213               17566.9         0.442642         2.10537         0.0324792
1347.13            16206.3               17553.4         0.44071         2.11232         0.0325365
1342.63            16201.6               17544.2         0.438519         2.11614         0.0325963
1342.49            16201.7               17544.2         0.437052         2.11448         0.0326568
1346.59            16205.9               17552.5         0.437009         2.10867         0.032718
1352.64            16212.3               17564.9         0.438345         2.10143         0.0327821
1357.55            16217.4               17575         0.440314         2.09632         0.0328518
1358.76            16218.8               17577.5         0.441911         2.09587         0.0329294
1354.74            16214.7               17569.5         0.442304         2.10142         0.0330151
1345.2            16205               17550.2         0.440997         2.11297         0.0331073
1331.54            16191.2               17522.7         0.437892         2.12846         0.0332017
1316.68            16175.8               17492.5         0.433444         2.14465         0.0332925
1304            16163               17467         0.428608         2.15753         0.0333736
1296.36            16155.6               17452         0.424478         2.16383         0.0334399
1295.25            16154.4               17449.6         0.421994         2.16382         0.0334888
1300.42            16159.7               17460.1         0.421632         2.15666         0.0335201
1310.48            16170.5               17481         0.423313         2.14351         0.0335365
1324.12            16184.4               17508.5         0.42659         2.12747         0.0335422
1340.3            16200.2               17540.5         0.431028         2.10988         0.0335425
1356.66            16216.7               17573.4         0.436297         2.09235         0.0335436
1369.02            16229.5               17598.6         0.44162         2.0803         0.0335521
1374.01            16234.4               17608.4         0.445645         2.07785         0.0335731
1370.96            16231.2               17602.1         0.44727         2.08404         0.0336083
1362.31            16222.3               17584.6         0.446275         2.09547         0.0336563
1352.45            16212.2               17564.7         0.443461         2.10701         0.0337133
1344.72            16204.4               17549.1         0.44025         2.11541         0.0337752
1339.5            16199.4               17538.9         0.437733         2.12087         0.0338392
1335.28            16195.6               17530.8         0.436034         2.12512         0.0339039
1331.09            16190.7               17521.8         0.434661         2.13041         0.033968
1327.76            16187.3               17515         0.433298         2.13317         0.0340297
1327.18            16186.7               17513.9         0.432214         2.13198         0.0340874
1331.28            16190.7               17522         0.432026         2.12533         0.0341405
1340.09            16199.8               17539.9         0.433359         2.11381         0.0341902
1351.01            16210.9               17561.9         0.436227         2.10137         0.0342403
1360.1            16220.5               17580.6         0.439781         2.09197         0.0342952
1363.8            16224               17587.8         0.442742         2.0904         0.0343589
1360.11            16220.3               17580.4         0.443944         2.09711         0.0344329
1349.94            16209.8               17559.8         0.442743         2.11         0.0345153
1337.88            16197.3               17535.2         0.439433         2.12311         0.0346015
1329.77            16189.2               17519         0.435507         2.12985         0.0346858
1328.79            16188.4               17517.2         0.432867         2.12804         0.0347648
1334.14            16193.7               17527.8         0.432549         2.12004         0.0348379
1342.68            16202.4               17545.1         0.43429         2.10963         0.0349079
1350.84            16211               17561.8         0.437071         2.10088         0.0349783
1355.57            16215.6               17571.2         0.439726         2.0973         0.0350528
1354.78            16215               17569.8         0.441265         2.10043         0.0351335
1347.66            16207.9               17555.5         0.44101         2.11082         0.0352204
1335.08            16195.1               17530.2         0.438692         2.12683         0.0353107
1320.05            16179.7               17499.8         0.434598         2.14441         0.0353992
1307.38            16166.6               17474         0.429704         2.15778         0.0354796
1301.85            16160.8               17462.7         0.425581         2.16178         0.0355465
1305.81            16164.9               17470.7         0.423781         2.15458         0.0355975
1318.48            16177.6               17496.1         0.425069         2.13821         0.0356346
1336.31            16196               17532.3         0.429194         2.11677         0.0356633
1353.55            16213.8               17567.3         0.434996         2.09753         0.0356916
1364.19            16224.4               17588.6         0.440607         2.08753         0.035727
1364.88            16224.9               17589.8         0.444071         2.08869         0.0357737
1356.7            16216.3               17573         0.444296         2.09896         0.0358317
1344.68            16204               17548.6         0.441633         2.11202         0.0358965
1334.7            16194.4               17529.1         0.437721         2.12106         0.0359623
1330.21            16190.3               17520.5         0.434472         2.12381         0.0360248
1331.52            16191.4               17522.9         0.433009         2.12159         0.0360822
1337.22            16197               17534.2         0.433438         2.11525         0.0361355
1344.49            16204.4               17548.9         0.435291         2.1075         0.0361872
1349.41            16210.1               17559.5         0.437659         2.10237         0.036241
1348.59            16209.7               17558.3         0.43926         2.1042         0.036299
1342.54            16202.8               17545.4         0.438995         2.11242         0.036361
1336.21            16195.8               17532         0.437025         2.11951         0.0364236
1334.37            16193.8               17528.2         0.434965         2.12027         0.0364835
1337.83            16197.5               17535.3         0.434365         2.11555         0.0365399
1344.37            16205.1               17549.5         0.43549         2.10713         0.0365949
1350.3            16212.4               17562.7         0.43762         2.1003         0.0366522
1351.93            16213.7               17565.7         0.439552         2.10124         0.036715
1348.19            16208.3               17556.5         0.440081         2.10973         0.0367844
1340.46            16200.4               17540.8         0.438864         2.11943         0.0368582
1331.01            16190.7               17521.7         0.436348         2.12984         0.0369331
1323            16183.4               17506.4         0.433271         2.13629         0.037005
1318.68            16179.4               17498.1         0.430663         2.13888         0.0370706
1319.14            16180.6               17499.7         0.429257         2.13585         0.0371284
1324            16184.3               17508.3         0.429407         2.13137         0.0371789
1331.23            16190.9               17522.1         0.43099         2.12432         0.0372241
1337.71            16197.5               17535.2         0.433344         2.1176         0.0372674
1341.48            16201.3               17542.8         0.435452         2.11412         0.0373113
1342.93            16202.8               17545.8         0.436681         2.1127         0.0373571
1343.85            16203.8               17547.7         0.437153         2.11125         0.037405
